53313414176
53313419913
53313425284
53313430778
53313436027
53313441886
53313446525
53313453299
53313458060
53313463431
53313469474
53313476432
53313482474
53313490104
53313495047
53313501944
53313510062
53313515189
53313523307
53313530387
53313536307
53313543814
53313550772
53313556937
53313563895
53313568717
53313577994
53313583609
53313590811
53313597769
53313603384
53313612174
53313617850
53313624381
53313631583
53313635428
53313645743
53313652274
53313659109
53313665335
53313672537
53313679129
53313687674
53313693350
53313700186
53313707876
53313714407
53313721365
53313728567
53313735953
53313742605
53313749746
53313756155
53313764090
53313770315
53313778128
53313784842
53313792410
53313800467
53313807669
53313815298
53313820486
53313830435
53313838919
53313846121
53313853506
53313859976
53313864797
53313873159
53313881643
53313888784
53313896597
53313902212
53313909658
53313915701
53313922720
53313930105
53313936758
53313945119
53313950735
53313960012
53313964834
53313972585
53313982839
53313991079
53313998098
53314004873
53314009756
53314018056
53314023122
53314032705
53314040029
53314046682
53314054128
53314060598
53314067861
53314075429
53314084035
53314091542
53314098500
53314105275
53314111745
53314118337
53314125844
53314133351
53314139760
53314147939
53314154836
53314161855
53314168324
53314174184
53314184071
53314188466
53314198171
53314205006
53314211903
53314218129
53314225880
53314232838
53314239796
53314247792
53314254628
53314261342
53314268483
53314276234
53314284352
53314290944
53314297536
53314306386
53314311329
53314319142
53314324086
53314334340
53314340748
53314346791
53314352772
53314361134
53314367604
53314374867
53314384816
53314390797
53314401051
53314407643
53314418080
53314425099
53314433827
53314442921
53314450794
53314458058
53314463673
53314473133
53314480396
53314488697
53314493397
53314503101
53314510426
53314518909
53314524464
53314532581
53314539173
53314548084
53314555714
53314563526
53314572010
53314578236
53314588245
53314595569
53314603443
53314611622
53314619922
53314625721
53314636890
53314641895
53314652088
53314660267
53314668140
53314675830
53314688404
53314693775
53314703785
53314712024
53314719837
53314728076
53314735706
53314744739
53314753040
53314762134
53314769031
53314776294
53314786426
53314794116
53314801868
53314810291
53314819751
53314826587
53314836414
53314842456
53314850696
53314859241
53314866626
53314875964
53314885119
53314890613
53314901538
53314909595
53314917712
53314923327
53314934924
53314940478
53314951159
53314960498
53314970080
53314977710
53314984484
53314994677
53315003833
53315011218
53315019091
53315029040
53315035144
53315044482
53315053820
53315060290
53315069811
53315077441
53315086962
53315093432
53315101550
53315110583
53315120043
53315126452
53315137011
53315143908
53315153307
53315161486
53315168444
53315177965
53315185168
53315192553
53315202257
53315210558
53315219286
53315225451
53315233935
53315242846
53315251207
53315260424
53315269396
53315275682
53315286852
53315296556
53315307054
53315315843
53315323290
53315332689
53315340319
53315351000
53315358995
53315367357
53315375231
53315382677
53315389574
53315398729
53315406541
53315413744
53315420152
53315426988
53315434068
53315445055
53315452379
53315461412
53315468858
53315476060
53315483751
53315492235
53315499071
53315508470
53315516893
53315524583
53315533983
53315541673
53315549913
53315557237
53315566514
53315574632
53315583665
53315591722
53315598680
53315607713
53315615037
53315623521
53315632188
53315640428
53315646592
53315655686
53315663560
53315670762
53315676133
53315684434
53315692918
53315700486
53315707627
53315716843
53315723374
53315730698
53315737168
53315746262
53315753464
53315760483
53315770188
53315777146
53315786790
53315792222
53315799180
53315804978
53315812424
53315818284
53315824204
53315831772
53315836960
53315845871
53315851853
53315856186
53315862351
53315868210
53315875962
53315881516
53315888169
53315893418
53315900742
53315907028
53315913559
53315918381
53315928940
53315935410
53315940964
53315947617
53315955795
53315961167
53315969101
53315973740
53315983505
53315989731
53315997727
53316002609
53316011215
53316015793
53316022995
53316030746
53316039169
53316048325
53316054489
53316062363
53316068466
53316076767
53316086044
53316092941
53316100204
53316108139
53316113205
53316121567
53316126877
53316134628
53316139267
53316148117
53316153427
53316162216
53316168930
53316174789
53316181869
53316188644
53316196273
53316203720
53316210739
53316217453
53316224838
53316231857
53316238204
53316245101
53316252426
53316259811
53316266158
53316273849
53316281722
53316287643
53316295944
53316301803
53316312911
53316319564
53316326949
53316332748
53316341842
53316347762
53316354171
53316360885
53316368514
53316376388
53316382979
53316388473
53316395736
53316401229
53316407882
53316415572
53316424422
53316433394
53316439681
53316446822
53316454696
53316459395
53316468856
53316474532
53316483809
53316490584
53316499129
53316507491
53316514144
53316521895
53316529097
53316539717
53316545394
53316556624
53316564559
53316572066
53316581709
53316590193
53316599349
53316607954
53316616011
53316625349
53316635725
53316644392
53316656294
53316665510
53316673933
53316687056
53316695540
53316705061
53316715986
53316724592
53316734602
53316744612
53316753706
53316768904
53316775251
53316787703
53316796980
53316806257
53316817671
53316824995
53316837385
53316848554
53316858442
53316867903
53316881391
53316890730
53316895368
53316911115
53316918501
53316930708
53316936750
53316951215
53316960737
53316972455
53316981733
53316990095
53317000043
53317010358
53317021772
53317027082
53317036786
53317049299
53317056928
53317069501
53317075422
53317086835
53317094831
53317102887
53317111798
53317122235
53317130109
53317138349
53317147504
53317155133
53317162702
53317169537
53317177289
53317183759
53317192365
53317197980
53317204511
53317209637
53317216779
53317220197
53317227460
53317231183
53317239484
53317245404
53317251874
53317257855
53317262616
53317269513
53317274762
53317283551
53317289532
53317295270
53317300824
53317306744
53317312787
53317319684
53317325787
53317330670
53317337018
53317344281
53317349225
53317354718
53317361493
53317368695
53317374676
53317380963
53317387982
53317395428
53317401348
53317407269
53317413189
53317418926
53317424114
53317431744
53317437237
53317442547
53317447979
53317454022
53317461163
53317466961
53317472759
53317478497
53317484661
53317490215
53317495159
53317500652
53317508282
53317514507
53317520306
53317525066
53317531231
53317536053
53317543255
53317548260
53317555950
53317559978
53317567058
53317572430
53317578228
53317583477
53317589336
53317594951
53317600384
53317606182
53317612591
53317616314
53317624737
53317631267
53317637554
53317644207
53317652446
53317657390
53317663921
53317669414
53317677471
53317683818
53317688884
53317694805
53317702495
53317708538
53317715496
53317720561
53317729473
53317734538
53317742046
53317747173
53317755718
53317763347
53317769939
53317775615
53317780803
53317790080
53317795390
53317802592
53317807231
53317818706
53317824077
53317831035
53317837077
53317844218
53317850322
53317858134
53317864604
53317873515
53317880168
53317886210
53317893535
53317900615
53317906169
53317910380
53317919108
53317927409
53317936198
53317943522
53317949199
53317956279
53317962321
53317968486
53317976725
53317983378
53317992961
53317999675
53318006083
53318011759
53318019938
53318025431
53318033366
53318038920
53318047160
53318054911
53318063395
53318071452
53318078654
53318087321
53318093852
53318102274
53318109171
53318118632
53318124918
53318131144
53318140726
53318147257
53318155497
53318161661
53318171671
53318178202
53318186381
53318195536
53318201883
53318208170
53318217630
53318225504
53318234232
53318240458
53318249918
53318256022
53318265116
53318273294
53318280680
53318287271
53318295572
53318303995
53318310160
53318318521
53318324564
53318335001
53318342569
53318348795
53318358560
53318364786
53318372965
53318380838
53318386881
53318396341
53318401651
53318407755
53318415079
53318421609
53318428506
53318435281
53318440042
53318446573
53318452310
53318457925
53318464761
53318470926
53318476724
53318481607
53318488626
53318493936
53318499978
53318506143
53318511819
53318518045
53318523782
53318529886
53318534158
53318540628
53318546975
53318552652
53318557473
53318564187
53318569741
53318577066
53318581277
53318587747
53318594155
53318600320
53318606179
53318610818
53318617593
53318623086
53318629251
53318635049
53318641213
53318648110
53318652078
53318658669
53318663003
53318669106
53318674477
53318679910
53318685891
53318691018
53318696267
53318702065
53318707497
53318712014
53318719277
53318722512
53318730569
53318735512
53318741006
53318745766
53318751870
53318759194
53318762978
53318769143
53318774575
53318779946
53318786538
53318791298
53318798745
53318802468
53318809975
53318815285
53318820900
53318827370
53318832131
53318839882
53318845009
53318851113
53318856789
53318862160
53318868325
53318873268
53318881325
53318886086
53318892067
53318897255
53318903237
53318908974
53318915383
53318923256
53318928383
53318934975
53318942360
53318947670
53318953224
53318959206
53318965431
53318972267
53318978676
53318985573
53318991921
53318997780
53319005592
53319011452
53319018471
53319024574
53319030189
53319033485
53319040687
53319046181
53319052284
53319058571
53319065834
53319071693
53319078224
53319085670
53319091835
53319097755
53319104347
53319110389
53319116859
53319123329
53319129310
53319134315
53319140968
53319147255
53319154640
53319160743
53319166603
53319172828
53319179176
53319184913
53319190162
53319197853
53319202796
53319209388
53319215064
53319220985
53319226783
53319233009
53319238807
53319244911
53319252357
53319257118
53319263282
53319268287
53319275550
53319281043
53319288978
53319294837
53319300636
53319306617
53319312659
53319319129
53319325599
53319332496
53319338355
53319343848
53319349341
53319355811
53319361609
53319368201
53319375220
53319382606
53319390296
53319395850
53319403602
53319409400
53319418128
53319423621
53319433387
53319439246
53319445716
53319451209
53319459082
53319466101
53319473243
53319478064
53319487342
53319493994
53319500098
53319506995
53319515479
53319520850
53319529822
53319534400
53319543799
53319551184
53319558386
53319565772
53319572669
53319580115
53319587256
53319592993
53319602637
53319608130
53319616186
53319620764
53319631079
53319636633
53319645361
53319653296
53319660864
53319666357
53319674414
53319679724
53319688269
53319693945
53319701574
53319709387
53319717932
53319722693
53319732763
53319740698
53319746557
53319754065
53319761633
53319766211
53319777380
53319783300
53319794226
53319800878
53319809728
53319816381
53319825964
53319835729
53319844702
53319853918
53319858129
53319873571
53319882421
53319890295
53319900060
53319904089
53319916418
53319923742
53319937170
53319944250
53319954565
53319962316
53319969640
53319980443
53319986242
53319994726
53320002660
53320010961
53320017736
53320025853
53320033422
53320039708
53320046849
53320051793
53320058385
53320065038
53320071324
53320077733
53320083715
53320090734
53320097753
53320103246
53320109532
53320115941
53320122899
53320127355
53320133275
53320139379
53320145055
53320149999
53320158116
53320163670
53320169957
53320175755
53320181615
53320186559
53320192235
53320199437
53320206517
53320211400
53320216283
53320223973
53320227696
53320234410
53320241673
53320245946
53320252171
53320257054
53320262730
53320267430
53320273411
53320277745
53320283665
53320290562
53320296299
53320302830
53320306187
53320313633
53320319737
53320325535
53320330296
53320335850
53320340916
53320347142
53320352513
53320356480
53320362583
53320368626
53320374607
53320380650
53320385105
53320391331
53320396824
53320403660
53320409336
53320415257
53320420567
53320426487
53320432041
53320436802
53320444248
53320450352
53320455784
53320461094
53320467442
53320473606
53320479221
53320485813
53320490757
53320498081
53320503818
53320510776
53320514805
53320521458
53320528782
53320535557
53320540562
53320546909
53320552219
53320558628
53320565586
53320571995
53320579014
53320583286
53320590122
53320596470
53320601047
53320608616
53320613010
53320621311
53320626621
53320632602
53320639621
53320644870
53320650547
53320656772
53320664402
53320669040
53320677707
53320682651
53320689243
53320694187
53320701084
53320707065
53320713840
53320718357
53320725253
53320732883
53320736972
53320743869
53320750461
53320757724
53320763156
53320769626
53320775607
53320781406
53320785678
53320792209
53320799838
53320804172
53320810702
53320817233
53320823276
53320830417
53320836337
53320842502
53320848666
53320853366
53320861728
53320868503
53320872836
53320880404
53320885837
53320892917
53320898776
53320905368
53320911654
53320917880
53320924289
53320931674
53320938998
53320944369
53320953646
53320959201
53320968478
53320974704
53320982516
53320988742
53320995150
53321003024
53321010287
53321015597
53321022494
53321029391
53321034457
53321041232
53321049288
53321054720
53321062472
53321070223
53321078341
53321084933
53321091830
53321098299
53321106356
53321113070
53321121798
53321129244
53321136507
53321143831
53321151156
53321155794
53321164767
53321172152
53321178805
53321186312
53321194552
53321201998
53321208895
53321216463
53321224581
53321232332
53321237947
53321245211
53321252901
53321260347
53321268404
53321274202
53321282564
53321287264
53321297335
53321304903
53321312715
53321317964
53321325472
53321332918
53321342012
53321347810
53321356722
53321362581
53321372163
53321378328
53321387117
53321392793
53321402620
53321410738
53321418001
53321425874
53321435762
53321442232
53321450654
53321459138
53321468233
53321473115
53321482271
53321489595
53321496309
53321501130
53321508699
53321515168
53321521333
53321527436
53321531953
53321537629
53321544526
53321549714
53321555268
53321561189
53321567720
53321573335
53321579560
53321583833
53321590913
53321595796
53321603120
53321608613
53321614472
53321619660
53321624909
53321630280
53321636018
53321643342
53321649384
53321655366
53321660004
53321665742
53321671723
53321677522
53321682710
53321689362
53321694978
53321701569
53321707734
53321713471
53321719575
53321726411
53321732331
53321737946
53321743683
53321750275
53321756074
53321760956
53321764863
53321772553
53321777375
53321782319
53321787079
53321792634
53321797333
53321802826
53321808564
53321813752
53321819245
53321824189
53321829865
53321833771
53321839569
53321845063
53321851532
53321858002
53321862091
53321868195
53321872223
53321876679
53321882965
53321890106
53321895600
53321901337
53321906952
53321911957
53321917633
53321922638
53321928558
53321933624
53321940399
53321946625
53321951752
53321956940
53321962494
53321968353
53321974579
53321979645
53321985931
53321992157
53321996857
53322001678
53322008148
53322013214
53322021210
53322024811
53322031464
53322036774
53322042328
53322047638
53322053680
53322059295
53322066498
53322072418
53322076813
53322082184
53322088348
53322094391
53322099945
53322106476
53322112640
53322118377
53322124786
53322131073
53322139434
53322145538
53322152130
53322158721
53322165130
53322170196
53322176971
53322182525
53322187957
53322194854
53322202789
53322208831
53322213226
53322219879
53322226470
53322232208
53322237335
53322245330
53322250823
53322257537
53322263580
53322269622
53322273711
53322280425
53322286895
53322292876
53322298797
53322305144
53322311004
53322316131
53322323272
53322329192
53322336700
53322340850
53322347259
53322353362
53322359160
53322365142
53322371856
53322377349
53322384795
53322390227
53322395720
53322401824
53322407927
53322413726
53322420806
53322425750
53322432586
53322439666
53322446563
53322452422
53322460845
53322467070
53322473357
53322481719
53322489348
53322496306
53322502043
53322508940
53322515654
53322523161
53322531218
53322537993
53322544951
53322549773
53322556914
53322563445
53322569975
53322576933
53322584135
53322591215
53322599699
53322606108
53322611967
53322621367
53322626860
53322635893
53322641569
53322650542
53322656340
53322664091
53322670012
53322678251
53322685881
53322695097
53322701201
53322709135
53322714628
53322722807
53322728361
53322737699
53322743559
53322752409
53322758451
53322766081
53322774076
53322780973
53322786527
53322795988
53322802763
53322810941
53322817350
53322825834
53322832487
53322840177
53322847013
53322855314
53322861967
53322869474
53322875883
53322883146
53322889555
53322899625
53322906461
53322914335
53322921659
53322930692
53322938138
53322944120
53322950467
53322958768
53322965787
53322972135
53322978971
53322985929
53322992521
53322998258
53323004545
53323010160
53323016019
53323021695
53323029020
53323035062
53323039945
53323046048
53323051969
53323057401
53323063504
53323069120
53323076139
53323081449
53323087125
53323092557
53323098722
53323104520
53323112332
53323117459
53323123136
53323130216
53323134488
53323142239
53323144254
53323152371
53323160001
53323164700
53323170682
53323175626
53323182584
53323187894
53323193387
53323200284
53323205655
53323211880
53323217435
53323223111
53323228543
53323235318
53323241055
53323246731
53323252591
53323257107
53323264737
53323267911
53323274869
53323280667
53323285855
53323292508
53323298489
53323304409
53323310269
53323315640
53323322232
53323328030
53323332974
53323339321
53323343838
53323348660
53323355374
53323360745
53323367214
53323373989
53323378811
53323386074
53323391934
53323397305
53323401455
53323408413
53323414395
53323420559
53323426846
53323431118
53323437161
53323442776
53323449978
53323455349
53323460964
53323465847
53323471951
53323477688
53323482632
53323490627
53323497707
53323503384
53323507412
53323513698
53323519192
53323525905
53323533413
53323539455
53323545437
53323549770
53323555813
53323561489
53323567470
53323573818
53323579738
53323586208
53323591457
53323597561
53323602077
53323608120
53323613491
53323619899
53323626613
53323632289
53323636623
53323643398
53323647914
53323652675
53323659328
53323665065
53323671596
53323675746
53323683132
53323689235
53323696498
53323701015
53323707179
53323714198
53323720790
53323727016
53323734096
53323740321
53323747035
53323751674
53323760646
53323765590
53323772060
53323777797
53323784633
53323788783
53323795558
53323801967
53323808009
53323815883
53323820888
53323828029
53323832973
53323840175
53323846339
53323852626
53323858546
53323865626
53323871608
53323877772
53323884059
53323888759
53323894618
53323902430
53323906764
53323913050
53323918544
53323924220
53323930323
53323936488
53323944850
53323950343
53323958216
53323966090
53323973109
53323982142
53323988429
53323995387
53324002589
53324006739
53324015284
53324021998
53324029200
53324034266
53324043055
53324048304
53324056422
53324063563
53324070582
53324078455
53324084071
53324091761
53324097559
53324103297
53324114100
53324121424
53324127344
53324136500
53324142359
53324149439
53324156824
53324165064
53324170984
53324178431
53324186060
53324193445
53324199122
53324206995
53324214624
53324223597
53324229212
53324237513
53324243555
53324251978
53324257593
53324264551
53324273035
53324280176
53324286157
53324295252
53324300684
53324308862
53324314661
53324323206
53324332178
53324340479
53324347131
53324355249
53324361536
53324369470
53324376428
53324384119
53324390405
53324399255
53324405725
53324413476
53324419275
53324428247
53324434228
53324442407
53324448144
53324459192
53324465722
53324471277
53324477075
53324484704
53324490136
53324496484
53324501916
53324508996
53324513330
53324520898
53324526635
53324530786
53324536584
53324543115
53324549584
53324554589
53324560937
53324565454
53324572595
53324578393
53324584069
53324590356
53324596704
53324602258
53324608361
53324615075
53324619653
53324626305
53324632226
53324638879
53324643212
53324650109
53324654137
53324661401
53324667138
53324673363
53324679589
53324684350
53324690453
53324695397
53324700707
53324706933
53324712121
53324717736
53324723412
53324729516
53324733788
53324739892
53324744896
53324750084
53324755883
53324761376
53324768029
53324772362
53324778405
53324783043
53324788903
53324795495
53324800866
53324806481
53324812157
53324816674
53324822167
53324827477
53324832054
53324839501
53324843407
53324849816
53324855614
53324861412
53324867638
53324872277
53324878685
53324884117
53324889916
53324896568
53324900841
53324906822
53324912926
53324919640
53324925011
53324931236
53324936913
53324942162
53324946190
53324953087
53324959557
53324966209
53324972252
53324977074
53324984276
53324989891
53324996605
53325000572
53325009727
53325015770
53325020408
53325027122
53325033531
53325039207
53325045982
53325053123
53325058800
53325064781
53325071007
53325076927
53325082603
53325088463
53325094505
53325101036
53325107139
53325111900
53325118614
53325123558
53325130516
53325137291
53325144310
53325148460
53325155479
53325161582
53325167503
53325173789
53325180625
53325187766
53325193382
53325199363
53325205284
53325210960
53325216941
53325222862
53325230308
53325235252
53325241233
53325247520
53325252708
53325259788
53325266319
53325269981
53325278587
53325282920
53325289756
53325296287
53325301047
53325309470
53325314597
53325321616
53325326743
53325334006
53325340293
53325346152
53325350486
53325357627
53325363913
53325370383
53325376182
53325382773
53325389182
53325394675
53325399924
53325406211
53325413352
53325420188
53325428000
53325434897
53325441794
53325448447
53325453818
53325462302
53325469931
53325476218
53325481284
53325488669
53325493735
53325502646
53325508627
53325516867
53325523215
53325530966
53325536887
53325543601
53325552695
53325558371
53325562827
53325572836
53325580588
53325586203
53325590658
53325601034
53325606650
53325615256
53325623862
53325631613
53325637106
53325645834
53325653158
53325658896
53325666281
53325674093
53325679953
53325689596
53325697348
53325703268
53325712301
53325718344
53325727621
53325736410
53325744345
53325751242
53325760092
53325766195
53325775167
53325782247
53325789938
53325794088
53325802328
53325809225
53325817587
53325824667
53325831319
53325836263
53325844137
53325852132
53325860372
53325869283
53325876424
53325883443
53325890401
53325897970
53325904806
53325910482
53325918355
53325926107
53325932027
53325936727
53325944051
53325950338
53325956685
53325962850
53325967061
53325973104
53325978719
53325982991
53325989461
53325994039
53326000997
53326005208
53326012532
53326019307
53326024190
53326031697
53326038228
53326044393
53326049398
53326055318
53326060811
53326065145
53326071553
53326079366
53326084493
53326092061
53326097066
53326101766
53326107991
53326112935
53326120320
53326125386
53326131062
53326135640
53326142049
53326147054
53326153218
53326158589
53326163960
53326170064
53326174519
53326180806
53326185872
53326191792
53326198079
53326201619
53326207966
53326213582
53326218526
53326223775
53326229878
53326235737
53326241902
53326246724
53326252705
53326258076
53326263630
53326270466
53326275837
53326281147
53326287007
53326293354
53326298298
53326304951
53326308979
53326315754
53326322773
53326327839
53326334431
53326339253
53326344441
53326351704
53326359028
53326365010
53326370442
53326377461
53326383076
53326388996
53326394184
53326401570
53326407612
53326413227
53326421467
53326426228
53326433369
53326438435
53326444233
53326450703
53326457478
53326464130
53326469562
53326475361
53326481953
53326488300
53326493305
53326500507
53326506733
53326511860
53326517658
53326523090
53326530597
53326535847
53326542438
53326548481
53326555744
53326560688
53326567524
53326574054
53326579609
53326586689
53326591694
53326597614
53326603595
53326610187
53326614765
53326623249
53326628315
53326633197
53326642414
53326648273
53326653278
53326659870
53326665180
53326670307
53326677204
53326683978
53326689777
53326696979
53326701618
53326709613
53326715595
53326722492
53326728351
53326736652
53326742267
53326749042
53326755267
53326761310
53326767352
53326774860
53326780719
53326787555
53326794025
53326800860
53326806293
53326813800
53326820025
53326827411
53326832355
53326839801
53326844684
53326852618
53326858233
53326867267
53326872699
53326877459
53326884784
53326890155
53326897723
53326905841
53326913165
53326920001
53326925860
53326934039
53326939959
53326948504
53326955340
53326964251
53326970538
53326977313
53326984637
53326990313
53326997820
53327005999
53327012713
53327019610
53327026507
53327033221
53327039629
53327049273
53327058001
53327064715
53327071307
53327078631
53327085406
53327092119
53327099444
53327106646
53327114214
53327120135
53327126787
53327136065
53327141802
53327150164
53327157488
53327166948
53327175676
53327180864
53327186235
53327195818
53327203997
53327210344
53327219377
53327226702
53327234819
53327243303
53327248247
53327256792
53327261919
53327270281
53327276079
53327283464
53327288957
53327295122
53327303056
53327307268
53327313921
53327319170
53327325945
53327333330
53327338213
53327344743
53327349687
53327356279
53327361345
53327367326
53327372514
53327376298
53327385515
53327390642
53327396257
53327401811
53327406877
53327411882
53327417985
53327423967
53327430131
53327436418
53327441484
53327446184
53327453996
53327459428
53327464189
53327469682
53327475786
53327481462
53327486039
53327492631
53327498368
53327503312
53327509294
53327514299
53327519303
53327523454
53327529496
53327536088
53327541459
53327546403
53327550431
53327555253
53327561235
53327566117
53327571488
53327576676
53327581620
53327587541
53327592301
53327597184
53327603410
53327607865
53327613664
53327617936
53327623124
53327629166
53327634293
53327641007
53327645402
53327652360
53327658341
53327663895
53327668656
53327674943
53327680924
53327688370
53327693680
53327701371
53327708268
53327714493
53327720231
53327727067
53327732133
53327737809
53327744401
53327751603
53327757096
53327763321
53327768937
53327774735
53327780838
53327787491
53327794144
53327799637
53327808243
53327814347
53327820877
53327828018
53327834122
53327839981
53327847672
53327852555
53327858292
53327865067
53327871659
53327877335
53327882584
53327888687
53327894486
53327900833
53327906021
53327911820
53327917252
53327923782
53327930313
53327935135
53327942520
53327947891
53327955765
53327959366
53327966873
53327972244
53327976883
53327985550
53327991714
53327998184
53328003738
53328008926
53328015091
53328021072
53328027237
53328035721
53328041336
53328047195
53328055008
53328061355
53328068802
53328076248
53328081985
53328088516
53328093948
53328099441
53328108047
53328113540
53328120986
53328128860
53328136062
53328142166
53328147048
53328157119
53328163040
53328170669
53328177932
53328184341
53328191116
53328197219
53328206008
53328211990
53328219070
53328225784
53328233047
53328239700
53328245254
53328253982
53328260574
53328269057
53328276137
53328282485
53328289077
53328297133
53328304885
53328311294
53328319777
53328325942
53328333693
53328340651
53328345473
53328355239
53328361586
53328369704
53328378188
53328383437
53328389602
53328396132
53328404860
53328412062
53328419631
53328428603
53328436110
53328439772
53328448256
53328455580
53328462538
53328471266
53328476576
53328486281
53328490675
53328499648
53328508864
53328514540
53328525282
53328532179
53328540724
53328549513
53328555373
53328562453
53328570998
53328579848
53328587843
53328594801
53328600172
53328607435
53328612868
53328623610
53328631117
53328636854
53328643812
53328651136
53328668715
53328674635
53328680861
53328687452
53328692640
53328698500
53328703627
53328710340
53328715162
53328723036
53328729383
53328734266
53328738294
53328746473
53328751783
53328756422
53328763746
53328769911
53328776075
53328782240
53328787977
53328792982
53328799207
53328805372
53328810804
53328816602
53328821668
53328829725
53328833997
53328840467
53328845411
53328851575
53328856519
53328861585
53328867933
53328874280
53328879102
53328884840
53328890211
53328895704
53328901685
53328907606
53328912916
53328917798
53328922681
53328928663
53328933851
53328939527
53328944959
53328950696
53328955091
53328962598
53328968274
53328974073
53328978833
53328984937
53328991834
53328996473
53329003797
53329011121
53329015271
53329021558
53329026868
53329032971
53329037061
53329044324
53329050122
53329055188
53329060987
53329067090
53329072522
53329080579
53329086072
53329092359
53329097852
53329103528
53329110120
53329115552
53329121594
53329128247
53329134290
53329140210
53329144238
53329151379
53329156384
53329164075
53329170056
53329176831
53329182873
53329188428
53329194775
53329198926
53329207165
53329212292
53329219800
53329223645
53329231091
53329235425
53329242688
53329249157
53329255322
53329261670
53329266308
53329273266
53329276684
53329284130
53329291394
53329297558
53329305371
53329309460
53329318798
53329324475
53329329357
53329336132
53329340527
53329349621
53329355908
53329361828
53329368176
53329375744
53329380993
53329387829
53329394909
53329400402
53329407055
53329413220
53329418835
53329425915
53329432568
53329438000
53329444164
53329447643
53329456554
53329461315
53329469860
53329476269
53329480846
53329487804
53329491894
53329498363
53329504772
53329511486
53329517711
53329524791
53329529613
53329537243
53329541942
53329550792
53329556408
53329565319
53329571666
53329578807
53329585643
53329592357
53329597484
53329604320
53329612072
53329619518
53329626964
53329633800
53329640697
53329649486
53329654857
53329664623
53329671581
53329681285
53329688793
53329696178
53329703258
53329709361
53329719066
53329727306
53329734142
53329743236
53329749522
53329755565
53329764110
53329769359
53329779552
53329786937
53329793284
53329802684
53329808726
53329815989
53329822337
53329831553
53329838572
53329845103
53329852122
53329858165
53329865428
53329873118
53329880931
53329888438
53329895518
53329901072
53329907847
53329914561
53329921519
53329929637
53329937693
53329946116
53329952830
53329960520
53329967234
53329974925
53329981699
53329990366
53329997813
53330004343
53330013438
53330019968
53330025706
53330032053
53330036936
53330044627
53330050181
53330057078
53330062998
53330068247
53330071482
53330078867
53330085825
53330091013
53330098032
53330104502
53330110727
53330116526
53330122812
53330128855
53330133310
53330141672
53330145090
53330152414
53330157785
53330163218
53330168955
53330173105
53330181528
53330187387
53330191904
53330196299
53330203623
53330208933
53330214914
53330218882
53330225595
53330233469
53330237863
53330243112
53330249521
53330254648
53330260263
53330265390
53330271005
53330277719
53330283518
53330290231
53330294016
53330300790
53330306467
53330313974
53330319345
53330326608
53330329721
53330337228
53330342538
53330348764
53330354318
53330361459
53330366098
53330372507
53330378854
53330383066
53330390451
53330395456
53330401376
53330407174
53330413705
53330419931
53330426034
53330431222
53330437387
53330442270
53330450143
53330454965
53330460580
53330466806
53330471200
53330479318
53330484811
53330491159
53330496835
53330503976
53330509530
53330515023
53330521493
53330529733
53330535043
53330541329
53330548043
53330552499
53330560555
53330566659
53330573129
53330579415
53330584298
53330591927
53330597909
53330603585
53330611031
53330615853
53330623177
53330628854
53330635690
53330642037
53330648873
53330655465
53330660714
53330668709
53330674203
53330679696
53330688180
53330694466
53330700936
53330706185
53330713204
53330718758
53330724312
53330730233
53330737618
53330744027
53330750374
53330756051
53330761605
53330768563
53330775154
53330780648
53330785775
53330792977
53330799507
53330805733
53330811959
53330819649
53330825386
53330831368
53330836251
53330845284
53330851204
53330855843
53330863045
53330868294
53330876534
53330883125
53330889534
53330895088
53330900948
53330909309
53330915047
53330921455
53330928108
53330935371
53330940865
53330947761
53330955818
53330963509
53330969063
53330976570
53330983711
53330989204
53330996773
53331004707
53331010139
53331017952
53331024544
53331030647
53331038826
53331044990
53331050483
53331056953
53331066475
53331070808
53331080635
53331088630
53331096260
53331101753
53331110420
53331115913
53331123970
53331132270
53331139839
53331145332
53331153877
53331161994
53331167671
53331178047
53331184211
53331192695
53331199104
53331209113
53331215583
53331224433
53331230537
53331236091
53331246040
53331251899
53331260566
53331268806
53331274543
53331281501
53331288825
53331293036
53331303046
53331309943
53331316962
53331325019
53331331611
53331337409
53331344062
53331351508
53331357123
53331365668
53331374701
53331383368
53331390326
53331399420
53331407843
53331414252
53331423773
53331430915
53331437567
53331446784
53331456488
53331462592
53331472357
53331477973
53331486762
53331492743
53331498846
53331505682
53331511115
53331515936
53331521979
53331527777
53331535101
53331540594
53331546332
53331552069
53331556341
53331563483
53331568365
53331574896
53331581915
53331587164
53331590826
53331597906
53331603399
53331609991
53331615790
53331622137
53331627813
53331632574
53331639715
53331645025
53331650946
53331654791
53331663824
53331668524
53331674200
53331679998
53331685980
53331691229
53331698004
53331703924
53331709600
53331715704
53331721746
53331726812
53331732427
53331736334
53331744024
53331748724
53331754583
53331760748
53331765997
53331771368
53331776495
53331783025
53331787603
53331793707
53331798040
53331804327
53331809637
53331815435
53331822149
53331826604
53331832281
53331838384
53331843206
53331848028
53331853704
53331860784
53331866704
53331871770
53331877569
53331883001
53331889532
53331894170
53331900945
53331906865
53331912420
53331918523
53331925054
53331930608
53331937322
53331943914
53331950017
53331954473
53331961004
53331967290
53331972722
53331976812
53331984075
53331990422
53331996709
53332001836
53332008000
53332013860
53332018743
53332024053
53332030339
53332037663
53332042607
53332048894
53332053594
53332059392
53332066167
53332070989
53332076054
53332083440
53332089299
53332094853
53332100774
53332106755
53332112126
53332118230
53332124760
53332130864
53332136784
53332142583
53332148076
53332153691
53332159489
53332165044
53332171269
53332177739
53332184025
53332189824
53332196721
53332203190
53332209782
53332216252
53332221501
53332228093
53332233281
53332240117
53332245915
53332252568
53332259159
53332265812
53332272587
53332277775
53332283696
53332291203
53332296330
53332301945
53332309452
53332315800
53332321781
53332327885
53332334416
53332340580
53332345402
53332351994
53332359318
53332364201
53332369816
53332376591
53332382328
53332388187
53332394230
53332400639
53332406742
53332413029
53332419193
53332424198
53332431461
53332437443
53332445866
53332452946
53332460697
53332465763
53332474186
53332479435
53332487186
53332494755
53332502689
53332509403
53332514530
53332521305
53332528202
53332535282
53332540592
53332550602
53332556461
53332562992
53332570682
53332578006
53332584415
53332592105
53332599185
53332609317
53332613956
53332623416
53332630496
53332636966
53332644534
53332651492
53332659549
53332666263
53332672855
53332681644
53332689029
53332696597
53332701297
53332710757
53332715518
53332726077
53332733646
53332740054
53332747317
53332753848
53332761294
53332768130
53332775821
53332783023
53332790591
53332797488
53332804019
53332812991
53332820315
53332827029
53332834964
53332843570
53332848513
53332858462
53332863589
53332873599
53332878848
53332888674
53332897402
53332905215
53332913577
53332921694
53332926455
53332934817
53332941348
53332949465
53332957217
53332963076
53332969607
53332975588
53332982058
53332989199
53332995486
53333001345
53333007876
53333013674
53333019961
53333026369
53333032412
53333039309
53333044436
53333050173
53333056582
53333062197
53333068606
53333071902
53333079714
53333082888
53333089480
53333095583
53333102602
53333108400
53333113711
53333119814
53333126040
53333132204
53333137148
53333144411
53333150026
53333156435
53333162600
53333168703
53333174074
53333178957
53333186403
53333191835
53333196840
53333203005
53333208742
53333215578
53333220949
53333225893
53333232118
53333238161
53333242677
53333247743
53333253725
53333260805
53333265382
53333271425
53333277040
53333282228
53333287416
53333293398
53333300050
53333305421
53333309389
53333315919
53333320253
53333326845
53333331361
53333337587
53333344606
53333349550
53333357240
53333361391
53333367250
53333373964
53333380067
53333385255
53333390077
53333395387
53333400941
53333405946
53333413270
53333418092
53333424684
53333430116
53333436158
53333439882
53333448182
53333455201
53333461610
53333467530
53333474000
53333481630
53333487916
53333494081
53333501649
53333507081
53333513429
53333522096
53333526917
53333532594
53333540101
53333545777
53333552491
53333558656
53333564942
53333573548
53333579896
53333586610
53333592286
53333599610
53333605653
53333612977
53333619630
53333625855
53333632630
53333638001
53333644471
53333650330
53333657166
53333662781
53333669800
53333676697
53333682984
53333689332
53333694581
53333701172
53333708924
53333714905
53333720459
53333726502
53333732850
53333739441
53333745850
53333752625
53333758118
53333764099
53333771607
53333777893
53333783875
53333789856
53333796753
53333802063
53333808594
53333814942
53333820740
53333827942
53333834229
53333840759
53333847962
53333853211
53333858948
53333865418
53333872009
53333881043
53333887329
53333895508
53333901978
53333908875
53333915527
53333921387
53333929626
53333936890
53333944702
53333951416
53333957947
53333964233
53333972351
53333979492
53333986511
53333994262
53333999939
53334008484
53334012756
53334021972
53334030090
53334038513
53334045959
53334052124
53334059387
53334065551
53334074340
53334082214
53334089233
53334097778
53334103454
53334109985
53334117553
53334122436
53334130676
53334135681
53334145629
53334153320
53334161071
53334166992
53334175170
53334182189
53334189147
53334197326
53334205321
53334211608
53334216979
53334225280
53334230895
53334237975
53334244018
53334254760
53334261718
53334268188
53334274840
53334282592
53334287902
53334297057
53334303649
53334313231
53334320495
53334327880
53334334288
53334343261
53334348632
53334357726
53334365233
53334371764
53334378600
53334385009
53334388732
53334397277
53334403807
53334409789
53334414672
53334420348
53334427672
53334433653
53334442809
53334447691
53334452330
53334460387
53334465819
53334472655
53334478636
53334484007
53334490599
53334496642
53334502684
53334509520
53334514647
53334520628
53334527769
53334533202
53334540343
53334545836
53334552000
53334558592
53334563780
53334571104
53334576781
53334582640
53334589598
53334595152
53334599974
53334605894
53334610411
53334617918
53334622740
53334629332
53334634275
53334638487
53334646177
53334653013
53334657652
53334665647
53334671446
53334676756
53334682188
53334686582
53334694639
53334700437
53334705808
53334710752
53334716368
53334723936
53334731321
53334740965
53334747679
53334755308
53334758909
53334764585
53334771909
53334778440
53334783933
53334788877
53334795408
53334800352
53334807005
53334812131
53334819883
53334825193
53334829404
53334836057
53334841001
53334849729
53334855649
53334862058
53334867002
53334872007
53334879331
53334886533
53334892454
53334898313
53334904599
53334910154
53334916257
53334921628
53334925962
53334933835
53334938779
53334945432
53334950132
53334955381
53334961667
53334968137
53334973569
53334981198
53334986753
53334991757
53334997068
53335003415
53335009213
53335014890
53335019223
53335025998
53335032712
53335038388
53335042539
53335049008
53335054624
53335060361
53335066892
53335073300
53335078793
53335084775
53335090085
53335096799
53335101437
53335106320
53335113705
53335119565
53335125790
53335131406
53335137326
53335142819
53335147519
53335152646
53335160641
53335166501
53335172177
53335177609
53335183163
53335188595
53335194150
53335200741
53335207272
53335213315
53335217587
53335224484
53335228756
53335235959
53335240841
53335248043
53335253476
53335260311
53335265194
53335271786
53335276608
53335283505
53335289852
53335295956
53335302243
53335308834
53335312618
53335320614
53335327023
53335333553
53335340328
53335347286
53335354061
53335359737
53335366573
53335373531
53335380001
53335385983
53335392086
53335400021
53335406246
53335413509
53335419186
53335427120
53335432857
53335438900
53335446712
53335453792
53335460506
53335467464
53335475399
53335480953
53335489071
53335495662
53335501339
53335507259
53335516414
53335524105
53335531673
53335536739
53335544674
53335551754
53335557369
53335563777
53335572933
53335580257
53335586666
53335593013
53335600276
53335605953
53335613887
53335619441
53335629329
53335635127
53335642757
53335648311
53335653865
53335663326
53335668636
53335676143
53335684077
53335692012
53335699702
53335706721
53335710994
53335719661
53335726070
53335732112
53335740596
53335749507
53335756526
53335763545
53335769526
53335775325
53335783320
53335790950
53335798091
53335807124
53335815730
53335820735
53335829341
53335833491
53335840205
53335845759
53335853083
53335859004
53335866084
53335872065
53335878230
53335881709
53335888911
53335894038
53335900263
53335904719
53335912654
53335917597
53335922968
53335928706
53335932856
53335939509
53335945551
53335950678
53335957026
53335962519
53335967097
53335972956
53335978693
53335984126
53335988825
53335996821
53336002497
53336008479
53336013789
53336018427
53336023127
53336030024
53336035639
53336042841
53336046870
53336052363
53336057429
53336064387
53336069330
53336073969
53336080561
53336085138
53336090815
53336095026
53336100702
53336106806
53336111200
53336115656
53336123102
53336128473
53336133539
53336138849
53336143915
53336149408
53336153070
53336160089
53336165888
53336170648
53336176569
53336181024
53336185297
53336191828
53336197687
53336203607
53336208917
53336213861
53336218927
53336223993
53336229364
53336234613
53336240228
53336247003
53336252557
53336258356
53336263422
53336269159
53336274469
53336281366
53336286310
53336293817
53336299982
53336306268
53336312311
53336317377
53336324945
53336330804
53336336908
53336342889
53336349115
53336356073
53336360528
53336367853
53336374200
53336381463
53336387262
53336393487
53336399652
53336405572
53336413385
53336418267
53336425714
53336431451
53336436578
53336441461
53336448480
53336454400
53336461053
53336468804
53336473199
53336479913
53336486260
53336491693
53336497003
53336505059
53336511041
53336518121
53336523675
53336529534
53336535088
53336541009
53336548882
53336554070
53336560418
53336565301
53336572381
53336577996
53336585320
53336589837
53336596917
53336604607
53336608941
53336616997
53336621758
53336627984
53336633355
53336640923
53336647942
53336654168
53336660271
53336667046
53336673211
53336679864
53336686455
53336692376
53336697869
53336702752
53336709588
53336715081
53336720147
53336725213
53336732293
53336737969
53336743584
53336749321
53336756035
53336759453
53336766472
53336772148
53336779473
53336784355
53336790520
53336797112
53336803948
53336808586
53336814324
53336821098
53336827934
53336835137
53336841972
53336846855
53336853447
53336859062
53336867180
53336873955
53336881584
53336886162
53336893791
53336899590
53336907158
53336912956
53336919426
53336925041
53336933708
53336940239
53336947258
53336953605
53336960808
53336968986
53336974052
53336983024
53336989494
53336998832
53337007194
53337016044
53337023979
53337030510
53337038932
53337046074
53337054496
53337063285
53337070915
53337077445
53337085563
53337091789
53337098503
53337106681
53337112602
53337121696
53337130058
53337136222
53337143852
53337150810
53337158439
53337164970
53337171989
53337179801
53337186271
53337192191
53337200309
53337205863
53337213493
53337218864
53337227347
53337233024
53337241263
53337246573
53337257010
53337261832
53337271110
53337277823
53337284415
53337290702
53337300345
53337307181
53337315177
53337322806
53337328421
53337337027
53337342154
53337348868
53337354361
53337362113
53337366324
53337374015
53337380118
53337385245
53337389456
53337396109
53337401847
53337407584
53337413870
53337418082
53337424735
53337430838
53337435782
53337441885
53337448905
53337453116
53337459403
53337465262
53337470633
53337475272
53337481192
53337487540
53337493948
53337499808
53337505057
53337510123
53337515494
53337520560
53337525992
53337531607
53337538016
53337544485
53337550101
53337555594
53337561148
53337566580
53337572134
53337578909
53337583792
53337589407
53337593557
53337599112
53337603262
53337609427
53337614065
53337620474
53337625418
53337630911
53337634024
53337641226
53337645987
53337651602
53337657034
53337662161
53337667837
53337673696
53337680532
53337685903
53337692129
53337697805
53337703237
53337708425
53337713980
53337719229
53337724905
53337730764
53337737600
53337743337
53337747427
53337753469
53337759145
53337764333
53337770803
53337774831
53337782522
53337787344
53337792532
53337798818
53337804189
53337809011
53337813833
53337818471
53337826894
53337833364
53337838979
53337844472
53337850088
53337854116
53337861013
53337867666
53337873769
53337880361
53337887075
53337893117
53337900686
53337906057
53337911794
53337918325
53337922353
53337929616
53337936025
53337941640
53337947377
53337952993
53337959218
53337965871
53337971181
53337977284
53337983876
53337988576
53337995290
53338000417
53338009145
53338014882
53338020680
53338026479
53338032094
53338036183
53338042897
53338050526
53338055104
53338062123
53338068166
53338073537
53338077931
53338085194
53338089955
53338097096
53338102284
53338109120
53338113942
53338120412
53338125111
53338131581
53338136525
53338145497
53338150075
53338157521
53338163380
53338169118
53338176075
53338180287
53338188405
53338193532
53338200184
53338204945
53338211354
53338216175
53338222889
53338228993
53338236195
53338239979
53338246937
53338253834
53338259571
53338263783
53338271229
53338276478
53338283192
53338290882
53338297413
53338304310
53338310169
53338317860
53338324757
53338332203
53338339100
53338346241
53338353199
53338359547
53338365467
53338372730
53338378651
53338387623
53338393848
53338400013
53338405689
53338411793
53338418690
53338424610
53338429798
53338440296
53338446277
53338452869
53338458179
53338465320
53338470814
53338479725
53338485462
53338494922
53338500904
53338509510
53338515003
53338523182
53338528736
53338532947
53338542408
53338550220
53338557910
53338566089
53338571949
53338578052
53338585010
53338591358
53338599292
53338604724
53338616077
53338622791
53338628650
53338636646
53338643359
53338648853
53338656604
53338664050
53338666858
53338679065
53338685535
53338691150
53338698413
53338705981
53338710376
53338718616
53338725268
53338734546
53338741382
53338747851
53338753345
53338762073
53338767688
53338775744
53338781909
53338792834
53338799060
53338804614
53338813281
53338821032
53338828112
53338832812
53338840380
53338845935
53338854663
53338861254
53338867724
53338874682
53338880358
53338887011
53338892993
53338897997
53338904406
53338909533
53338916125
53338921496
53338927050
53338932299
53338938220
53338943835
53338950427
53338954455
53338960680
53338966174
53338972582
53338976427
53338982653
53338989977
53338996081
53339001208
53339007067
53339011828
53339017687
53339023119
53339027148
53339034167
53339039232
53339046435
53339051195
53339057543
53339062304
53339068285
53339073473
53339080736
53339086107
53339091662
53339096911
53339102404
53339107531
53339113146
53339119310
53339123522
53339129503
53339134447
53339139208
53339144335
53339149218
53339154650
53339160997
53339166185
53339172411
53339179308
53339184435
53339189745
53339197008
53339202379
53339208360
53339214769
53339219103
53339226610
53339232164
53339237535
53339243334
53339248644
53339254381
53339260606
53339265977
53339271959
53339277574
53339282457
53339289171
53339293993
53339300218
53339305284
53339310960
53339315965
53339322008
53339327623
53339333482
53339340257
53339344591
53339350450
53339356248
53339362962
53339367479
53339376329
53339381639
53339387010
53339393846
53339399278
53339403795
53339410081
53339416551
53339423570
53339428636
53339435350
53339440965
53339447129
53339452684
53339457749
53339462876
53339470628
53339476670
53339483018
53339488816
53339494493
53339498643
53339505174
53339512132
53339518174
53339524522
53339528733
53339534531
53339540086
53339546311
53339551926
53339559922
53339564866
53339571580
53339576401
53339582078
53339586777
53339593613
53339598618
53339607407
53339613206
53339617966
53339622727
53339629868
53339635544
53339640977
53339645981
53339653855
53339658127
53339664841
53339671250
53339676865
53339682480
53339688218
53339693589
53339699509
53339708054
53339713303
53339720322
53339726426
53339732712
53339738510
53339745468
53339749131
53339757614
53339763413
53339770432
53339776840
53339783371
53339788315
53339796921
53339802292
53339807907
53339814194
53339819931
53339825363
53339831650
53339839584
53339845017
53339852341
53339857712
53339865341
53339872116
53339876999
53339885178
53339892929
53339900192
53339904953
53339912399
53339917282
53339925949
53339930588
53339938827
53339943344
53339952377
53339959396
53339965500
53339971115
53339979294
53339986374
53339993148
53339999679
53340007064
53340014145
53340021957
53340028122
53340034774
53340040329
53340048568
53340054122
53340064376
53340070541
53340075729
53340085006
53340090255
53340099105
53340104293
53340112655
53340117538
53340126937
53340134628
53340140609
53340146713
53340153732
53340160140
53340166854
53340174667
53340182418
53340190658
53340197127
53340202743
53340211227
53340216903
53340222457
53340231551
53340239425
53340247115
53340253463
53340261825
53340270797
53340277755
53340288192
53340295394
53340307113
53340314803
53340322249
53340330550
53340338607
53340347823
53340356246
53340365218
53340373213
53340381758
53340393172
53340403426
53340412093
53340417586
53340429121
53340437178
53340444441
53340452193
53340460860
53340473067
53340481490
53340487837
53340494124
53340501814
53340508223
53340515913
53340522993
53340529341
53340537459
53340543074
53340548933
53340553267
53340561018
53340566694
53340572126
53340578901
53340584150
53340590010
53340596052
53340601057
53340606855
53340611677
53340617903
53340623152
53340628401
53340635054
53340639753
53340646284
53340650984
53340657820
53340663435
53340669355
53340675276
53340680830
53340686384
53340691938
53340695783
53340702070
53340709333
53340715315
53340720197
53340726240
53340732282
53340737714
53340744672
53340748396
53340754621
53340760175
53340765302
53340770734
53340776228
53340781477
53340787031
53340793500
53340798872
53340804914
53340809980
53340815046
53340818586
53340824933
53340830793
53340836225
53340842817
53340847516
53340854902
53340860029
53340866865
53340871076
53340878400
53340885358
53340889631
53340895673
53340901715
53340907148
53340913129
53340918866
53340924176
53340931012
53340935773
53340941388
53340946393
53340953107
53340958051
53340965619
53340971478
53340976483
53340981854
53340987531
53340992841
53340998883
53341004987
53341013104
53341018414
53341024030
53341030133
53341036176
53341041058
53341047162
53341052533
53341059491
53341064984
53341071210
53341076520
53341081403
53341087811
53341092633
53341099896
53341105267
53341111737
53341123395
53341137189
53341142743
53341149090
53341156842
53341161725
53341168744
53341175641
53341181744
53341187909
53341194561
53341201519
53341206585
53341213177
53341219464
53341225323
53341232708
53341237042
53341245709
53341251690
53341257366
53341263531
53341269573
53341275250
53341280865
53341287640
53341294781
53341301617
53341307903
53341314068
53341320477
53341329937
53341334026
53341342571
53341348431
53341354473
53341361370
53341367290
53341373943
53341380413
53341387798
53341395000
53341400432
53341407696
53341413921
53341419842
53341426678
53341433391
53341441570
53341449444
53341454143
53341462322
53341471538
53341477031
53341486309
53341492900
53341499370
53341506511
53341514080
53341522136
53341527446
53341535808
53341541606
53341549419
53341556987
53341562725
53341570354
53341578533
53341585613
53341593181
53341598979
53341606304
53341614665
53341623149
53341630656
53341638164
53341646159
53341651164
53341662883
53341669536
53341678203
53341685527
53341691936
53341699870
53341706767
53341715007
53341723857
53341731425
53341739299
53341745219
53341754252
53341760051
53341767863
53341773845
53341784648
53341790751
53341798198
53341806681
53341812724
53341821025
53341827677
53341836100
53341844340
53341851542
53341860209
53341867045
53341874125
53341880534
53341886515
53341896952
53341904887
53341910502
53341919596
53341925150
53341933207
53341938334
53341946391
53341951762
53341958292
53341963236
53341971049
53341976908
53341982706
53341986613
53341993326
53342000834
53342005045
53342011210
53342017435
53342023600
53342028300
53342035563
53342039286
53342048563
53342053629
53342059305
53342064921
53342071146
53342076456
53342082865
53342088724
53342093485
53342100077
53342105570
53342111979
53342118326
53342124002
53342130350
53342136576
53342141214
53342147257
53342153421
53342158914
53342164896
53342171366
53342176859
53342182596
53342188150
53342192789
53342198343
53342204385
53342210184
53342215982
53342220010
53342226419
53342233072
53342237405
53342243875
53342249002
53342255594
53342260965
53342266275
53342271707
53342277322
53342282205
53342286722
53342293680
53342298685
53342304910
53342310525
53342316446
53342321268
53342327310
53342333597
53342339212
53342345804
53342349649
53342356119
53342362649
53342367410
53342374429
53342379922
53342386697
53342390603
53342397317
53342403360
53342409280
53342417703
53342422525
53342429422
53342434548
53342441018
53342446694
53342452615
53342458718
53342465310
53342471597
53342477883
53342483743
53342490273
53342495461
53342502114
53342509499
53342515664
53342521645
53342527810
53342533547
53342540627
53342545083
53342552468
53342557473
53342564431
53342569619
53342577370
53342580849
53342588418
53342595742
53342602212
53342608315
53342614724
53342620522
53342625527
53342632424
53342637734
53342644997
53342650857
53342656716
53342662758
53342668618
53342674660
53342681008
53342687478
53342692421
53342699318
53342704506
53342711830
53342717568
53342724099
53342731057
53342737099
53342743874
53342750588
53342756508
53342763893
53342770485
53342776406
53342781777
53342787880
53342794228
53342800209
53342806496
53342812477
53342818092
53342821816
53342830544
53342836586
53342842201
53342848427
53342853371
53342859291
53342865150
53342872230
53342879127
53342885353
53342890480
53342899025
53342903053
53342911415
53342918495
53342924782
53342931862
53342938148
53342943825
53342950905
53342956520
53342964088
53342970070
53342978004
53342984169
53342990150
53342997474
53343004066
53343009986
53343015907
53343022621
53343030738
53343036964
53343042030
53343051063
53343056373
53343063331
53343070289
53343077308
53343084937
53343092445
53343097022
53343104896
53343111244
53343118873
53343124488
53343132667
53343138221
53343147071
53343152808
53343160804
53343168677
53343178138
53343184547
53343193336
53343201514
53343209510
53343217200
53343225623
53343230262
53343238807
53343246070
53343253211
53343261268
53343269141
53343276587
53343283606
53343291175
53343298987
53343306800
53343312781
53343320655
53343330115
53343336402
53343346167
53343352210
53343361365
53343366370
53343377539
53343384680
53343393347
53343401099
53343408362
53343413855
53343421179
53343428137
53343436316
53343442847
53343449072
53343455481
53343461584
53343467749
53343472388
53343478491
53343483618
53343490210
53343496435
53343502844
53343509375
53343513830
53343520239
53343526465
53343533117
53343538122
53343544165
53343550818
53343556250
53343561987
53343567541
53343574499
53343580969
53343586035
53343592016
53343597815
53343602636
53343609961
53343615759
53343622168
53343625708
53343633093
53343639440
53343645605
53343650915
53343656774
53343663793
53343667394
53343675085
53343680273
53343684179
53343691076
53343695410
53343702001
53343707067
53343712560
53343717809
53343723547
53343728918
53343734533
53343741430
53343747961
53343753149
53343758031
53343763219
53343768590
53343773717
53343780797
53343785314
53343792150
53343796972
53343802343
53343808019
53343813390
53343819555
53343825597
53343830663
53343837072
53343841771
53343846776
53343853063
53343859960
53343865697
53343871801
53343876744
53343883641
53343888951
53343896276
53343902623
53343908910
53343914830
53343920568
53343924596
53343931188
53343935216
53343941808
53343948216
53343954076
53343959935
53343965734
53343971410
53343977025
53343982701
53343988500
53343994969
53344001561
53344007176
53344011876
53344017674
53344024022
53344030064
53344036107
53344043370
53344049351
53344055150
53344061253
53344066441
53344074437
53344078892
53344087742
53344093236
53344099705
53344106969
53344113316
53344119298
53344124730
53344133824
53344138218
53344145360
53344150486
53344156590
53344163365
53344170262
53344176793
53344181797
53344188633
53344194249
53344202000
53344204197
53344212376
53344220555
53344225743
53344232090
53344237156
53344244419
53344250157
53344256565
53344262913
53344269077
53344275486
53344281773
53344287388
53344293858
53344299107
53344303989
53344311985
53344317905
53344324497
53344330540
53344336399
53344342564
53344347080
53344355381
53344361912
53344368076
53344373020
53344380405
53344386997
53344394260
53344399387
53344407932
53344412998
53344421116
53344428135
53344435215
53344441257
53344448337
53344456028
53344463840
53344470371
53344478000
53344484043
53344491794
53344496982
53344504978
53344512546
53344518772
53344526401
53344533176
53344541416
53344547946
53344555026
53344561679
53344570651
53344577548
53344585727
53344592319
53344600681
53344607211
53344615146
53344622043
53344630710
53344638217
53344646030
53344653171
53344659457
53344666659
53344672519
53344679538
53344689059
53344696811
53344703952
53344711459
53344718417
53344725924
53344732333
53344740207
53344749423
53344754794
53344762973
53344770419
53344778170
53344782931
53344792697
53344798373
53344807223
53344812411
53344822421
53344827120
53344836642
53344844821
53344853060
53344858309
53344870028
53344878085
53344884066
53344890902
53344898776
53344905123
53344912936
53344919589
53344928622
53344935641
53344941988
53344946383
53344952731
53344958529
53344964632
53344971895
53344976595
53344983248
53344988131
53344994539
53345000033
53345006380
53345010164
53345017977
53345025423
53345029879
53345037630
53345042330
53345048616
53345053621
53345061068
53345066683
53345072237
53345079073
53345086092
53345091707
53345098787
53345105135
53345112032
53345116915
53345124361
53345129000
53345135713
53345141939
53345148043
53345152925
53345159029
53345163118
53345169588
53345174471
53345178865
53345183382
53345191255
53345195955
53345201021
53345206331
53345211763
53345216646
53345222139
53345227510
53345232088
53345237703
53345241853
53345248262
53345252901
53345258089
53345263765
53345269685
53345274995
53345279939
53345285860
53345290498
53345296358
53345301973
53345307283
53345312410
53345319246
53345325776
53345329866
53345334199
53345340669
53345346101
53345352815
53345358552
53345363740
53345369294
53345373140
53345380281
53345384248
53345392121
53345397004
53345404267
53345409700
53345415742
53345421296
53345426911
53345432832
53345439973
53345443513
53345450959
53345456330
53345461640
53345467195
53345473237
53345480927
53345487031
53345493928
53345498322
53345504060
53345509736
53345515229
53345520844
53345527497
53345534089
53345539521
53345544038
53345550874
53345557160
53345562653
53345567536
53345576203
53345582062
53345587922
53345593415
53345598542
53345603425
53345610505
53345616425
53345622773
53345626435
53345634369
53345640656
53345646393
53345650422
53345656586
53345664093
53345670014
53345676606
53345680878
53345687836
53345692170
53345698029
53345703827
53345711396
53345717743
53345722748
53345727143
53345733734
53345740021
53345745575
53345749787
53345758148
53345763458
53345769379
53345776215
53345781159
53345786530
53345793671
53345799347
53345808685
53345814972
53345819672
53345825104
53345833343
53345839386
53345845367
53345850983
53345857330
53345863251
53345871063
53345877167
53345882233
53345887909
53345895965
53345901947
53345910614
53345916839
53345923492
53345929046
53345937103
53345942779
53345949188
53345954376
53345962555
53345970428
53345976165
53345981292
53345989654
