53175559793
53175565347
53175571450
53175577554
53175582681
53175587441
53175592629
53175598428
53175605142
53175611367
53175618142
53175624123
53175631265
53175638100
53175645425
53175651772
53175658181
53175667275
53175673012
53175681069
53175689858
53175695779
53175703835
53175712075
53175719338
53175726174
53175733315
53175739174
53175747841
53175754433
53175761818
53175769570
53175777443
53175783059
53175790383
53175798073
53175804543
53175812355
53175819741
53175826882
53175834511
53175842568
53175848122
53175856972
53175862831
53175869667
53175876747
53175883461
53175890541
53175898415
53175905922
53175913246
53175920387
53175925392
53175934609
53175939674
53175948647
53175955544
53175963112
53175969459
53175976662
53175982582
53175990211
53175997963
53176003517
53176012550
53176018104
53176025856
53176031349
53176040382
53176048256
53176055519
53176061744
53176067115
53176076210
53176082557
53176090431
53176098976
53176106239
53176112648
53176118202
53176126014
53176132545
53176140113
53176147804
53176155250
53176161781
53176169044
53176176734
53176184547
53176192603
53176200172
53176207191
53176214088
53176222083
53176228309
53176236854
53176243507
53176250709
53176258582
53176267860
53176275367
53176283790
53176290748
53176298377
53176305640
53176312903
53176321326
53176327979
53176335608
53176343177
53176350623
53176359229
53176364478
53176374915
53176381934
53176389991
53176397742
53176404456
53176412268
53176418860
53176425269
53176433509
53176441016
53176448767
53176457007
53176464087
53176471778
53176478980
53176487952
53176496680
53176506201
53176513464
53176520178
53176529150
53176540076
53176547705
53176557837
53176563879
53176572790
53176579565
53176591162
53176599036
53176605810
53176615027
53176622412
53176631262
53176639624
53176645788
53176656469
53176665930
53176672644
53176682409
53176690588
53176695898
53176705236
53176715002
53176724218
53176731054
53176739233
53176748022
53176755163
53176765661
53176774023
53176782995
53176790685
53176799841
53176808263
53176817724
53176824865
53176834814
53176841955
53176852819
53176860570
53176868383
53176876562
53176884313
53176891454
53176900732
53176907628
53176916784
53176924901
53176932897
53176939428
53176948095
53176954686
53176964147
53176972875
53176981725
53176988317
53176997594
53177004003
53177011754
53177020177
53177027989
53177037633
53177049047
53177053685
53177064794
53177072362
53177079320
53177084081
53177096654
53177105321
53177112828
53177121739
53177129735
53177137608
53177145909
53177153661
53177163670
53177173436
53177179967
53177191319
53177198094
53177206761
53177213414
53177222691
53177230443
53177241124
53177251622
53177258519
53177268895
53177273716
53177287632
53177296055
53177305333
53177313633
53177319920
53177330052
53177338352
53177348362
53177355992
53177366490
53177375645
53177382481
53177394016
53177401157
53177411472
53177420872
53177427952
53177438572
53177445530
53177455357
53177462009
53177474888
53177482273
53177491855
53177499729
53177506809
53177514011
53177522129
53177529941
53177537937
53177544834
53177553501
53177560459
53177567417
53177576267
53177584079
53177592441
53177600193
53177608615
53177615268
53177622592
53177632419
53177639621
53177648349
53177654697
53177664646
53177671482
53177678317
53177688205
53177696018
53177704746
53177711093
53177718295
53177725986
53177732455
53177741367
53177746860
53177757053
53177763644
53177771518
53177779819
53177786960
53177795138
53177804172
53177811923
53177821689
53177828525
53177838839
53177847384
53177853671
53177862948
53177871310
53177880038
53177887484
53177896029
53177904330
53177909518
53177918307
53177926608
53177931979
53177941439
53177947787
53177955172
53177964205
53177967379
53177976351
53177982455
53177988925
53177997225
53178003573
53178012118
53178017184
53178025362
53178034518
53178038119
53178048556
53178056612
53178065096
53178073397
53178080172
53178086886
53178095248
53178103792
53178111971
53178116671
53178123751
53178131563
53178137850
53178144014
53178152865
53178160982
53178167818
53178174410
53178182833
53178188997
53178196321
53178205843
53178213472
53178220491
53178227571
53178234712
53178241426
53178247713
53178256807
53178262361
53178272127
53178278230
53178287691
53178294344
53178300874
53178308138
53178316744
53178324495
53178330476
53178337617
53178346223
53178351533
53178359346
53178365694
53178373872
53178381013
53178388399
53178395479
53178402742
53178409456
53178415315
53178424104
53178432771
53178438936
53178445649
53178450776
53178460420
53178467500
53178475312
53178480806
53178488496
53178495454
53178503938
53178510774
53178515473
53178523164
53178529939
53178537263
53178544465
53178551606
53178559602
53178566071
53178574128
53178579804
53178587251
53178595857
53178600861
53178607819
53178615876
53178624055
53178629548
53178637116
53178644440
53178651765
53178660004
53178666901
53178677033
53178682954
53178689973
53178697114
53178702851
53178710785
53178719086
53178727021
53178733979
53178743012
53178749665
53178757416
53178764130
53178772431
53178782868
53178790741
53178797577
53178803803
53178810761
53178817536
53178826935
53178832794
53178843048
53178850250
53178859284
53178867157
53178876496
53178882965
53178893463
53178899201
53178907806
53178914520
53178922150
53178930084
53178936920
53178942963
53178952362
53178960419
53178966949
53178975616
53178981903
53178989105
53178998077
53179006073
53179012420
53179019134
53179026092
53179032684
53179039764
53179045440
53179052093
53179058624
53179062774
53179068939
53179074432
53179081634
53179086639
53179092987
53179097442
53179101348
53179109954
53179113494
53179122039
53179128448
53179134307
53179140106
53179144744
53179151641
53179156524
53179162628
53179169036
53179175506
53179180877
53179186431
53179192413
53179198882
53179205413
53179210601
53179216766
53179220672
53179227996
53179231475
53179239104
53179246246
53179251800
53179256683
53179262298
53179266936
53179272979
53179279449
53179286101
53179290191
53179295928
53179301177
53179307036
53179310698
53179317962
53179323150
53179328521
53179334380
53179338225
53179344573
53179349028
53179355315
53179360442
53179366362
53179372161
53179378753
53179384734
53179390105
53179397490
53179403044
53179409087
53179415862
53179422087
53179428557
53179434233
53179440093
53179445830
53179451750
53179457854
53179463835
53179471037
53179474822
53179483305
53179488127
53179495574
53179503386
53179508574
53179514616
53179519865
53179524870
53179532622
53179539580
53179545439
53179551421
53179556609
53179563200
53179568266
53179575407
53179581694
53179589079
53179594938
53179600249
53179605375
53179611723
53179617766
53179626066
53179631559
53179636503
53179643034
53179647734
53179655912
53179662687
53179667631
53179673368
53179678740
53179684355
53179690580
53179697172
53179703459
53179710295
53179716032
53179722013
53179726652
53179735685
53179741239
53179748625
53179754423
53179760038
53179765531
53179772856
53179777799
53179785001
53179791044
53179797880
53179804716
53179810880
53179818754
53179824735
53179829801
53179836210
53179842313
53179847868
53179852811
53179860319
53179867887
53179875699
53179882474
53179887540
53179893400
53179900113
53179904203
53179912259
53179918790
53179924650
53179931241
53179937589
53179944242
53179950345
53179959378
53179965360
53179971952
53179979703
53179986173
53179991666
53179999662
53180006986
53180015103
53180019986
53180027494
53180033231
53180040006
53180047330
53180055142
53180063199
53180069730
53180077542
53180084195
53180093350
53180100858
53180108426
53180115872
53180122403
53180129544
53180136746
53180144315
53180152432
53180161221
53180170499
53180178860
53180188504
53180199551
53180206570
53180218655
53180224698
53180236660
53180243863
53180254910
53180262112
53180273770
53180283474
53180293728
53180303372
53180311550
53180320523
53180330776
53180337979
53180346768
53180354214
53180370815
53180381191
53180388760
53180398586
53180406704
53180415005
53180425747
53180432949
53180443142
53180451443
53180459988
53180469570
53180478054
53180488125
53180495510
53180503078
53180511440
53180515713
53180526394
53180532985
53180542446
53180547817
53180555080
53180561489
53180566799
53180573696
53180578640
53180585170
53180592250
53180596340
53180602138
53180607875
53180614345
53180618312
53180625148
53180632228
53180637294
53180642909
53180649074
53180654689
53180659511
53180665553
53180671962
53180676051
53180682216
53180687465
53180693507
53180697780
53180703761
53180710902
53180715297
53180723048
53180728725
53180733974
53180738490
53180745082
53180750636
53180757411
53180761928
53180768214
53180773830
53180778956
53180785243
53180790980
53180796168
53180801784
53180807216
53180812648
53180817042
53180823451
53180828395
53180835841
53180841456
53180847255
53180851466
53180856837
53180862819
53180869410
53180873561
53180880885
53180885768
53180891749
53180897425
53180904200
53180911036
53180917994
53180922999
53180928248
53180934474
53180940455
53180946559
53180952723
53180959437
53180964381
53180970301
53180976405
53180981837
53180988184
53180993983
53181001856
53181006861
53181013453
53181019678
53181025416
53181031092
53181035303
53181043665
53181049464
53181055567
53181061426
53181066798
53181073023
53181079493
53181088160
53181093104
53181098597
53181105372
53181110560
53181117640
53181124781
53181130274
53181137476
53181143396
53181149683
53181156702
53181163782
53181170191
53181175257
53181181238
53181188684
53181193994
53181202783
53181208643
53181214624
53181221399
53181226831
53181233240
53181240625
53181246607
53181252283
53181259424
53181266443
53181273401
53181278345
53181284937
53181291650
53181297632
53181304407
53181309351
53181316125
53181320886
53181329675
53181335474
53181341028
53181348169
53181353906
53181361169
53181369836
53181375879
53181383691
53181389245
53181396753
53181403833
53181410486
53181417932
53181423364
53181430383
53181436792
53181443445
53181450097
53181455652
53181462854
53181470361
53181478723
53181485253
53181491784
53181500024
53181505883
53181515222
53181523461
53181531884
53181539758
53181546227
53181553308
53181560327
53181570031
53181576623
53181584618
53181591515
53181598412
53181604882
53181614037
53181620690
53181626366
53181636437
53181642907
53181650902
53181656335
53181664941
53181672997
53181682335
53181688134
53181696068
53181703576
53181710290
53181720421
53181726220
53181736107
53181743798
53181751061
53181760277
53181767174
53181777245
53181783654
53181793907
53181802819
53181809716
53181819542
53181825707
53181834374
53181840660
53181849205
53181859154
53181865807
53181872826
53181880760
53181886375
53181893639
53181901268
53181908104
53181913780
53181919518
53181927269
53181932274
53181938927
53181946190
53181951073
53181957725
53181962547
53181968529
53181974998
53181981346
53181988426
53181994530
53181999595
53182005943
53182013206
53182019310
53182025047
53182031273
53182035972
53182043113
53182049827
53182055320
53182061180
53182067955
53182073997
53182079124
53182085044
53182090110
53182097496
53182103843
53182109153
53182115562
53182121665
53182126670
53182132286
53182138084
53182143028
53182148826
53182154624
53182159934
53182166160
53182171348
53182177940
53182183860
53182187461
53182194541
53182199363
53182204856
53182210899
53182217063
53182222251
53182228355
53182233848
53182240623
53182246665
53182252891
53182258018
53182263755
53182269980
53182274375
53182281333
53182287131
53182294028
53182299643
53182305930
53182312217
53182317405
53182322471
53182329306
53182335898
53182343284
53182349814
53182355735
53182360373
53182367575
53182374289
53182380515
53182386740
53182393149
53182398825
53182405234
53182411154
53182416648
53182424338
53182431845
53182436179
53182442587
53182448508
53182457053
53182463095
53182469809
53182475302
53182481528
53182488364
53182496909
53182502646
53182509177
53182514731
53182520956
53182527670
53182532248
53182540304
53182547262
53182553854
53182560446
53182566794
53182572897
53182578940
53182586996
53182592062
53182597738
53182604269
53182609762
53182615378
53182621908
53182629599
53182636007
53182641867
53182647055
53182652243
53182659567
53182665121
53182671530
53182678122
53182683737
53182690451
53182694784
53182702169
53182707601
53182713095
53182721273
53182726888
53182733358
53182739279
53182745748
53182752523
53182758566
53182765585
53182770529
53182779684
53182787008
53182795675
53182804220
53182810018
53182817709
53182826803
53182832418
53182840108
53182846395
53182854452
53182861165
53182868795
53182877645
53182882528
53182890706
53182897542
53182905172
53182911825
53182920797
53182930013
53182934957
53182943074
53182953145
53182959981
53182966939
53182976155
53182982747
53182988912
53182997151
53183004720
53183013448
53183020589
53183026387
53183033528
53183038838
53183049703
53183055196
53183063924
53183070760
53183078511
53183086018
53183093953
53183100972
53183104878
53183115620
53183122517
53183131123
53183137715
53183146870
53183152669
53183161030
53183166463
53183177205
53183184102
53183194050
53183199971
53183210103
53183219380
53183228108
53183233662
53183244526
53183253926
53183264058
53183276753
53183283772
53183293049
53183298909
53183311787
53183320088
53183329243
53183337238
53183345661
53183356098
53183363972
53183371296
53183376301
53183383869
53183391377
53183399616
53183405781
53183415607
53183421772
53183429218
53183436726
53183443684
53183449726
53183456379
53183463215
53183469318
53183474384
53183481464
53183487018
53183492878
53183499470
53183505268
53183511127
53183516987
53183522419
53183528766
53183533222
53183540668
53183546344
53183551715
53183558185
53183563556
53183569416
53183575336
53183580524
53183585529
53183591388
53183596576
53183602619
53183607990
53183614582
53183618610
53183625751
53183630634
53183636798
53183642169
53183648395
53183654620
53183660541
53183665973
53183673602
53183680560
53183687213
53183691180
53183698505
53183703998
53183709674
53183715655
53183721515
53183726398
53183732684
53183738177
53183741717
53183748492
53183754291
53183761249
53183768024
53183774188
53183778033
53183785541
53183788470
53183797748
53183804400
53183810687
53183815509
53183822039
53183828143
53183834674
53183841021
53183848101
53183853106
53183859637
53183865435
53183871051
53183876849
53183882891
53183890155
53183895098
53183901873
53183907733
53183914202
53183920428
53183926959
53183933123
53183939837
53183946307
53183952837
53183959734
53183965899
53183972125
53183979205
53183986712
53183991778
53183997210
53184004229
53184012286
53184018755
53184025652
53184031756
53184039141
53184046282
53184052935
53184058916
53184065386
53184071062
53184076006
53184081988
53184088823
53184095965
53184101519
53184108294
53184115130
53184120867
53184129412
53184135088
53184141069
53184147051
53184154070
53184159258
53184165789
53184172869
53184178911
53184183977
53184190691
53184195574
53184204668
53184212053
53184215959
53184225725
53184232500
53184240068
53184246660
53184253496
53184262346
53184269365
53184275346
53184281389
53184289446
53184296587
53184301653
53184310442
53184319170
53184325090
53184331865
53184339799
53184341569
53184353227
53184360246
53184368852
53184377214
53184382524
53184390153
53184397783
53184403276
53184410905
53184419755
53184426103
53184433915
53184441240
53184448137
53184454240
53184461320
53184468400
53184475297
53184480851
53184489030
53184496476
53184503678
53184509355
53184516130
53184523332
53184528520
53184537126
53184545243
53184550736
53184558183
53184565263
53184570939
53184579057
53184587174
53184593156
53184601273
53184606950
53184616166
53184622025
53184628556
53184637223
53184642716
53184652726
53184660721
53184666642
53184674698
53184681901
53184688736
53184695633
53184702408
53184712906
53184718766
53184726883
53184733780
53184740555
53184746903
53184754044
53184759293
53184767227
53184773880
53184779557
53184785599
53184789810
53184796646
53184800675
53184807022
53184811661
53184819290
53184824661
53184829178
53184834000
53184839676
53184844681
53184852066
53184859573
53184864945
53184871170
53184875198
53184881729
53184889359
53184893997
53184900589
53184905228
53184911453
53184916641
53184923782
53184929275
53184934769
53184939957
53184945328
53184951553
53184957290
53184962295
53184968826
53184975113
53184981155
53184986953
53184991714
53184997757
53185002395
53185009109
53185014846
53185020096
53185026626
53185034317
53185038894
53185046341
53185051712
53185057510
53185063064
53185066726
53185074417
53185079544
53185084976
53185091690
53185097549
53185103164
53185109634
53185114761
53185120498
53185127334
53185132339
53185138381
53185145156
53185150649
53185156875
53185163833
53185168655
53185174575
53185180801
53185186721
53185193130
53185199172
53185206496
53185212112
53185218459
53185225295
53185230544
53185237441
53185244033
53185248366
53185256423
53185263259
53185268874
53185275710
53185283095
53185289748
53185294936
53185301162
53185307753
53185315505
53185320449
53185327041
53185332656
53185339675
53185343886
53185350661
53185356887
53185363784
53185369521
53185375380
53185382033
53185387831
53185394118
53185399977
53185405654
53185412245
53185417616
53185424574
53185431166
53185436965
53185443923
53185450270
53185456069
53185461806
53185468886
53185474135
53185480605
53185487257
53185493361
53185499892
53185506667
53185512343
53185518568
53185525221
53185530958
53185538466
53185545729
53185551466
53185557448
53185562819
53185569594
53185574843
53185581312
53185588637
53185595472
53185601027
53185607557
53185615492
53185622023
53185629713
53185638990
53185644484
53185652113
53185657728
53185666212
53185673597
53185678602
53185686842
53185693067
53185700941
53185706068
53185713941
53185721082
53185728834
53185736768
53185742689
53185749586
53185756727
53185763746
53185771986
53185779310
53185785352
53185793714
53185801038
53185808729
53185816236
53185823987
53185831007
53185837842
53185847120
53185853162
53185861097
53185867811
53185876539
53185883802
53185891004
53185897291
53185904859
53185911878
53185918226
53185928479
53185935559
53185943982
53185951551
53185957105
53185964917
53185971936
53185980542
53185987134
53185996411
53186005261
53186029675
53186040112
53186049024
53186058057
53186065930
53186073865
53186081372
53186089062
53186096509
53186102307
53186111340
53186117993
53186125134
53186134350
53186142163
53186148389
53186153393
53186162060
53186168164
53186175793
53186181592
53186187329
53186193066
53186197339
53186205212
53186211865
53186217846
53186223156
53186229016
53186235485
53186240368
53186248303
53186254773
53186260327
53186264843
53186271130
53186277417
53186282971
53186288342
53186295117
53186300122
53186306286
53186311840
53186317883
53186321911
53186330029
53186335400
53186340649
53186346447
53186350414
53186356457
53186362316
53186367992
53186372265
53186379406
53186383739
53186389843
53186394665
53186400158
53186405102
53186410961
53186417370
53186421032
53186427746
53186431408
53186436901
53186442455
53186448559
53186454784
53186460949
53186466564
53186471813
53186478039
53186483959
53186489025
53186495006
53186500866
53186506237
53186511303
53186516307
53186521434
53186528392
53186531078
53186539440
53186545177
53186549572
53186554760
53186560436
53186565624
53186571910
53186578197
53186581981
53186587963
53186593761
53186599620
53186606334
53186611888
53186617748
53186623546
53186628551
53186635448
53186640453
53186647228
53186652355
53186659312
53186665050
53186671458
53186678539
53186683116
53186691722
53186697215
53186704417
53186710948
53186716075
53186722606
53186727428
53186733592
53186739757
53186743663
53186752269
53186757701
53186763438
53186768931
53186774852
53186780955
53186786632
53186792735
53186799022
53186805186
53186810801
53186816233
53186821849
53186827159
53186833201
53186841197
53186846812
53186853099
53186858287
53186864573
53186869761
53186876109
53186880931
53186888316
53186894541
53186900218
53186905589
53186911143
53186917491
53186923045
53186928294
53186934458
53186940745
53186944895
53186953013
53186958384
53186963694
53186967844
53186975474
53186980357
53186987254
53186992991
53186997874
53187004771
53187009592
53187015086
53187021860
53187027659
53187034128
53187040415
53187046213
53187050120
53187057932
53187064402
53187071238
53187077463
53187082712
53187088633
53187095896
53187101816
53187106455
53187113047
53187120371
53187126657
53187133371
53187139658
53187144480
53187152231
53187158029
53187166513
53187172800
53187179819
53187185678
53187191843
53187198862
53187203440
53187210947
53187218332
53187224680
53187231394
53187238168
53187243845
53187250803
53187258066
53187264413
53187272714
53187279916
53187287668
53187295419
53187300851
53187307260
53187315439
53187322641
53187330514
53187337594
53187343881
53187351938
53187358346
53187361886
53187372140
53187378305
53187385690
53187393319
53187400888
53187406808
53187413827
53187419503
53187428292
53187433603
53187438852
53187450448
53187455453
53187463449
53187468576
53187476815
53187483590
53187489938
53187498422
53187506295
53187513070
53187520760
53187527780
53187535470
53187541573
53187550790
53187557015
53187563119
53187573067
53187580209
53187587228
53187595895
53187602547
53187608529
53187614999
53187618539
53187629891
53187637337
53187643563
53187650521
53187657906
53187665352
53187671273
53187678902
53187683358
53187689766
53187694283
53187702767
53187705697
53187714241
53187718941
53187726326
53187731453
53187737984
53187743172
53187749214
53187753670
53187759590
53187763985
53187772652
53187778511
53187783882
53187789498
53187795601
53187801644
53187807564
53187813851
53187817879
53187825691
53187831551
53187837654
53187842842
53187847542
53187852974
53187859688
53187866280
53187871712
53187876472
53187881416
53187886421
53187891487
53187897407
53187904060
53187909309
53187913704
53187919746
53187923897
53187929939
53187935066
53187940986
53187945808
53187951423
53187957039
53187961983
53187967415
53187971077
53187976631
53187983650
53187988594
53187993538
53187998359
53188004097
53188008857
53188014595
53188020820
53188027473
53188033027
53188039558
53188044136
53188050361
53188055122
53188061103
53188067756
53188072456
53188077888
53188083503
53188087348
53188094367
53188100410
53188106086
53188111701
53188117622
53188123054
53188128791
53188134223
53188139045
53188146674
53188152900
53188158271
53188163703
53188169135
53188175605
53188180488
53188186958
53188193122
53188200751
53188206367
53188210029
53188216254
53188223212
53188227485
53188233893
53188239814
53188247687
53188253974
53188259711
53188264106
53188269965
53188275886
53188281806
53188288642
53188294501
53188299628
53188306525
53188312690
53188318000
53188324652
53188329963
53188337287
53188343329
53188350348
53188358039
53188363837
53188370124
53188377082
53188383063
53188388922
53188395514
53188401679
53188407294
53188412543
53188419867
53188425604
53188432745
53188439276
53188445380
53188452460
53188457953
53188465887
53188471930
53188478278
53188485480
53188491339
53188497382
53188501654
53188508856
53188513373
53188523077
53188527960
53188534308
53188538946
53188545660
53188552984
53188558233
53188566656
53188571661
53188578863
53188584234
53188590460
53188596441
53188604071
53188611212
53188617926
53188625250
53188631659
53188637701
53188644110
53188649053
53188657415
53188662603
53188670660
53188675604
53188683355
53188690985
53188697393
53188702825
53188707830
53188716680
53188724493
53188729559
53188737432
53188742681
53188750433
53188757879
53188762579
53188771429
53188778509
53188786809
53188792913
53188799200
53188804632
53188813360
53188820013
53188826848
53188835393
53188842046
53188846197
53188854986
53188863469
53188868535
53188875982
53188883855
53188892400
53188898259
53188903753
53188911748
53188919011
53188924749
53188932988
53188938481
53188947515
53188953862
53188962102
53188967900
53188974126
53188982183
53188988652
53188992314
53189002629
53189008611
53189018071
53189025090
53189034856
53189044316
53189050786
53189060307
53189069035
53189074528
53189084050
53189089970
53189100224
53189108098
53189115117
53189122868
53189130131
53189137089
53189144230
53189150212
53189157292
53189163945
53189168339
53189175053
53189181645
53189187504
53189194157
53189198979
53189204411
53189210575
53189217595
53189222660
53189230595
53189235112
53189241886
53189247807
53189252690
53189257633
53189264530
53189270878
53189277287
53189282597
53189288212
53189293827
53189300602
53189305973
53189312504
53189318852
53189323856
53189330082
53189335819
53189341496
53189347294
53189353581
53189359074
53189363224
53189371220
53189376835
53189381351
53189387028
53189392887
53189399540
53189403751
53189409977
53189415714
53189421451
53189425968
53189432560
53189439213
53189443607
53189449711
53189454044
53189460331
53189465152
53189471439
53189476810
53189482364
53189488407
53189492984
53189499088
53189503543
53189510379
53189517459
53189523136
53189528324
53189533695
53189540287
53189545719
53189552005
53189556156
53189562320
53189569522
53189574771
53189580020
53189584781
53189591434
53189596805
53189603092
53189609744
53189615604
53189622073
53189626712
53189634952
53189640079
53189647403
53189653079
53189659488
53189665775
53189671512
53189677798
53189684451
53189690189
53189694583
53189702273
53189707095
53189714236
53189719607
53189728152
53189734134
53189738528
53189746463
53189752322
53189757815
53189763003
53189770633
53189775943
53189782412
53189787845
53189794436
53189801516
53189805789
53189814456
53189819217
53189826785
53189832583
53189839053
53189845034
53189850955
53189857241
53189863589
53189869204
53189874392
53189881350
53189886660
53189893801
53189899050
53189906863
53189913577
53189919680
53189925173
53189929690
53189937563
53189942019
53189949892
53189956118
53189962527
53189969180
53189973818
53189980105
53189986758
53189992617
53189999941
53190006350
53190011965
53190019289
53190023684
53190030215
53190037539
53190044069
53190049807
53190056399
53190061770
53190067446
53190075441
53190082827
53190088930
53190096437
53190103395
53190110598
53190115358
53190122133
53190128603
53190135866
53190142824
53190149355
53190156008
53190162538
53190169374
53190175356
53190181398
53190188967
53190195619
53190203493
53190208681
53190216737
53190224001
53190231142
53190237734
53190245851
53190253358
53190258852
53190267397
53190273378
53190281862
53190287721
53190297243
53190303468
53190312562
53190320375
53190327821
53190333742
53190341188
53190349916
53190358583
53190365114
53190372682
53190379884
53190387330
53190394227
53190401674
53190409669
53190417970
53190424379
53190434144
53190441285
53190447938
53190454591
53190461915
53190468080
53190477967
53190485963
53190493592
53190500306
53190510865
53190518006
53190526368
53190535645
53190545716
53190551392
53190563416
53190572449
53190582093
53190592347
53190595277
53190611573
53190620179
53190628724
53190640381
53190643555
53190656678
53190664368
53190675171
53190682862
53190689331
53190698853
53190706604
53190716980
53190723938
53190732727
53190738587
53190745972
53190754517
53190761109
53190766541
53190773743
53190779724
53190785462
53190793762
53190798767
53190804688
53190809326
53190815369
53190820557
53190827759
53190832153
53190838196
53190843079
53190849243
53190853699
53190859802
53190866455
53190872375
53190877441
53190882934
53190888916
53190893188
53190899170
53190904602
53190911011
53190917358
53190924377
53190927246
53190935119
53190937805
53190944763
53190951050
53190956970
53190963196
53190970154
53190976623
53190982483
53190987793
53190992736
53191001159
53191005066
53191010925
53191016723
53191020446
53191028137
53191033691
53191039611
53191044616
53191049804
53191056152
53191058837
53191066894
53191071716
53191079345
53191083373
53191089233
53191095092
53191100463
53191107238
53191112304
53191120055
53191126342
53191132018
53191137328
53191143615
53191149657
53191153625
53191160217
53191167541
53191173766
53191179443
53191186095
53191191711
53191198424
53191205321
53191211669
53191217406
53191223754
53191228087
53191235534
53191240233
53191247069
53191254271
53191261046
53191266173
53191272826
53191279052
53191284972
53191290892
53191298034
53191303649
53191310179
53191315734
53191322203
53191327574
53191333495
53191341246
53191347533
53191353331
53191360228
53191366210
53191371764
53191378966
53191384215
53191390379
53191397337
53191403685
53191409483
53191416441
53191421935
53191428648
53191435851
53191441283
53191447325
53191453978
53191458495
53191465025
53191471678
53191476683
53191485106
53191490477
53191496153
53191501707
53191508726
53191514586
53191521788
53191528197
53191532469
53191540404
53191545042
53191551207
53191557615
53191564879
53191570311
53191576902
53191581907
53191590147
53191595457
53191602354
53191608030
53191613584
53191621092
53191627684
53191633482
53191640074
53191647886
53191654234
53191662718
53191669737
53191675779
53191682920
53191689695
53191696104
53191703977
53191710813
53191717039
53191723814
53191731199
53191737852
53191744444
53191751279
53191757566
53191767149
53191772520
53191782041
53191789609
53191796079
53191803831
53191810605
53191817624
53191826597
53191833310
53191842038
53191847593
53191855832
53191861020
53191869199
53191876035
53191885373
53191890928
53191899106
53191904355
53191912534
53191919370
53191927915
53191933103
53191941770
53191949216
53191957273
53191962338
53191970822
53191976315
53191984860
53191991391
53192000852
53192008725
53192014462
53192022824
53192030576
53192036984
53192045468
53192050961
53192060910
53192069455
53192075864
53192084286
53192092343
53192097958
53192107236
53192113095
53192123105
53192129757
53192138669
53192146664
53192152829
53192160153
53192168087
53192173947
53192182736
53192189328
53192195919
53192203183
53192207760
53192215268
53192220028
53192227230
53192233761
53192238705
53192244137
53192251950
53192257199
53192262631
53192269772
53192275265
53192282162
53192287228
53192293575
53192298702
53192304867
53192310848
53192316952
53192322689
53192327023
53192334835
53192339291
53192346004
53192351253
53192358028
53192363277
53192369503
53192375301
53192381039
53192387874
53192392818
53192399837
53192405514
53192411922
53192416744
53192422909
53192428158
53192434322
53192440243
53192445369
53192452083
53192457699
53192464168
53192468319
53192473995
53192480098
53192486202
53192491268
53192495784
53192501888
53192506588
53192513790
53192519649
53192523799
53192530818
53192535579
53192541805
53192547054
53192552913
53192558650
53192562557
53192569271
53192573482
53192580928
53192587276
53192593379
53192598995
53192605403
53192610896
53192615535
53192621944
53192627498
53192633968
53192639339
53192646907
53192653499
53192657954
53192664729
53192671199
53192676875
53192682307
53192690181
53192695369
53192702144
53192709041
53192715022
53192723018
53192729243
53192735286
53192740840
53192746699
53192750972
53192758784
53192764949
53192769893
53192776057
53192781977
53192789058
53192794307
53192799189
53192805537
53192810786
53192817073
53192822322
53192829341
53192835383
53192841120
53192846797
53192852473
53192858332
53192864436
53192870112
53192875788
53192881587
53192885798
53192892268
53192898493
53192903864
53192908076
53192914362
53192920161
53192927485
53192932124
53192938960
53192943842
53192950617
53192955073
53192963251
53192968256
53192974604
53192979609
53192985895
53192992792
53192998469
53193002558
53193009638
53193016535
53193020807
53193027826
53193033808
53193039240
53193044367
53193050593
53193057551
53193063349
53193067865
53193074884
53193079950
53193086725
53193091730
53193099237
53193104914
53193111200
53193116938
53193122736
53193126825
53193133539
53193138483
53193147333
53193153925
53193161432
53193166559
53193174249
53193180414
53193186456
53193192865
53193201593
53193207269
53193214777
53193219537
53193227655
53193233759
53193239862
53193244928
53193253961
53193260919
53193267755
53193274774
53193284479
53193291681
53193299798
53193307611
53193313592
53193322381
53193328180
53193336725
53193342523
53193351678
53193357904
53193365472
53193371454
53193381158
53193388971
53193396295
53193402581
53193410699
53193419122
53193426873
53193433465
53193441033
53193447930
53193455438
53193462396
53193469781
53193477105
53193484673
53193491815
53193499627
53193507867
53193514520
53193522759
53193529351
53193533379
53193545220
53193550835
53193560357
53193567315
53193574517
53193582635
53193590020
53193597466
53193606255
53193615105
53193622368
53193629204
53193637078
53193644280
53193651726
53193658501
53193666497
53193673394
53193681328
53193687554
53193694756
53193700066
53193706841
53193711418
53193718926
53193725212
53193730828
53193736687
53193740959
53193748101
53193754753
53193761101
53193765801
53193772026
53193778008
53193783684
53193789726
53193795769
53193803459
53193809319
53193814262
53193819756
53193826286
53193831413
53193837639
53193843681
53193850944
53193856255
53193862724
53193867729
53193874565
53193879326
53193884819
53193891655
53193898063
53193902397
53193908989
53193913261
53193922172
53193926201
53193934929
53193941398
53193946586
53193951957
53193957145
53193962089
53193968254
53193974418
53193978996
53193984672
53193990776
53193995903
53194002250
53194006706
53194013298
53194018425
53194024467
53194029472
53194035270
53194040824
53194046623
53194053031
53194057975
53194064445
53194069999
53194075553
53194081168
53194086845
53194093803
53194099784
53194105827
53194111930
53194117301
53194123466
53194129264
53194136588
53194143241
53194148429
53194153861
53194160514
53194167411
53194173087
53194179801
53194184562
53194191154
53194197867
53194203605
53194210196
53194215384
53194221610
53194228446
53194234855
53194242362
53194248588
53194254691
53194262259
53194267264
53194274405
53194279410
53194286307
53194292350
53194298880
53194304740
53194310416
53194314627
53194321646
53194328177
53194334830
53194341544
53194345755
53194352042
53194356619
53194363394
53194368582
53194377432
53194380240
53194388663
53194393668
53194399405
53194405814
53194411612
53194416617
53194424002
53194429678
53194434744
53194439810
53194446585
53194451712
53194459097
53194464773
53194471243
53194477347
53194483084
53194489126
53194493582
53194500113
53194506582
53194512503
53194518606
53194523916
53194529532
53194534903
53194541250
53194546927
53194553701
53194559012
53194563772
53194570425
53194574698
53194581411
53194587454
53194594168
53194600332
53194608450
53194614798
53194620108
53194629751
53194636160
53194643789
53194649893
53194657827
53194663137
53194670889
53194676077
53194683706
53194689504
53194698110
53194705984
53194711599
53194719045
53194726125
53194733999
53194739614
53194749441
53194755239
53194762563
53194770559
53194778066
53194784719
53194792287
53194798879
53194806325
53194814565
53194822255
53194829030
53194838247
53194843557
53194850820
53194859975
53194867482
53194875539
53194882680
53194888967
53194898061
53194904897
53194911550
53194917653
53194927480
53194935475
53194942372
53194949330
53194957570
53194963246
53194971425
53194978200
53194985341
53194991811
53195000111
53195006337
53195015004
53195021169
53195029836
53195037038
53195046681
53195052724
53195061940
53195067494
53195076832
53195083790
53195090626
53195098866
53195108998
53195114369
53195123768
53195129994
53195139210
53195147328
53195154103
53195161061
53195169423
53195176503
53195181691
53195188343
53195194386
53195200672
53195207264
53195214711
53195220448
53195226002
53195230091
53195237965
53195243336
53195248402
53195254811
53195261158
53195267201
53195272816
53195278065
53195283558
53195289539
53195295155
53195302052
53195308888
53195313953
53195319080
53195325367
53195331226
53195336781
53195344471
53195349720
53195355457
53195362049
53195366993
53195372852
53195379322
53195384205
53195391651
53195397754
53195403370
53195410145
53195414844
53195421619
53195426197
53195433399
53195438953
53195444812
53195450306
53195455555
53195461780
53195465992
53195472461
53195477954
53195483936
53195490406
53195494434
53195501270
53195506214
53195512928
53195518970
53195524524
53195529956
53195536548
53195541858
53195548023
53195554248
53195560352
53195566211
53195571704
53195577136
53195582263
53195588855
53195593860
53195600086
53195606128
53195611499
53195616809
53195623828
53195628711
53195635547
53195641589
53195648242
53195654834
53195660693
53195666736
53195672900
53195678882
53195684253
53195691333
53195697742
53195703113
53195708484
53195715014
53195720080
53195727710
53195734790
53195740649
53195746325
53195750903
53195759570
53195763781
53195772754
53195777392
53195784167
53195790454
53195797412
53195802905
53195808398
53195815661
53195821643
53195828234
53195834582
53195840441
53195845629
53195851550
53195858447
53195865832
53195871447
53195876635
53195883593
53195889147
53195895861
53195900805
53195907885
53195914965
53195919360
53195927660
53195932116
53195939196
53195945361
53195951891
53195957568
53195963488
53195969775
53195975939
53195981432
53195987963
53195993761
53195999193
53196006396
53196012194
53196018664
53196024401
53196030321
53196038073
53196043566
53196050768
53196055712
53196062975
53196067797
53196074266
53196079638
53196086718
53196092821
53196099596
53196105638
53196111315
53196119554
53196125109
53196134752
53196141649
53196148119
53196154833
53196162828
53196169542
53196177721
53196183275
53196191454
53196196764
53196204942
53196211046
53196218919
53196225633
53196231676
53196238145
53196244981
53196251939
53196258104
53196265123
53196271348
53196275133
53196284227
53196292039
53196299852
53196305833
53196314500
53196319932
53196328111
53196333604
53196340501
53196348130
53196355577
53196364183
53196370103
53196378221
53196385911
53196391343
53196398728
53196405015
53196412950
53196421006
53196427171
53196435960
53196441819
53196448899
53196455918
53196462876
53196468614
53196475572
53196483323
53196491807
53196497422
53196504990
53196512498
53196518601
53196525986
53196530930
53196539841
53196545335
53196554734
53196561570
53196568650
53196572922
53196582566
53196588608
53196596848
53196605942
53196614304
53196620286
53196625840
53196634995
53196641098
53196647873
53196654770
53196664658
53196670151
53196679123
53196684983
53196690720
53196694138
53196702195
53196707382
53196713364
53196720078
53196726547
53196731247
53196737351
53196742844
53196747666
53196753830
53196759995
53196767136
53196772568
53196777756
53196783188
53196787521
53196792770
53196798813
53196804550
53196811020
53196816574
53196821823
53196827621
53196832931
53196837082
53196843124
53196848984
53196854965
53196860702
53196866073
53196870163
53196876388
53196880356
53196889023
53196895248
53196901779
53196906051
53196912094
53196917282
53196921859
53196927963
53196934616
53196939987
53196945358
53196951156
53196954696
53196960678
53196966720
53196971969
53196977096
53196983444
53196988449
53196992782
53196998214
53197003891
53197008773
53197014389
53197019760
53197024764
53197028671
53197034286
53197039718
53197044662
53197050643
53197054672
53197062362
53197068038
53197072616
53197077316
53197083541
53197088302
53197095992
53197101485
53197105392
53197111678
53197117355
53197122359
53197128951
53197135299
53197140365
53197147506
53197151839
53197158492
53197163253
53197169234
53197175521
53197181502
53197188521
53197193892
53197199386
53197205794
53197210494
53197216781
53197222213
53197229232
53197234420
53197240706
53197246444
53197252059
53197258101
53197263717
53197270736
53197277083
53197283492
53197288680
53197295577
53197300338
53197307173
53197312178
53197317977
53197323897
53197331343
53197337569
53197344405
53197351668
53197359175
53197366011
53197371077
53197377791
53197383772
53197389632
53197395186
53197401839
53197407637
53197415205
53197420882
53197427534
53197434248
53197440657
53197445296
53197452376
53197460066
53197465620
53197470747
53197477827
53197483137
53197489729
53197495100
53197502546
53197508772
53197514631
53197521895
53197527449
53197533735
53197540022
53197548018
53197554121
53197561811
53197568647
53197574446
53197581709
53197586409
53197594465
53197601728
53197608015
53197613752
53197619428
53197624616
53197632429
53197636213
53197644270
53197651289
53197658064
53197665205
53197671674
53197676740
53197683637
53197690473
53197697919
53197703779
53197711897
53197718366
53197725385
53197732282
53197738203
53197745039
53197752119
53197759077
53197766035
53197771100
53197778547
53197786054
53197791669
53197798261
53197805463
53197814557
53197821271
53197827680
53197833173
53197840314
53197845746
53197853986
53197859479
53197868451
53197874128
53197883100
53197888471
53197896955
53197902570
53197909101
53197917279
53197923444
53197932538
53197938886
53197947003
53197953168
53197960248
53197965924
53197972943
53197980145
53197987653
53197994550
53198001996
53198007672
53198015668
53198021344
53198029523
53198035260
53198043866
53198052228
53198059003
53198064679
53198070721
53198079632
53198084942
53198092755
53198100323
53198109417
53198117535
53198125836
53198129864
53198139508
53198145733
53198152020
53198160931
53198167096
53198175824
53198181439
53198189251
53198196148
53198202130
53198208660
53198213360
53198217877
53198225506
53198231854
53198238323
53198244061
53198251019
53198258160
53198263714
53198270245
53198275250
53198281475
53198288677
53198292828
53198299603
53198304180
53198311260
53198317852
53198323101
53198329998
53198335735
53198341717
53198348247
53198353680
53198358745
53198365642
53198371563
53198377788
53198383526
53198389324
53198395305
53198401592
53198407207
53198412822
53198419658
53198424663
53198431194
53198436138
53198443096
53198449443
53198454692
53198459575
53198465007
53198470012
53198475994
53198481975
53198487346
53198492595
53198498271
53198503581
53198508586
53198514263
53198520549
53198525493
53198531474
53198536968
53198541179
53198547527
53198551433
53198559367
53198564128
53198570354
53198576457
53198581889
53198587138
53198593059
53198599834
53198605205
53198611552
53198617351
53198621440
53198629253
53198634196
53198639751
53198646464
53198653117
53198658183
53198664714
53198671733
53198676127
53198684001
53198689433
53198694926
53198701579
53198708415
53198713969
53198719035
53198724406
53198731486
53198738017
53198743815
53198750163
53198757792
53198763652
53198770243
53198777446
53198782939
53198789653
53198795268
53198801127
53198807048
53198813700
53198820475
53198827555
53198832926
53198838542
53198844950
53198850627
53198857035
53198863627
53198868144
53198876627
53198882731
53198888163
53198893412
53198900309
53198905741
53198912577
53198918986
53198925700
53198931864
53198938090
53198943705
53198949137
53198956644
53198962382
53198969034
53198974894
53198981058
53198987162
53198993204
53198999186
53199006449
53199011698
53199016764
53199023844
53199029459
53199036600
53199043314
53199050211
53199056742
53199063944
53199070047
53199075907
53199083780
53199089273
53199097208
53199102152
53199109537
53199118143
53199123331
53199132364
53199138284
53199146951
53199152811
53199161966
53199167764
53199174234
53199182169
53199188089
53199193826
53199200845
53199207254
53199213724
53199221292
53199227335
53199233316
53199240579
53199246500
53199249795
53199260538
53199263956
53199275064
53199282388
53199290933
53199297036
53199304727
53199311319
53199320108
53199326761
53199335183
53199341226
53199349649
53199355142
53199363748
53199369851
53199379983
53199387735
53199395242
53199402139
53199409646
53199416299
53199424111
53199431863
53199438455
53199447549
53199453103
53199460183
53199467934
53199475076
53199482766
53199491006
53199499551
53199506875
53199512368
53199520241
53199526284
53199534951
53199540810
53199551125
53199557778
53199566628
53199573281
53199582436
53199588479
53199598244
53199604348
53199611916
53199620766
53199628396
53199636818
53199644204
53199650429
53199659279
53199667519
53199675026
53199680703
53199688393
53199693093
53199700661
53199707863
53199713906
53199719338
53199726479
53199733193
53199738197
53199743874
53199750160
53199756264
53199760414
53199767860
53199774025
53199779640
53199784462
53199791542
53199797218
53199803505
53199808205
53199815102
53199820900
53199827064
53199832558
53199838600
53199843971
53199850441
53199857460
53199863380
53199868873
53199875038
53199879493
53199886757
53199891639
53199898903
53199905372
53199910499
53199915809
53199923622
53199928260
53199933937
53199940773
53199946693
53199953041
53199957740
53199963417
53199968238
53199973854
53199980079
53199985939
53199992469
53199997840
53200003761
53200007484
53200013832
53200020240
53200025855
53200032203
53200037818
53200043617
53200048621
53200053809
53200058692
53200064063
53200071082
53200075416
53200082008
53200087074
53200093116
53200100257
53200106239
53200112098
53200116553
53200122962
53200128272
53200134681
53200139747
53200147193
53200153907
53200159217
53200165626
53200170203
53200178504
53200181556
53200191382
53200196204
53200203467
53200208228
53200215552
53200222022
53200227393
53200232215
53200239722
53200245887
53200252539
53200258887
53200264930
53200270362
53200276465
53200282691
53200290015
53200296546
53200301673
53200308203
53200313452
53200319739
53200325965
53200333411
53200339026
53200344946
53200350562
53200357459
53200362463
53200369421
53200376868
53200380835
53200389258
53200396521
53200400977
53200407751
53200414954
53200420264
53200426306
53200433569
53200440649
53200446753
53200454016
53200459875
53200467383
53200473425
53200478918
53200484472
53200491736
53200497900
53200503149
53200509253
53200516089
53200521948
53200528296
53200534399
53200540564
53200546423
53200551672
53200557653
53200564672
53200570349
53200577185
53200582556
53200587927
53200593481
53200600378
53200606542
53200612585
53200618627
53200624670
53200629736
53200636938
53200642309
53200649572
53200656469
53200663549
53200671606
53200677831
53200685644
53200694311
53200701208
53200708715
53200715429
53200723913
53200729162
53200737768
53200744054
53200750219
53200756933
53200765172
53200771825
53200780309
53200788488
53200794164
53200801000
53200809423
53200817052
53200825902
53200830968
53200839391
53200845433
53200854100
53200859838
53200868199
53200873510
53200882176
53200890538
53200896459
53200904393
53200912084
53200919530
53200925328
53200934483
53200940526
53200948644
53200957127
53200964452
53200970189
53200977574
53200983373
53200992955
53200998936
53201008092
53201014012
53201022923
53201028905
53201037694
53201043736
53201052159
53201058751
53201068394
53201076329
53201082310
53201088170
53201097325
53201103734
53201113743
53201120884
53201129246
53201135594
53201144505
53201153111
53201161473
53201167149
53201174961
53201180516
53201189121
53201197239
53201203831
53201209873
53201216282
53201221958
53201227940
53201234959
53201240147
53201245518
53201251804
53201257542
53201263218
53201269321
53201275669
53201281101
53201286594
53201293308
53201298862
53201305210
53201310032
53201317478
53201323337
53201329136
53201336399
53201341160
53201346592
53201353367
53201359836
53201367222
53201371982
53201379734
53201385227
53201392124
53201397739
53201402866
53201408603
53201415867
53201422031
53201428501
53201433933
53201438877
53201444797
53201451633
53201458103
53201463657
53201469944
53201475620
53201480686
53201484714
53201491123
53201497287
53201503208
53201507724
53201513461
53201517734
53201523349
53201527438
53201534824
53201540256
53201545322
53201550021
53201554904
53201560764
53201564914
53201571140
53201577060
53201583163
53201587558
53201593234
53201598666
53201603915
53201609897
53201616855
53201622043
53201625827
53201632541
53201639133
53201645663
53201650973
53201658114
53201664523
53201670382
53201676547
53201681003
53201689181
53201694186
53201701754
53201706881
53201713656
53201718905
53201725253
53201731051
53201737399
53201743869
53201749606
53201755526
53201761508
53201766940
53201773410
53201778842
53201784884
53201790682
53201795016
53201803073
53201808261
53201813754
53201820406
53201825350
53201831881
53201837069
53201843600
53201850253
53201854647
53201861178
53201866610
53201872836
53201879305
53201885287
53201890963
53201896456
53201902132
53201907687
53201913363
53201919344
53201925265
53201933016
53201938204
53201944491
53201949251
53201954195
53201960909
53201967013
53201974093
53201977938
53201984163
53201989534
53201995760
53202000338
53202006563
53202011873
53202019625
53202027010
53202032747
53202038362
53202044954
53202050936
53202055513
53202063143
53202070345
53202076753
53202082308
53202088289
53202095064
53202100984
53202105623
53202113130
53202120577
53202126802
53202133150
53202139131
53202144624
53202152742
53202158601
53202165254
53202171846
53202178438
53202185213
53202192598
53202200960
53202208101
53202215974
53202224092
53202230318
53202236299
53202243745
53202251375
53202258638
53202264192
53202271943
53202279268
53202285981
53202292329
53202300874
53202308686
53202315889
53202323823
53202330354
53202337800
53202346467
53202354036
53202359590
53202366670
53202375520
53202385774
53202392915
53202400666
53202406281
53202414643
53202422395
53202427644
53202436433
53202444734
53202452973
53202458588
53202467316
53202475739
53202481599
53202489472
53202497773
53202505402
53202511933
53202520966
53202527497
53202536896
53202542756
53202553742
53202561616
53202567902
53202576020
53202585297
53202593232
53202600800
53202609284
53202615815
53202625580
53202632965
53202640473
53202648712
53202657318
53202665192
53202672211
53202678559
53202685395
53202691864
53202698334
53202704743
53202711212
53202717682
53202724213
53202729218
53202735199
53202741974
53202747406
53202753449
53202759735
53202765778
53202770050
53202777435
53202782623
53202790253
53202796112
53202801605
53202807953
53202814484
53202820221
53202827118
53202835480
53202840484
53202846649
53202854095
53202870392
53202877350
53202882843
53202889068
53202895538
53202901153
53202907623
53202914276
53202921112
53202927642
53202933868
53202939972
53202945587
53202952362
53202958648
53202963836
53202969390
53202975738
53202981109
53202986602
53202992950
53202998321
53203004119
53203010955
53203015594
53203022613
53203028777
53203034087
53203040130
53203046539
53203052032
53203058196
53203063812
53203070281
53203075652
53203081268
53203087798
53203092742
53203098418
53203104949
53203110870
53203115874
53203121795
53203128264
53203135589
53203141692
53203148955
53203153594
53203160003
53203166655
53203171843
53203178435
53203184539
53203191497
53203197783
53203203643
53203208770
53203214263
53203220733
53203225554
53203232024
53203237822
53203244109
53203249968
53203255645
53203262297
53203267424
53203273711
53203280425
53203285918
53203292204
53203298674
53203304045
53203309599
53203315520
53203321257
53203327971
53203334074
53203340605
53203346892
53203351103
53203358733
53203363066
53203371367
53203376921
53203383208
53203389799
53203394133
53203401640
53203408598
53203415861
53203421538
53203427580
53203432951
53203439726
53203445646
53203451750
53203457182
53203463408
53203468229
53203474455
53203480558
53203486479
53203492460
53203498320
53203503874
53203510405
53203514738
53203521147
53203527250
53203533720
53203540129
53203545195
53203550260
53203556547
53203563627
53203568266
53203575163
53203582365
53203589689
53203594633
53203602018
53203607145
53203614835
53203621855
53203628690
53203636137
53203642179
53203648771
53203654447
53203661222
53203666654
53203673246
53203682401
53203689359
53203694852
53203703031
53203711271
53203717985
53203722013
53203732755
53203740201
53203747526
53203755887
53203761319
53203769498
53203776517
53203782804
53203790860
53203798063
53203804227
53203812894
53203820523
53203825528
53203832547
53203840543
53203847196
53203856290
53203861661
53203870755
53203876798
53203884610
53203889981
53203895963
53203904752
53203911771
53203917142
53203925076
53203932340
53203937650
53203945767
53203951505
53203960599
53203967618
53203974698
53203980069
53203988370
53203994046
53204001248
53204008023
53204017239
53204024441
53204031399
53204038724
53204046109
53204052151
53204059414
53204065701
53204073330
53204079922
53204088528
53204093777
53204099942
53204104886
53204112088
53204117764
53204123684
53204129116
53204134976
53204141873
53204148220
53204154263
53204160916
53204167141
53204173184
53204180569
53204183560
53204192715
53204197781
53204205654
53204212612
53204218655
53204224514
53204229763
53204235928
53204243191
53204248806
53204255032
53204261990
53204267971
53204274685
53204282070
53204287624
53204294216
53204300198
53204306362
53204312954
53204318020
53204323757
53204329555
53204335964
53204341457
53204346950
53204352871
53204359585
53204366726
53204372341
53204376857
53204382717
53204388149
53204393520
53204400478
53204406093
53204411159
53204416530
53204421779
53204427761
53204433254
53204439296
53204445461
53204452175
53204456508
53204464504
53204470302
53204476222
53204481960
53204488857
53204494350
53204499843
53204506069
53204512477
53204518337
53204524257
53204530727
53204537196
53204543971
53204551357
53204556117
53204563075
53204569667
53204576686
53204581386
53204587062
53204593654
53204600429
53204605861
53204612819
53204618251
53204624721
53204631923
53204639491
53204645534
53204651027
53204657191
53204663173
53204670497
53204677638
53204681727
53204689540
53204695765
53204701442
53204707789
53204713465
53204719935
53204726954
53204733851
53204740077
53204744227
53204750636
53204758570
53204764491
53204770594
53204777369
53204783167
53204789149
53204795436
53204802149
53204808131
53204813929
53204820826
53204827052
53204833338
53204841273
53204847742
53204853602
53204860743
53204866969
53204873438
53204879847
53204887354
53204893336
53204900782
53204908655
53204914393
53204920862
53204927393
53204935511
53204942896
53204948877
53204955958
53204963648
53204968775
53204974756
53204983057
53204990320
53204995569
53205003687
53205010645
53205019190
53205024988
53205032618
53205038965
53205046045
53205053675
53205057398
53205066858
53205074365
53205080164
53205087000
53205094385
53205102136
53205109033
53205116419
53205123438
53205131738
53205137537
53205145349
53205152917
53205158655
53205167017
53205174158
53205181543
53205188562
53205198083
53205202905
53205212182
53205218164
53205227624
53205233545
53205243554
53205250635
53205257409
53205264673
53205273401
53205282556
53205288537
53205294885
53205304406
53205310632
53205318872
53205323083
53205331872
53205335778
53205344506
53205350000
53205358422
53205366174
53205373803
53205379418
53205386376
53205393823
53205399621
53205406518
53205414330
53205424828
53205431908
53205438744
53205445153
53205452905
53205458947
53205468041
53205473962
53205481835
53205487389
53205494775
53205501183
53205507531
53205514001
53205520898
53205525048
53205532433
53205538476
53205544701
53205550255
53205555626
53205561181
53205566430
53205570641
53205576867
53205583275
53205590050
53205592980
53205600609
53205606347
53205611229
53205614037
53205622521
53205628258
53205634667
53205639366
53205645470
53205650292
53205656212
53205661095
53205667870
53205672753
53205678734
53205685387
53205689476
53205696373
53205700401
53205706627
53205713829
53205719383
53205723839
53205730492
53205735008
53205740929
53205746544
53205751732
53205758873
53205762718
53205770348
53205777306
53205782432
53205788780
53205792931
53205800133
53205806175
53205810692
53205815330
53205822410
53205827171
53205833397
53205840111
53205845115
53205850731
53205855430
53205861229
53205866539
53205872825
53205878196
53205883629
53205890037
53205895347
53205901451
53205906089
53205912559
53205919944
53205923973
53205930503
53205936607
53205942527
53205948387
53205954124
53205959617
53205965232
53205972007
53205977439
53205983909
53205988304
53205996665
53206002769
53206008689
53206014671
53206020957
53206027976
53206030967
53206039451
53206045982
53206052512
53206058860
53206064719
53206070701
53206076987
53206083030
53206090476
53206095786
53206101585
53206108115
53206113547
53206120261
53206126914
53206133445
53206140830
53206147239
53206152549
53206157920
53206165976
53206172019
53206178855
53206184470
53206190696
53206196372
53206201743
53206208884
53206214255
53206222922
53206228293
53206235617
53206241416
53206246787
53206253684
53206258444
53206266074
53206272421
53206279257
53206285910
53206292868
53206298850
53206305441
53206311240
53206316672
53206324118
53206327414
53206335898
53206341025
53206346762
53206353964
53206360556
53206367941
53206373984
53206379904
53206386252
53206393576
53206399802
53206406515
53206413107
53206418844
53206425192
53206429831
53206437948
53206441305
53206451498
53206458212
53206466330
53206472067
53206479940
53206488119
53206493429
53206501486
53206508932
53206516439
53206521749
53206529867
53206535177
53206542440
53206550375
53206558370
53206563742
53206572408
53206578207
53206587179
53206592916
53206600301
53206606710
53206616903
53206624593
53206631429
53206640157
53206646749
53206654867
53206661581
53206668478
53206678304
53206683797
53206692098
53206699239
53206707479
53206714803
53206720540
53206727559
53206737447
53206745626
53206751302
53206759847
53206765645
53206772115
53206780599
53206787801
53206796163
53206803975
53206809835
53206818380
53206824971
53206833150
53206839009
53206847982
53206857930
53206865254
53206872579
53206880391
53206887654
53206893636
53206902242
53206910054
53206914266
53206924825
53206930806
53206940266
53206946858
53206955708
53206965047
53206971089
53206979634
53206986775
53206993062
53207000386
53207007527
53207013692
53207018880
53207026265
53207033955
53207039815
53207044819
53207050557
53207057087
53207062764
53207069050
53207074177
53207081013
53207086384
53207092671
53207097615
53207103901
53207110127
53207116902
53207123738
53207127949
53207134602
53207140095
53207146687
53207152790
53207159504
53207165119
53207170735
53207176045
53207181904
53207188679
53207193012
53207200764
53207208027
53207213520
53207218586
53207224262
53207230305
53207235981
53207241596
53207248310
53207254475
53207259235
53207264973
53207271748
53207276691
53207283283
53207287739
53207293964
53207300434
53207305622
53207310566
53207316181
53207321369
53207327472
53207333271
53207337726
53207343647
53207349933
53207355488
53207360676
53207366840
53207371845
53207377094
53207384052
53207390644
53207394672
53207402057
53207408649
53207413654
53207418903
53207424823
53207431293
53207436969
53207442890
53207449604
53207456684
53207462177
53207468952
53207474262
53207481403
53207485553
53207494464
53207500263
53207506183
53207511859
53207516925
53207523944
53207530475
53207537250
53207543536
53207549335
53207555072
53207560992
53207566669
53207573077
53207579669
53207587237
53207593768
53207598407
53207604999
53207610003
53207616534
53207622882
53207629962
53207635699
53207641559
53207648700
53207654437
53207659625
53207665484
53207672809
53207679583
53207685443
53207691485
53207697955
53207703631
53207708087
53207716510
53207723223
53207729998
53207736163
53207742266
53207749957
53207755389
53207761187
53207765765
53207773882
53207780108
53207785052
53207790423
53207795855
53207802630
53207809283
53207814837
53207819903
53207826434
53207831438
53207837054
53207843462
53207848284
53207855120
53207860369
53207866717
53207871905
53207878191
53207884234
53207889910
53207896563
53207903033
53207908648
53207914324
53207919939
53207926043
53207931719
53207936358
53207945025
53207950823
53207957354
53207963762
53207971819
53207978106
53207984087
53207991838
53208001543
53208007952
53208015093
53208022356
53208027849
53208036272
53208042253
53208051592
53208058367
53208066301
53208072344
53208080461
53208088091
53208094011
53208101824
53208110674
53208117754
53208123613
53208130632
53208136125
53208143999
53208151445
53208158952
53208164812
53208172563
53208180253
53208187883
53208193620
53208200395
53208208879
53208216264
53208222917
53208229997
53208235368
53208243974
53208249223
53208257402
53208266191
53208273637
53208279680
53208287004
53208294816
53208301774
53208308183
53208314775
53208322160
53208330216
53208336381
53208345719
53208350724
53208359391
53208365434
53208373979
53208379838
53208389787
53208396134
53208405045
53208412370
53208419999
53208424638
53208433244
53208440507
53208449906
53208455827
