53267605394
53267611254
53267616991
53267621996
53267628160
53267633104
53267639696
53267645067
53267650926
53267657152
53267663194
53267669481
53267673631
53267681505
53267687975
53267694994
53267700792
53267708421
53267713060
53267720995
53267728075
53267733934
53267741136
53267748216
53267760973
53267772447
53267780077
53267786912
53267793748
53267798875
53267808458
53267816331
53267821641
53267830430
53267837938
53267844529
53267852342
53267859544
53267867173
53267875230
53267883592
53267890001
53267897325
53267902269
53267910936
53267918199
53267926194
53267933641
53267940843
53267946214
53267955979
53267964463
53267972032
53267978562
53267985276
53267994920
53268001023
53268008225
53268015000
53268022691
53268029649
53268038010
53268046494
53268054551
53268062485
53268069932
53268076951
53268084885
53268091477
53268098557
53268106064
53268114304
53268121934
53268128830
53268137620
53268143540
53268153244
53268159775
53268166977
53268174729
53268181443
53268189377
53268196640
53268205063
53268213303
53268221970
53268228989
53268237351
53268243088
53268251023
53268257248
53268266159
53268271897
53268278183
53268284470
53268291428
53268298874
53268306198
53268314316
53268321579
53268329330
53268339340
53268345505
53268355392
53268363327
53268371017
53268379623
53268386398
53268393234
53268401352
53268406784
53268415878
53268423263
53268431442
53268440475
53268447250
53268454757
53268463058
53268470199
53268479110
53268485946
53268493637
53268500290
53268507736
53268516769
53268523483
53268532028
53268539779
53268545333
53268553634
53268559249
53268569198
53268577072
53268584091
53268591537
53268597823
53268605941
53268612167
53268622604
53268627609
53268636520
53268642989
53268651534
53268657821
53268666000
53268672591
53268683089
53268688155
53268697677
53268706161
53268714339
53268722213
53268729903
53268737777
53268746077
53268754073
53268761092
53268769393
53268776168
53268784957
53268791854
53268803023
53268811202
53268818770
53268826461
53268833663
53268840804
53268848555
53268856490
53268864668
53268871871
53268877913
53268885359
53268893172
53268899153
53268907576
53268915816
53268922469
53268934554
53268943282
53268949873
53268958906
53268967329
53268972639
53268984968
53268990523
53269000715
53269008284
53269017683
53269026716
53269033980
53269042036
53269050825
53269059797
53269069075
53269077070
53269083845
53269092939
53269099409
53269108869
53269118696
53269127119
53269135664
53269143598
53269150617
53269158735
53269168134
53269177473
53269185896
53269196394
53269202863
53269210432
53269219953
53269226850
53269234357
53269243269
53269252119
53269258710
53269266279
53269273298
53269282026
53269292097
53269300947
53269309736
53269317914
53269324872
53269332990
53269339826
53269348981
53269358320
53269368146
53269374982
53269383039
53269391767
53269398603
53269407025
53269415387
53269423627
53269432050
53269440473
53269446820
53269455487
53269464154
53269472028
53269478497
53269483624
53269498334
53269506513
53269514691
53269521527
53269529767
53269536786
53269544293
53269553265
53269559857
53269566632
53269573712
53269581158
53269587933
53269594403
53269600873
53269609845
53269616376
53269622784
53269630963
53269637921
53269645733
53269652264
53269661786
53269668988
53269675885
53269683941
53269691021
53269697552
53269704632
53269710186
53269720196
53269728497
53269733990
53269742840
53269748333
53269757549
53269765850
53269774456
53269783978
53269791485
53269797039
53269807415
53269814922
53269822674
53269830975
53269838543
53269844158
53269853619
53269861004
53269872539
53269880596
53269889141
53269897381
53269901958
53269912578
53269919781
53269928631
53269938274
53269942730
53269952312
53269958477
53269966045
53269973919
53269980144
53269987651
53269993450
53270000286
53270007061
53270015178
53270021465
53270028728
53270034954
53270041301
53270048137
53270054546
53270061260
53270066142
53270074016
53270079021
53270086406
53270093425
53270101665
53270108318
53270113811
53270120280
53270129802
53270138042
53270145793
53270150371
53270159038
53270166362
53270173991
53270181315
53270189250
53270196757
53270202250
53270208659
53270217082
53270224406
53270232097
53270236674
53270247783
53270252787
53270262736
53270267253
53270277262
53270281840
53270290751
53270295451
53270306376
53270314677
53270320780
53270328776
53270336589
53270344157
53270349894
53270357829
53270366557
53270374796
53270380534
53270388407
53270395670
53270402873
53270408854
53270417460
53270426005
53270433024
53270441752
53270448160
53270455607
53270463724
53270470499
53270479410
53270486002
53270491007
53270502421
53270510904
53270516825
53270523722
53270531046
53270539530
53270546183
53270552347
53270561930
53270568460
53270578104
53270584085
53270591654
53270599588
53270607950
53270614420
53270623270
53270630167
53270635355
53270647013
53270652017
53270661234
53270667642
53270676553
53270681253
53270691080
53270699197
53270704752
53270711404
53270719095
53270725320
53270735086
53270739603
53270749918
53270758096
53270764078
53270770669
53270778726
53270785196
53270794778
53270799661
53270810647
53270815713
53270824624
53270832193
53270839029
53270845804
53270856485
53270860940
53270869302
53270876443
53270884866
53270889260
53270899209
53270903848
53270914895
53270919778
53270929666
53270934304
53270944741
53270949136
53270958169
53270962930
53270972451
53270978982
53270987527
53270994485
53271002053
53271006570
53271015237
53271020058
53271030862
53271035683
53271046242
53271054726
53271062661
53271067055
53271074868
53271080971
53271091836
53271101296
53271107461
53271115883
53271122170
53271130227
53271138710
53271144265
53271153664
53271162514
53271168312
53271175026
53271182656
53271188942
53271196999
53271201210
53271210549
53271217873
53271223976
53271226174
53271235512
53271240151
53271245827
53271253395
53271258278
53271265114
53271268532
53271277016
53271281593
53271287758
53271294472
53271301369
53271307167
53271313454
53271319008
53271324257
53271330849
53271337501
53271345741
53271351051
53271356850
53271363075
53271369606
53271375282
53271380226
53271387001
53271391884
53271398842
53271406105
53271411842
53271418312
53271422584
53271431190
53271436134
53271443580
53271447303
53271456703
53271459877
53271468483
53271473243
53271479469
53271486732
53271491310
53271498634
53271504737
53271510658
53271515541
53271524085
53271528907
53271534706
53271541297
53271547401
53271552772
53271558753
53271565040
53271571693
53271577857
53271582862
53271591285
53271595863
53271603248
53271611915
53271619178
53271625648
53271632728
53271639442
53271644935
53271652259
53271659461
53271667029
53271672706
53271680396
53271687598
53271693336
53271701026
53271707129
53271715125
53271722327
53271728370
53271737159
53271744056
53271751502
53271757483
53271765845
53271771338
53271780127
53271788794
53271795386
53271801306
53271809241
53271816931
53271824317
53271830054
53271838294
53271847144
53271854224
53271860388
53271869055
53271874732
53271882910
53271890845
53271897681
53271905981
53271914099
53271919897
53271928442
53271934241
53271941931
53271949683
53271957312
53271966040
53271972082
53271980444
53271988196
53271994604
53272003149
53272009070
53272017676
53272023596
53272032507
53272039099
53272047583
53272056189
53272063391
53272071936
53272077063
53272087194
53272092321
53272102148
53272109594
53272115637
53272120947
53272132421
53272141210
53272147131
53272155981
53272161840
53272170080
53272176305
53272183386
53272192663
53272199560
53272207983
53272215124
53272223608
53272230199
53272239599
53272244665
53272254064
53272261144
53272270849
53272278051
53272285802
53272292394
53272300512
53272307958
53272316259
53272323339
53272331640
53272337560
53272346837
53272353063
53272360326
53272366307
53272375463
53272381871
53272389684
53272398534
53272405858
53272412389
53272420079
53272426305
53272434117
53272440465
53272448461
53272456273
53272462193
53272470494
53272476537
53272484105
53272490453
53272495335
53272503575
53272507420
53272515111
53272518590
53272525914
53272532933
53272537633
53272545018
53272551549
53272557408
53272561986
53272567845
53272572606
53272580479
53272586400
53272591954
53272597447
53272602940
53272608433
53272614476
53272619847
53272625950
53272632908
53272638096
53272643773
53272649998
53272655735
53272660374
53272666356
53272673802
53272678868
53272685154
53272690220
53272697056
53272702488
53272707981
53272711521
53272720738
53272726109
53272731663
53272737400
53272742771
53272748570
53272763767
53272770481
53272776280
53272781956
53272788303
53272793919
53272799778
53272806370
53272811253
53272817966
53272822056
53272827854
53272833286
53272838169
53272843601
53272850132
53272853306
53272859897
53272865452
53272870457
53272876499
53272882175
53272888157
53272893772
53272898227
53272903965
53272909153
53272914890
53272920261
53272926914
53272932468
53272935703
53272942600
53272948887
53272954563
53272957920
53272967685
53272973362
53272978916
53272983921
53272989536
53272995578
53273001194
53273007114
53273013523
53273018161
53273024204
53273029514
53273035556
53273040317
53273046604
53273052707
53273057468
53273064548
53273069187
53273074863
53273081088
53273087192
53273092075
53273098056
53273105563
53273111118
53273117038
53273122836
53273127536
53273132968
53273139621
53273145785
53273152133
53273156344
53273163180
53273167453
53273174289
53273178622
53273185824
53273192355
53273197848
53273204013
53273209262
53273213412
53273220248
53273224521
53273231479
53273237826
53273244662
53273250094
53273257541
53273264499
53273270419
53273277072
53273282199
53273289889
53273296176
53273301974
53273308322
53273314120
53273319674
53273326144
53273331942
53273338290
53273343722
53273348483
53273355502
53273360568
53273369845
53273374545
53273381869
53273387118
53273393404
53273401156
53273406466
53273414461
53273422274
53273428744
53273434847
53273442843
53273448946
53273456087
53273462069
53273472079
53273476168
53273484225
53273491549
53273497835
53273503817
53273510958
53273516756
53273524080
53273530306
53273537386
53273544039
53273551424
53273557711
53273564302
53273571688
53273580049
53273587313
53273593965
53273600679
53273608858
53273614778
53273623018
53273631502
53273638155
53273645906
53273653108
53273662874
53273670625
53273678011
53273684663
53273693575
53273700410
53273708101
53273714204
53273722505
53273728426
53273737337
53273743501
53273752168
53273760835
53273767305
53273773347
53273781587
53273787446
53273796296
53273802095
53273810945
53273819490
53273826326
53273832856
53273842073
53273848298
53273857392
53273863740
53273872834
53273882478
53273889131
53273895600
53273902986
53273908479
53273916719
53273924653
53273932282
53273940034
53273947419
53273953645
53273959565
53273966950
53273972443
53273979218
53273986237
53273989899
53273997041
53274003571
53274009187
53274014558
53274020417
53274026215
53274032563
53274038850
53274043427
53274049836
53274055756
53274061066
53274064423
53274074006
53274078766
53274084321
53274090363
53274096589
53274102021
53274106293
53274114594
53274119477
53274126313
53274131501
53274137116
53274142487
53274148224
53274154023
53274159638
53274166535
53274170807
53274177582
53274182282
53274188690
53274195771
53274201569
53274207123
53274212555
53274218537
53274222809
53274228302
53274232758
53274239288
53274245636
53274251251
53274256317
53274261749
53274268158
53274272492
53274279816
53274284821
53274289887
53274295136
53274300446
53274306488
53274312042
53274317291
53274321625
53274329376
53274335297
53274339508
53274346100
53274352142
53274358246
53274363067
53274370148
53274375458
53274380585
53274385101
53274392242
53274398102
53274403717
53274409332
53274414520
53274419891
53274424957
53274431060
53274435211
53274441070
53274447723
53274455169
53274459808
53274465301
53274471466
53274476409
53274482635
53274488067
53274494293
53274500396
53274505035
53274510894
53274516998
53274522369
53274527130
53274534576
53274540008
53274547393
53274553253
53274558990
53274566863
53274571807
53274579620
53274585418
53274591216
53274597259
53274603118
53274609771
53274616302
53274622039
53274628631
53274635589
53274641631
53274647674
53274653716
53274659453
53274666045
53274673186
53274678313
53274684600
53274691314
53274696563
53274703643
53274707061
53274715728
53274721526
53274727507
53274733733
53274738067
53274744292
53274750029
53274756865
53274763396
53274769805
53274775115
53274781768
53274787871
53274793669
53274798796
53274805266
53274812529
53274816863
53274823271
53274829924
53274836333
53274841399
53274847746
53274853850
53274860137
53274867461
53274873137
53274878691
53274883513
53274892607
53274899992
53274906401
53274912138
53274919463
53274924589
53274931792
53274937224
53274945524
53274949675
53274957670
53274963835
53274970244
53274976591
53274983122
53274990507
53274997160
53275003752
53275010893
53275016813
53275021757
53275028532
53275035795
53275043974
53275049955
53275058195
53275066374
53275072905
53275081022
53275087797
53275094023
53275100675
53275110258
53275118498
53275124662
53275131376
53275139250
53275145902
53275155363
53275162077
53275168302
53275176298
53275184599
53275190702
53275198759
53275204740
53275213407
53275219389
53275224393
53275234769
53275241361
53275248807
53275255521
53275264066
53275270719
53275277555
53275283719
53275293912
53275299894
53275308500
53275316617
53275322294
53275331083
53275336148
53275346952
53275352018
53275361844
53275369168
53275377347
53275383817
53275392057
53275400907
53275408353
53275414945
53275423795
53275433377
53275441739
53275447720
53275455411
53275462796
53275469815
53275476590
53275482571
53275489651
53275497098
53275501920
53275508939
53275514493
53275520413
53275526578
53275532132
53275537198
53275543423
53275550320
53275555997
53275561612
53275567105
53275573514
53275579861
53275585537
53275591885
53275597622
53275602200
53275608609
53275613980
53275620022
53275625515
53275632657
53275636807
53275642544
53275648709
53275654080
53275660061
53275666348
53275672940
53275678128
53275683438
53275689114
53275695523
53275702236
53275708645
53275714260
53275718960
53275725857
53275730740
53275736660
53275739773
53275748684
53275753323
53275758389
53275764492
53275768887
53275774380
53275778652
53275786160
53275791714
53275796780
53275802578
53275806789
53275812466
53275818081
53275824245
53275828701
53275836513
53275842434
53275848110
53275853725
53275858486
53275865139
53275869777
53275875576
53275881740
53275886928
53275892360
53275897609
53275900600
53275908596
53275914272
53275919338
53275925747
53275929958
53275935695
53275941249
53275946437
53275951381
53275958889
53275963527
53275969875
53275974453
53275980678
53275985256
53275992641
53275999111
53276004848
53276008205
53276015956
53276022060
53276027614
53276032375
53276039821
53276045375
53276050990
53276055324
53276060939
53276066432
53276072414
53276078700
53276084621
53276091457
53276097499
53276103053
53276107875
53276114101
53276118312
53276125453
53276131679
53276136867
53276142909
53276148097
53276152736
53276159511
53276164271
53276171657
53276178370
53276184291
53276191188
53276197719
53276204432
53276210719
53276217677
53276223903
53276229762
53276235743
53276242213
53276248133
53276253077
53276261073
53276267421
53276273219
53276280848
53276285243
53276291407
53276297755
53276304591
53276309413
53276316554
53276321620
53276329920
53276335352
53276341334
53276347743
53276354334
53276360438
53276365443
53276371851
53276376673
53276383265
53276388209
53276395472
53276402064
53276408350
53276415003
53276421961
53276428736
53276434168
53276441370
53276448694
53276455958
53276463343
53276470423
53276475977
53276481897
53276489832
53276496302
53276502649
53276509241
53276515833
53276521936
53276528833
53276535913
53276541895
53276550013
53276557825
53276565943
53276572657
53276578394
53276587549
53276593042
53276600794
53276608850
53276617090
53276623377
53276630213
53276635584
53276644129
53276650415
53276658045
53276666773
53276672632
53276681787
53276688318
53276694727
53276702844
53276709375
53276718530
53276725244
53276732873
53276739221
53276746850
53276753503
53276761804
53276768030
53276774927
53276784021
53276790796
53276797021
53276804345
53276810327
53276818017
53276824243
53276832116
53276839502
53276848169
53276855127
53276863366
53276870385
53276878198
53276884728
53276893579
53276900964
53276909387
53276916467
53276923852
53276932580
53276938195
53276944421
53276952355
53276958154
53276966332
53276970055
53276977868
53276981408
53276988854
53276995385
53277001488
53277007470
53277011864
53277017846
53277023888
53277029504
53277034264
53277042626
53277049035
53277054589
53277060876
53277066491
53277073083
53277077233
53277084435
53277091393
53277097069
53277100304
53277107506
53277113366
53277119042
53277126122
53277132714
53277139061
53277143700
53277150231
53277155053
53277162438
53277168602
53277174950
53277181481
53277185570
53277191918
53277198143
53277203575
53277208336
53277215172
53277221947
53277225975
53277232506
53277238121
53277242943
53277247276
53277253197
53277257774
53277264427
53277270287
53277275536
53277280846
53277287132
53277293907
53277299461
53277305016
53277310570
53277316124
53277321861
53277327598
53277334617
53277337974
53277344444
53277348900
53277355552
53277361168
53277366417
53277369591
53277377586
53277382896
53277388145
53277393150
53277398460
53277404075
53277409813
53277415306
53277421226
53277427269
53277433982
53277438255
53277445091
53277449424
53277454551
53277463035
53277469383
53277474998
53277478355
53277485374
53277492027
53277497581
53277502464
53277508933
53277516013
53277520347
53277526817
53277532493
53277537498
53277543174
53277550010
53277554405
53277560569
53277566489
53277572959
53277577293
53277583579
53277589194
53277595298
53277599570
53277606345
53277610557
53277616660
53277622336
53277628196
53277632590
53277640464
53277646934
53277652427
53277657187
53277662925
53277669028
53277674399
53277680625
53277685080
53277691428
53277698691
53277704612
53277711570
53277718650
53277724875
53277732444
53277736106
53277744284
53277750754
53277756491
53277763388
53277769309
53277774802
53277781699
53277787741
53277792990
53277799887
53277805014
53277811606
53277814963
53277823935
53277830527
53277836386
53277843283
53277847678
53277855307
53277860068
53277866843
53277871970
53277879477
53277884360
53277891989
53277899008
53277904379
53277908652
53277918967
53277926535
53277933676
53277940268
53277947287
53277954916
53277960165
53277967734
53277975851
53277982565
53277987997
53277997030
53278002890
53278009176
53278016806
53278023886
53278030233
53278038595
53278045065
53278051474
53278058004
53278066732
53278073202
53278080099
53278089865
53278095602
53278102011
53278111227
53278117819
53278124410
53278130575
53278141012
53278145528
53278153951
53278160604
53278168722
53278174886
53278182882
53278187093
53278197652
53278202230
53278212423
53278219198
53278226705
53278233419
53278241231
53278247030
53278255697
53278261556
53278270101
53278276265
53278284017
53278292135
53278299764
53278307637
53278310262
53278322957
53278329915
53278337850
53278343282
53278353902
53278359151
53278369832
53278374776
53278385457
53278394185
53278400105
53278408040
53278414571
53278421529
53278429341
53278436055
53278445454
53278450154
53278458699
53278463277
53278471211
53278477864
53278484212
53278490498
53278496968
53278503133
53278509297
53278514180
53278520466
53278525716
53278530903
53278538106
53278544392
53278550130
53278555256
53278560872
53278566792
53278572957
53278578755
53278583821
53278590413
53278595112
53278602803
53278608540
53278614277
53278620259
53278626240
53278632832
53278637593
53278643208
53278649311
53278655293
53278660054
53278667256
53278670735
53278677876
53278683674
53278689289
53278695027
53278700764
53278707844
53278714314
53278719013
53278723469
53278729389
53278734028
53278740376
53278744770
53278752583
53278758259
53278763325
53278768635
53278774250
53278779072
53278784626
53278792805
53278798359
53278803608
53278808735
53278814594
53278820576
53278824848
53278830829
53278837421
53278842792
53278847309
53278852680
53278859455
53278865314
53278872028
53278875507
53278883808
53278889362
53278894855
53278901081
53278907611
53278913410
53278920124
53278925434
53278931659
53278937030
53278941791
53278948017
53278952655
53278959674
53278966327
53278972003
53278977802
53278983417
53278989520
53278995136
53279001239
53279007770
53279013507
53279017719
53279023456
53279029559
53279035602
53279039813
53279045795
53279052203
53279058673
53279063495
53279070575
53279075519
53279082294
53279087176
53279094134
53279100787
53279106525
53279110614
53279117328
53279123187
53279128863
53279134540
53279141009
53279148456
53279152728
53279159625
53279163775
53279169574
53279175128
53279182147
53279188617
53279195025
53279199969
53279206317
53279211078
53279216204
53279222308
53279228472
53279233599
53279241290
53279246112
53279251788
53279256610
53279263751
53279269183
53279275530
53279281329
53279286944
53279293597
53279297747
53279303668
53279309283
53279315875
53279321673
53279327715
53279333270
53279339190
53279343279
53279349871
53279355486
53279360491
53279366534
53279372759
53279378802
53279384417
53279391192
53279396075
53279402972
53279409930
53279417437
53279422869
53279429644
53279435076
53279442034
53279448443
53279455279
53279461138
53279468462
53279472735
53279481096
53279488298
53279493364
53279499102
53279505938
53279511492
53279521868
53279526140
53279534014
53279539751
53279547319
53279553362
53279560869
53279566484
53279573686
53279582170
53279589250
53279594927
53279603227
53279608904
53279615923
53279621660
53279629839
53279638628
53279643694
53279652605
53279656938
53279666582
53279672685
53279678484
53279686845
53279694292
53279699907
53279708330
53279713884
53279720781
53279727983
53279734636
53279740129
53279744401
53279756242
53279760881
53279770341
53279774675
53279783159
53279789384
53279796037
53279801408
53279809282
53279817033
53279824235
53279832353
53279834977
53279845903
53279850480
53279858903
53279865800
53279874772
53279881730
53279891191
53279898454
53279907487
53279912675
53279924882
53279932206
53279938981
53279947465
53279952653
53279960404
53279966386
53279975480
53279980668
53279987077
53279992448
53279996781
53280003556
53280009354
53280014298
53280020951
53280026871
53280032609
53280035782
53280043961
53280049393
53280054764
53280061295
53280067093
53280071915
53280078507
53280082962
53280090409
53280094864
53280102433
53280108475
53280113785
53280120926
53280126297
53280130448
53280137894
53280140946
53280149247
53280154312
53280161087
53280167008
53280172989
53280177139
53280183731
53280189224
53280194046
53280199356
53280204239
53280210037
53280215836
53280220902
53280226639
53280232437
53280237076
53280242874
53280246353
53280253922
53280258987
53280263748
53280269119
53280273209
53280280716
53280286087
53280290726
53280297928
53280302872
53280307938
53280314102
53280320877
53280326614
53280333694
53280338882
53280345657
53280351578
53280358291
53280364151
53280370559
53280377823
53280383804
53280390640
53280396621
53280404129
53280412002
53280418106
53280423965
53280430374
53280435928
53280442153
53280448623
53280456130
53280461807
53280467117
53280472549
53280478225
53280485427
53280491592
53280496658
53280503982
53280507888
53280514175
53280521316
53280526504
53280532546
53280538772
53280544204
53280551772
53280556228
53280562942
53280568984
53280575637
53280580825
53280585281
53280593093
53280599685
53280605727
53280611709
53280617934
53280623916
53280630263
53280634597
53280642714
53280648818
53280654860
53280661330
53280666213
53280671767
53280678237
53280684462
53280690383
53280697280
53280703200
53280711562
53280717788
53280724135
53280730300
53280736403
53280741957
53280747206
53280757765
53280763991
53280769118
53280776076
53280780776
53280789198
53280796340
53280803237
53280812392
53280818190
53280824416
53280831801
53280838515
53280844374
53280850783
53280857924
53280864577
53280870680
53280878859
53280883803
53280893446
53280900221
53280906813
53280914198
53280921583
53280928236
53280935133
53280941481
53280949110
53280955092
53280965407
53280971571
53280978041
53280985365
53280993238
53281001844
53281007887
53281014601
53281021864
53281028883
53281036573
53281043165
53281051039
53281058546
53281066480
53281070265
53281080885
53281088087
53281094740
53281103895
53281109205
53281117872
53281122205
53281130872
53281134962
53281145887
53281154798
53281161024
53281168653
53281175062
53281184156
53281190870
53281199232
53281208326
53281215772
53281223829
53281230115
53281237256
53281244886
53281254163
53281259412
53281271192
53281277723
53281284620
53281291883
53281297620
53281305860
53281311780
53281317212
53281323072
53281327222
53281334363
53281337964
53281345105
53281351758
53281356397
53281362439
53281368726
53281373487
53281379285
53281384290
53281391614
53281396924
53281401807
53281407117
53281413098
53281420178
53281427075
53281431043
53281438062
53281442456
53281447888
53281453381
53281460461
53281466809
53281472485
53281477612
53281482556
53281487805
53281494519
53281498608
53281505139
53281511059
53281515881
53281522168
53281527478
53281535412
53281541638
53281547253
53281551404
53281557385
53281561780
53281567395
53281572766
53281579174
53281585339
53281590039
53281595105
53281598950
53281606701
53281611706
53281616345
53281623486
53281627819
53281633801
53281639538
53281646191
53281651318
53281657788
53281663647
53281668896
53281674328
53281680798
53281687084
53281692761
53281697643
53281703320
53281707531
53281714672
53281721264
53281727001
53281733410
53281738964
53281743664
53281749706
53281755199
53281761669
53281768871
53281773693
53281780041
53281785839
53281792980
53281799145
53281805309
53281811779
53281818065
53281823376
53281828502
53281835216
53281841625
53281847362
53281852550
53281857616
53281864452
53281871715
53281877025
53281884288
53281890514
53281895580
53281902721
53281909374
53281915538
53281922740
53281928356
53281933849
53281941661
53281948497
53281953685
53281960155
53281966136
53281973949
53281979137
53281984630
53281992259
53281998851
53282004039
53282011119
53282015758
53282024669
53282028941
53282036510
53282043285
53282050548
53282056041
53282061534
53282067332
53282074474
53282081187
53282088756
53282093638
53282100963
53282106822
53282112254
53282119334
53282127391
53282134654
53282140391
53282147716
53282153453
53282158519
53282167735
53282175242
53282182139
53282187632
53282193248
53282201426
53282205027
53282214854
53282221385
53282228404
53282234263
53282241831
53282248973
53282254100
53282262217
53282268931
53282277049
53282283518
53282291636
53282298533
53282303965
53282315135
53282321482
53282328379
53282336741
53282342661
53282349131
53282354990
53282365305
53282369944
53282379404
53282388254
53282395273
53282402109
53282409006
53282416270
53282425547
53282433298
53282437815
53282446909
53282453623
53282461069
53282468515
53282476267
53282486094
53282493296
53282499460
53282505747
53282515085
53282520334
53282528818
53282539621
53282545359
53282552744
53282560434
53282566233
53282574106
53282581674
53282590585
53282598337
53282606699
53282614694
53282621164
53282629343
53282638071
53282644540
53282654550
53282660898
53282666635
53282672006
53282679697
53282681589
53282692209
53282698984
53282704111
53282709054
53282714914
53282720285
53282725656
53282732980
53282737558
53282743417
53282748971
53282755563
53282758310
53282768014
53282774667
53282778817
53282785531
53282791574
53282796579
53282801339
53282806710
53282814279
53282817636
53282824166
53282830026
53282835702
53282842721
53282849313
53282854928
53282861398
53282865609
53282871469
53282875619
53282883737
53282890267
53282897653
53282901742
53282906503
53282912301
53282917855
53282922677
53282930062
53282936166
53282939645
53282945321
53282949288
53282956612
53282962350
53282968392
53282973763
53282978585
53282982918
53282988900
53282994454
53283001717
53283007271
53283011971
53283016976
53283021065
53283028634
53283035470
53283042000
53283047493
53283052132
53283056832
53283063546
53283069527
53283075264
53283083016
53283089363
53283094490
53283101815
53283107369
53283113533
53283119210
53283125374
53283132637
53283138436
53283143807
53283151680
53283155953
53283161873
53283168404
53283173775
53283179634
53283186104
53283192513
53283198250
53283204170
53283212166
53283218086
53283224251
53283230904
53283236824
53283242256
53283248665
53283254707
53283261360
53283267830
53283275093
53283280525
53283285042
53283291756
53283297920
53283304634
53283310127
53283316170
53283322822
53283328254
53283334053
53283341987
53283348213
53283353645
53283360176
53283367866
53283373665
53283379951
53283387703
53283393440
53283399482
53283404853
53283411933
53283417488
53283425239
53283432380
53283438545
53283443855
53283451545
53283454841
53283465522
53283472114
53283478401
53283484260
53283488654
53283496223
53283502876
53283509162
53283516608
53283521674
53283529304
53283534858
53283542121
53283549812
53283556892
53283564277
53283571906
53283577949
53283585761
53283591743
53283598823
53283605781
53283612861
53283618171
53283627448
53283634833
53283639533
53283647590
53283654853
53283662848
53283670234
53283676703
53283684272
53283691901
53283699469
53283704352
53283713874
53283720221
53283727118
53283733832
53283740912
53283749335
53283755438
53283764289
53283768317
53283778815
53283784247
53283790656
53283798224
53283806342
53283814398
53283819952
53283829535
53283836310
53283843390
53283850592
53283857977
53283866522
53283873053
53283881903
53283886786
53283895941
53283900213
53283911261
53283921026
53283928473
53283934515
53283942511
53283949530
53283957342
53283965826
53283971075
53283981146
53283990911
53283998541
53284003851
53284010443
53284015020
53284021063
53284027655
53284034307
53284039129
53284044927
53284050237
53284056341
53284060430
53284067694
53284074407
53284081426
53284086736
53284092962
53284098333
53284104620
53284110784
53284115728
53284121893
53284127874
53284134771
53284140325
53284145757
53284150884
53284156560
53284162725
53284169073
53284174871
53284181341
53284185430
53284193548
53284198553
53284204168
53284211248
53284217656
53284223028
53284229558
53284233831
53284240850
53284246160
53284253301
53284257879
53284261907
53284268621
53284274053
53284278691
53284283391
53284289678
53284294500
53284300969
53284305852
53284311162
53284317876
53284322637
53284328252
53284332280
53284338689
53284344121
53284349187
53284353887
53284360051
53284365056
53284371648
53284377324
53284381963
53284386662
53284393010
53284398991
53284404118
53284410161
53284415532
53284419804
53284427434
53284433232
53284439275
53284444218
53284450261
53284455937
53284463628
53284470525
53284475712
53284481877
53284487614
53284494694
53284498845
53284504826
53284510319
53284516118
53284520939
53284525883
53284530949
53284537480
53284543278
53284549565
53284555119
53284560795
53284566899
53284571171
53284577458
53284581364
53284587712
53284595158
53284601200
53284606388
53284612248
53284618107
53284623905
53284630070
53284637272
53284641178
53284648197
53284653752
53284658756
53284664250
53284669132
53284675785
53284681034
53284687077
53284692204
53284696964
53284700993
53284708378
53284713993
53284718693
53284724857
53284728825
53284735172
53284740787
53284746647
53284752018
53284758610
53284764164
53284769230
53284775211
53284780460
53284786136
53284791508
53284798649
53284803409
53284810306
53284814762
53284822696
53284828373
53284835331
53284842716
53284847843
53284854435
53284859134
53284865787
53284870914
53284878605
53284887088
53284894168
53284900028
53284906314
53284911869
53284916629
53284925724
53284933475
53284939762
53284946536
53284952274
53284958133
53284965030
53284971805
53284981387
53284988162
53284996585
53285002933
53285010318
53285015872
53285023868
53285031863
53285038028
53285045535
53285053531
53285060428
53285065921
53285075687
53285083377
53285091128
53285099002
53285107120
53285114810
53285121219
53285128726
53285134463
53285145388
53285152774
53285160281
53285166568
53285174197
53285182132
53285190188
53285198367
53285206729
53285211856
53285219180
53285226809
53285234133
53285240237
53285248843
53285256106
53285263491
53285270632
53285277407
53285285525
53285294131
53285302981
53285307192
53285318179
53285322817
53285332156
53285337771
53285346438
53285355959
53285361513
53285369692
53285375735
53285383059
53285389712
53285396609
53285403933
53285408999
53285414614
53285420656
53285425417
53285431399
53285436586
53285442263
53285448122
53285453310
53285459597
53285464052
53285470095
53285476870
53285482180
53285488344
53285493166
53285499758
53285505312
53285510927
53285517458
53285523073
53285528017
53285534548
53285539675
53285545534
53285551698
53285557558
53285564211
53285568605
53285576601
53285578798
53285589296
53285594606
53285599977
53285606508
53285611879
53285616701
53285622560
53285627992
53285634096
53285639650
53285644411
53285650575
53285654970
53285662721
53285668336
53285673097
53285680543
53285684877
53285691652
53285697938
53285704408
53285708253
53285715150
53285720338
53285726564
53285734071
53285739442
53285744813
53285752321
53285756715
53285763917
53285769105
53285775758
53285781984
53285788697
53285794923
53285800904
53285807496
53285813233
53285819276
53285825074
53285832154
53285837586
53285845521
53285850831
53285856996
53285863526
53285868714
53285876832
53285882630
53285888429
53285895203
53285900147
53285906922
53285914735
53285920167
53285925538
53285931519
53285937012
53285944520
53285950440
53285956116
53285962220
53285967713
53285974427
53285981385
53285987000
53285993165
53285998963
53286005616
53286010865
53286014466
53286023682
53286030091
53286036499
53286042359
53286048462
53286054322
53286061219
53286067139
53286074036
53286080262
53286086975
53286092408
53286097412
53286104370
53286110596
53286116699
53286123169
53286129212
53286135071
53286138489
53286147766
53286154175
53286159668
53286166504
53286172302
53286177979
53286184021
53286190064
53286197144
53286202393
53286209106
53286214478
53286221802
53286229675
53286236145
53286241333
53286247559
53286256348
53286263672
53286271362
53286277161
53286284241
53286292053
53286297546
53286305053
53286310669
53286319092
53286323181
53286333679
53286340515
53286347229
53286353393
53286359802
53286365539
53286372253
53286379577
53286387939
53286395202
53286401733
53286408081
53286415832
53286421447
53286428894
53286434631
53286442748
53286450073
53286456115
53286463561
53286470214
53286476989
53286481323
53286493652
53286500915
53286506896
53286513671
53286520629
53286526244
53286534179
53286542480
53286550170
53286557006
53286565795
53286574401
53286582397
53286588439
53286597594
53286606017
53286613524
53286619933
53286629271
53286634154
53286643920
53286649230
53286661254
53286667052
53286680480
53286687072
53286697997
53286704100
53286715514
53286725035
53286738341
53286748290
53286756957
53286766356
53286775145
53286787230
53286796385
53286804869
53286813902
53286824461
53286832640
53286842955
53286849852
53286858946
53286864622
53286874022
53286879332
53286891478
53286899656
53286907225
53286913633
53286920836
53286926634
53286933836
53286940306
53286946959
53286953245
53286958189
53286964048
53286971434
53286976011
53286983458
53286988890
53286994932
53287000181
53287004576
53287011473
53287017393
53287023924
53287030271
53287034910
53287042784
53287047544
53287055357
53287060728
53287066160
53287072874
53287078794
53287084654
53287091428
53287096250
53287102659
53287107053
53287112974
53287119321
53287123350
53287130064
53287135496
53287141050
53287146726
53287151670
53287158384
53287162961
53287168333
53287174985
53287180906
53287186338
53287192930
53287198118
53287204282
53287210019
53287216123
53287222837
53287228330
53287234067
53287239499
53287245115
53287252195
53287257627
53287263120
53287269284
53287276853
53287283445
53287290830
53287295591
53287303403
53287308713
53287314694
53287321652
53287327451
53287335324
53287341306
53287347714
53287355405
53287360776
53287367185
53287370969
53287381284
53287386777
53287392758
53287398862
53287405454
53287411374
53287416562
53287424374
53287430905
53287435971
53287443539
53287449460
53287455624
53287462094
53287469052
53287474545
53287480221
53287486386
53287492428
53287498776
53287506894
53287512753
53287518979
53287525204
53287529049
53287537716
53287543698
53287550656
53287557248
53287561947
53287568783
53287574826
53287580441
53287588742
53287593502
53287600399
53287606442
53287612362
53287619076
53287625180
53287630551
53287635678
53287643551
53287649227
53287656429
53287662533
53287668087
53287676388
53287682674
53287689755
53287697628
53287702999
53287709164
53287716366
53287723934
53287730343
53287737545
53287745052
53287750790
53287758480
53287764217
53287772213
53287776363
53287785885
53287792904
53287800228
53287807186
53287813045
53287821590
53287828060
53287835018
53287843074
53287849544
53287855831
53287862300
53287871395
53287879818
53287886959
53287894466
53287900142
53287907222
53287915218
53287922420
53287929256
53287937801
53287946895
53287952510
53287960201
53287967891
53287975398
53287984248
53287992305
53287998286
53288005305
53288012386
53288019221
53288024898
53288030086
53288041011
53288048396
53288053950
53288061763
53288067805
53288072078
53288082026
53288084407
53288096858
53288104426
53288111506
53288117793
53288124934
53288127559
53288138240
53288146174
53288154292
53288162776
53288169062
53288176875
53288184748
53288191951
53288198970
53288205378
53288215510
53288222590
53288230586
53288236079
53288244135
53288249507
53288255671
53288262019
53288268733
53288274043
53288281306
53288286799
53288291071
53288297480
53288303339
53288310297
53288316340
53288321589
53288328181
53288333369
53288339899
53288345515
53288351374
53288357905
53288364191
53288372919
53288378168
53288383478
53288389826
53288396296
53288403254
53288408442
53288414240
53288419733
53288427179
53288431696
53288438471
53288444391
53288450861
53288456476
53288459406
53288467096
53288473139
53288478022
53288485041
53288489862
53288495539
53288503107
53288509271
53288514398
53288520075
53288525751
53288530756
53288536920
53288543695
53288549188
53288555170
53288560968
53288566522
53288572138
53288578180
53288583429
53288589960
53288595575
53288600153
53288606561
53288613947
53288619928
53288625665
53288630304
53288637872
53288643243
53288649530
53288655633
53288660699
53288666681
53288672906
53288678949
53288685113
53288691278
53288698419
53288705133
53288710626
53288718744
53288724298
53288730096
53288737176
53288742120
53288749383
53288756463
53288762323
53288767999
53288774835
53288782403
53288788446
53288794671
53288800347
53288805047
53288812554
53288818841
53288825738
53288832818
53288838067
53288844415
53288849297
53288857537
53288862664
53288868340
53288874871
53288879571
53288887688
53288893548
53288897393
53288904107
53288910394
53288916619
53288922478
53288928460
53288934502
53288940789
53288947991
53288954095
53288960564
53288966851
53288973015
53288978692
53288983819
53288991814
53288998223
53289003777
53289010308
53289015130
53289022576
53289027520
53289034478
53289041008
53289046868
53289054558
53289059258
53289067253
53289072991
53289081536
53289087578
53289093743
53289101616
53289108818
53289114556
53289121941
53289128838
53289138664
53289145561
53289151177
53289159294
53289166802
53289174492
53289181206
53289188225
53289195305
53289202263
53289208366
53289216118
53289224907
53289232292
53289238884
53289242790
53289251518
53289256889
53289264763
53289271232
53289279350
53289286857
53289293083
53289301079
53289306816
53289313774
53289320793
53289327873
53289336113
53289345695
53289352836
53289360954
53289368034
53289373771
53289382316
53289388786
53289398674
53289404045
53289412040
53289421012
53289426505
53289434501
53289442069
53289447929
53289456168
53289463798
53289471854
53289477836
53289485954
53289494682
53289499320
53289509269
53289514213
53289525443
53289535209
53289542167
53289550712
53289560294
53289568595
53289575858
53289581779
53289591910
53289600394
53289609733
53289618949
53289626944
53289639090
53289643729
53289655326
53289663810
53289675711
53289681266
53289690665
53289699393
53289705802
53289720755
53289727591
53289736502
53289744315
53289752982
53289759757
53289767996
53289775870
53289783987
53289791251
53289799490
53289804556
53289811331
53289816153
53289822623
53289828848
53289834097
53289841360
53289847708
53289853689
53289860037
53289864248
53289869742
53289876455
53289882742
53289888052
53289894339
53289898977
53289907034
53289913687
53289918509
53289925283
53289933828
53289939444
53289944387
53289949148
53289957388
53289963491
53289968862
53289974539
53289979971
53289986990
53289992483
53289997671
53290004324
53290010061
53290015066
53290020559
53290026785
53290034170
53290039663
53290046682
53290051199
53290058706
53290065664
53290070730
53290077871
53290083181
53290089101
53290095327
53290100881
53290106680
53290112844
53290118459
53290123830
53290129079
53290135549
53290142934
53290149038
53290154592
53290160390
53290166494
53290172780
53290179616
53290185781
53290192190
53290198903
53290204458
53290209951
53290216054
53290223012
53290229299
53290235097
53290242421
53290247548
53290254323
53290259938
53290267812
53290273427
53290279836
53290286061
53290291127
53290298024
53290305165
53290311513
53290317189
53290324574
53290329946
53290335561
53290341725
53290348866
53290352406
53290361867
53290367543
53290373708
53290379994
53290385243
53290391774
53290398244
53290404225
53290411671
53290417226
53290424184
53290431264
53290437977
53290443959
53290450551
53290455983
53290461903
53290469349
53290475697
53290482777
53290488514
53290494496
53290499379
53290506825
53290511647
53290519764
53290524708
53290530751
53290538380
53290543812
53290551014
53290557362
53290563771
53290569874
53290577870
53290584584
53290589772
53290597950
53290603138
53290612049
53290617542
53290623768
53290632130
53290639698
53290648182
53290654713
53290662708
53290669056
53290675221
53290682667
53290689259
53290696705
53290703907
53290710987
53290717518
53290723621
53290731495
53290738880
53290746326
53290753406
53290762073
53290769398
53290776600
53290785938
53290793567
53290801075
53290807728
53290815418
53290822864
53290830494
53290837818
53290843555
53290851978
53290859790
53290866199
53290874622
53290882801
53290888294
53290896717
53290902881
53290910999
53290918689
53290927478
53290933948
53290942859
53290948718
53290956775
53290962573
53290970813
53290979358
53290985095
53290993762
53291001880
53291008227
53291015247
53291021167
53291030017
53291035510
53291043689
53291052722
53291060473
53291066821
53291075793
53291082751
53291091174
53291097033
53291105761
53291114428
53291121264
53291129687
53291134631
53291143725
53291148181
53291157336
53291163439
53291170764
53291176562
53291183093
53291188525
53291195056
53291200244
53291207446
53291212634
53291220263
53291226245
53291231921
53291235461
53291242846
53291249987
53291254076
53291261157
53291267565
53291272753
53291278979
53291284350
53291289111
53291295641
53291301073
53291307665
53291314379
53291320055
53291325121
53291331469
53291337145
53291341601
53291349230
53291353930
53291361437
53291367602
53291373400
53291378283
53291385485
53291390978
53291397387
53291403978
53291408678
53291414904
53291419725
53291427172
53291432726
53291438036
53291443407
53291449022
53291454027
53291458483
53291464708
53291469713
53291476793
53291481493
53291486742
53291492845
53291498400
53291504076
53291508287
53291515917
53291521044
53291526171
53291531297
53291537096
53291542711
53291547411
53291555345
53291559190
53291565660
53291572557
53291576707
53291583421
53291587999
53291595872
53291599229
53291607835
53291614244
53291618761
53291626207
53291632738
53291638048
53291644945
53291651109
53291657335
53291662767
53291667405
53291673082
53291679185
53291684862
53291689683
53291697069
53291701890
53291707811
53291712510
53291719529
53291724229
53291732774
53291736680
53291744371
53291750718
53291756272
53291761033
53291766648
53291772935
53291779344
53291784898
53291790574
53291796983
53291803147
53291807908
53291813584
53291820359
53291824815
53291832261
53291837022
53291843675
53291848313
53291854722
53291859422
53291865037
53291871629
53291877549
53291882371
53291888291
53291894883
53291900132
53291905015
53291912888
53291919358
53291925095
53291932053
53291937607
53291944443
53291950059
53291957139
53291963791
53291969834
53291976182
53291980820
53291987351
53291993760
53292000046
53292005295
53292012497
53292018174
53292024094
53292031235
53292037339
53292042282
53292050766
53292055771
53292062302
53292068894
53292074448
53292081101
53292086350
53292095627
53292100266
53292108750
53292114975
53292121994
53292127426
53292134445
53292142258
53292150375
53292156235
53292163498
53292170273
53292177475
53292184860
53292190109
53292197922
53292206100
53292212265
53292217575
53292226364
53292231613
53292239181
53292244613
53292252670
53292260727
53292267257
53292274276
53292283371
53292290024
53292297592
53292304123
53292311813
53292318344
53292326889
53292333603
53292342758
53292347030
53292355758
53292361679
53292370285
53292376754
53292385543
53292393722
53292401168
53292405502
53292414901
53292419723
53292429672
53292436263
53292445419
53292449996
53292459152
53292466964
53292474838
53292479354
53292488753
53292496505
53292502242
53292509750
53292517501
53292525191
53292531051
53292538985
53292547591
53292555526
53292562301
53292569381
53292578353
53292583602
53292593490
53292600570
53292608504
53292615767
53292625167
53292632186
53292639205
53292645308
53292652816
53292658553
53292666304
53292671981
53292679244
53292685836
53292692122
53292695723
53292703353
53292710005
53292716475
53292723067
53292727644
53292733016
53292739180
53292744856
53292749556
53292756331
53292762129
53292768477
53292774947
53292780440
53292785933
53292790327
53292799116
53292804121
53292809859
53292814680
53292821394
53292826277
53292834395
53292838728
53292844710
53292852156
53292856550
53292863447
53292869551
53292874922
53292879744
53292887617
53292893721
53292899519
53292905195
53292910811
53292915876
53292921064
53292927656
53292932112
53292938276
53292944746
53292949873
53292954939
53292960188
53292966047
53292972090
53292978010
53292982344
53292988325
53292993940
53292999128
53293004621
53293011640
53293016523
53293020796
53293027876
53293032819
53293037824
53293044721
53293051313
53293055952
53293061933
53293067182
53293071516
53293079328
53293083295
53293091840
53293097211
53293103071
53293107343
53293113264
53293119001
53293123762
53293132184
53293138044
53293144086
53293150007
53293155866
53293162763
53293167219
53293174054
53293180646
53293187604
53293190961
53293198285
53293203840
53293211286
53293216108
53293222333
53293230146
53293234784
53293242047
53293246930
53293254254
53293259198
53293267621
53293271405
53293279035
53293284711
53293290631
53293297833
53293302167
53293308942
53293315839
53293322736
53293327557
53293333112
53293338239
53293345197
53293351666
53293358441
53293365277
53293371259
53293376202
53293382855
53293389325
53293393842
53293402264
53293407330
53293414777
53293421185
53293426922
53293431927
53293437787
53293444562
53293451398
53293457928
53293462689
53293468670
53293473736
53293480694
53293485699
53293493145
53293500287
53293506146
53293512555
53293517559
53293524701
53293531781
53293537640
53293544659
53293550335
53293555767
53293563946
53293569744
53293577557
53293584027
53293590740
53293597576
53293604107
53293610821
53293617962
53293623394
53293630352
53293637432
53293644634
53293652325
53293657635
53293664410
53293671368
53293678936
53293684307
53293691875
53293700787
53293707989
53293713665
53293720318
53293725445
53293733806
53293739788
53293746502
53293753826
53293760662
53293767132
53293775860
53293782451
53293790386
53293796673
53293803936
53293810650
53293820232
53293825054
53293835735
53293840374
53293850383
53293855144
53293865886
53293872539
53293880901
53293887493
53293896770
53293902507
53293909221
53293916667
53293922710
53293931560
53293937846
53293945293
53293949748
53293958171
53293964153
53293972697
53293978984
53293987407
53293993938
53294003093
53294010295
53294018596
53294027202
53294032878
53294041179
53294047099
53294056498
53294062419
53294072062
53294078288
53294085490
53294094645
53294104289
53294111796
53294122050
53294129130
53294137492
53294145915
53294152201
53294159159
53294165446
53294172160
53294179423
53294184123
53294191935
53294196879
53294203288
53294208293
53294216166
53294222209
53294228068
53294234354
53294240336
53294246928
53294251505
53294259196
53294263956
53294270487
53294274699
53294281596
53294285685
53294292460
53294296976
53294303080
53294307780
53294313761
53294319742
53294325358
53294329996
53294336466
53294340983
53294347269
53294353312
53294360270
53294366495
53294372294
53294379435
53294385599
53294391337
53294396341
53294403360
53294409830
53294415445
53294420450
53294426187
53294431925
53294438028
53294442850
53294448526
53294454447
53294459452
53294464701
53294470194
53294476236
53294482889
53294488504
53294493509
53294497904
53294503702
53294508157
53294515848
53294522562
53294526346
53294533365
53294537393
53294543741
53294548013
53294555582
53294561014
53294566385
53294571695
53294577005
53294583414
53294589273
53294595071
53294601968
53294607828
53294613077
53294618448
53294625040
53294629678
53294637918
53294643045
53294649331
53294654153
53294660745
53294667764
53294673684
53294679788
53294685586
53294692300
53294699014
53294704385
53294710916
53294715799
53294721963
53294728677
53294733743
53294742593
53294748819
53294754861
53294761575
53294766091
53294772744
53294779397
53294784585
53294791238
53294797036
53294803628
53294808633
53294815225
53294821267
53294827737
53294832864
53294838906
53294843850
53294849953
53294855996
53294860635
53294867226
53294872109
53294879678
53294883157
53294889931
53294894692
53294901894
53294907265
53294912881
53294917946
53294926064
53294929909
53294939370
53294945595
53294950661
53294959389
53294964211
53294970131
53294976784
53294982888
53294989235
53294993508
53295001198
53295006325
53295013405
53295018532
53295025490
53295032387
53295038613
53295040810
53295050209
53295057534
53295064064
53295069618
53295074318
53295082009
53295087990
53295095070
53295102394
53295108193
53295113197
53295119728
53295126686
53295134621
53295141213
53295147255
53295155006
53295162941
53295169716
53295175758
53295183021
53295189186
53295196571
53295202919
53295211220
53295217018
53295224281
53295231056
53295238319
53295245765
53295253273
53295261024
53295266884
53295275428
53295281654
53295290016
53295296486
53295305275
53295313453
53295320228
53295327858
53295334144
53295341896
53295349769
53295357398
53295363380
53295371498
53295378883
53295386390
53295392066
53295399818
53295405799
53295413490
53295421363
53295429664
53295437660
53295443275
53295450965
53295458411
53295464271
53295472022
53295479591
53295488319
53295496131
53295501929
53295509376
53295517127
53295523597
53295530921
53295539222
53295548194
53295554542
53295563819
53295570166
53295576148
53295584937
53295593543
53295601294
53295610022
53295617224
53295625464
53295631995
53295640601
53295647254
53295654700
53295663062
53295669043
53295676856
53295682959
53295690344
53295697119
53295702979
53295707739
53295715125
53295720129
53295727515
53295730811
53295738257
53295744482
53295750098
53295756201
53295762915
53295768530
53295773352
53295780005
53295784888
53295792029
53295798193
53295804053
53295810156
53295814368
53295820776
53295826880
53295832922
53295838171
53295844763
53295849951
53295857519
53295864233
53295870276
53295875708
53295881567
53295888891
53295895605
53295901342
53295906042
53295912085
53295917944
53295923254
53295929052
53295933386
53295939489
53295945471
53295949865
53295955725
53295959936
53295965612
53295969946
53295978308
53295983190
53295988134
53295994177
53295997961
53296004186
53296007910
53296013891
53296019445
53296025488
53296029638
53296035192
53296039282
53296044836
53296049352
53296057043
53296062048
53296067297
53296072729
53296077978
53296083959
53296089635
53296094579
53296100255
53296106847
53296111303
53296117345
53296122777
53296127904
53296130956
53296139684
53296145849
53296151464
53296157445
53296161596
53296168798
53296173009
53296179540
53296186010
53296192174
53296196508
53296202611
53296208715
53296215001
53296219213
53296225194
53296231664
53296238195
53296242894
53296249242
53296254125
53296260533
53296265355
53296273046
53296277928
53296284459
53296291295
53296297765
53296305638
53296310582
53296316869
53296322118
53296329381
53296336400
53296342320
53296347936
53296353917
53296359776
53296366368
53296372777
53296377904
53296385167
53296390721
53296397679
53296402074
53296410435
53296416478
53296420811
53296428135
53296433018
53296439244
53296444310
53296452000
53296457860
53296463963
53296469822
53296477208
53296482090
53296487950
53296494175
53296500889
53296507603
53296512547
53296519139
53296524083
53296531041
53296537571
53296544041
53296550816
53296555210
53296561985
53296568577
53296574619
53296579563
53296587681
53296594273
53296600254
53296605381
53296611179
53296618260
53296623203
53296631443
53296639378
53296645054
53296652378
53296657810
53296665195
53296671360
53296677158
53296685642
53296691563
53296700657
53296704807
53296713718
53296720554
53296727634
53296734775
53296742222
53296749058
53296754245
53296761142
53296768772
53296776584
53296784336
53296791294
53296799106
53296806369
53296814792
53296823520
53296829929
53296838779
53296846836
53296853977
53296861972
53296868564
53296874668
53296882846
53296890598
53296895358
53296903110
53296909274
53296917209
53296924167
53296933322
53296940402
53296949069
53296955905
53296966098
53296974094
53296982333
53296988925
53296996371
53297002963
53297010592
53297017123
53297024875
53297031405
53297039584
53297046054
53297053500
53297061740
53297068393
53297076510
53297084933
53297091952
53297101535
53297107882
53297116244
53297121249
53297131686
53297136630
53297146395
53297153964
53297161471
53297165805
53297174471
53297181246
53297188632
53297194003
53297200350
53297208163
53297212618
53297220614
53297225375
53297232150
53297235323
53297242403
53297247836
53297254794
53297258517
53297266512
53297273165
53297277438
53297284212
53297290255
53297296541
53297301485
53297308504
53297311800
53297320345
53297325350
53297330904
53297337008
53297343294
53297348482
53297354586
53297360018
53297365206
53297371981
53297377535
53297385347
53297390780
53297396395
53297401766
53297407442
53297412874
53297417208
53297424105
53297427584
53297435274
53297441439
53297447176
53297453218
53297457613
53297463777
53297468355
53297475313
53297479830
53297486482
53297489534
53297496614
53297499483
53297507662
53297513521
53297518343
53297523409
53297528719
53297534334
53297538362
53297544710
53297549043
53297555696
53297561678
53297566865
53297571016
53297577364
53297582185
53297588167
53297593599
53297600496
53297605379
53297609773
53297616487
53297620637
53297628450
53297634187
53297639985
53297645234
53297650972
53297656831
53297662507
53297666414
53297673860
53297681001
53297686555
53297691987
53297697541
53297702913
53297708467
53297713411
53297721223
53297726716
53297730867
53297736787
53297742829
53297748139
53297754182
53297759065
53297765351
53297771699
53297776582
53297783112
53297787934
53297794709
53297799470
53297807404
53297811005
53297819489
53297824983
53297830659
53297837128
53297843293
53297848847
53297855134
53297860871
53297865937
53297872529
53297877167
53297883820
53297888398
53297896577
53297903046
53297908600
53297914399
53297920075
53297926179
53297931855
53297936860
53297942902
53297950898
53297955231
53297962067
53297966340
53297972260
53297978302
53297983612
53297990021
53297997040
53298001740
53298008881
53298014740
53298020417
53298023590
53298033600
53298038239
53298045075
53298051422
53298057648
53298061310
53298069306
53298075531
53298082367
53298089386
53298095612
53298101654
53298107819
53298111359
53298119537
53298126312
53298133636
53298137787
53298146210
53298150116
53298158905
53298164520
53298170929
53298176605
53298186066
53298192108
53298200348
53298206146
53298211639
53298219147
53298224762
53298231964
53298239288
53298246917
53298252777
53298260162
53298265533
53298272918
53298279388
53298284393
53298291595
53298299285
53298305877
53298313079
53298319854
53298327056
53298331329
53298339141
53298345245
53298354034
53298360259
53298370086
53298376617
53298385833
53298390472
53298401153
53298405853
53298417327
53298425018
53298431182
53298437774
53298446075
53298452789
53298461089
53298467864
53298476531
53298483428
53298490203
53298498321
53298504729
53298510345
53298518279
53298525725
53298531768
53298540740
53298547271
53298554778
53298559050
53298568328
53298572600
53298581450
53298587554
53298597747
53298605803
53298613921
53298619536
53298630889
53298638945
53298649748
53298656279
53298666594
53298674407
53298683318
53298693816
53298701811
53298710234
53298719572
53298727751
53298735808
53298739226
53298754729
53298763029
53298769804
53298777312
53298785429
53298791716
53298800627
53298806303
53298814055
53298820280
53298827727
53298834135
53298839384
53298845427
53298850981
53298856474
53298862761
53298868559
53298873686
53298879057
53298885527
53298889555
53298894865
53298900236
53298907194
53298913847
53298919401
53298925688
53298931608
53298936308
53298942167
53298946623
53298954862
53298961149
53298967069
53298973844
53298979826
53298986356
53298992521
53298997709
53299004179
53299009672
53299013944
53299018949
53299024870
53299029813
53299032743
53299041105
53299044340
53299050993
53299056547
53299061491
53299066618
53299071622
53299078092
53299083890
53299089078
53299093351
53299099088
53299105741
53299111112
53299115995
53299121671
53299127530
53299132779
53299139188
53299145353
53299150663
53299155546
53299161771
53299168058
53299173307
53299178983
53299184110
53299189176
53299194181
53299200772
53299207486
53299213407
53299217862
53299224515
53299229337
53299236051
53299240933
53299249173
53299254788
53299260465
53299266202
53299271878
53299277738
53299283536
53299287503
53299296475
53299302518
53299307340
53299314237
53299318631
53299324735
53299330350
53299337064
53299343777
53299350003
53299354214
53299361539
53299366177
53299371670
53299377652
53299384183
53299389310
53299396084
53299402859
53299408414
53299413785
53299419339
53299424832
53299431729
53299438015
53299443631
53299448941
53299454495
53299460171
53299465725
53299472012
53299478482
53299483975
53299490017
53299495816
53299500027
53299506436
53299512417
53299517483
53299523892
53299530484
53299535183
53299542141
53299547512
53299553189
53299557827
53299566006
53299572109
53299577847
53299582852
53299588589
53299594204
53299600491
53299604153
53299613857
53299621914
53299626553
53299632900
53299639126
53299645718
53299651882
53299658413
53299665127
53299671718
53299678310
53299684475
53299689113
53299696560
53299701565
53299708584
53299715847
53299723598
53299730373
53299735683
53299742458
53299748501
53299755336
53299761806
53299769985
53299776027
53299782619
53299789638
53299796291
53299800380
53299808681
53299815517
53299823024
53299830348
53299837184
53299841091
53299849636
53299853847
53299863552
53299869777
53299876613
53299885097
53299893276
53299899806
53299908107
53299914760
53299924831
53299929652
53299940578
53299945888
53299955775
53299962245
53299969447
53299978847
53299985805
53299994166
53299997035
53300009242
53300012355
53300022731
53300027064
53300038783
53300043178
53300051173
53300057277
53300065089
53300073451
53300080104
53300085719
53300093776
53300099147
53300106532
53300113917
53300116358
53300127772
53300132594
53300142542
53300146815
53300155238
53300162135
53300169581
53300178309
53300185877
53300192042
53300201441
53300207362
53300215784
53300223963
53300226588
53300236231
53300242762
53300252467
53300256800
53300264246
53300270289
53300276636
53300283594
53300288782
53300295435
53300302393
53300307703
53300313685
53300319544
53300325037
