53037034207
53037038541
53037043851
53037049100
53037053861
53037060086
53037065274
53037071011
53037075589
53037081937
53037087979
53037094388
53037099148
53037104153
53037109708
53037115994
53037122403
53037128018
53037136441
53037141080
53037147488
53037153531
53037159024
53037165188
53037170010
53037176846
53037183560
53037190518
53037196133
53037202420
53037209561
53037216092
53037221524
53037227505
53037234097
53037240322
53037247097
53037252224
53037260464
53037265530
53037273892
53037280545
53037286770
53037292141
53037299038
53037304531
53037312161
53037318508
53037324307
53037330288
53037337246
53037342251
53037349453
53037356777
53037363247
53037369839
53037376797
53037382778
53037390530
53037397671
53037404995
53037412075
53037418178
53037425259
53037432583
53037438198
53037445095
53037453945
53037460964
53037466884
53037473598
53037480129
53037486660
53037493679
53037500026
53037508571
53037515712
53037523586
53037527492
53037535854
53037543117
53037551235
53037558986
53037564418
53037573146
53037579738
53037585964
53037593898
53037601894
53037609828
53037616237
53037623988
53037630458
53037637355
53037645900
53037652919
53037659816
53037666652
53037673488
53037680507
53037688686
53037694545
53037702785
53037708949
53037717250
53037724147
53037730495
53037735927
53037743556
53037751063
53037758265
53037765223
53037771388
53037778895
53037784633
53037791346
53037798915
53037806849
53037813990
53037819361
53037828028
53037834986
53037840174
53037849208
53037856349
53037862452
53037871302
53037876795
53037884425
53037891139
53037898707
53037907008
53037912745
53037920435
53037928919
53037935328
53037940150
53037947779
53037956812
53037963953
53037972010
53037978541
53037989161
53037994349
53038004542
53038010096
53038021082
53038025782
53038035059
53038039698
53038050013
53038057642
53038065821
53038073145
53038082850
53038090601
53038096338
53038104212
53038112024
53038120325
53038127283
53038135950
53038144251
53038153406
53038159876
53038167749
53038175012
53038184412
53038194849
53038203455
53038209619
53038217310
53038224329
53038232324
53038239893
53038246179
53038256189
53038262292
53038270654
53038278955
53038285852
53038292017
53038302087
53038309106
53038318628
53038327478
53038335534
53038344507
53038350976
53038358606
53038368799
53038374963
53038385095
53038392846
53038401757
53038410730
53038419641
53038427148
53038435815
53038445336
53038451501
53038461267
53038467736
53038477563
53038483789
53038492700
53038499597
53038509057
53038519006
53038526025
53038532311
53038542138
53038548119
53038557824
53038567590
53038575280
53038582604
53038590600
53038599511
53038606652
53038614281
53038621850
53038632836
53038640893
53038649071
53038658288
53038665490
53038673363
53038680443
53038689171
53038697167
53038705895
53038712975
53038722679
53038729576
53038736962
53038743370
53038753319
53038761132
53038770470
53038777611
53038787682
53038796715
53038804650
53038813072
53038820274
53038829857
53038838768
53038847740
53038854759
53038863121
53038872459
53038880272
53038887718
53038897728
53038904869
53038913353
53038920494
53038930443
53038938682
53038946983
53038955772
53038963829
53038973839
53038980186
53038989219
53038994651
53039003135
53039010337
53039018577
53039025779
53039032066
53039038291
53039045249
53039052330
53039060081
53039068870
53039075889
53039082908
53039090171
53039098777
53039105552
53039115074
53039123802
53039131553
53039139671
53039147971
53039156394
53039164024
53039174400
53039184165
53039190086
53039200339
53039207358
53039217612
53039226096
53039230918
53039241111
53039248740
53039255759
53039262717
53039270652
53039277366
53039283103
53039291831
53039295554
53039305320
53039314475
53039320700
53039329978
53039336570
53039346274
53039354087
53039361777
53039370749
53039377036
53039385031
53039392294
53039398459
53039406210
53039414694
53039419943
53039427451
53039432578
53039439780
53039445639
53039454062
53039461813
53039469504
53039477377
53039483115
53039491049
53039496970
53039505270
53039513937
53039519613
53039527060
53039534079
53039539511
53039548483
53039557821
53039564657
53039572287
53039579672
53039587606
53039594381
53039602499
53039610006
53039616842
53039624533
53039632467
53039642172
53039649801
53039659811
53039666525
53039674520
53039680502
53039688497
53039697531
53039705099
53039713705
53039720907
53039728292
53039735616
53039743429
53039746236
53039758016
53039766439
53039772176
53039779928
53039787923
53039795858
53039803426
53039811666
53039819478
53039829000
53039833272
53039844076
53039852193
53039858236
53039866475
53039873616
53039881856
53039890645
53039898702
53039905416
53039914571
53039919454
53039928914
53039937703
53039945455
53039953145
53039959615
53039968099
53039976827
53039983235
53039992269
53039998555
53040007222
53040013265
53040021809
53040029378
53040037007
53040046468
53040054158
53040063313
53040069173
53040078023
53040083821
53040092854
53040099080
53040107564
53040115376
53040121663
53040131367
53040137349
53040145527
53040151692
53040160908
53040167622
53040175801
53040184773
53040192280
53040198994
53040205830
53040212727
53040222187
53040230549
53040238423
53040245259
53040255268
53040259968
53040269062
53040275959
53040283161
53040292439
53040300617
53040307331
53040314716
53040321125
53040330097
53040336323
53040345112
53040352070
53040363117
53040369465
53040378742
53040384724
53040392414
53040400776
53040408649
53040415241
53040425495
53040432087
53040439655
53040448017
53040455646
53040464618
53040471698
53040478595
53040488666
53040495258
53040501117
53040510944
53040519489
53040525348
53040534015
53040540424
53040545673
53040556659
53040561664
53040572772
53040577533
53040587482
53040592059
53040598834
53040605304
53040613178
53040619525
53040625568
53040631915
53040638934
53040645221
53040651324
53040658466
53040663226
53040669818
53040676410
53040682574
53040687518
53040693683
53040699176
53040706073
53040712115
53040718280
53040724139
53040729999
53040735003
53040741290
53040749225
53040754107
53040760150
53040765094
53040772052
53040777850
53040786151
53040792315
53040799395
53040805926
53040812823
53040818499
53040825946
53040832965
53040840960
53040848712
53040854754
53040861834
53040867938
53040875994
53040881854
53040888934
53040895892
53040904437
53040911273
53040917498
53040924334
53040932024
53040939532
53040945147
53040951861
53040960833
53040968157
53040976458
53040980852
53040989886
53040997088
53041004534
53041013140
53041018755
53041026262
53041033831
53041041216
53041047930
53041055254
53041061968
53041069597
53041078203
53041082598
53041091509
53041098772
53041105547
53041112993
53041120134
53041127153
53041134539
53041141497
53041148943
53041157244
53041162920
53041170183
53041177202
53041184770
53041191850
53041199053
53041206987
53041211687
53041220842
53041228532
53041237321
53041242876
53041253679
53041258318
53041268571
53041273027
53041282304
53041290666
53041296403
53041304521
53041313493
53041318620
53041328447
53041336748
53041342485
53041349504
53041356767
53041366594
53041372880
53041379533
53041387284
53041393937
53041402848
53041410112
53041418595
53041426042
53041436845
53041444474
53041451921
53041462602
53041469438
53041478654
53041487931
53041500749
53041510270
53041517472
53041531815
53041541398
53041551041
53041559953
53041568681
53041577409
53041583390
53041595109
53041604996
53041614701
53041625809
53041635758
53041642289
53041654068
53041657975
53041669266
53041678360
53041687333
53041696244
53041709610
53041720352
53041726395
53041737625
53041746414
53041754166
53041763626
53041772415
53041783707
53041792557
53041799942
53041813187
53041823013
53041831924
53041841080
53041850601
53041859451
53041865799
53041876602
53041885879
53041898392
53041908218
53041915298
53041925003
53041934036
53041943130
53041954422
53041964309
53041973037
53041982071
53041993606
53042002639
53042008865
53042018875
53042026992
53042030471
53042044570
53042051773
53042059097
53042067581
53042077041
53042084243
53042093765
53042101760
53042107742
53042114455
53042122695
53042130386
53042137038
53042141311
53042148208
53042155166
53042159316
53042166030
53042172744
53042179031
53042184585
53042189956
53042195510
53042201064
53042206679
53042212600
53042218581
53042224624
53042229873
53042235915
53042241225
53042245925
53042252211
53042257216
53042264663
53042270827
53042276503
53042282302
53042287734
53042292678
53042298537
53042304824
53042310012
53042315322
53042320266
53042325392
53042331008
53042336623
53042343276
53042348708
53042353163
53042359328
53042364211
53042369094
53042375014
53042381239
53042385207
53042391493
53042396803
53042401320
53042407607
53042412856
53042418532
53042423842
53042429396
53042435011
53042440810
53042446608
53042453017
53042458571
53042464918
53042468581
53042476027
53042481520
53042485426
53042492445
53042499769
53042505995
53042510145
53042516554
53042522047
53042527968
53042533949
53042540968
53042547377
53042552321
53042559523
53042565138
53042570631
53042576429
53042582289
53042589125
53042595289
53042602919
53042607252
53042614210
53042619276
53042625074
53042630445
53042638441
53042642103
53042649916
53042655836
53042661756
53042665846
53042673719
53042679701
53042686109
53042692152
53042697096
53042704054
53042709058
53042716261
53042722852
53042728895
53042734510
53042740430
53042746168
53042752210
53042759595
53042764661
53042772108
53042777845
53042783704
53042787061
53042794691
53042801893
53042807935
53042815076
53042820142
53042826490
53042831434
53042838575
53042844312
53042849439
53042856946
53042862928
53042868116
53042873975
53042881055
53042885938
53042893018
53042900342
53042905713
53042912915
53042917676
53042922559
53042929639
53042935498
53042941663
53042949353
53042953687
53042961072
53042966077
53042973096
53042977979
53042985059
53042991528
53043000195
53043004529
53043014783
53043021130
53043028210
53043033704
53043040967
53043049817
53043055371
53043063061
53043070142
53043077588
53043083020
53043090771
53043096570
53043104626
53043109997
53043117688
53043125500
53043131177
53043139538
53043145886
53043154736
53043162793
53043169384
53043176648
53043183056
53043189648
53043197888
53043204052
53043212902
53043221142
53043227795
53043234082
53043240734
53043249768
53043256359
53043263928
53043271008
53043279797
53043287548
53043295544
53043300243
53043309765
53043316784
53043324780
53043332165
53043340649
53043346813
53043355114
53043360973
53043369030
53043374523
53043378979
53043388073
53043395824
53043403576
53043407970
53043415661
53043421886
53043430919
53043435253
53043444957
53043451488
53043458568
53043466930
53043473217
53043481090
53043485668
53043493724
53043500377
53043507396
53043515819
53043523509
53043529796
53043535472
53043542552
53043547801
53043554332
53043558910
53043566051
53043572154
53043577953
53043583751
53043589122
53043594859
53043600230
53043605846
53043610057
53043617259
53043621471
53043628001
53043632030
53043637828
53043643748
53043648997
53043653392
53043661327
53043666331
53043672069
53043676524
53043682872
53043687450
53043693187
53043698009
53043705455
53043710704
53043715587
53043720042
53043726695
53043731822
53043737254
53043742930
53043749339
53043754954
53043760386
53043764354
53043770579
53043776622
53043781749
53043787120
53043792918
53043798411
53043802500
53043808299
53043812449
53043817271
53043822764
53043827952
53043832347
53043838206
53043842906
53043848338
53043853892
53043859202
53043865794
53043870249
53043876658
53043879710
53043886057
53043890269
53043897105
53043902476
53043907664
53043913218
53043917002
53043923594
53043927622
53043933237
53043939646
53043946177
53043950754
53043956858
53043961130
53043967234
53043972117
53043977305
53043983103
53043988657
53043993784
53043999155
53044004893
53044010081
53044015024
53044020945
53044028391
53044033213
53044038767
53044044870
53044050181
53044056162
53044061411
53044066538
53044073435
53044078379
53044083933
53044089975
53044096384
53044101145
53044107187
53044112253
53044120371
53044126169
53044134104
53044140024
53044146738
53044153147
53044158396
53044166940
53044171213
53044177988
53044184458
53044190317
53044196237
53044201059
53044209177
53044214121
53044221445
53044227121
53044233408
53044236826
53044244638
53044251596
53044257700
53044263437
53044269296
53044276681
53044281442
53044288461
53044293405
53044300546
53044306100
53044311899
53044317514
53044323373
53044329477
53044335763
53044343576
53044348825
53044355600
53044360421
53044367257
53044372934
53044379403
53044386178
53044392831
53044399667
53044404000
53044411447
53044416207
53044423104
53044428231
53044435250
53044440743
53044446725
53044452889
53044458688
53044462899
53044470651
53044478280
53044485482
53044491952
53044497994
53044504586
53044512215
53044518990
53044526315
53044534859
53044541817
53044549569
53044554085
53044563241
53044567757
53044578255
53044585213
53044591927
53044598641
53044605843
53044612008
53044618722
53044623971
53044630929
53044639107
53044646126
53044651680
53044659005
53044663277
53044672249
53044676705
53044684212
53044691292
53044700569
53044707161
53044712776
53044718697
53044727120
53044732613
53044737679
53044747261
53044754769
53044760933
53044768807
53044774239
53044780464
53044788460
53044794563
53044801155
53044807198
53044816963
53044823311
53044828682
53044835945
53044841499
53044848946
53044853218
53044861885
53044871467
53044877388
53044884224
53044890999
53044897102
53044903450
53044911445
53044917000
53044922859
53044933418
53044939705
53044947639
53044953804
53044958503
53044968147
53044975837
53044981269
53044991279
53044999824
53045006782
53045013557
53045019844
53045024909
53045032051
53045037605
53045044074
53045050788
53045056892
53045058845
53045067451
53045073860
53045079048
53045084480
53045088752
53045096015
53045100593
53045107124
53045111274
53045117744
53045123664
53045128547
53045134772
53045140266
53045146369
53045151008
53045156745
53045161750
53045167609
53045172492
53045176887
53045184638
53045189582
53045195075
53045199592
53045205329
53045211127
53045215827
53045222419
53045227851
53045233344
53045239203
53045242560
53045249213
53045253791
53045259894
53045267951
53045272956
53045278327
53045283210
53045288275
53045292060
53045298041
53045302069
53045309088
53045314887
53045319586
53045325629
53045330939
53045335028
53045340399
53045345893
53045353644
53045359564
53045364203
53045372321
53045375922
53045382697
53045388556
53045394110
53045400275
53045404608
53045410590
53045415411
53045421820
53045427496
53045434088
53045439642
53045445502
53045450995
53045455511
53045461981
53045468878
53045474127
53045480292
53045484625
53045491156
53045496832
53045502020
53045509039
53045515082
53045520697
53045526617
53045533819
53045538397
53045545843
53045551642
53045557928
53045565191
53045570562
53045576178
53045582586
53045588324
53045594366
53045601995
53045606512
53045612921
53045619329
53045625982
53045630987
53045637518
53045643011
53045650518
53045653997
53045661566
53045667547
53045673528
53045679327
53045685552
53045693121
53045699041
53045704839
53045711675
53045716680
53045721685
53045728521
53045735540
53045741582
53045746648
53045752630
53045758672
53045764471
53045770452
53045777532
53045784856
53045790716
53045796941
53045802495
53045808355
53045814641
53045821538
53045827825
53045832952
53045840032
53045844854
53045850896
53045855901
53045863164
53045867864
53045876226
53045883672
53045888494
53045895635
53045901250
53045908879
53045916081
53045922612
53045928472
53045934026
53045939702
53045946721
53045954045
53045960820
53045967046
53045973760
53045978581
53045984929
53045991948
53045997563
53046004765
53046012090
53046018987
53046025395
53046032170
53046039494
53046044743
53046051396
53046059270
53046064824
53046073186
53046080632
53046087590
53046092961
53046099675
53046106083
53046111455
53046120793
53046126164
53046133061
53046141362
53046148503
53046154850
53046162663
53046168888
53046178288
53046186711
53046192997
53046199040
53046207279
53046213139
53046221134
53046230595
53046238285
53046244999
53046252445
53046258854
53046266483
53046272282
53046281315
53046288517
53046295231
53046304203
53046310490
53046318790
53046325138
53046333561
53046339970
53046346805
53046355839
53046362430
53046370426
53046376835
53046383793
53046389591
53046398624
53046405399
53046413273
53046422672
53046428898
53046435123
53046443729
53046450443
53046459598
53046466129
53046475528
53046481876
53046491458
53046497745
53046506290
53046511966
53046518741
53046524539
53046534244
53046539554
53046546451
53046554202
53046559940
53046565250
53046573123
53046579410
53046585147
53046590457
53046596072
53046601505
53046607120
53046613162
53046619998
53046626712
53046630374
53046637271
53046642703
53046649295
53046655398
53046661868
53046666812
53046673648
53046679080
53046683841
53046690433
53046695437
53046702334
53046708072
53046713992
53046719912
53046726138
53046731387
53046737552
53046743167
53046748721
53046756594
53046760257
53046766787
53046772586
53046778140
53046783877
53046789859
53046797000
53046802676
53046807131
53046813418
53046818850
53046823794
53046828921
53046835269
53046840457
53046846011
53046851626
53046856997
53046861880
53046868472
53046875063
53046880373
53046885989
53046889895
53046896914
53046901125
53046906863
53046912051
53046918581
53046924807
53046928896
53046936098
53046940127
53046946230
53046953127
53046959231
53046962343
53046970400
53046976076
53046979983
53046987490
53046993105
53046999331
53047006472
53047012148
53047018068
53047023806
53047028139
53047035891
53047041750
53047048403
53047053408
53047059877
53047065371
53047071657
53047077394
53047085390
53047091127
53047095156
53047102175
53047108217
53047114015
53047119570
53047126528
53047133974
53047138857
53047145876
53047149355
53047156679
53047162355
53047168215
53047176515
53047181154
53047188112
53047194032
53047198976
53047205385
53047210756
53047218874
53047223573
53047228578
53047236269
53047242128
53047247987
53047253969
53047258729
53047267030
53047271974
53047279054
53047283876
53047290590
53047296083
53047302125
53047309083
53047315004
53047320985
53047326844
53047332582
53047338502
53047344362
53047351320
53047357423
53047362611
53047370057
53047373414
53047381593
53047388551
53047393251
53047401734
53047406556
53047413087
53047419557
53047426637
53047431520
53047438294
53047445741
53047452455
53047458009
53047464417
53047471436
53047478944
53047484864
53047492921
53047499085
53047507020
53047513856
53047520631
53047527344
53047535889
53047540772
53047548707
53047557069
53047564026
53047570801
53047576111
53047583558
53047590394
53047595948
53047603333
53047611023
53047617127
53047625428
53047631409
53047639283
53047647522
53047654602
53047660950
53047668946
53047677185
53047684815
53047691223
53047698426
53047703980
53047711914
53047720154
53047728272
53047734680
53047742310
53047749024
53047756043
53047764465
53047770325
53047776489
53047786011
53047792847
53047800903
53047807312
53047814392
53047822693
53047828552
53047837402
53047844604
53047851501
53047860535
53047867126
53047874267
53047880310
53047889221
53047897522
53047904236
53047913147
53047920898
53047927307
53047935852
53047942260
53047947204
53047957946
53047966247
53047974487
53047979614
53047988159
53047995239
53048004028
53048011352
53048018371
53048025817
53048030822
53048037292
53048043701
53048050170
53048056823
53048063476
53048069457
53048075988
53048082519
53048087402
53048092345
53048099364
53048104736
53048110046
53048117309
53048123229
53048128539
53048134338
53048140075
53048146178
53048151183
53048158141
53048164855
53048170531
53048176208
53048182616
53048188231
53048193053
53048199035
53048205626
53048210082
53048216552
53048223327
53048228087
53048232787
53048239806
53048246886
53048252440
53048257140
53048262755
53048268553
53048274291
53048280272
53048286559
53048291747
53048296385
53048303282
53048308287
53048313414
53048320189
53048324645
53048331420
53048336363
53048341490
53048346434
53048352965
53048357848
53048362059
53048368651
53048374205
53048380248
53048384886
53048390318
53048395323
53048400877
53048407835
53048412413
53048418883
53048423338
53048430113
53048435179
53048440611
53048446593
53048452147
53048458555
53048463194
53048469786
53048475401
53048481688
53048488585
53048494871
53048501036
53048507506
53048513914
53048520506
53048525938
53048532591
53048539305
53048544310
53048549559
53048556334
53048561338
53048566038
53048571592
53048576780
53048584715
53048590513
53048595579
53048600340
53048607420
53048612913
53048618406
53048624510
53048631040
53048636717
53048642332
53048647703
53048653318
53048658689
53048664304
53048672788
53048677366
53048683469
53048687620
53048693906
53048700071
53048705259
53048711118
53048717588
53048723936
53048729368
53048735471
53048740781
53048744932
53048750791
53048757200
53048763303
53048768552
53048775632
53048780393
53048786191
53048790952
53048797178
53048802121
53048809873
53048815488
53048820310
53048825010
53048831357
53048836179
53048843137
53048849546
53048855100
53048862119
53048866330
53048873716
53048878903
53048885007
53048892087
53048899045
53048904477
53048911313
53048916623
53048922177
53048929135
53048934567
53048939511
53048948361
53048953977
53048959348
53048966306
53048973081
53048978146
53048985165
53048990414
53048998959
53049004758
53049009579
53049018552
53049024716
53049031369
53049036130
53049043210
53049051999
53049059201
53049064145
53049071713
53049075619
53049082882
53049088559
53049095273
53049103512
53049110531
53049116452
53049123166
53049128903
53049135739
53049143612
53049149350
53049155331
53049164120
53049170407
53049175412
53049184567
53049189877
53049196835
53049204037
53049210507
53049217526
53049226071
53049233761
53049240963
53049246212
53049257809
53049265072
53049271236
53049279659
53049287350
53049293331
53049300961
53049308773
53049314693
53049323177
53049329342
53049339291
53049345516
53049352962
53049361324
53049368526
53049374447
53049382808
53049388973
53049396663
53049405330
53049412838
53049419063
53049427852
53049434871
53049444759
53049451229
53049461361
53049467586
53049474971
53049483089
53049489803
53049498470
53049504146
53049511959
53049517085
53049526424
53049534053
53049541011
53049546321
53049552486
53049558467
53049565120
53049572871
53049577571
53049583858
53049588618
53049595210
53049600764
53049607478
53049613338
53049618953
53049623958
53049629817
53049636775
53049641414
53049647090
53049653499
53049659480
53049666438
53049671992
53049676021
53049682307
53049688228
53049694331
53049700984
53049706965
53049712214
53049717097
53049724360
53049730281
53049735530
53049741084
53049747676
53049754512
53049758723
53049765376
53049771418
53049776240
53049782527
53049788752
53049793574
53049800227
53049803889
53049811152
53049816462
53049820429
53049826472
53049832270
53049837763
53049842219
53049848322
53049854487
53049859858
53049865351
53049871027
53049876887
53049881098
53049887446
53049892390
53049897272
53049903315
53049908564
53049913996
53049919916
53049926264
53049930903
53049937861
53049943537
53049949091
53049955256
53049959284
53049966242
53049970942
53049976801
53049984553
53049990290
53049996088
53050002558
53050010309
53050014826
53050021784
53050028498
53050033381
53050040277
53050046015
53050052057
53050058100
53050062921
53050068903
53050074579
53050081842
53050086847
53050093256
53050098017
53050104425
53050109186
53050115106
53050122309
53050128168
53050133905
53050140192
53050148431
53050152948
53050160700
53050165765
53050172418
53050177423
53050184564
53050190607
53050196588
53050202570
53050208673
53050215082
53050222345
53050227472
53050232294
53050239374
53050244379
53050250177
53050257623
53050263605
53050269647
53050275384
53050281915
53050286187
53050292474
53050299310
53050306146
53050310968
53050317865
53050321527
53050330438
53050335382
53050341668
53050347955
53050354180
53050359429
53050365838
53050371392
53050376214
53050384149
53050391046
53050398065
53050402215
53050409783
53050416070
53050421929
53050427239
53050434014
53050441949
53050446832
53050453790
53050458672
53050466485
53050473321
53050480157
53050487969
53050493584
53050502190
53050507806
53050515862
53050521355
53050528069
53050535577
53050543267
53050551140
53050557305
53050563408
53050570183
53050577874
53050584466
53050590752
53050599785
53050604119
53050613152
53050619805
53050625542
53050631829
53050639458
53050646599
53050655632
53050662773
53050670464
53050674980
53050683953
53050691460
53050697930
53050704216
53050713982
53050718682
53050728203
53050735222
53050742668
53050746941
53050754753
53050765068
53050770988
53050778130
53050785698
53050793327
53050798943
53050806267
53050814384
53050819206
53050829582
53050834892
53050842216
53050849602
53050856132
53050863273
53050870903
53050880913
53050886650
53050893852
53050901420
53050905937
53050916496
53050921745
53050931327
53050939689
53050947990
53050952934
53050961540
53050968742
53050977775
53050985710
53050993461
53051001396
53051008354
53051015678
53051022392
53051029533
53051037162
53051041435
53051050468
53051056937
53051063529
53051068839
53051075858
53051081657
53051087272
53051092155
53051097465
53051102225
53051109244
53051114371
53051119376
53051123893
53051130668
53051135795
53051141166
53051144645
53051152457
53051155814
53051163138
53051166373
53051173758
53051179618
53051183646
53051189200
53051195853
53051201346
53051206962
53051212882
53051218375
53051224112
53051228202
53051235526
53051239737
53051245597
53051251517
53051257071
53051261161
53051267874
53051272208
53051279105
53051285391
53051289786
53051295645
53051301688
53051306265
53051311759
53051316580
53051323294
53051328055
53051334525
53051337515
53051343863
53051348685
53051355032
53051361014
53051366263
53051371573
53051376883
53051381522
53051386771
53051391837
53051396536
53051403982
53051408865
53051413931
53051418631
53051423758
53051428641
53051434378
53051440726
53051446463
53051452017
53051457144
53051462515
53051468191
53051473135
53051479239
53051484244
53051490347
53051495840
53051500479
53051506765
53051510977
53051517324
53051524344
53051530203
53051535330
53051542410
53051547232
53051552603
53051557424
53051564443
53051569448
53051576528
53051582144
53051587393
53051592092
53051598806
53051604238
53051610342
53051616750
53051621938
53051627371
53051634145
53051637502
53051644155
53051649465
53051655752
53051663015
53051668874
53051673879
53051679678
53051684560
53051690237
53051696462
53051702383
53051709035
53051713674
53051719717
53051725332
53051730031
53051736318
53051742849
53051747365
53051754506
53051761159
53051766408
53051770620
53051777456
53051781606
53051787526
53051794301
53051800405
53051807058
53051812795
53051817434
53051822927
53051829152
53051833791
53051841115
53051848317
53051853933
53051859670
53051865041
53051870656
53051876027
53051880361
53051888112
53051894155
53051900441
53051906545
53051913808
53051919118
53051926137
53051932729
53051940236
53051946828
53051952931
53051959340
53051966603
53051973012
53051980580
53051987904
53051993275
53052000294
53052008046
53052014943
53052020070
53052026723
53052034596
53052040639
53052046010
53052054616
53052060780
53052068959
53052074940
53052082020
53052088429
53052095814
53052101735
53052109547
53052115467
53052122792
53052129200
53052138295
53052145924
53052153004
53052159596
53052167347
53052173878
53052181690
53052188221
53052195423
53052202564
53052211903
53052218311
53052226246
53052232838
53052239491
53052245716
53052254017
53052260853
53052269215
53052276112
53052284046
53052290516
53052299122
53052303638
53052312000
53052318653
53052327808
53052334339
53052341114
53052347400
53052356617
53052363148
53052370655
53052377430
53052386402
53052393787
53052401355
53052406177
53052415516
53052422779
53052430164
53052437488
53052446704
53052453907
53052461292
53052470447
53052477527
53052484607
53052491321
53052497974
53052507495
53052513721
53052522388
53052528064
53052536304
53052542835
53052549609
53052555713
53052563098
53052568347
53052575244
53052581103
53052586597
53052592151
53052598376
53052604724
53052611072
53052615649
53052621814
53052627673
53052632434
53052638354
53052645801
53052651721
53052655444
53052663379
53052668567
53052674243
53052681018
53052686145
53052692370
53052697497
53052705127
53052710559
53052715869
53052721423
53052728015
53052735339
53052739856
53052745959
53052752185
53052758593
53052763537
53052769885
53052773913
53052781665
53052787524
53052793139
53052798571
53052802538
53052809313
53052813891
53052819994
53052824511
53052831591
53052836535
53052841662
53052846606
53052852160
53052859362
53052864001
53052870043
53052873217
53052880602
53052886950
53052893114
53052898608
53052903796
53052910692
53052915392
53052921007
53052927111
53052933275
53052939379
53052943957
53052950915
53052955492
53052962084
53052966784
53052973864
53052977221
53052985338
53052990892
53052996935
53053002916
53053008532
53053012499
53053019274
53053025927
53053032579
53053038134
53053042406
53053049852
53053054186
53053060533
53053065111
53053073168
53053078173
53053085131
53053090502
53053095934
53053100755
53053107103
53053113085
53053119737
53053125780
53053131578
53053135606
53053141771
53053147264
53053153551
53053160204
53053166307
53053172655
53053178270
53053183153
53053188707
53053193834
53053199937
53053207017
53053211351
53053217638
53053223680
53053229478
53053233629
53053240037
53053244493
53053253160
53053258348
53053263963
53053270067
53053275987
53053280626
53053287217
53053292100
53053298753
53053303575
53053309983
53053314561
53053321397
53053326646
53053331590
53053339585
53053344163
53053349595
53053355638
53053361680
53053367417
53053370713
53053378282
53053385362
53053391648
53053396836
53053402940
53053409471
53053415696
53053421678
53053428269
53053434922
53053439805
53053446519
53053452561
53053458726
53053465073
53053470200
53053476609
53053483384
53053490647
53053497239
53053503892
53053509629
53053516343
53053520249
53053527756
53053536912
53053544236
53053549058
53053555649
53053562180
53053568528
53053574265
53053581955
53053589463
53053597336
53053601670
53053609848
53053617905
53053624985
53053631394
53053639023
53053646530
53053654282
53053660691
53053667954
53053672165
53053681381
53053688584
53053696152
53053703232
53053710739
53053717819
53053723740
53053730026
53053736435
53053744492
53053750229
53053758347
53053766464
53053772202
53053779098
53053786423
53053791611
53053800033
53053804489
53053811996
53053818527
53053827377
53053833969
53053840988
53053847336
53053854233
53053859909
53053867416
53053875168
53053882614
53053890670
53053897934
53053905319
53053909652
53053919784
53053924362
53053933639
53053941452
53053950302
53053957687
53053965255
53053971725
53053980392
53053986556
53053995101
53054001083
53054010482
53054017135
53054023300
53054030502
53054035690
53054043502
53054048812
53054055770
53054062484
53054069381
53054074447
53054081161
53054085494
53054092086
53054096114
53054102157
53054106429
53054114120
53054120589
53054125289
53054131331
53054136031
53054141829
53054146651
53054153121
53054159896
53054164718
53054170028
53054174544
53054180159
53054185897
53054190780
53054198653
53054204451
53054208175
53054216964
53054223006
53054228987
53054235518
53054239974
53054246749
53054252669
53054258650
53054263289
53054270247
53054275679
53054281050
53054286360
53054293379
53054298995
53054304305
53054309065
53054314314
53054317976
53054324385
53054332076
53054336165
53054342513
53054346297
53054352522
53054356612
53054361983
53054366499
53054373579
53054378218
53054384566
53054390120
53054395308
53054401106
53054405745
53054412520
53054415694
53054423018
53054427839
53054432661
53054435469
53054442488
53054448897
53054453169
53054459883
53054463667
53054470381
53054474104
53054480574
53054485518
53054492109
53054496992
53054503157
53054507795
53054514143
53054518965
53054525801
53054531843
53054538374
53054541609
53054549543
53054555891
53054561506
53054565595
53054572492
53054580305
53054585127
53054591108
53054596723
53054602766
53054606977
53054613020
53054619123
53054626753
53054631025
53054637251
53054643354
53054647810
53054653547
53054659834
53054666303
53054673017
53054678144
53054684553
53054689374
53054695112
53054699872
53054706220
53054712018
53054720136
53054723554
53054731122
53054734357
53054741926
53054747175
53054752790
53054759199
53054765363
53054768720
53054776105
53054782453
53054788007
53054792035
53054798505
53054805341
53054811139
53054816205
53054821637
53054827008
53054832563
53054838605
53054844648
53054850568
53054857343
53054862958
53054869245
53054874311
53054880536
53054886151
53054891217
53054898663
53054904279
53054910626
53054915692
53054922528
53054927777
53054934430
53054939496
53054946759
53054952130
53054958478
53054963666
53054969769
53054974469
53054981366
53054987530
53054994549
53055002057
53055009320
53055016400
53055023846
53055031109
53055039532
53055046246
53055051617
53055058575
53055065472
53055072552
53055079571
53055086590
53055091534
53055100567
53055105755
53055113568
53055118817
53055125103
53055130169
53055138287
53055143902
53055153424
53055159710
53055166424
53055172039
53055177105
53055186382
53055191387
53055199627
53055204327
53055214459
53055218975
53055227337
53055233257
53055240521
53055248516
53055254070
53055259930
53055269695
53055275738
53055283611
53055291057
53055297039
53055304729
53055307354
53055319256
53055326458
53055334148
53055341228
53055348858
53055356243
53055363933
53055370891
53055378887
53055385784
53055393718
53055400982
53055406902
53055411968
53055423259
53055429180
53055437236
53055445903
53055452190
53055460063
53055468608
53055475566
53055483867
53055491008
53055498515
53055507366
53055514324
53055520793
53055529704
53055534404
53055544292
53055551006
53055559306
53055565593
53055571269
53055577922
53055583720
53055590129
53055596782
53055601604
53055609233
53055613200
53055619914
53055626079
53055632731
53055639079
53055646403
53055652324
53055658305
53055662944
53055670634
53055677348
53055681987
53055690104
53055695414
53055702922
53055707621
53055713481
53055719584
53055724406
53055731242
53055737345
53055742961
53055748637
53055753703
53055760295
53055767863
53055773539
53055780314
53055786051
53055791483
53055797099
53055803202
53055808451
53055814738
53055820353
53055826029
53055830363
53055835307
53055840434
53055846964
53055851786
53055857767
53055863016
53055869181
53055873576
53055880839
53055885477
53055890482
53055897318
53055901774
53055907389
53055914652
53055919657
53055927103
53055932291
53055937296
53055943949
53055950419
53055955973
53055962565
53055966288
53055972696
53055980326
53055985636
53055993326
53055999430
53056005350
53056012491
53056017923
53056024393
53056032083
53056036905
53056044596
53056050211
53056055887
53056060709
53056068033
53056074930
53056080972
53056087930
53056091898
53056098917
53056106851
53056112283
53056119119
53056125589
53056130716
53056137613
53056143777
53056149759
53056156839
53056161783
53056169290
53056175455
53056181863
53056189126
53056194009
53056201578
53056208169
53056214883
53056220437
53056226907
53056232583
53056238870
53056244424
53056251443
53056256204
53056262613
53056267312
53056272805
53056278238
53056285012
53056291482
53056297769
53056304422
53056309610
53056315408
53056322366
53056327920
53056333047
53056342874
53056351968
53056358438
53056366067
53056373025
53056380837
53056387124
53056392007
53056399636
53056405129
53056411538
53056418252
53056424783
53056431435
53056435036
53056442605
53056450417
53056455361
53056463723
53056468911
53056476601
53056483926
53056490395
53056495339
53056502724
53056508401
53056517556
53056523476
53056530678
53056536233
53056543313
53056549111
53056556435
53056562417
53056570656
53056577614
53056585793
53056593727
53056600991
53056610146
53056617714
53056624184
53056633644
53056640908
53056648842
53056655922
53056662697
53056672951
53056678627
53056686440
53056694740
53056701759
53056707741
53056716957
53056725868
53056731239
53056740334
53056746864
53056755043
53056762123
53056767738
53056775246
53056784157
53056791603
53056799599
53056807472
53056813453
53056822059
53056829078
53056836647
53056843361
53056853065
53056858253
53056867958
53056873634
53056884803
53056892921
53056901771
53056911171
53056921730
53056930702
53056938453
53056945533
53056959327
53056968116
53056976051
53056985633
53056995643
53057004798
53057012916
53057021522
53057030860
53057039588
53057048804
53057053992
53057063819
53057068519
53057076881
53057084144
53057091285
53057098060
53057105079
53057110999
53057116614
53057121558
53057127051
53057133399
53057139502
53057145362
53057151587
53057157874
53057162757
53057168921
53057174414
53057179541
53057186499
53057193457
53057199012
53057204932
53057209143
53057215735
53057222327
53057227820
53057232825
53057239112
53057243933
53057251074
53057254370
53057261572
53057267798
53057273169
53057279273
53057283728
53057289893
53057294043
53057299841
53057306311
53057311804
53057316931
53057322424
53057327734
53057333411
53057338904
53057346838
53057351965
53057357581
53057361182
53057367956
53057372290
53057378149
53057382483
53057389807
53057396460
53057401770
53057407385
53057413183
53057418432
53057423437
53057431128
53057435400
53057441504
53057447119
53057452490
53057458410
53057464941
53057472876
53057476477
53057484900
53057488989
53057495886
53057501867
53057507971
53057514013
53057520361
53057525793
53057532446
53057538061
53057543066
53057549902
53057557043
53057563207
53057569189
53057575231
53057580969
53057585424
53057592138
53057598791
53057605993
53057609777
53057617284
53057623388
53057629247
53057634924
53057641088
53057648840
53057653661
53057660986
53057666051
53057672521
53057677404
53057684118
53057690160
53057696264
53057702306
53057708043
53057715612
53057719945
53057727331
53057733312
53057740575
53057746923
53057752416
53057758886
53057764684
53057769872
53057776098
53057782628
53057789220
53057794896
53057799901
53057806798
53057812535
53057818395
53057826390
53057832067
53057837743
53057843663
53057850133
53057857335
53057862340
53057869725
53057876622
53057882054
53057890721
53057894444
53057902318
53057909581
53057914464
53057921971
53057928319
53057934911
53057941380
53057946996
53057953892
53057960911
53057969029
53057975682
53057981297
53057988377
53057996129
53058002843
53058008336
53058016148
53058022313
53058030064
53058036290
53058043736
53058049656
53058056920
53058062901
53058071019
53058077427
53058085972
53058093663
53058101658
53058106785
53058117527
53058123631
53058131748
53058139012
53058148350
53058153233
53058162144
53058168553
53058176548
53058181980
53058189488
53058195286
53058204929
53058210972
53058218418
53058223972
53058231113
53058237827
53058243992
53058250706
53058257358
53058265720
53058272129
53058279636
53058285068
53058291538
53058299045
53058305576
53058311191
53058320774
53058326694
53058333835
53058340732
53058347629
53058353977
53058360325
53058367527
53058374729
53058382053
53058389011
53058396518
53058405368
53058411960
53058420505
53058425754
53058433933
53058441928
53058451938
53058458835
53058464328
53058472568
53058479465
53058485080
53058489597
53058498569
53058507785
53058512729
53058516696
53058526096
53058532443
53058536472
53058541598
53058548251
53058551730
53058559726
53058565585
53058570956
53058576449
53058581760
53058585483
53058591220
53058597629
53058603671
53058609225
53058614718
53058620151
53058625522
53058629977
53058635470
53058643344
53058648349
53058654086
53058658236
53058664218
53058670077
53058675082
53058681796
53058687716
53058692599
53058698764
53058703402
53058709445
53058713961
53058719210
53058725863
53058731661
53058738619
53058744174
53058750888
53058755892
53058762911
53058769442
53058774569
53058779208
53058784457
53058790560
53058796908
53058802523
53058809725
53058814791
53058819979
53058825655
53058830721
53058836459
53058841402
53058845736
53058852145
53058858126
53058863253
53058869356
53058873141
53058879854
53058885836
53058892184
53058898775
53058904391
53058909884
53058915560
53058920748
53058926668
53058931978
53058936739
53058943209
53058948092
53058953585
53058958468
53058964388
53058969149
53058977022
53058983858
53058988070
53058994722
53058998873
53059005953
53059010408
53059018099
53059023226
53059029207
53059033602
53059039400
53059045442
53059051363
53059055818
53059064180
53059069002
53059074129
53059080171
53059085481
53059090303
53059096956
53059102144
53059108675
53059113557
53059120454
53059125764
53059130647
53059135286
53059141328
53059147005
53059155366
53059162691
53059168733
53059174531
53059180208
53059187837
53059191987
53059200227
53059206270
53059212068
53059218538
53059225129
53059230317
53059235627
53059244294
53059247712
53059254976
53059261689
53059267488
53059273408
53059278291
53059286042
53059292390
53059297944
53059303010
53059309785
53059314729
53059321443
53059329316
53059335115
53059340852
53059347138
53059352632
53059359712
53059364961
53059372285
53059380158
53059386384
53059391755
53059397126
53059405671
53059410127
53059417085
53059425385
53059431916
53059437958
53059444184
53059449738
53059456818
53059462739
53059468964
53059477448
53059483552
53059491547
53059498505
53059505280
53059511872
53059517609
53059523713
53059532563
53059540192
53059547333
53059553254
53059560273
53059566071
53059573395
53059580902
53059588105
53059596100
53059601899
53059609833
53059618134
53059624726
53059630646
53059640656
53059646576
53059654450
53059660065
53059667633
53059675568
53059681854
53059688019
53059697235
53059703095
53059711700
53059717438
53059726654
53059732513
53059740082
53059746368
53059757233
53059763580
53059770660
53059776398
53059785065
53059790619
53059798797
53059805633
53059812652
53059821258
53059827423
53059833221
53059841949
53059847747
53059855438
53059864410
53059871002
53059877044
53059886993
53059894256
53059901702
53059907867
53059917266
53059924591
53059932281
53059938995
53059949005
53059955108
53059963592
53059969879
53059977691
53059983367
53059992461
53059998321
53060006805
53060012054
53060020171
53060025542
53060031707
53060038787
53060044646
53060049773
53060056060
53060061614
53060068206
53060074187
53060078521
53060085845
53060092071
53060098418
53060103057
53060109282
53060114776
53060120818
53060127349
53060132781
53060139678
53060146148
53060150786
53060156890
53060162383
53060169341
53060174956
53060180510
53060187896
53060193389
53060199004
53060206145
53060211150
53060217436
53060223845
53060229094
53060233794
53060240874
53060245452
53060251860
53060257842
53060262969
53060270232
53060275725
53060280974
53060287688
53060293181
53060298369
53060303801
53060310088
53060314421
53060319853
53060326140
53060330778
53060337553
53060342802
53060347990
53060353667
53060358671
53060364226
53060369353
53060374052
53060380827
53060384123
53060392546
53060398039
53060403837
53060409086
53060414091
53060420866
53060426359
53060432585
53060438688
53060444120
53060448942
53060455046
53060461454
53060466581
53060474211
53060479826
53060485197
53060490812
53060497404
53060505278
53060511747
53060516874
53060523161
53060528837
53060533903
53060540434
53060545988
53060554960
53060559599
53060565458
53060571684
53060577665
53060583402
53060590421
53060596769
53060602018
53060608732
53060613554
53060620267
53060627348
53060633390
53060640226
53060646329
53060651945
53060658353
53060665067
53060669950
53060676908
53060682706
53060689176
53060695646
53060701932
53060707486
53060713590
53060720121
53060726774
53060733304
53060737882
53060745084
53060749723
53060757413
53060762540
53060768338
53060774869
53060781217
53060786466
53060792569
53060797269
53060803800
53060808438
53060814420
53060819486
53060826383
53060832425
53060837918
53060842618
53060849820
53060853055
53060860867
53060869107
53060875394
53060881925
53060888577
53060895718
53060903409
53060909573
53060916837
53060924039
53060927884
53060936551
53060944913
53060949795
53060957608
53060963345
53060970425
53060976529
53060984036
53060990140
53060997220
53061004971
53061010708
53061017117
53061025418
53061031338
53061038907
53061044766
53061052700
53061059475
53061066067
53061074856
53061081997
53061089505
53061096768
53061102322
53061109402
53061116604
53061124295
53061131985
53061137844
53061145535
53061153347
53061159268
53061166714
53061173550
53061182034
53061191189
53061197170
53061205105
53061211208
53061219143
53061226772
53061233730
53061239773
53061248623
53061254726
53061264004
53061269741
53061277126
53061284756
53061292019
53061300930
53061308315
53061314052
53061323208
53061329189
53061336635
53061342556
53061351772
53061357998
53061366542
53061373195
53061380886
53061389553
53061395412
53061403713
53061409877
53061418910
53061426479
53061433315
53061442531
53061448940
53061457973
53061464382
53061472255
53061478236
53061487697
53061493495
53061501125
53061506618
53061514491
53061519374
53061526881
53061531764
53061540675
53061545619
53061551906
53061556727
53061563930
53061567348
53061574611
53061581569
53061587062
53061592799
53061597194
53061604213
53061608485
53061614589
53061620997
53061627833
53061633204
53061639003
53061645717
53061651576
53061656215
53061662440
53061670131
53061674769
53061680812
53061685694
53061692408
53061697718
53061703456
53061710108
53061715907
53061722010
53061726100
53061733119
53061737391
53061744654
53061749720
53061757777
53061763270
53061768092
53061773524
53061778651
53061783595
53061789393
53061796473
53061801356
53061807459
53061812403
53061817530
53061823023
53061829066
53061834498
53061840906
53061845179
53061851649
53061856653
53061861658
53061867029
53061873682
53061877650
53061884546
53061889063
53061895716
53061900965
53061907435
53061914026
53061919397
53061924341
53061930262
53061937037
53061941309
53061947535
53061953882
53061959436
53061966089
53061970484
53061977686
53061983972
53061989099
53061996607
53062002649
53062008814
53062015283
53062022180
53062028406
53062035608
53062040857
53062047144
53062053797
53062058252
53062064295
53062070459
53062075098
53062080835
53062085962
53062093652
53062098840
53062104395
53062109094
53062116052
53062120813
53062127283
53062133081
53062139856
53062145654
53062154016
53062159387
53062166101
53062173059
53062178186
53062185632
53062192407
53062198205
53062203454
53062209375
53062216272
53062221093
53062228296
53062233178
53062240747
53062246911
53062253137
53062256677
53062264428
53062271691
53062277673
53062282617
53062288476
53062294458
53062300866
53062307092
53062311791
53062320275
53062324487
53062331384
53062338464
53062342858
53062349450
53062356591
53062363244
53062368493
53062374291
53062379540
53062386742
53062392297
53062400231
53062407067
53062414147
53062420373
53062426232
53062432091
53062436608
53062444054
53062449425
53062456933
53062462487
53062471032
53062475304
53062484398
53062488610
53062498925
53062503502
53062513451
53062521142
53062528283
53062536339
53062541832
53062550011
53062555443
53062563927
53062569908
53062574364
53062583031
53062586998
53062595787
53062602196
53062608666
53062615257
53062622521
53062629601
53062639916
53062644798
53062655663
53062662682
53062670616
53062677879
53062685692
53062693382
53062698936
53062705406
53062712791
53062720726
53062726768
53062736046
53062742027
53062750816
53062756309
53062764793
53062770531
53062779320
53062785423
53062794029
53062800010
53062807823
53062816246
53062821434
53062829124
53062837059
53062843406
53062853355
53062859703
53062866783
53062872581
53062880210
53062889061
53062895042
53062901756
53062911888
53062918174
53062926719
53062934715
53062942649
53062949058
53062957298
53062966026
53062975120
53062981467
53062989951
53062995689
53063003989
53063009422
53063017600
53063023154
53063029990
53063036887
53063042686
53063047629
53063054160
53063059592
53063065208
53063072776
53063078330
53063084250
53063088462
53063094748
53063100913
53063106406
53063111411
53063118064
53063125083
53063130820
53063134787
53063141684
53063148154
53063152304
53063159262
53063165549
53063170615
53063175376
53063181967
53063186850
53063194602
53063199118
53063206320
53063212729
53063217002
53063224143
53063228354
53063234335
53063240805
53063246909
53063251975
53063259482
53063262717
53063269797
53063275351
53063281760
53063287497
53063292441
53063298117
53063302390
53063309836
53063313498
53063319601
53063325766
53063331259
53063337302
53063341757
53063348044
53063351156
53063357870
53063364157
53063369467
53063375021
53063380758
53063385885
53063392477
53063397787
53063403586
53063410605
53063415670
53063421530
53063427389
53063431845
53063438376
53063443869
53063450705
53063456747
53063461874
53063468344
53063474691
53063480490
53063485800
53063493612
53063499227
53063504415
53063509359
53063516439
53063523336
53063529379
53063535726
53063540487
53063547323
53063553732
53063559103
53063564108
53063570394
53063575887
53063583883
53063590963
53063597250
53063603353
53063609335
53063616598
53063621297
53063627767
53063634542
53063641256
53063646383
53063652425
53063659017
53063664022
53063671224
53063677755
53063682760
53063688619
53063693258
53063700216
53063704915
53063711202
53063716329
53063724080
53063730855
53063736776
53063743856
53063749349
53063756490
53063762166
53063768941
53063775228
53063780843
53063786824
53063793172
53063799092
53063804708
53063812154
53063817342
53063823812
53063829366
53063835591
53063842183
53063848287
53063855550
53063862691
53063867574
53063872456
53063879842
53063884908
53063891805
53063899434
53063905415
53063911031
53063916829
53063923360
53063930440
53063936360
53063941548
53063950154
53063956624
53063963887
53063968098
53063977681
53063981953
53063991108
53063999043
53064006062
53064011738
53064018452
53064023335
53064030720
53064037922
53064043049
53064049946
53064057637
53064061543
53064070210
53064076680
53064082539
53064088276
53064094563
53064103108
53064110676
53064116963
53064123615
53064129231
53064136616
53064144062
53064149860
53064157490
53064165302
53064171345
53064175556
53064185200
53064192402
53064199177
53064205219
53064211201
53064217060
53064227253
53064233601
53064239460
53064246723
53064253193
53064260578
53064266987
53064274616
53064282367
53064290058
53064295246
53064303791
53064308063
53064316913
53064323078
53064329670
53064336078
53064344623
53064351093
53064358356
53064364032
53064371601
53064377216
53064385272
53064391315
53064401508
53064408039
53064415668
53064422748
53064429523
53064436969
53064442951
53064449909
53064458209
53064464862
53064473163
53064478839
53064486163
53064493549
53064499469
53064505267
53064511798
53064517718
53064525775
53064529498
53064536456
53064545062
53064551349
53064556781
53064561847
53064569232
53064574725
53064580707
53064586810
53064592486
53064597674
53064603778
53064610553
53064615069
53064621783
53064626483
53064633441
53064638140
53064643939
53064649554
53064656634
53064662432
53064668231
53064674639
53064679278
53064686724
53064691912
53064698321
53064705279
53064710467
53064716509
53064722125
53064728472
53064734393
53064741778
53064746050
53064752459
53064758502
53064764239
53064769061
53064774676
53064780352
53064785845
53064791521
53064795428
53064802019
53064806353
53064812212
53064818682
53064823992
53064829607
53064834612
53064839861
53064845049
53064851153
53064855730
53064862871
53064868059
53064873186
53064878618
53064883745
53064888750
53064895281
53064901812
53064906511
53064912981
53064918657
53064924151
53064930803
53064934954
53064941484
53064948198
53064953508
53064956865
53064965715
53064970537
53064976641
53064982805
53064988970
53064995928
53065001055
53065006975
53065014055
53065018816
53065024675
53065032121
53065038347
53065044634
53065051653
53065057878
53065063554
53065068376
53065076494
53065081499
53065087175
53065091814
53065097734
53065102373
53065109087
53065115129
53065123186
53065128618
53065133623
53065138444
53065144243
53065150957
53065155229
53065160295
53065167863
53065173601
53065180436
53065187700
53065194413
53065200334
53065205278
53065212968
53065219682
53065225663
53065231889
53065236222
53065243669
53065248368
53065256242
53065261491
53065267717
53065272966
53065280473
53065286943
53065291459
53065298966
53065305619
53065310563
53065317094
53065323625
53065328446
53065334550
53065339799
53065347306
53065354813
53065361771
53065367753
53065374894
53065380570
53065385514
53065393266
53065399918
53065406937
53065411393
53065418534
53065423661
53065430863
53065437577
53065445267
53065452592
53065458207
53065466569
53065474015
53065481522
53065489029
53065497147
53065502579
53065510087
53065515519
53065524918
53065530106
53065537369
53065543167
53065551590
53065559586
53065565934
53065572037
53065580399
53065586380
53065594071
53065600540
53065608658
53065615250
53065624405
53065628800
53065637406
53065644119
53065651444
53065658890
53065667007
53065673660
53065681900
53065688797
53065695084
53065701187
53065709000
53065715897
53065725235
53065729813
53065738785
53065746048
53065753128
53065760635
53065767654
53065775223
53065783340
53065787857
53065797439
53065802078
53065811966
53065816543
53065826248
53065834060
53065841995
53065847488
53065855362
53065863113
53065870864
53065876297
53065885513
53065894241
53065900466
53065909194
53065915847
53065923721
53065930984
53065938979
53065946548
53065955093
53065964248
53065973159
53065980666
53065989028
53065996963
53066004775
53066011672
53066018020
53066025832
53066032180
53066039504
53066044753
53066051284
53066058242
53066063369
53066069777
53066074904
53066081191
53066086867
53066091323
53066096816
53066102736
53066107497
53066113967
53066119826
53066125014
53066131301
53066135817
53066141616
53066146193
53066152663
53066158583
53066165541
53066171096
53066176528
53066181594
53066186598
53066191176
53066197463
53066203688
53066208937
53066216689
53066222853
53066227858
53066235304
53066240614
53066245680
53066253432
53066259230
53066264784
53066270583
53066276320
53066281874
53066288527
53066294630
53066299818
53066304945
53066310194
53066315260
53066320631
53066325758
53066331679
53066337477
53066341810
53066347426
53066353224
53066358290
53066363417
53066369642
53066375013
53066380568
53066386244
53066391188
53066395521
53066401930
53066408827
53066414198
53066418959
53066424513
53066430250
53066436048
53066442152
53066449110
53066454420
53066460829
53066466078
53066471632
53066478041
53066483473
53066490370
53066495924
53066500990
53066508558
53066514112
53066520521
53066526502
53066532362
53066539686
53066546217
53066552808
53066557630
53066563673
53066568678
53066575941
53066582105
53066588514
53066596082
53066602125
53066607923
53066614027
53066620985
53066627759
53066633619
53066638929
53066644544
53066649183
53066656202
53066660779
53066667554
53066673536
53066679639
53066684644
53066691480
53066696241
53066702894
53066708143
53066713147
53066718518
53066725904
53066732557
53066738538
53066745496
53066752576
53066758496
53066764844
53066770887
53066777295
53066783094
53066789075
53066795423
53066801465
53066806714
53066814221
53066819959
53066825452
53066830945
53066837415
53066843701
53066850049
53066857129
53066863599
53066868726
53066876660
53066882764
53066888867
53066894604
53066901868
53066909131
53066915417
53066921948
53066928174
53066934582
53066942029
53066947156
53066956799
53066962903
53066969616
53066977368
53066982739
53066990490
53066997143
53067003918
53067012219
53067018139
53067025647
53067032055
53067037976
53067043530
53067050976
53067058056
53067065136
53067072155
53067079907
53067088452
53067096264
53067103161
53067110974
53067118176
53067124462
53067129650
53067139782
53067146801
53067153332
53067160046
53067167736
53067174206
53067181896
53067188061
53067195568
53067201122
53067206432
53067215099
53067219616
53067228588
53067236461
53067244091
53067248424
53067257335
53067263561
53067270641
53067276745
53067282482
53067290111
53067297252
53067303173
53067311107
53067316784
53067324657
53067330150
53067337352
53067343883
53067350536
53067359325
53067367198
53067374340
53067383495
53067392345
53067399608
53067409007
53067417980
53067425731
53067432750
53067443004
53067453502
53067462047
53067468883
53067482249
53067488963
53067503673
53067512767
53067516917
53067529429
53067540050
53067548594
53067558787
53067566966
53067575816
53067589244
53067596995
53067606700
53067613963
53067623851
53067630564
53067636241
53067644236
53067654246
53067659983
53067664439
53067673594
53067680979
53067685801
53067692576
53067699656
53067706370
53067711375
53067717722
53067723338
53067729014
53067734507
53067740122
53067746470
53067752268
53067757517
53067763194
53067769358
53067775462
53067780894
53067785899
53067793101
53067798716
53067804636
53067808054
53067815439
53067821665
53067827708
53067834666
53067839548
53067845041
53067851816
53067856882
53067862253
53067869150
53067873240
53067879770
53067886118
53067890085
53067896433
53067902720
53067908213
53067914621
53067919870
53067925364
53067929514
53067936228
53067940561
53067946299
53067950754
53067958444
53067962229
53067968454
53067974741
53067980295
53067985300
53067990427
53067997812
53068003305
53068009287
53068013010
53068019724
53068026682
53068031564
53068039194
53068044382
53068050119
53068055856
53068061716
53068068063
53068075021
53068081613
53068088144
53068093210
53068098154
53068105783
53068109384
53068116708
53068124399
53068130502
53068135141
53068141000
53068148141
53068152475
53068159189
53068164804
53068173776
53068177377
53068185922
53068190988
53068196847
53068203134
53068209970
53068215524
53068222116
53068228219
53068232919
53068239877
53068245736
53068251596
53068257943
53068263925
53068269479
53068275399
53068281930
53068287057
53068294747
53068300179
53068307443
53068313302
53068319222
53068325082
53068330941
53068336800
53068341439
53068348885
53068355477
53068361275
53068366830
53068373910
53068379586
53068385873
53068393868
53068399544
53068404610
53068410775
53068416634
53068423104
53068429574
53068435311
53068442086
53068447884
53068454232
53068460335
53068466317
53068471932
53068477974
53068485604
53068489998
53068496834
53068501778
53068508614
53068513680
53068520333
53068526131
53068533577
53068540352
53068547249
53068553902
53068561043
53068566841
53068574288
53068581612
53068589668
53068596321
53068601814
53068610054
53068615608
53068622872
53068628731
53068638008
53068643868
53068650520
53068658089
53068664253
53068670174
53068678047
53068684212
53068693062
53068700630
53068707588
53068714973
53068723213
53068728035
53068737007
53068745491
53068753059
53068760628
53068768074
53068775825
53068787056
53068792244
53068798835
53068807624
53068817451
53068827156
53068836311
53068845283
53068852607
53068861518
53068870979
53068881233
53068890571
53068898506
53068908393
53068915962
53068923042
53068930610
53068942390
53068948920
53068957771
53068964973
53068971503
53068978889
53068984321
53068992561
53068998603
53069009101
53069015754
53069023017
53069028693
53069034736
53069042304
53069047492
53069056464
53069062934
53069072394
53069079718
53069088874
53069096320
53069103156
53069109931
53069119147
53069125006
53069135932
53069142401
53069146918
53069155768
53069162238
53069170600
53069176581
53069182440
53069187811
53069195990
53069201483
53069207343
53069211859
53069217963
53069222418
53069227850
53069232611
53069239081
53069244208
53069251288
53069256415
53069260809
53069265265
53069272040
53069277777
53069283453
53069289191
53069296698
53069301581
53069309576
53069315069
53069320074
53069328619
53069334601
53069339178
53069345709
53069352118
53069358221
53069362555
53069369207
53069375311
53069379950
53069385931
53069391119
53069397039
53069401800
53069408148
53069414190
53069418524
53069423834
53069428045
53069433905
53069438177
53069445501
53069452032
53069457464
53069462530
53069467901
53069472479
53069477850
53069482183
53069488531
53069494207
53069498541
53069504766
53069509527
53069514410
53069517278
53069525091
53069529180
53069536749
53069542791
53069547308
53069554632
53069560369
53069566900
53069572515
53069579229
53069584295
53069589239
53069595830
53069601263
53069605352
53069612249
