56326861479
56326868498
56326873930
56326880094
56326887052
56326892912
56326898344
56326905058
56326911222
56326918485
56326923734
56326930143
56326935941
56326941618
56326949247
56326954801
56326962247
56326969389
56326976347
56326981779
56326986967
56326995145
56327001005
56327009489
56327016508
56327023282
56327029142
56327037870
56327045682
56327051603
56327061185
56327069608
56327076932
56327085050
56327091703
56327098966
56327106290
56327115140
56327123685
56327129178
56327137418
56327142301
56327150357
56327156156
56327163846
56327170621
56327179532
56327186856
56327194791
56327199490
56327207913
56327214993
56327221463
56327229337
56327237210
56327242703
56327250027
56327256314
56327263455
56327269192
56327275906
56327284451
56327290372
56327300259
56327304776
56327314480
56327319180
56327331448
56327339322
56327346768
56327354519
56327362271
56327368802
56327376309
56327383633
56327389981
56327398587
56327404080
56327411587
56327419644
56327426235
56327432766
56327441983
56327450894
56327458889
56327468044
56327479031
56327486416
56327494473
56327502468
56327510342
56327517605
56327523342
56327530788
56327540005
56327547817
56327553432
56327561245
56327569851
56327576931
56327582973
56327589626
56327595608
56327603237
56327609340
56327618435
56327625942
56327633816
56327639919
56327649135
56327655544
56327663112
56327667385
56327677761
56327685146
56327693203
56327701381
56327707790
56327715541
56327723476
56327732082
56327740077
56327747829
56327758815
56327765956
56327776149
56327783107
56327793361
56327804958
56327812709
56327821498
56327829311
56327838405
56327846461
56327853297
56327860561
56327870204
56327877162
56327885097
56327892726
56327901088
56327907985
56327918483
56327925868
56327933314
56327941005
56327948695
56327957301
56327963282
56327974452
56327980738
56327988795
56327995021
56328003810
56328010035
56328017237
56328025843
56328033351
56328040980
56328048548
56328053065
56328062708
56328070338
56328075953
56328082301
56328091944
56328099024
56328106471
56328113551
56328120814
56328127955
56328135035
56328142847
56328150233
56328157496
56328164881
56328172877
56328180506
56328187952
56328193751
56328201197
56328212427
56328218043
56328226099
56328233301
56328238978
56328248255
56328253870
56328264246
56328271265
56328278833
56328287622
56328293848
56328302637
56328311304
56328318750
56328328882
56328336084
56328343531
56328349939
56328359155
56328365381
56328375147
56328382044
56328392481
56328402551
56328409815
56328419153
56328427515
56328433801
56328442468
56328448694
56328459863
56328467126
56328475366
56328481348
56328489953
56328499109
56328512109
56328520959
56328532495
56328541223
56328548791
56328559716
56328571740
56328580651
56328588403
56328597314
56328606347
56328610620
56328620507
56328624597
56328635278
56328642114
56328649194
56328656640
56328664636
56328671533
56328681176
56328688683
56328694543
56328703332
56328711144
56328717309
56328725488
56328732934
56328739587
56328747277
56328754662
56328762536
56328770776
56328776330
56328783898
56328791649
56328798119
56328803551
56328812646
56328819481
56328827172
56328833886
56328843102
56328848290
56328858178
56328864708
56328874413
56328879296
56328889916
56328897362
56328904198
56328911766
56328921349
56328929711
56328940575
56328949181
56328956200
56328960655
56328973351
56328979454
56328987389
56328995506
56329003319
56329011742
56329019920
56329027672
56329034691
56329040733
56329048851
56329056175
56329063560
56329071495
56329078148
56329086204
56329092674
56329100609
56329106773
56329115989
56329123070
56329130760
56329138267
56329146019
56329153587
56329161400
56329168296
56329176963
56329183921
56329190330
56329198082
56329205406
56329211753
56329218589
56329227073
56329235801
56329246665
56329257652
56329267784
56329278404
56329289146
56329296287
56329304893
56329313499
56329322410
56329329978
56329338157
56329346885
56329355003
56329365867
56329374961
56329382712
56329390037
56329397544
56329407248
56329415488
56329422263
56329430686
56329437949
56329445090
56329453635
56329464072
56329471946
56329481101
56329486655
56329494345
56329497702
56329506125
56329513755
56329520896
56329526999
56329533774
56329542441
56329549643
56329556723
56329565268
56329572287
56329578818
56329585715
56329592856
56329600424
56329606955
56329613791
56329624228
56329629355
56329638754
56329645895
56329652426
56329659506
56329663351
56329674155
56329680441
56329685812
56329692770
56329697531
56329705404
56329712851
56329719320
56329725973
56329733053
56329738546
56329745443
56329752829
56329758749
56329765585
56329772909
56329778280
56329785788
56329792135
56329800680
56329807272
56329814840
56329820700
56329826803
56329833639
56329841146
56329847616
56329854269
56329861349
56329867086
56329874288
56329880514
56329890341
56329900045
56329906149
56329914327
56329923055
56329930502
56329939596
56329947897
56329954916
56329961446
56329967977
56329974386
56329980489
56329987935
56329995443
56330003072
56330009725
56330016256
56330023519
56330030355
56330037374
56330044027
56330050191
56330054891
56330062581
56330067952
56330074300
56330081624
56330087545
56330092427
56330099691
56330105489
56330113118
56330119405
56330125325
56330131368
56330137227
56330143636
56330150289
56330156941
56330161702
56330169148
56330173848
56330181661
56330186543
56330194173
56330200032
56330205952
56330213094
56330219502
56330225850
56330232137
56330237630
56330243367
56330249104
56330255208
56330261433
56330267781
56330273152
56330279866
56330285359
56330290242
56330296834
56330300191
56330308003
56330311543
56330321003
56330326863
56330331013
56330337910
56330342488
56330350361
56330357563
56330364094
56330369038
56330377888
56330381306
56330389180
56330396382
56330401936
56330409504
56330416645
56330423359
56330428608
56330436299
56330440937
56330446736
56330452717
56330458637
56330463703
56330472309
56330481831
56330489094
56330499836
56330503986
56330513874
56330523884
56330530842
56330538471
56330545795
56330552509
56330593525
56330603596
56330611774
56330619037
56330625751
56330631794
56330638019
56330644428
56330651142
56330657367
56330664142
56330670002
56330674945
56330681354
56330687519
56330693866
56330700031
56330705951
56330712238
56330718708
56330724628
56330731159
56330736774
56330742877
56330748248
56330755878
56330761188
56330767597
56330770831
56330778278
56330781757
56330789691
56330796527
56330803058
56330809528
56330814410
56330820819
56330825641
56330833026
56330839801
56330845660
56330850787
56330856708
56330861346
56330868304
56330873859
56330880145
56330883868
56330892718
56330899066
56330903338
56330910296
56330914813
56330920733
56330926288
56330932696
56330938006
56330944537
56330950213
56330956988
56330962603
56330968768
56330974078
56330982135
56330988360
56330994891
56331001300
56331007647
56331013751
56331019915
56331025958
56331031573
56331038226
56331044818
56331050067
56331056353
56331062762
56331071368
56331078997
56331086504
56331095293
56331099871
56331108843
56331114947
56331122149
56331128985
56331136431
56331142962
56331148089
56331153338
56331159197
56331165118
56331170855
56331177935
56331181231
56331188433
56331195086
56331200091
56331207110
56331213946
56331219805
56331225969
56331231890
56331238543
56331244463
56331249956
56331257463
56331262651
56331268023
56331273577
56331279863
56331283525
56331292375
56331296221
56331305010
56331310137
56331316179
56331321855
56331328203
56331334184
56331340471
56331347673
56331352495
56331357622
56331363603
56331369829
56331375261
56331382158
56331387285
56331395708
56331401994
56331407121
56331413713
56331419878
56331424944
56331431474
56331437944
56331445146
56331450639
56331455339
56331461992
56331467241
56331473161
56331478837
56331486955
56331492265
56331497819
56331503862
56331509904
56331515214
56331521745
56331527910
56331534135
56331540544
56331545854
56331553117
56331558366
56331565446
56331571916
56331578202
56331584489
56331590593
56331597306
56331604325
56331611466
56331619157
56331627152
56331633622
56331639909
56331646317
56331653947
56331660661
56331669389
56331677628
56331683549
56331691239
56331698014
56331704606
56331711808
56331718400
56331725175
56331730363
56331737321
56331743424
56331749222
56331755448
56331761979
56331768326
56331774003
56331782120
56331787858
56331794449
56331801896
56331807206
56331815506
56331822403
56331827408
56331834855
56331842606
56331849503
56331855973
56331862992
56331869522
56331876664
56331881913
56331891434
56331898087
56331902970
56331909622
56331915543
56331921768
56331928604
56331935379
56331941422
56331948502
56331954483
56331962357
56331968643
56331976883
56331980606
56331989822
56331995377
56332002274
56332009781
56332017227
56332023880
56332030594
56332036636
56332043167
56332051407
56332057327
56332062088
56332069473
56332076553
56332081863
56332089981
56332096939
56332101944
56332109512
56332115860
56332121170
56332128616
56332136917
56332145218
56332151260
56332161026
56332175125
56332181106
56332190078
56332195632
56332202835
56332211196
56332218582
56332225784
56332232009
56332240615
56332243789
56332251724
56332258376
56332269119
56332274490
56332280776
56332287795
56332294326
56332298782
56332307265
56332313186
56332321242
56332328567
56332333511
56332341445
56332347854
56332353713
56332358901
56332365188
56332372207
56332375808
56332385024
56332391128
56332397048
56332404006
56332408828
56332417312
56332422927
56332429213
56332436110
56332443068
56332448439
56332454665
56332460891
56332467604
56332474379
56332480788
56332487136
56332493911
56332498732
56332505690
56332511855
56332516616
56332523146
56332530959
56332536818
56332541213
56332547865
56332553908
56332560622
56332567763
56332575575
56332579726
56332587843
56332594435
56332599318
56332607253
56332615065
56332620314
56332627577
56332632155
56332638747
56332646254
56332653334
56332659193
56332664198
56332671583
56332678236
56332683912
56332690077
56332698927
56332704237
56332711195
56332716749
56332723768
56332730787
56332737806
56332744764
56332751905
56332761122
56332766859
56332772718
56332779676
56332784986
56332791212
56332797743
56332804273
56332809217
56332814710
56332820021
56332827772
56332833448
56332839918
56332845411
56332851576
56332856703
56332862867
56332869947
56332875684
56332882642
56332886121
56332894361
56332900526
56332907301
56332914381
56332922620
56332929334
56332934766
56332940198
56332943616
56332952283
56332955579
56332965162
56332971204
56332976453
56332982618
56332987134
56332995130
56333000867
56333006788
56333013074
56333020276
56333024061
56333031934
56333037061
56333044690
56333048963
56333056470
56333062818
56333067640
56333074597
56333078931
56333084241
56333090222
56333096753
56333102002
56333108289
56333113233
56333119885
56333123487
56333131543
56333138562
56333145764
56333153027
56333158399
56333165418
56333172131
56333177808
56333183606
56333190137
56333196362
56333203503
56333209363
56333215588
56333221020
56333227063
56333232983
56333239453
56333244519
56333254346
56333261365
56333267590
56333277966
56333285595
56333292431
56333299328
56333308178
56333316174
56333324109
56333329846
56333338086
56333344494
56333351208
56333357251
56333362194
56333370983
56333376721
56333382824
56333388317
56333395092
56333400891
56333407727
56333413403
56333419628
56333426098
56333432324
56333436535
56333442394
56333449169
56333455456
56333461743
56333467846
56333473583
56333478954
56333485485
56333490429
56333497814
56333503185
56333508434
56333513561
56333521374
56333527843
56333532299
56333538463
56333544323
56333551281
56333556652
56333562877
56333567516
56333574047
56333580822
56333588695
56333594127
56333599560
56333606029
56333609813
56333616955
56333622936
56333628917
56333634899
56333640209
56333647960
56333651622
56333659679
56333667919
56333673534
56333681163
56333686351
56333693676
56333699230
56333704784
56333710521
56333716991
56333724193
56333729930
56333735423
56333741161
56333747814
56333754772
56333760631
56333767101
56333771861
56333779308
56333785350
56333792003
56333798412
56333806102
56333810924
56333818309
56333825694
56333828929
56333837779
56333846934
56333853099
56333859508
56333865672
56333873057
56333881297
56333887889
56333894237
56333900645
56333906749
56333912486
56333917918
56333923900
56333930125
56333936778
56333941905
56333947642
56333953440
56333960093
56333965708
56333972300
56333977488
56333985240
56333991709
56333997203
56334000559
56334008189
56334013072
56334019114
56334025767
56334032969
56334039012
56334043711
56334050242
56334055064
56334060679
56334065440
56334073008
56334079661
56334086131
56334091746
56334098154
56334104624
56334109629
56334117136
56334123850
56334128184
56334133799
56334139536
56334146494
56334153391
56334157969
56334164988
56334171519
56334177744
56334183909
56334189951
56334195871
56334202341
56334207834
56334214182
56334219980
56334226694
56334233286
56334238474
56334244699
56334249460
56334256418
56334262705
56334267832
56334272837
56334280649
56334286753
56334292734
56334299204
56334306040
56334312692
56334316965
56334323435
56334330087
56334336252
56334341562
56334348520
56334353098
56334359934
56334363290
56334372018
56334378427
56334384714
56334396066
56334404184
56334411874
56334418283
56334425241
56334431222
56334439279
56334445566
56334455209
56334462167
56334467294
56334473703
56334477060
56334486215
56334492135
56334496225
56334504098
56334509347
56334516000
56334521310
56334528329
56334533578
56334540170
56334546151
56334550363
56334556527
56334562265
56334568856
56334575082
56334579415
56334585458
56334591744
56334596017
56334602487
56334607064
56334613290
56334618539
56334626046
56334632089
56334638986
56334644051
56334649606
56334655404
56334661263
56334667306
56334673592
56334680245
56334685311
56334692696
56334697091
56334705209
56334710946
56334718209
56334723580
56334729623
56334734688
56334740670
56334745309
56334752694
56334756356
56334765389
56334771798
56334778573
56334782967
56334788765
56334794869
56334800423
56334807381
56334814095
56334820992
56334826302
56334833321
56334840401
56334847054
56334853279
56334861702
56334867684
56334873787
56334879280
56334887154
56334892891
56334900582
56334906624
56334912972
56334919808
56334926705
56334933663
56334939461
56334946480
56334953621
56334957466
56334966682
56334974617
56334983162
56334989754
56334999519
56335008919
56335015999
56335023140
56335031868
56335038582
56335045784
56335051216
56335058113
56335061409
56335069771
56335073067
56335080574
56335083931
56335093696
56335100654
56335105354
56335111702
56335117439
56335122139
56335129036
56335136055
56335139595
56335147468
56335153572
56335160835
56335165840
56335171638
56335177375
56335183052
56335189643
56335194465
56335202217
56335207344
56335213691
56335220039
56335226814
56335232307
56335239753
56335249275
56335255500
56335262031
56335269050
56335275642
56335283698
56335288703
56335296516
56335303596
56335309638
56335315925
56335322822
56335327949
56335334418
56335341254
56335345099
56335353522
56335357245
56335369208
56335375678
56335381720
56335388251
56335392707
56335399360
56335406073
56335413215
56335419013
56335425849
56335429267
56335438727
56335444587
56335450812
56335457892
56335464484
56335471015
56335475348
56335482489
56335486945
56335494269
56335499396
56335506232
56335511481
56335519476
56335524787
56335532477
56335538031
56335543890
56335550726
56335557318
56335563727
56335570075
56335577094
56335581793
56335589362
56335596075
56335602972
56335610541
56335617682
56335623297
56335630865
56335635748
56335642706
56335647711
56335654120
56335661505
56335667853
56335673529
56335679876
56335687384
56335693487
56335698431
56335704779
56335711248
56335717901
56335723578
56335730352
56335736395
56335743292
56335749762
56335754766
56335762640
56335768316
56335774725
56335780828
56335786871
56335793402
56335800054
56335806280
56335812506
56335818914
56335825079
56335830694
56335837042
56335844366
56335850103
56335855169
56335862127
56335868047
56335874151
56335880193
56335886175
56335891912
56335897955
56335903814
56335914617
56335920537
56335926885
56335931524
56335939519
56335946233
56335952215
56335958745
56335965337
56335971624
56335977239
56335984807
56335989080
56335997197
56336004339
56336011235
56336018255
56336023992
56336031926
56336039434
56336044744
56336052373
56336057195
56336065435
56336071416
56336078496
56336085210
56336091558
56336097722
56336105657
56336112065
56336121465
56336127568
56336135991
56336145268
56336151738
56336157964
56336167119
56336172246
56336180974
56336186467
56336193181
56336201237
56336206242
56336212163
56336217168
56336225285
56336231816
56336238835
56336245488
56336251652
56336258183
56336264348
56336271000
56336275212
56336280644
56336287236
56336294438
56336300541
56336306584
56336312321
56336316899
56336324467
56336331120
56336335942
56336342533
56336347660
56336355351
56336360478
56336366947
56336374516
56336380192
56336385990
56336392338
56336398991
56336405827
56336411381
56336418217
56336424320
56336430790
56336435368
56336440006
56336447697
56336455692
56336459904
56336467167
56336470219
56336478764
56336484684
56336492680
56336499271
56336505863
56336512150
56336519474
56336526615
56336533146
56336539127
56336545841
56336550907
56336557438
56336563663
56336569584
56336576298
56336582889
56336589664
56336595890
56336603031
56336609378
56336616214
56336621708
56336633731
56336639408
56336646976
56336653873
56336662052
56336667362
56336675601
56336683780
56336689640
56336696048
56336704044
56336712345
56336718570
56336724674
56336731876
56336737369
56336743961
56336748782
56336758426
56336764102
56336770511
56336776004
56336781741
56336789920
56336795169
56336802554
56336809085
56336815372
56336821170
56336827884
56336833438
56336840091
56336846866
56336853457
56336858218
56336865848
56336873782
56336880984
56336885867
56336892764
56336899478
56336905520
56336911624
56336916690
56336924319
56336929995
56336936038
56336942324
56336947879
56336954470
56336961550
56336967410
56336972476
56336977420
56336984561
56336991763
56336998904
56337003726
56337009463
56337016665
56337022402
56337029971
56337035464
56337041262
56337047610
56337055117
56337061099
56337067141
56337073183
56337080386
56337087038
56337092532
56337100100
56337105898
56337112551
56337118899
56337126284
56337132876
56337137331
56337143984
56337151552
56337156313
56337165224
56337171145
56337177553
56337184878
56337192873
56337198671
56337206423
56337213747
56337223635
56337229738
56337236452
56337241579
56337249086
56337257387
56337263857
56337269960
56337276247
56337283083
56337289430
56337294679
56337300112
56337307009
56337312441
56337318056
56337325319
56337331789
56337337648
56337343752
56337351625
56337357912
56337363344
56337369936
56337375185
56337379945
56337388918
56337394655
56337399477
56337406984
56337412904
56337418825
56337423646
56337430604
56337437135
56337443178
56337448854
56337455751
56337462221
56337470094
56337476686
56337483705
56337489991
56337494874
56337502076
56337508851
56337515809
56337521730
56337528627
56337534913
56337539979
56337547731
56337554750
56337563172
56337570497
56337577333
56337584168
56337590089
56337596681
56337601991
56337609437
56337616273
56337623048
56337629517
56337635865
56337642396
56337648438
56337654725
56337661561
56337666138
56337671937
56337678956
56337685365
56337691651
56337699464
56337705384
56337711854
56337716004
56337724427
56337731202
56337736146
56337745057
56337751649
56337758729
56337767151
56337776307
56337782288
56337790528
56337799134
56337806580
56337811707
56337817933
56337825196
56337830567
56337836792
56337841919
56337851136
56337858643
56337863953
56337871521
56337877869
56337883484
56337889282
56337896179
56337902283
56337908386
56337914002
56337921814
56337927490
56337933655
56337940613
56337946899
56337952881
56337959045
56337963684
56337970581
56337977844
56337983154
56337990662
56337996643
56338002869
56338008911
56338014892
56338020996
56338026733
56338033203
56338040100
56338045715
56338051575
56338056335
56338064575
56338069885
56338075744
56338083191
56338089172
56338094665
56338104126
56338116455
56338131530
56338141357
56338150817
56338158203
56338164672
56338171508
56338178344
56338184326
56338190612
56338197570
56338203002
56338209533
56338216247
56338222350
56338229125
56338235351
56338240661
56338247497
56338254089
56338260986
56338266418
56338272765
56338279479
56338285949
56338293212
56338299926
56338307372
56338315063
56338322021
56338328979
56338334655
56338340636
56338347350
56338355834
56338361022
56338365478
56338374083
56338377562
56338385253
56338390746
56338398192
56338403807
56338409423
56338416442
56338421996
56338427977
56338433593
56338440245
56338447631
56338453490
56338458251
56338466490
56338472472
56338478148
56338484069
56338489256
56338496459
56338502074
56338506590
56338513854
56338521605
56338527281
56338533812
56338538878
56338544981
56338552733
56338558775
56338565550
56338572020
56338577940
56338583678
56338590086
56338596495
56338602110
56338609068
56338615660
56338620848
56338627074
56338633360
56338642637
56338647825
56338653746
56338660704
56338667174
56338672606
56338679503
56338685850
56338693541
56338700132
56338706114
56338711912
56338718992
56338724974
56338731199
56338737852
56338744627
56338749693
56338756224
56338760008
56338768736
56338776182
56338782530
56338788023
56338793638
56338800535
56338806761
56338814146
56338823606
56338829649
56338836851
56338843198
56338849119
56338857053
56338860532
56338869749
56338877744
56338882871
56338889036
56338895139
56338902280
56338907224
56338915464
56338919065
56338928037
56338933042
56338939695
56338945493
56338951597
56338959165
56338965513
56338971555
56338977353
56338982419
56338989194
56338997373
56339005002
56339013120
56339018186
56339023252
56339030759
56339037839
56339044614
56339049985
56339056333
56339062680
56339068967
56339076047
56339082456
56339087766
56339094052
56339098447
56339105710
56339111691
56339119199
56339125363
56339129819
56339137753
56339144711
56339150632
56339158688
56339162412
56339169308
56339176205
56339182431
56339187253
56339194150
56339201901
56339208859
56339214657
56339221188
56339226620
56339233029
56339239377
56339245724
56339252682
56339257687
56339264401
56339269101
56339276608
56339280392
56339288083
56339294980
56339299984
56339307309
56339312374
56339319760
56339326901
56339333493
56339340451
56339345272
56339356015
56339364681
56339373593
56339381771
56339389828
56339395992
56339403134
56339409847
56339416683
56339421810
56339429623
56339435482
56339440731
56339447872
56339454159
56339459835
56339463863
56339472408
56339478695
56339482967
56339490047
56339495357
56339501949
56339508480
56339514217
56339519466
56339525997
56339532100
56339537838
56339544979
56339551143
56339556453
56339562069
56339568477
56339574276
56339579891
56339585872
56339591549
56339597774
56339602352
56339608272
56339615169
56339621090
56339626522
56339633419
56339638546
56339643550
56339649593
56339654903
56339661617
56339667903
56339674129
56339678707
56339683956
56339690791
56339697444
56339702876
56339708125
56339717037
56339721126
56339729427
56339735408
56339741512
56339746944
56339751888
56339761348
56339766719
56339773860
56339778255
56339786372
56339792659
56339799007
56339804561
56339811763
56339818538
56339823115
56339829829
56339836787
56339842647
56339847774
56339853755
56339859553
56339867854
56339874629
56339880183
56339885920
56339892878
56339899592
56339908564
56339918330
56339928401
56339936152
56339943293
56339950556
56339958247
56339966059
56339974482
56339981013
56339985591
56339994929
56340005122
56340010676
56340018244
56340024836
56340031489
56340039607
56340045832
56340052241
56340058344
56340064143
56340070002
56340075190
56340084284
56340088496
56340096247
56340102778
56340107355
56340114130
56340120844
56340126581
56340132380
56340139582
56340144587
56340152460
56340159296
56340165339
56340170099
56340177729
56340183649
56340188898
56340196589
56340200373
56340207819
56340214289
56340220148
56340227228
56340233515
56340239496
56340247736
56340254694
56340260309
56340268061
56340273615
56340279779
56340286249
56340293390
56340299677
56340306329
56340312372
56340319147
56340324335
56340329889
56340336481
56340343195
56340348810
56340354242
56340362421
56340367731
56340373468
56340378656
56340385126
56340392755
56340398248
56340404596
56340409662
56340415887
56340423028
56340429132
56340433954
56340439813
56340448663
56340458307
56340465509
56340474237
56340482293
56340489312
56340497491
56340506829
56340515069
56340520562
56340526971
56340533258
56340538324
56340546075
56340551995
56340557916
56340563348
56340568719
56340575616
56340581414
56340585931
56340593621
56340599542
56340604913
56340610650
56340615960
56340622002
56340628899
56340635369
56340639764
56340647332
56340652886
56340658379
56340663934
56340670281
56340679192
56340685967
56340692132
56340697015
56340703606
56340711724
56340717583
56340724785
56340731072
56340738213
56340742119
56340749932
56340755425
56340761467
56340769036
56340774346
56340781304
56340784966
56340793328
56340799370
56340804619
56340810662
56340818230
56340824395
56340829338
56340836052
56340840386
56340847771
56340853508
56340861687
56340867302
56340873039
56340880608
56340883965
56340890984
56340897881
56340904167
56340910271
56340917290
56340922783
56340927483
56340934441
56340941155
56340948601
56340954216
56340960625
56340966606
56340972771
56340978874
56340986076
56340994743
56341000908
56341008964
56341015007
56341023552
56341033500
56341040336
56341046745
56341053642
56341060844
56341067314
56341076469
56341082206
56341089470
56341093864
56341102714
56341108512
56341114860
56341121574
56341129386
56341136283
56341142570
56341147941
56341156486
56341162284
56341170646
56341175651
56341182304
56341189628
56341194267
56341200675
56341207267
56341214896
56341221305
56341227653
56341234123
56341239310
56341246024
56341253471
56341260123
56341267020
56341274406
56341282462
56341286857
56341294547
56341299857
56341307426
56341313651
56341322501
56341330131
56341336661
56341343314
56341349173
56341355704
56341361808
56341366568
56341374442
56341381888
56341389273
56341396048
56341401847
56341408255
56341415580
56341421988
56341427176
56341435294
56341444144
56341450736
56341457083
56341462821
56341469962
56341475089
56341482535
56341489005
56341496024
56341502921
56341510062
56341517996
56341525809
56341532217
56341539359
56341544852
56341555655
56341565115
56341570853
56341579153
56341586172
56341592581
56341600149
56341607046
56341613760
56341620047
56341626639
56341632376
56341638968
56341642325
56341649710
56341653067
56341661978
56341668875
56341675100
56341680716
56341686697
56341691580
56341696951
56341702444
56341708853
56341714651
56341719229
56341724600
56341729544
56341737051
56341742239
56341749502
56341755361
56341761282
56341766653
56341772024
56341777883
56341784170
56341790029
56341794851
56341802236
56341807729
56341813955
56341819082
56341825308
56341830068
56341837209
56341840994
56341848867
56341855703
56341861684
56341867971
56341874258
56341880300
56341885183
56341892812
56341897451
56341902639
56341909536
56341916128
56341921255
56341928029
56341933767
56341941030
56341947927
56341952932
56341958913
56341965383
56341969045
56341977163
56341981008
56341989064
56341992788
56342000722
56342004445
56342012563
56342019582
56342026723
56342033315
56342038564
56342045095
56342051869
56342058827
56342064382
56342071095
56342078359
56342084950
56342091603
56342098012
56342104970
56342110951
56342117909
56342124989
56342132375
56342142812
56342152089
56342160146
56342166676
56342173085
56342179982
56342191151
56342200062
56342206227
56342213185
56342219227
56342225636
56342231984
56342238576
56342244923
56342250966
56342255726
56342261708
56342268544
56342274281
56342281239
56342287098
56342293812
56342299611
56342304798
56342313343
56342320118
56342326588
56342331776
56342338246
56342344044
56342350209
56342356434
56342362477
56342368824
56342375111
56342381764
56342386891
56342394947
56342399952
56342406910
56342413441
56342418995
56342424244
56342431507
56342437183
56342442677
56342449207
56342455372
56342460010
56342465626
56342471302
56342477528
56342482777
56342489124
56342496570
56342502491
56342509083
56342514271
56342520496
56342525989
56342533375
56342539295
56342546802
56342550770
56342558155
56342563831
56342569751
56342573414
56342581287
56342585743
56342591724
56342599231
56342604480
56342610767
56342617176
56342623340
56342629688
56342637317
56342642139
56342648914
56342653980
56342660755
56342665882
56342671985
56342677234
56342684924
56342690662
56342696643
56342702442
56342707080
56342716785
56342725574
56342733691
56342741870
56342748401
56342755969
56342759814
56342768359
56342778491
56342784839
56342791064
56342797778
56342803943
56342809802
56342815173
56342824023
56342829883
56342836047
56342841357
56342847766
56342854297
56342859179
56342866870
56342872180
56342878161
56342884021
56342889209
56342893969
56342899768
56342904711
56342912768
56342919177
56342924609
56342926562
56342934680
56342940905
56342946887
56342952807
56342958422
56342963427
56342969164
56342974902
56342981249
56342987170
56342995104
56343001147
56343008959
56343015734
56343021777
56343027941
56343036303
56343042529
56343048083
56343055834
56343061755
56343067919
56343074389
56343079699
56343083483
56343092455
56343099352
56343105395
56343110644
56343116198
56343122362
56343126879
56343133593
56343140123
56343145678
56343153429
56343159533
56343164232
56343171495
56343177233
56343184435
56343190355
56343198168
56343203844
56343208055
56343212816
56343219164
56343225145
56343231005
56343237108
56343243822
56343250902
56343255724
56343266527
56343274767
56343283373
56343290331
56343296922
56343306444
56343313829
56343320177
56343326219
56343333910
56343339647
56343347398
56343354173
56343359544
56343367601
56343376817
56343383531
56343391099
56343397020
56343406175
56343412523
56343418748
56343426561
56343436143
56343442796
56343449144
56343457078
56343462754
56343469163
56343475145
56343480149
56343487352
56343493089
56343498765
56343505479
56343512620
56343520311
56343526353
56343534593
56343542649
56343547837
56343553697
56343560533
56343568101
56343573289
56343579209
56343584763
56343590318
56343595933
56343600694
56343607285
56343612473
56343620347
56343627244
56343633469
56343639878
56343645066
56343651658
56343658677
56343664048
56343671006
56343676621
56343683701
56343690110
56343694871
56343702073
56343708359
56343715134
56343719040
56343726609
56343730332
56343737656
56343741013
56343749253
56343755234
56343761399
56343767563
56343772263
56343778550
56343784653
56343790146
56343797348
56343802536
56343807785
56343814194
56343819809
56343827194
56343833481
56343839890
56343845505
56343852036
56343858689
56343864975
56343871018
56343880173
56343887253
56343894272
56343900314
56343906723
56343912216
56343923264
56343930283
56343938950
56343944015
56343951462
56343956650
56343962814
56343967392
56343974106
56343979538
56343986069
56343991134
56343998459
56344002060
56344010483
56344017257
56344024154
56344030319
56344034652
56344040695
56344046676
56344052841
56344059799
56344066024
56344071090
56344076889
56344081588
56344088607
56344093978
56344099838
56344106979
56344112777
56344118637
56344124923
56344130966
56344136764
56344142196
56344146530
56344152999
56344159896
56344166244
56344171920
56344177535
56344184310
56344190597
56344196151
56344202499
56344208236
56344214828
56344220321
56344227706
56344231368
56344238937
56344244491
56344250045
56344256515
56344262984
56344269454
56344274459
56344281600
56344286300
56344293136
56344300277
56344306869
56344312911
56344319930
56344325911
56344346541
56344350570
56344357528
56344361373
56344370101
56344373885
56344381453
56344388594
56344396407
56344402632
56344409407
56344415389
56344420394
56344428023
56344433211
56344441634
56344447493
56344455855
56344462630
56344468672
56344477034
56344485701
56344492842
56344501082
56344510115
56344517806
56344524580
56344531355
56344537154
56344543745
56344549849
56344555464
56344561262
56344567915
56344573775
56344580611
56344586226
56344591353
56344597883
56344602766
56344608809
56344614851
56344621382
56344627852
56344632307
56344638350
56344643660
56344649336
56344653608
56344659651
56344665937
56344672041
56344678083
56344683332
56344689253
56344694563
56344699690
56344707563
56344711531
56344719892
56344723493
56344731245
56344736555
56344742231
56344748335
56344755476
56344761335
56344765608
56344772444
56344777204
56344783186
56344788313
56344796613
56344803510
56344808515
56344813947
56344821149
56344824934
56344832624
56344838361
56344844892
56344850812
56344856916
56344861555
56344868330
56344874555
56344880964
56344888288
56344894697
56344901960
56344906537
56344913373
56344918866
56344926557
56344931928
56344938947
56344946882
56344952680
56344958356
56344965497
56344971357
56344978437
56344984357
56344991437
56344996686
56345003583
56345008588
56345014508
56345019574
56345029523
56345038007
56345044965
56345052777
56345060651
56345066937
56345074384
56345080975
56345086957
56345095319
56345101910
56345105389
56345114362
56345119916
56345125592
56345131696
56345138837
56345145306
56345150799
56345156964
56345161786
56345168622
56345174237
56345180585
56345184186
56345193341
56345199200
56345205304
56345211102
56345216656
56345222577
56345227887
56345234051
56345240521
56345246319
56345251080
56345256634
56345262738
56345268170
56345273846
56345281842
56345288006
56345294598
56345298504
56345305401
56345311199
56345316754
56345322979
56345330059
56345335675
56345341778
56345347149
56345351361
56345358013
56345366070
56345372418
56345377606
56345384869
56345389752
56345396710
56345403179
56345410015
56345415569
56345421734
56345427105
56345434551
56345439495
56345445782
56345451275
56345458904
56345464825
56345470928
56345474590
56345482220
56345488140
56345494182
56345500774
56345506084
56345514019
56345518963
56345525615
56345529949
56345536174
56345543010
56345549907
56345555034
56345562114
56345565899
56345575237
56345579204
56345587078
56345594158
56345600688
56345609355
56345620952
56345627727
56345634197
56345643718
56345649333
56345655620
56345659953
56345668254
56345675578
56345680705
56345688945
56345696635
56345702983
56345709453
56345715617
56345723186
56345729228
56345736064
56345740825
56345748271
56345755412
56345761455
56345767009
56345773784
56345780681
56345788432
56345793132
56345800639
56345807536
56345816691
56345822856
56345829631
56345835185
56345843119
56345850383
56345857524
56345864543
56345870585
56345877970
56345883952
56345892619
56345898478
56345905192
56345913371
56345919474
56345924113
56345931925
56345939921
56345945536
56345954447
56345961344
56345966532
56345974101
56345980570
56345987528
56345994853
56346000834
56346007182
56346013834
56346020609
56346027140
56346034708
56346041727
56346050028
56346055216
56346061930
56346067911
56346075114
56346081705
56346087626
56346095072
56346101298
56346107035
56346114542
56346120646
56346126444
56346133158
56346139505
56346150370
56346158915
56346164957
56346174051
56346180765
56346188150
56346195475
56346203714
56346210977
56346216532
56346224283
56346231485
56346237039
56346243448
56346249124
56346256143
56346262552
56346267252
56346275186
56346281900
56346286600
56346293802
56346300882
56346307840
56346313577
56346321085
56346325845
56346333231
56346340066
56346347696
56346354166
56346361551
56346367776
56346374917
56346381082
56346388345
56346395669
56346401834
56346409036
56346415628
56346421304
56346428018
56346434549
56346440347
56346446389
56346452249
56346459756
56346466775
56346471536
56346480020
56346485635
56346493264
56346499307
56346505532
56346512002
56346519326
56346526406
56346533608
56346539041
56346544961
56346549233
56346558450
56346564614
56346570596
56346577432
56346583352
56346589883
56346593850
56346602334
56346608071
56346614419
56346622109
56346629067
56346635903
56346642312
56346648415
56346654275
56346660317
56346669961
56346677224
56346683571
56346692360
56346699135
56346706704
56346716103
56346721779
56346729653
56346735512
56346743508
56346748940
56346754799
56346762368
56346766823
56346773842
56346778542
56346785561
56346791787
56346797463
56346803261
56346809548
56346814736
56346820900
56346827614
56346834023
56346839516
56346845925
56346850868
56346858925
56346865151
56346871803
56346877419
56346881996
56346890114
56346896217
56346903114
56346909401
56346916115
56346922890
56346929787
56346935036
56346941078
56346947731
56346953895
56346959816
56346967262
56346972938
56346978248
56346983742
56346989723
56346995155
56347003273
56347008461
56347013283
56347019569
56347025673
56347031776
56347037635
56347043251
56347048622
56347053993
56347060585
56347064247
56347072486
56347078468
56347084571
56347090431
56347096290
56347103248
56347108741
56347114906
56347118751
56347128578
56347134254
56347138954
56347145912
56347151405
56347158180
56347163917
56347170020
56347176551
56347182288
56347187782
56347193885
56347203284
56347210548
56347218909
56347224830
56347232642
56347238441
56347246680
56347253028
56347260535
56347267371
56347274207
56347280799
56347285621
56347293006
56347299293
56347305640
56347312049
56347317786
56347324866
56347328528
56347336768
56347343543
56347350013
56347355445
56347361121
56347367041
56347373389
56347379248
56347385901
56347392554
56347397437
56347404700
56347408057
56347416907
56347422888
56347429175
56347435645
56347441626
56347447119
56347453040
56347458533
56347464026
56347470252
56347474890
56347481116
56347486548
56347493567
56347499243
56347505530
56347510901
56347518042
56347523352
56347530615
56347534521
56347542395
56347549719
56347555212
56347562292
56347569128
56347576147
56347582068
56347589087
56347596045
56347603125
56347608679
56347615820
56347622717
56347628759
56347635962
56347642614
56347649450
56347655066
56347661047
56347666296
56347673254
56347681311
56347687475
56347695288
56347701147
56347707250
56347714575
56347720983
56347726965
56347734411
56347739660
56347746069
56347751440
56347757177
56347762792
56347770239
56347775488
56347782324
56347788244
56347798315
56347806005
56347811315
56347819616
56347827001
56347835790
56347845434
56347853246
56347863927
56347868444
56347876989
56347882909
56347889440
56347895604
56347901891
56347907201
56347913976
56347920873
56347925573
56347932225
56347938512
56347945043
56347951513
56347957738
56347963903
56347969457
56347976171
56347980870
56347988195
56347992528
56347998326
56348002599
56348009862
56348017064
56348024327
56348030980
56348037267
56348043187
56348049718
56348056676
56348062535
56348069554
56348075169
56348081212
56348088658
56348094518
56348100804
56348106480
56348113316
56348118504
56348125279
56348130711
56348137547
56348144017
56348150914
56348158360
56348163426
56348170872
56348176304
56348183629
56348190342
56348197728
56348204686
56348213536
56348220921
56348227635
56348234837
56348241307
56348248387
56348255467
56348262425
56348268223
56348274144
56348279881
56348288731
56348295750
56348302403
56348308750
56348314549
56348322544
56348328709
56348335484
56348342320
56348349766
56348357151
56348363926
56348370884
56348380161
56348387791
56348395603
56348403965
56348410679
56348417026
56348423740
56348431858
56348441013
56348446873
56348453037
56348460789
56348467624
56348474766
56348480930
56348488376
56348495273
56348501987
56348507419
56348515903
56348523166
56348529270
56348535556
56348542270
56348550022
56348556675
56348563388
56348569797
56348576145
56348583347
56348588047
56348595981
56348602268
56348609287
56348616550
56348623447
56348629245
56348636508
56348643222
56348648837
56348655368
56348661716
56348667880
56348675388
56348683627
56348689304
56348695102
56348702304
56348709384
56348716342
56348723300
56348728976
56348735263
56348742099
56348748447
56348755893
56348763888
56348770297
56348777072
56348783603
56348790866
56348799960
56348807345
56348815341
56348821444
56348827975
56348836520
56348842624
56348848483
56348855380
56348861178
56348868685
56348876803
56348883761
56348890841
56348895846
56348904330
56348907931
56348918002
56348924471
56348931185
56348938448
56348945040
56348952548
56348957552
56348964877
56348970553
56348979891
56348984530
56348991244
56348997958
56349004488
56349011935
56349016512
56349024264
56349030062
56349037020
56349042635
56349048800
56349054903
56349061800
56349065584
56349072603
56349078768
56349084871
56349091463
56349096895
56349103243
56349109163
56349115389
56349120821
56349128878
56349134981
56349140535
56349145357
56349153353
56349159273
56349165132
56349169771
56349175508
56349182527
56349187715
56349194490
56349201204
56349207613
56349212923
56349219515
56349225008
56349231478
56349236665
56349243746
56349248506
56349257356
56349263582
56349269319
56349274507
56349280550
56349288606
56349293733
56349301302
56349306429
56349312898
56349317720
56349325777
56349329256
56349337556
56349343538
56349351167
56349356660
56349362031
56349367586
56349373201
56349381135
56349386690
56349393770
56349398530
56349404573
56349409822
56349417390
56349423433
56349430574
56349437043
56349443330
56349449434
56349456636
56349463105
56349467683
56349474092
56349478913
56349487641
56349494660
56349502229
56349506928
56349514436
56349521211
56349527497
56349534150
56349542146
56349548432
56349554170
56349563935
56349571381
56349577668
56349585908
56349592500
56349599519
56349605256
56349612641
56349618989
56349625153
56349632661
56349639863
56349646271
56349652009
56349659943
56349664887
56349673310
56349679169
56349687287
56349694855
56349700165
56349707612
56349714264
56349720612
56349727204
56349734955
56349741913
56349747834
56349756073
56349762299
56349770111
56349776886
56349783295
56349790619
56349797089
56349804474
56349811859
56349817658
56349824433
56349832611
56349838349
56349846161
56349854279
56349860565
56349868378
56349874115
56349882111
56349886993
56349895416
56349902374
56349908600
56349914703
56349923798
56349930267
56349935333
56349941681
56349949859
56349954986
56349961822
56349968536
56349974518
56349981231
56349987762
56349996307
56350002228
56350011078
56350016143
56350024139
56350031158
56350037872
56350045562
56350052642
56350060638
56350066558
56350074493
56350082855
56350089447
56350095062
56350103301
56350109405
56350115631
56350122527
56350131805
56350137847
56350144927
56350151153
56350158294
56350166290
56350171478
56350180206
56350186797
56350191497
56350199371
56350207244
56350213531
56350220367
56350226958
56350233977
56350240935
56350248015
56350253997
56350261199
56350268706
56350275237
56350281402
56350289153
56350297332
56350302825
56350310698
56350317717
56350322966
56350329863
56350336882
56350341887
56350351104
56350356353
56350365081
56350370757
56350377776
56350384246
56350390654
56350398650
56350405974
56350413176
56350419402
56350424834
56350430144
56350437102
56350443816
56350454436
56350460356
56350467436
56350474150
56350479277
56350486906
56350493315
56350499236
56350505278
56350514006
56350519804
56350526823
56350534025
56350541838
56350547941
56350554716
56350561125
56350568632
56350575346
56350581877
56350589323
56350595610
56350600981
56350608915
56350615141
56350621000
56350628019
56350633818
56350640470
56350647245
56350653654
56350658415
56350666227
56350673368
56350680143
56350687895
56350694120
56350701994
56350709135
56350714872
56350721281
56350727873
56350734464
56350739103
56350746977
56350750517
56350758451
56350764616
56350773283
56350779203
56350786893
56350792997
56350799406
56350805692
56350814176
56350822599
56350828275
56350836576
56350841215
56350848173
56350856107
56350862577
56350870939
56350876310
56350884000
56350889798
56350896695
56350904569
56350911954
56350916959
56350924039
56350931119
56350936673
56350945096
56350950650
56350957364
56350964200
56350970304
56350976041
56350980741
56350988431
56350996121
56351002347
56351008023
56351014005
56351020841
56351026151
56351032193
56351039273
56351045804
56351052579
56351059049
56351064664
56351071256
56351077908
56351084927
56351091214
56351098355
56351104886
56351111722
56351119534
56351129178
56351136380
56351142911
56351149624
56351157620
56351164090
56351171292
56351178189
56351184903
56351191067
56351196499
56351206143
56351212674
56351219510
56351225857
56351232144
56351239773
56351246548
56351253445
56351260952
56351267056
56351272915
56351280728
56351287808
56351293362
56351300686
56351306790
56351313564
56351320217
56351330410
56351336636
56351342739
56351349697
56351354641
56351361782
56351368496
56351375027
56351382473
56351388638
56351396450
56351403713
56351409878
56351416958
56351422268
56351429592
56351438137
56351443752
56351451870
56351458339
56351465420
56351471767
56351478359
56351484951
56351491604
56351499172
56351505031
56351511745
56351518093
56351525478
56351533168
56351539028
56351545436
56351552272
56351557888
56351565395
56351571254
56351578273
56351584560
56351590908
56351597927
56351603725
56351612514
56351618373
56351625331
56351631252
56351637172
56351643886
56351649684
56351658351
56351665553
56351674159
56351680446
56351688075
56351693690
56351703090
56351713222
56351721217
56351727443
56351734218
56351739406
56351746974
56351753932
56351759974
56351767848
56351775050
56351780909
56351788661
56351795863
56351802455
56351807704
56351815883
56351823695
56351830775
56351839808
56351845301
56351852748
56351858668
56351864894
56351872340
56351878565
56351886256
56351893153
56351900477
56351905970
56351912501
56351918849
56351925623
56351932948
56351939723
56351945338
56351952906
56351959193
56351964808
56351972376
56351979334
56351984339
56351991175
56351997034
56352003199
56352009669
56352016932
56352023279
56352028956
56352035547
56352041102
56352047754
56352053797
56352062159
56352068751
56352074488
56352081141
56352087366
56352093226
56352098230
56352106470
56352111780
56352118921
56352124781
56352131678
56352137537
56352143763
56352149744
56352156763
56352162378
56352170374
56352176599
56352184107
56352189661
56352196619
56352202356
56352209375
56352218347
56352225610
56352233789
56352240625
56352249658
56352256128
56352262293
56352270837
56352278650
56352284753
56352290491
56352298608
56352305627
56352310693
56352318933
56352325891
56352333093
56352339319
56352344690
56352353113
56352359277
56352365198
56352371362
56352378320
56352385461
56352390222
56352397790
56352405236
56352410913
56352416772
56352423120
56352430932
56352435876
56352443078
56352447778
56352456201
56352461328
56352470117
56352476586
56352481652
56352489160
56352496362
56352502587
56352509362
56352516686
56352522607
56352531396
56352536950
56352544030
56352550256
56352557397
56352562829
56352570153
56352576684
56352583764
56352590050
56352595971
56352603234
56352610192
56352616967
56352622216
56352628380
56352635277
56352643456
56352651208
56352658593
56352665246
56352672326
56352676049
56352685814
56352692406
56352698998
56352705895
56352713280
56352718773
56352725182
56352731774
56352738366
56352745201
56352750634
56352757347
56352763695
56352769738
56352780541
56352786278
56352794029
56352801720
56352808006
56352814659
56352821800
56352831322
56352837425
56352848106
56352855125
56352861656
56352868004
56352874840
56352881554
56352887718
56352894737
56352901390
56352908287
56352914696
56352921226
56352926597
56352934044
56352939659
56352946922
56352953331
56352961876
56352968406
56352973900
56352981529
56352988304
56352995933
56353000877
56353006004
56353014549
56353019981
56353027793
56353033714
56353041221
56353047386
56353054100
56353060203
56353066795
56353072593
56353079490
56353085105
56353091636
56353097801
56353105247
56353110740
56353118369
56353124290
56353130882
56353137168
56353144248
56353150535
56353156638
56353162925
56353168113
56353174949
56353182639
56353187278
56353194053
56353201133
56353207175
56353214255
56353221763
56353227500
56353232566
56353241416
56353246787
56353253013
56353260581
56353267478
56353274497
56353280295
56353286277
56353292441
56353297080
56353305686
56353311728
56353319663
56353324729
56353330344
56353338462
56353345114
56353352256
56353360068
56353369956
56353376364
56353382773
56353388510
56353396567
56353404318
56353412619
56353420554
56353426596
56353432883
56353438742
56353444174
56353450766
56353457541
56353464255
56353470541
56353475912
56353481711
56353486410
56353493185
56353498312
56353506308
56353513022
56353517782
56353523825
56353529196
56353534750
56353540976
56353547384
56353552694
56353559530
56353564840
56353570639
56353574423
56353583517
56353588461
56353594015
56353599203
56353604818
56353611471
56353616232
56353624533
56353629782
56353635031
56353641745
56353647665
56353652914
56353659445
56353664083
56353671469
56353675253
56353683676
56353689840
56353696188
56353703085
56353708273
56353716085
56353721578
56353728170
56353733297
56353739767
56353745870
56353751913
56353756490
56353764059
56353770528
56353776693
56353782980
56353787374
56353793233
56353799276
56353805379
56353810873
56353818197
56353823324
56353828573
56353833150
56353841451
56353845724
56353854390
56353860555
56353866597
56353872823
56353877523
56353883748
56353889791
56353893514
56353901632
56353913045
56353919210
56353925924
56353932698
56353939656
56353945638
56353951497
56353959249
56353969625
56353976888
56353982015
56353989522
56353992940
56354001790
56354008077
56354013570
56354018269
56354023702
56354030293
56354034627
56354040974
56354046407
56354053181
56354058614
56354066243
56354071553
56354078145
56354083638
56354089497
56354095540
56354101948
56354108723
56354113728
56354120259
56354127278
56354133137
56354140034
56354146138
56354150837
56354156941
56354161763
56354168110
56354173481
56354180867
56354186238
56354193135
56354199910
56354204243
56354211140
56354217488
56354222737
56354229206
56354235432
56354240986
56354246846
56354251423
56354259785
56354264729
56354269673
56354276264
56354281208
56354286396
56354293904
56354297932
56354305988
56354309895
56354319477
56354322956
56354332905
56354339924
56354345844
56354351521
56354357441
56354365009
56354370625
56354377888
56354383503
56354391071
56354396748
56354404011
56354411701
56354421650
56354430744
56354439899
56354446003
56354453205
56354460407
56354468525
56354474323
56354480793
56354488788
56354495014
56354504596
56354512836
56354518940
56354529010
56354536151
56354542194
56354551654
56354560199
56354567035
56354575641
56354582660
56354588886
56354597553
56354604450
56354611163
56354616840
56354625446
56354632037
56354638690
56354644855
56354652240
56354658466
56354665790
56354672076
56354677936
56354683734
56354687396
56354697650
56354707110
56354714557
56354721454
56354727679
56354734576
56354740375
56354747760
56354752826
56354761004
56354765948
56354773272
56354778460
56354786395
56354792498
56354798480
56354805682
56354812030
56354817767
56354824054
56354830706
56354835711
56354843646
56354850848
56354856707
56354863055
56354869219
56354875811
56354882708
56354888568
56354895220
56354901629
56354909258
56354914446
56354923235
56354929766
56354935381
56354943072
56354948016
56354954791
56354962481
56354968584
56354976275
56354981280
56354988970
56354996294
56355002337
56355009539
56355016375
56355022783
56355030779
56355034014
56355041704
56355049578
56355059710
56355066607
56355074480
56355081011
56355087481
56355093950
56355101702
56355108721
56355116106
56355122454
56355130999
56355135942
56355143328
56355150225
56355157305
56355163103
56355169695
56355176409
56355182451
56355188494
56355194353
56355201311
56355208269
56355215166
56355220049
56355226946
56355234026
56355240251
56355247514
56355256425
56355264116
56355268999
56355276567
56355283769
56355289690
56355296831
56355303178
56355309160
56355316484
56355322587
56355328386
56355335283
56355342363
56355347917
56355355729
56355360856
56355367997
56355374406
56355381852
56355388566
56355393510
56355402299
56355407853
56355414201
56355421586
56355428300
56355434098
56355441239
56355445756
56355453996
56355457963
56355467546
56355472917
56355478776
56355486527
56355493485
56355500565
56355506974
56355514237
56355520280
56355526505
56355534867
56355540665
56355547807
56355552934
56355560014
56355566361
56355572648
56355580338
56355586625
56355592667
56355600114
56355605241
56355614396
56355621720
56355629105
56355635575
56355644852
56355653336
56355660294
56355665421
56355674210
56355680619
56355686905
56355694046
56355700333
56355707901
56355712967
56355720291
56355725052
56355733109
56355740677
56355746598
56355752457
56355758438
56355765702
56355770584
56355779190
56355786331
56355792862
56355799027
56355804764
56355811173
56355818070
56355824051
56355830460
56355837784
56355843826
56355849564
56355856644
56355862381
56355867691
56355876419
56355882828
56355887894
56355895950
56355901993
56355907730
56355913894
56355920181
56355927444
56355934097
56355940506
56355946609
56355953689
56355959549
56355966507
56355973892
56355980911
56355986404
56355993606
56355998428
56356005386
56356013321
56356019119
56356026138
56356031997
56356037735
56356044082
56356051406
56356057937
56356063980
56356070266
56356076370
56356083084
56356091140
56356096694
56356103957
56356109695
56356116531
56356122878
56356129470
56356138076
56356143691
56356149795
56356155959
56356161819
56356166763
56356175063
56356181411
56356187820
56356195876
56356202773
56356210525
56356216689
56356224380
56356230605
56356236831
56356244033
56356249953
56356257949
56356264724
56356272231
56356278457
56356284499
56356292006
56356298293
56356305678
56356312514
56356317031
56356324721
56356331679
56356337844
56356344191
56356351515
56356357314
56356364150
56356371169
56356378432
56356384352
56356391982
56356398329
56356405043
56356410109
56356418105
56356424208
56356430373
56356436354
56356442152
56356449477
56356456007
56356462416
56356468947
56356474684
56356482130
56356486952
56356494887
56356503004
56356507704
56356515333
56356521193
56356528761
56356534987
56356542494
56356548231
56356555128
56356561171
56356567885
56356574965
56356581373
56356588026
56356594435
56356601149
56356607252
56356613234
56356618849
56356625929
56356633253
56356636427
56356645399
56356650953
56356657362
56356664198
56356672621
56356678724
56356685194
56356691358
56356697340
56356702162
56356710462
56356716383
56356722059
56356729444
56356734998
56356743482
56356750928
56356756910
56356766187
56356771253
56356779432
56356786512
56356792615
56356799268
56356805921
56356815137
56356821058
56356828260
56356834058
56356842542
56356848279
56356855054
56356860975
56356868177
56356873426
56356880750
56356887037
56356894239
56356900464
56356906751
56356913404
56356918714
56356925855
56356930799
56356939221
56356944470
56356950574
56356957898
56356964490
56356971326
56356976270
56356983472
56356990369
56356997327
56357001477
56357004895
56357010816
56357014539
56357019238
56357024854
56357030835
56357034558
56357041333
56357046521
56357050732
56357056775
56357061047
56357067029
56357073437
56357078137
56357083752
56357088513
56357093274
56357098584
56357102002
56357108899
56357112012
56357118847
56357123425
56357128918
56357134717
56357138806
56357144787
56357149243
56357154431
56357158215
56357164807
56357170239
56357174633
56357181042
56357185681
56357189587
56357194470
56357200329
56357204968
56357210217
56357215283
56357219433
56357223828
56357229626
56357235668
56357243359
56357248547
56357255627
56357259533
56357266796
56357271496
56357278393
56357281323
56357287304
56357292553
56357299450
56357302563
56357310253
56357315441
56357320812
56357326183
56357331615
56357336132
56357341564
56357346142
56357350842
56357356152
56357359936
56357364452
56357369152
56357373852
56357377331
56357382763
56357387768
56357392712
56357398205
56357402904
56357406689
56357411999
56357415661
56357420482
56357425976
56357430187
56357434582
56357440258
56357446605
56357451305
56357458629
56357464428
56357471203
56357476940
56357480968
56357486095
56357490429
56357498363
56357503124
56357511364
56357517711
56357522228
56357527294
56357534557
56357537914
56357544994
56357548717
56357556163
56357562267
56357567211
56357573131
56357579051
56357582713
56357589794
56357593028
56357599681
56357602672
56357609203
56357612254
56357618663
56357622264
56357631236
56357635204
56357642101
56357647288
56357652721
56357659557
56357665172
56357671458
56357677440
56357685008
56357690990
56357697032
56357704051
56357711436
56357718028
56357723033
56357730967
56357736033
56357742930
56357749217
56357754832
56357759593
56357766856
56357773936
56357779307
56357787120
56357792735
56357800425
56357805918
56357810618
56357816355
56357822276
56357829600
56357836680
56357844676
56357850535
56357856089
56357861765
56357866465
56357874522
56357880198
56357886057
56357891490
56357897410
56357902659
56357908579
56357913584
56357918101
56357924693
56357929697
56357936533
56357943003
56357949290
56357956004
56357962534
56357968699
56357974802
56357980051
56357987192
56357993601
56357997019
56358005015
56358012034
56358018442
56358024302
56358030527
56358035959
56358042002
56358048349
56358053721
56358060068
56358064768
56358071482
56358077097
56358083506
56358086924
56358095774
56358102854
56358108225
56358114756
56358119638
56358125070
56358131723
56358137155
56358145395
56358151987
56358159799
56358165781
56358171945
56358177316
56358184458
56358189829
56358196848
56358203745
56358211191
56358218820
56358225412
56358230661
56358237924
56358245065
56358250986
56358259958
56358265451
56358272287
56358278635
56358283884
56358289621
56358294931
56358302804
56358308725
56358316171
56358322152
56358329782
56358333566
56358341012
56358346872
56358354684
56358358712
56358369027
56358373666
56358382516
56358386178
56358396859
56358404061
56358410836
56358419015
56358423410
56358430612
56358436349
56358443856
56358449533
56358456857
56358467721
56358475656
56358478951
56358486825
56358492562
56358498727
56358505135
56358511971
56358517037
56358523507
56358530770
56358536507
56358541329
56358546273
56358555733
56358559762
56358567940
56358571358
56358579232
56358583077
56358590645
56358596200
56358602364
56358608163
56358614693
56358618172
56358625313
56358630196
56358637337
56358640938
56358650094
56358654549
56358663094
56358668953
56358676522
56358680428
56358687630
56358693184
56358699166
56358706795
56358712105
56358719246
56358725594
56358730599
56358737679
56358742562
56358749092
56358756966
56358763008
56358767647
56358774971
56358779732
56358787239
56358791939
56358798348
56358806770
56358812325
56358817390
56358824654
56358830208
56358836494
56358842842
56358849983
56358855659
56358863289
56358868782
56358874946
56358882454
56358888191
56358892952
56358899055
56358907539
56358914253
56358919258
56358925728
56358930671
56358937202
56358944038
56358950508
56358957710
56358963630
56358971504
56358978584
56358987129
56358995918
56359004768
56359013618
56359025581
56359037422
56359045722
56359049873
56359065376
56359072517
56359084602
56359093452
56359100593
56359109870
56359116340
56359129157
56359137946
56359146308
56359154121
56359161323
56359168342
56359178962
56359187690
56359193061
56359203986
56359213691
56359222541
56359229926
56359236518
56359242438
56359253119
56359262702
56359270514
56359277839
56359286567
56359294074
56359303412
56359310492
56359318671
56359329535
56359338812
56359346015
56359354743
56359366156
56359375617
56359382941
56359391364
56359401251
56359410651
56359421088
56359429388
56359435736
56359447943
56359455878
56359459296
56359473395
56359480109
56359492682
56359498114
56359508307
56359518866
56359526251
56359533758
56359542852
56359550848
56359559332
56359566290
56359577948
56359585455
56359593389
56359601751
56359608648
56359616644
56359619696
56359633367
56359638983
56359649481
56359657110
56359664922
56359671880
56359677313
56359688787
56359694586
56359704595
56359712591
56359721746
56359731023
56359736028
56359747564
56359756109
56359761968
56359769170
56359778570
56359785345
56359794500
56359802556
56359810857
56359817144
56359824224
56359833318
56359840398
56359846074
56359855230
56359863713
56359871099
56359879033
56359887944
56359895147
