37236181713
37236188061
37236194775
37236200085
37236204357
37236211010
37236217297
37236223217
37236229809
37236236584
37236243053
37236248058
37236255932
37236263317
37236268688
37236276134
37236281628
37236288036
37236295360
37236301342
37236309398
37236315624
37236323131
37236330394
37236334972
37236344188
37236350658
37236356823
37236364086
37236369823
37236376720
37236384227
37236390941
37236398448
37236404308
37236410411
37236415111
37236422435
37236429882
37236436778
37236443126
37236449047
37236455638
37236461620
37236468822
37236473461
37236481822
37236486705
37236494029
37236498363
37236505931
37236512462
37236518199
37236523387
37236532237
37236538585
37236545909
37236552318
37236559764
37236567454
37236573985
37236581187
37236589000
37236594737
37236601390
37236608958
37236614024
37236622752
37236627940
37236636485
37236644114
37236649913
37236654979
37236663768
37236669322
37236676585
37236683360
37236691172
37236697886
37236704539
37236710826
37236717417
37236723033
37236730357
37236739085
37236746104
37236751902
37236758433
37236764842
37236771800
37236779185
37236784556
37236792429
37236797739
37236806406
37236811167
37236818674
37236823679
37236832774
37236835947
37236846445
37236853342
37236860667
37236866831
37236874277
37236880869
37236887583
37236894419
37236901316
37236908701
37236915293
37236920786
37236927317
37236934092
37236940683
37236950022
37236955698
37236963999
37236969004
37236977243
37236982309
37236990244
37236995432
37237005014
37237011179
37237018503
37237023935
37237031320
37237038156
37237043955
37237050363
37237060495
37237065805
37237074228
37237081064
37237089548
37237095834
37237103952
37237109811
37237120187
37237125681
37237134042
37237140024
37237148447
37237156381
37237163766
37237172555
37237178110
37237185495
37237193063
37237200387
37237207834
37237215158
37237221078
37237229501
37237238839
37237245309
37237254342
37237261178
37237269662
37237276620
37237283578
37237289682
37237301278
37237305307
37237316049
37237320016
37237331124
37237338387
37237345223
37237351144
37237362496
37237368722
37237377267
37237383187
37237393258
37237399239
37237407601
37237413522
37237424386
37237430733
37237438912
37237447030
37237454903
37237463265
37237470406
37237476754
37237485726
37237494210
37237505196
37237513314
37237521370
37237527352
37237535042
37237543038
37237554390
37237560799
37237568917
37237577034
37237583687
37237591255
37237598824
37237606758
37237615120
37237623482
37237630196
37237638436
37237646187
37237652107
37237660286
37237667915
37237677132
37237683357
37237691475
37237699287
37237703987
37237712837
37237720222
37237729134
37237735420
37237744881
37237754646
37237761055
37237768684
37237777839
37237785652
37237792915
37237799690
37237812507
37237817146
37237828621
37237834907
37237843330
37237849739
37237858772
37237867500
37237876838
37237883735
37237892036
37237900764
37237909553
37237915718
37237924995
37237931343
37237941657
37237950446
37237957832
37237967048
37237974189
37237981330
37237989265
37237996772
37238003669
37238014838
37238023872
37238030952
37238039863
37238047309
37238053779
37238062751
37238069343
37238078986
37238086127
37238095283
37238103949
37238112678
37238119086
37238128486
37238134772
37238146796
37238153754
37238160529
37238170172
37238178962
37238185431
37238192694
37238202399
37238211005
37238220954
37238227606
37238237189
37238244574
37238252081
37238256354
37238268378
37238272467
37238283942
37238289313
37238298285
37238306647
37238313849
37238320441
37238327704
37238335577
37238344183
37238350958
37238358282
37238365546
37238372565
37238379034
37238386053
37238394171
37238401739
37238408758
37238416144
37238424810
37238431524
37238439459
37238446173
37238454657
37238461920
37238470098
37238476324
37238484564
37238490362
37238497869
37238503851
37238513006
37238519964
37238527044
37238534002
37238542364
37238549749
37238556585
37238564764
37238572820
37238580511
37238588384
37238596258
37238601629
37238611089
37238614873
37238625494
37238634222
37238640874
37238648015
37238657964
37238666631
37238674749
37238681585
37238690740
37238701360
37238709050
37238719610
37238725164
37238733098
37238740789
37238748296
37238755803
37238763066
37238770513
37238777410
37238784917
37238791326
37238798894
37238806462
37238812993
37238821599
37238827275
37238831059
37238842473
37238849980
37238856511
37238860722
37238871831
37238879399
37238885991
37238893193
37238899602
37238905217
37238914006
37238919743
37238930119
37238936589
37238945256
37238951359
37238958256
37238967106
37238975590
37238981633
37238990178
37238998539
37239006291
37239013615
37239017949
37239027958
37239034611
37239043644
37239050541
37239060307
37239066899
37239075749
37239082218
37239089360
37239099430
37239107182
37239114567
37239122990
37239130619
37239135258
37239144962
37239153446
37239162113
37239168827
37239177128
37239183659
37239190556
37239200504
37239205936
37239215458
37239221989
37239229862
37239236881
37239245914
37239252323
37239261539
37239269352
37239278812
37239286136
37239293949
37239302067
37239310917
37239318912
37239327701
37239335819
37239343998
37239349918
37239359256
37239366947
37239373783
37239383487
37239390567
37239398929
37239407413
37239414493
37239423404
37239430789
37239438907
37239445377
37239453311
37239463504
37239469302
37239479129
37239485111
37239492496
37239499881
37239506595
37239513248
37239519534
37239524844
37239531924
37239537845
37239544925
37239549808
37239556644
37239560916
37239566653
37239572513
37239577334
37239583011
37239587954
37239593509
37239598697
37239604495
37239609805
37239614016
37239620730
37239625064
37239631717
37239636050
37239642215
37239647891
37239653323
37239657962
37239664920
37239669314
37239675479
37239680178
37239686648
37239691897
37239698245
37239705569
37239710513
37239716311
37239721133
37239726443
37239731265
37239736331
37239742373
37239745303
37239753115
37239758547
37239763613
37239769228
37239774722
37239781069
37239787966
37239793581
37239800661
37239804812
37239811098
37239816042
37239822024
37239826907
37239832033
37239839358
37239843325
37239849123
37239853091
37239858584
37239864443
37239869143
37239874453
37239880495
37239885073
37239890871
37239894411
37239900149
37239904909
37239911074
37239916933
37239923525
37239930361
37239936342
37239942507
37239948427
37239953371
37239959841
37239967653
37239972963
37239980593
37239985842
37239993471
37240000551
37240008119
37240013857
37240022524
37240027834
37240034120
37240041506
37240047792
37240053102
37240060182
37240067934
37240074220
37240081117
37240087038
37240090334
37240100160
37240106752
37240112367
37240118654
37240124513
37240130128
37240137636
37240143495
37240151491
37240157106
37240164369
37240170656
37240175599
37240183900
37240189149
37240196229
37240201906
37240209108
37240216188
37240224061
37240231324
37240237184
37240244081
37240252198
37240257447
37240265260
37240270509
37240279176
37240284303
37240291688
37240299562
37240305665
37240310914
37240318849
37240323976
37240333131
37240338319
37240345948
37240353455
37240359437
37240364503
37240374146
37240380555
37240386720
37240391969
37240400758
37240405946
37240414490
37240420899
37240427125
37240432862
37240443116
37240448731
37240456299
37240462098
37240470215
37240477845
37240484253
37240491761
37240499817
37240505494
37240514100
37240521546
37240527466
37240534974
37240542359
37240548706
37240557740
37240564148
37240572510
37240578003
37240585388
37240591492
37240597718
37240604920
37240608338
37240617676
37240623169
37240628357
37240634461
37240639710
37240645081
37240651734
37240657166
37240664612
37240669128
37240675903
37240682556
37240689087
37240693848
37240700684
37240706360
37240712219
37240719116
37240723572
37240730896
37240735046
37240741211
37240745544
37240753113
37240757629
37240765686
37240770630
37240775757
37240782348
37240787109
37240793030
37240799438
37240805603
37240811096
37240815063
37240821228
37240827087
37240832580
37240840088
37240844299
37240850647
37240854736
37240861023
37240867248
37240871643
37240875793
37240882934
37240887939
37240893615
37240898681
37240903747
37240909057
37240914184
37240919982
37240925231
37240930847
37240934631
37240941467
37240946227
37240951659
37240956420
37240962219
37240966857
37240972411
37240977844
37240982970
37240988342
37240993346
37241001098
37241005798
37241012084
37241018798
37241023925
37241031188
37241037475
37241044128
37241050963
37241056273
37241062804
37241069030
37241075377
37241082335
37241088805
37241095702
37241101073
37241107909
37241114257
37241121459
37241126220
37241132994
37241139769
37241146788
37241152098
37241160826
37241164183
37241172789
37241179198
37241184752
37241191649
37241199156
37241205870
37241211424
37241217467
37241224608
37241231749
37241236388
37241244994
37241251585
37241257018
37241263548
37241270140
37241276915
37241283873
37241289122
37241298033
37241303221
37241312376
37241319029
37241325011
37241331969
37241339415
37241347166
37241353880
37241359678
37241367186
37241373655
37241380613
37241387388
37241394407
37241401610
37241409361
37241415403
37241422972
37241428892
37241435789
37241442930
37241448545
37241456236
37241464231
37241471189
37241477659
37241482908
37241490171
37241498655
37241504759
37241511106
37241519285
37241526304
37241533079
37241539366
37241547910
37241555906
37241563230
37241569578
37241577085
37241583128
37241590696
37241598630
37241606809
37241613828
37241621152
37241628171
37241633420
37241641111
37241646726
37241653867
37241658933
37241666196
37241671201
37241679502
37241682798
37241690183
37241695554
37241702207
37241706601
37241713010
37241718442
37241725217
37241730588
37241737302
37241743711
37241749387
37241755551
37241761228
37241767881
37241772336
37241779111
37241783628
37241790830
37241795224
37241801633
37241808164
37241813352
37241817929
37241824399
37241830197
37241835874
37241841977
37241848264
37241853024
37241859799
37241864316
37241871030
37241876889
37241883176
37241887814
37241894406
37241898801
37241905148
37241911557
37241916928
37241923154
37241929562
37241933774
37241939755
37241945553
37241950863
37241956235
37241961361
37241966549
37241972531
37241978024
37241983090
37241988339
37241992428
37241999997
37242004452
37242009884
37242014889
37242020749
37242025204
37242030880
37242034848
37242040463
37242044918
37242050595
37242057186
37242064450
37242069577
37242075741
37242082272
37242086788
37242094662
37242099972
37242108822
37242114376
37242121700
37242128658
37242136227
37242142880
37242147579
37242155636
37242160214
37242168453
37242172115
37242182430
37242186092
37242194820
37242200130
37242209652
37242216488
37242222713
37242230282
37242236324
37242243587
37242251278
37242254818
37242264828
37242268184
37242277767
37242281185
37242291195
37242297847
37242303890
37242311763
37242317440
37242324337
37242330440
37242337154
37242344905
37242349727
37242359676
37242366634
37242373592
37242379329
37242386287
37242393306
37242400081
37242406368
37242413387
37242421626
37242426875
37242433772
37242439021
37242446956
37242452571
37242459651
37242465022
37242475337
37242479121
37242487056
37242492366
37242500423
37242507136
37242514888
37242520320
37242529109
37242534846
37242540706
37242545894
37242552974
37242558162
37242567012
37242573665
37242581843
37242587153
37242595210
37242603206
37242608882
37242617671
37242624018
37242634333
37242640925
37242649714
37242655818
37242663691
37242671199
37242675776
37242683955
37242691401
37242697932
37242705012
37242712641
37242717707
37242724604
37242729609
37242737360
37242744868
37242749690
37242756403
37242760859
37242768366
37242771662
37242779047
37242783747
37242791499
37242798090
37242803522
37242809382
37242814936
37242820978
37242826166
37242832026
37242838068
37242842341
37242848810
37242851984
37242859797
37242864252
37242870905
37242875605
37242882197
37242887568
37242892695
37242897944
37242904413
37242910273
37242914850
37242920038
37242927912
37242933344
37242937799
37242943537
37242949213
37242954096
37242959833
37242965082
37242970392
37242975885
37242981195
37242987238
37242991754
37242998041
37243002374
37243009943
37243013483
37243020990
37243025934
37243031549
37243036127
37243041986
37243045953
37243051813
37243058527
37243063959
37243068231
37243073297
37243078363
37243083917
37243089838
37243093927
37243100946
37243105829
37243110773
37243116205
37243122186
37243126825
37243132623
37243137933
37243145074
37243149896
37243156549
37243162713
37243168939
37243174859
37243180719
37243187249
37243192437
37243200311
37243205865
37243211175
37243216424
37243225030
37243231866
37243239495
37243244317
37243252435
37243260125
37243266473
37243272637
37243280572
37243286431
37243293756
37243300164
37243306756
37243312493
37243319268
37243327630
37243334527
37243340203
37243347466
37243354180
37243361016
37243366937
37243374383
37243381463
37243388421
37243394891
37243399956
37243408440
37243413872
37243420830
37243426263
37243435113
37243439019
37243447014
37243452080
37243460442
37243466607
37243472527
37243477959
37243486260
37243492058
37243499443
37243503472
37243510918
37243515862
37243524529
37243530938
37243536858
37243543267
37243550835
37243555535
37243564629
37243569451
37243576897
37243584587
37243591789
37243598015
37243604790
37243611443
37243619011
37243625176
37243630608
37243637810
37243643059
37243651482
37243657341
37243663567
37243669365
37243678764
37243685844
37243692314
37243699516
37243706169
37243713615
37243720756
37243729606
37243735527
37243744377
37243752312
37243757744
37243766716
37243774894
37243780632
37243788627
37243793815
37243799919
37243807731
37243812675
37243818168
37243822746
37243829216
37243835136
37243841545
37243846427
37243852531
37243859794
37243864921
37243871940
37243876884
37243883720
37243888420
37243894706
37243899650
37243906913
37243911979
37243916923
37243921378
37243927482
37243934135
37243939018
37243944755
37243949699
37243954826
37243961478
37243964530
37243971976
37243975089
37243983207
37243989371
37243995170
37244000541
37244005668
37244010795
37244017142
37244022697
37244028068
37244034171
37244040702
37244046805
37244052176
37244056388
37244062003
37244068107
37244074027
37244080130
37244085624
37244091056
37244097525
37244101676
37244108817
37244113761
37244120780
37244125479
37244131461
37244137137
37244142752
37244150382
37244155631
37244160269
37244165457
37244171744
37244176993
37244183097
37244188834
37244193839
37244198844
37244204581
37244211051
37244218131
37244223990
37244229056
37244237357
37244242423
37244249625
37244255240
37244262259
37244268057
37244274832
37244282034
37244288748
37244295523
37244300955
37244307730
37244315787
37244322012
37244327261
37244335806
37244342825
37244348746
37244355704
37244362967
37244369803
37244376761
37244385367
37244391043
37244398733
37244403860
37244410574
37244415640
37244424368
37244431936
37244438528
37244444143
37244451773
37244457205
37244464712
37244472647
37244478262
37244486624
37244492117
37244500479
37244506887
37244513418
37244519460
37244526846
37244534414
37244540701
37244549978
37244555654
37244562612
37244569997
37244576833
37244582143
37244590139
37244597219
37244603323
37244610464
37244616811
37244623708
37244629934
37244636831
37244644643
37244651662
37244657155
37244665639
37244672353
37244680715
37244687307
37244694082
37244698903
37244706777
37244714040
37244720937
37244728505
37244735646
37244744252
37244747975
37244758596
37244766652
37244773488
37244781301
37244787709
37244795094
37244801503
37244808644
37244816945
37244822499
37244830922
37244837819
37244845815
37244852467
37244859181
37244863820
37244870534
37244877187
37244883168
37244887440
37244894154
37244901662
37244907704
37244913991
37244920033
37244925831
37244931935
37244938527
37244943043
37244950673
37244955128
37244961964
37244966420
37244975636
37244980153
37244987538
37244992115
37244999257
37245003895
37245011280
37245015858
37245023060
37245027638
37245035694
37245042591
37245047718
37245053089
37245059864
37245064381
37245071095
37245076649
37245083302
37245088185
37245094471
37245099659
37245105702
37245111256
37245116627
37245122242
37245127735
37245133167
37245138660
37245145191
37245149342
37245155689
37245161121
37245166920
37245171070
37245177052
37245183094
37245188099
37245193592
37245199695
37245204029
37245209827
37245214527
37245220447
37245227039
37245231556
37245236744
37245242054
37245247059
37245251148
37245258472
37245264698
37245269825
37245275562
37245280323
37245285755
37245292286
37245297657
37245304432
37245309803
37245318470
37245324146
37245330371
37245336780
37245341663
37245348560
37245353931
37245362171
37245368213
37245375354
37245381946
37245386524
37245393360
37245400562
37245407398
37245413196
37245419910
37245425037
37245430713
37245437976
37245444385
37245452502
37245459155
37245467029
37245473682
37245480884
37245487231
37245494372
37245502185
37245509448
37245515246
37245522082
37245528918
37245535266
37245540515
37245547351
37245554858
37245560534
37245567492
37245574817
37245580676
37245585864
37245593798
37245597400
37245607104
37245610827
37245619921
37245626208
37245632434
37245637622
37245645617
37245651599
37245659899
37245666369
37245672839
37245678271
37245687548
37245694689
37245700854
37245707507
37245715502
37245723010
37245728930
37245732470
37245741320
37245746874
37245754198
37245761156
37245768481
37245774035
37245781847
37245786669
37245794298
37245802172
37245807238
37245813952
37245822375
37245830248
37245836291
37245843920
37245852160
37245859972
37245865954
37245874498
37245880053
37245887987
37245894030
37245902147
37245908495
37245916491
37245924608
37245931505
37245938280
37245944689
37245949633
37245957933
37245962633
37245969347
37245974230
37245981188
37245986070
37245994371
37245998705
37246005052
37246009508
37246016893
37246021654
37246029405
37246034837
37246040880
37246046251
37246051012
37246056261
37246062303
37246066637
37246074449
37246078661
37246084764
37246090013
37246095567
37246101488
37246107042
37246113878
37246118272
37246125230
37246129381
37246136217
37246140855
37246147508
37246151658
37246159105
37246164476
37246170579
37246175218
37246180894
37246185472
37246191148
37246196336
37246202012
37246206956
37246213792
37246218370
37246223497
37246229112
37246234117
37246239671
37246245713
37246250169
37246256028
37246260545
37246266160
37246270555
37246277574
37246282945
37246288926
37246294053
37246298631
37246303636
37246308457
37246313584
37246320542
37246324510
37246331345
37246336900
37246341355
37246345261
37246352586
37246355759
37246365525
37246372483
37246378342
37246384751
37246390549
37246396104
37246401963
37246410081
37246414719
37246421921
37246428391
37246434922
37246438828
37246447251
37246455430
37246460618
37246467820
37246472580
37246480759
37246485581
37246493454
37246498093
37246506882
37246512131
37246520615
37246526413
37246533554
37246536728
37246545883
37246551682
37246560837
37246565598
37246572922
37246579514
37246585861
37246592087
37246598496
37246606125
37246612961
37246619125
37246625473
37246631210
37246637619
37246643784
37246650192
37246658493
37246663559
37246671188
37246676071
37246683578
37246691147
37246696945
37246703598
37246711044
37246717148
37246724289
37246729355
37246736618
37246743210
37246748764
37246757553
37246764267
37246770065
37246776474
37246782577
37246788925
37246794723
37246801071
37246809372
37246814498
37246821273
37246826400
37246833236
37246839584
37246846420
37246851119
37246859542
37246865463
37246873763
37246879135
37246888229
37246894637
37246900802
37246905929
37246916000
37246923324
37246929549
37246934982
37246943282
37246948653
37246957626
37246965377
37246974349
37246978805
37246988265
37246994613
37246999740
37247004317
37247011825
37247017989
37247023604
37247028914
37247035262
37247040450
37247045516
37247051375
37247057845
37247064559
37247070784
37247077254
37247081466
37247088546
37247092818
37247099471
37247104232
37247111068
37247117049
37247123336
37247127547
37247133223
37247138777
37247144454
37247150923
37247158065
37247161116
37247168868
37247176314
37247182173
37247186751
37247192854
37247199141
37247204939
37247211043
37247216658
37247222212
37247227766
37247233504
37247237654
37247245589
37247250227
37247256148
37247260054
37247267012
37247271712
37247277266
37247282332
37247288313
37247293501
37247298567
37247303999
37247309248
37247314558
37247319624
37247326338
37247330305
37247336592
37247340864
37247346541
37247351606
37247357405
37247362959
37247369490
37247373945
37247379072
37247384871
37247388716
37247394636
37247399763
37247407148
37247410505
37247418989
37247425154
37247431684
37247437788
37247443586
37247450361
37247456648
37247463362
37247467817
37247474775
37247481123
37247487654
37247492353
37247500349
37247505476
37247514021
37247519941
37247526106
37247533186
37247540388
37247543928
37247554487
37247560407
37247567548
37247574445
37247580854
37247587385
37247593915
37247601423
37247608015
37247614423
37247619428
37247627607
37247632551
37247640790
37247645734
37247654767
37247658307
37247667402
37247672345
37247679731
37247684613
37247693525
37247699994
37247707807
37247712690
37247719831
37247725385
37247732587
37247738751
37247745954
37247753217
37247759992
37247765241
37247772443
37247779340
37247785748
37247790265
37247798871
37247806561
37247813153
37247819135
37247825604
37247832440
37247837201
37247844098
37247850629
37247858990
37247865704
37247872723
37247878522
37247885541
37247891705
37247897259
37247904584
37247911969
37247918500
37247925335
37247930157
37247938031
37247945721
37247951825
37247958172
37247966351
37247974225
37247981915
37247990521
37247998150
37248006390
37248012432
37248020611
37248026470
37248036236
37248043194
37248048626
37248053570
37248061871
37248066693
37248074017
37248078350
37248084942
37248089520
37248097332
37248103130
37248108318
37248115215
37248121624
37248126263
37248132549
37248137981
37248143475
37248147747
37248153789
37248159344
37248165081
37248171307
37248177837
37248182842
37248189739
37248196026
37248202373
37248208416
37248214519
37248219097
37248224895
37248230877
37248235454
37248242107
37248246746
37248253521
37248257671
37248263958
37248269695
37248274456
37248280254
37248285930
37248290386
37248298565
37248303569
37248310955
37248315898
37248322917
37248327434
37248335369
37248339946
37248347576
37248353130
37248358013
37248363933
37248369243
37248374675
37248380962
37248387676
37248393596
37248399638
37248403789
37248410869
37248415019
37248421245
37248425456
37248431804
37248435771
37248443584
37248446452
37248453960
37248459270
37248465312
37248471660
37248475810
37248481792
37248488872
37248494426
37248501384
37248508342
37248514628
37248521586
37248527812
37248533549
37248539897
37248546672
37248552836
37248558635
37248565837
37248572734
37248578105
37248587138
37248592265
37248600566
37248604533
37248612101
37248617228
37248625773
37248632548
37248638713
37248645121
37248653239
37248656962
37248665812
37248672221
37248679911
37248684794
37248692118
37248697917
37248705241
37248711955
37248717143
37248723246
37248730753
37248737711
37248743327
37248750712
37248758097
37248764872
37248771525
37248777201
37248783671
37248790140
37248798014
37248804850
37248810099
37248819193
37248825236
37248831339
37248836710
37248844523
37248849650
37248857584
37248861307
37248870829
37248877543
37248884378
37248891397
37248899027
37248905680
37248912271
37248916788
37248924295
37248931192
37248938516
37248945597
37248951090
37248960123
37248965860
37248974832
37248981180
37248987528
37248993936
37249001199
37249006754
37249015482
37249023660
37249030008
37249034952
37249045938
37249053018
37249058816
37249065958
37249073282
37249078226
37249086404
37249094461
37249101785
37249107522
37249114053
37249120950
37249129312
37249131082
37249142434
37249147561
37249155557
37249160989
37249167642
37249172647
37249177835
37249185403
37249189920
37249194619
37249200906
37249207070
37249213113
37249217752
37249223306
37249227273
37249233682
37249240823
37249245706
37249252175
37249257913
37249263406
37249267983
37249274453
37249279397
37249287881
37249292397
37249298074
37249302529
37249309609
37249314492
37249321755
37249326882
37249334573
37249339577
37249347146
37249351601
37249358254
37249362771
37249368996
37249373391
37249381020
37249385842
37249392190
37249396218
37249403481
37249408669
37249414834
37249420022
37249425881
37249430153
37249436013
37249442177
37249446694
37249452065
37249457680
37249464638
37249470131
37249475441
37249481179
37249486855
37249491127
37249497841
37249501931
37249507973
37249513344
37249519326
37249525551
37249530312
37249536293
37249541786
37249546547
37249552529
37249558937
37249564919
37249571633
37249576393
37249584145
37249588844
37249596901
37249602516
37249609169
37249612160
37249621193
37249627174
37249632423
37249638771
37249645546
37249652565
37249658913
37249665504
37249671974
37249678322
37249685158
37249692726
37249697853
37249704872
37249709511
37249717933
37249724159
37249730324
37249737709
37249745277
37249750648
37249757850
37249762367
37249769630
37249776588
37249782264
37249792274
37249799049
37249804969
37249811317
37249818031
37249824378
37249829566
37249835975
37249844337
37249849464
37249856239
37249860999
37249869483
37249874305
37249882423
37249889076
37249897010
37249903541
37249909156
37249915626
37249922767
37249929603
37249935950
37249943580
37249950233
37249956092
37249962440
37249969215
37249975562
37249982154
37249987037
37249995215
37250001990
37250008948
37250013953
37250021949
37250026771
37250033729
37250041968
37250050086
37250057044
37250064795
37250071753
37250077063
37250083533
37250091407
37250098731
37250106055
37250111548
37250119422
37250125586
37250133460
37250139441
37250147376
37250156348
37250163550
37250169165
37250177039
37250184180
37250189490
37250195410
37250202857
37250208472
37250216345
37250224768
37250231299
37250236670
37250242895
37250247778
37250253271
37250260107
37250264380
37250270361
37250275854
37250281897
37250286047
37250292700
37250296789
37250305517
37250310888
37250315771
37250319983
37250327612
37250332922
37250337683
37250342932
37250349341
37250354712
37250360937
37250366430
37250371984
37250377478
37250382971
37250389624
37250395300
37250401220
37250406835
37250412207
37250416479
37250423437
37250427648
37250434728
37250439184
37250446508
37250451391
37250457617
37250463049
37250467932
37250472570
37250480200
37250485693
37250490759
37250496801
37250501806
37250506689
37250511877
37250517675
37250521703
37250527807
37250533544
37250537939
37250541784
37250548681
37250554174
37250559972
37250564794
37250570531
37250574865
37250581762
37250586278
37250591405
37250598119
37250602209
37250608617
37250612462
37250619970
37250625585
37250632055
37250637365
37250644445
37250649755
37250656347
37250662999
37250668737
37250673681
37250680333
37250688390
37250693151
37250700963
37250703893
37250712316
37250719335
37250724889
37250732701
37250738683
37250746923
37250751805
37250759374
37250765782
37250770482
37250777745
37250784032
37250792943
37250798985
37250805333
37250812047
37250818333
37250824498
37250830846
37250839391
37250844395
37250851598
37250856419
37250865086
37250868565
37250877537
37250882847
37250891698
37250897374
37250904515
37250911229
37250916844
37250923436
37250930943
37250936924
37250944249
37250950901
37250957432
37250964329
37250970799
37250977024
37250983616
37250990757
37250997532
37251004673
37251009617
37251016758
37251023289
37251030613
37251035496
37251044102
37251050327
37251057408
37251062901
37251070042
37251076206
37251081761
37251088291
37251095921
37251102573
37251109043
37251116062
37251122593
37251128574
37251136265
37251143162
37251150425
37251156895
37251163914
37251170261
37251177463
37251183933
37251190952
37251199192
37251206577
37251213474
37251220493
37251226291
37251234104
37251241306
37251249180
37251257297
37251264133
37251276096
37251281894
37251287204
37251293491
37251298801
37251304782
37251311496
37251318210
37251323947
37251329685
37251334201
37251341159
37251346103
37251355136
37251358066
37251366550
37251372043
37251378391
37251383395
37251389865
37251394321
37251400729
37251407565
37251413852
37251419772
37251425815
37251431308
37251437472
37251444247
37251448764
37251456393
37251461886
37251468539
37251471835
37251480624
37251486545
37251493075
37251499179
37251505038
37251509982
37251516269
37251522860
37251528720
37251535617
37251539889
37251546359
37251551242
37251557406
37251562533
37251568332
37251575839
37251581210
37251586459
37251592440
37251597628
37251603671
37251609530
37251615084
37251620394
37251626864
37251632418
37251637362
37251642733
37251649874
37251655184
37251661288
37251665682
37251672762
37251678133
37251682467
37251690279
37251694857
37251703097
37251710238
37251716036
37251722018
37251728915
37251735690
37251741976
37251749117
37251753878
37251761568
37251766512
37251773897
37251781527
37251787081
37251794954
37251801607
37251808504
37251815279
37251821200
37251828402
37251836336
37251843172
37251850802
37251857210
37251864656
37251871187
37251878023
37251884615
37251891695
37251898592
37251905306
37251911287
37251918184
37251925691
37251931063
37251939363
37251945894
37251951875
37251958284
37251965852
37251972017
37251978609
37251985689
37251993196
37251999056
37252004182
37252011446
37252017000
37252024385
37252029939
37252038911
37252045930
37252053010
37252059602
37252067659
37252073274
37252080598
37252088228
37252095003
37252101961
37252108919
37252116121
37252121736
37252130891
37252139131
37252147004
37252153596
37252161287
37252165803
37252173494
37252180757
37252186616
37252193330
37252200898
37252208222
37252215180
37252221894
37252229402
37252234773
37252243134
37252250886
37252256562
37252263642
37252272126
37252278962
37252287324
37252293671
37252300996
37252307648
37252314606
37252319428
37252327058
37252333405
37252339020
37252345429
37252352570
37252357819
37252364289
37252370881
37252377534
37252382111
37252388825
37252394929
37252400971
37252406769
37252412873
37252418488
37252423981
37252430512
37252435029
37252441498
37252447724
37252452607
37252457123
37252466034
37252471222
37252477997
37252482514
37252488861
37252494477
37252500885
37252506439
37252512116
37252518524
37252523163
37252530426
37252536347
37252541840
37252548981
37252554230
37252559906
37252566254
37252571991
37252578339
37252582428
37252588715
37252594635
37252600189
37252604462
37252610443
37252616425
37252622223
37252627350
37252632050
37252639618
37252644623
37252651031
37252657074
37252662384
37252667694
37252673126
37252680511
37252686065
37252693207
37252697540
37252704864
37252709991
37252715973
37252720428
37252726532
37252732513
37252737823
37252743805
37252749237
37252753509
37252758941
37252766693
37252772857
37252779266
37252785675
37252792144
37252798309
37252804656
37252809478
37252818145
37252823028
37252830352
37252836639
37252842742
37252849273
37252856841
37252862579
37252872527
37252878143
37252884734
37252890899
37252898162
37252906036
37252911285
37252920318
37252924163
37252934478
37252940765
37252948394
37252954742
37252962371
37252968413
37252976348
37252982757
37252988921
37252995269
37253003020
37253009429
37253017119
37253024016
37253029876
37253036834
37253044524
37253050261
37253058257
37253065947
37253072844
37253079436
37253086211
37253093535
37253100493
37253105864
37253112883
37253120024
37253127043
37253134551
37253141814
37253148345
37253154997
37253160674
37253167998
37253174712
37253182219
37253189726
37253194853
37253203825
37253209807
37253215605
37253223296
37253229521
37253236662
37253244658
37253249602
37253256926
37253265288
37253272307
37253277556
37253284331
37253291777
37253298796
37253306791
37253312346
37253321684
37253329008
37253337797
37253345182
37253351652
37253359770
37253366362
37253374235
37253382658
37253388212
37253397062
37253403349
37253411955
37253419645
37253426664
37253431791
37253439237
37253444731
37253451261
37253456449
37253463041
37253469816
37253475614
37253481107
37253487028
37253493253
37253497831
37253504728
37253510648
37253516386
37253522367
37253528593
37253534574
37253539518
37253545499
37253551420
37253557462
37253563871
37253569974
37253576017
37253580472
37253587064
37253591398
37253599271
37253603910
37253611539
37253616239
37253623868
37253629300
37253634671
37253639249
37253647367
37253650724
37253658170
37253664579
37253669767
37253675748
37253682218
37253687467
37253694730
37253699552
37253706632
37253712979
37253718656
37253724698
37253729093
37253735318
37253739469
37253747464
37253752469
37253758084
37253762662
37253769376
37253775296
37253780911
37253786588
37253792081
37253796964
37253802457
37253809720
37253814847
37253819730
37253826199
37253831326
37253836270
37253841946
37253845608
37253851346
37253856473
37253863431
37253870206
37253876858
37253883389
37253888089
37253894558
37253901028
37253908413
37253915555
37253922757
37253928921
37253936123
37253943142
37253950283
37253957608
37253964932
37253972012
37253977261
37253986172
37253992459
37253998806
37254004666
37254012417
37254019680
37254025479
37254031643
37254039517
37254045986
37254052517
37254057156
37254064541
37254071316
37254078152
37254083157
37254090664
37254098537
37254106228
37254112331
37254119167
37254126797
37254132595
37254140469
37254145901
37254155300
37254161831
37254167873
37254175136
37254183620
37254190883
37254198086
37254203518
37254211208
37254220058
37254227016
37254232509
37254239467
37254246791
37254254177
37254261318
37254266628
37254275722
37254281765
37254290370
37254296657
37254302883
37254310024
37254315822
37254322658
37254330654
37254337551
37254344142
37254350368
37254356960
37254364101
37254369655
37254379726
37254384975
37254392482
37254400417
37254406764
37254412563
37254421291
37254427028
37254436122
37254441859
37254449855
37254455531
37254465419
37254471278
37254478541
37254486293
37254493861
37254501368
37254508632
37254516200
37254522914
37254527919
37254534999
37254541713
37254547572
37254553492
37254560023
37254564540
37254570704
37254576686
37254583216
37254587794
37254595423
37254600306
37254607081
37254611964
37254619654
37254625514
37254630580
37254634974
37254642054
37254648219
37254653101
37254659388
37254665919
37254671656
37254677393
37254683497
37254689906
37254696070
37254702296
37254707423
37254712122
37254720423
37254725672
37254731776
37254737757
37254743494
37254749048
37254754786
37254760340
37254766627
37254772730
37254776880
37254782984
37254788843
37254792872
37254798670
37254804468
37254809412
37254816004
37254821680
37254825464
37254831873
37254836512
37254842615
37254847742
37254854334
37254860315
37254866053
37254872461
37254878199
37254882654
37254891748
37254897730
37254902979
37254908350
37254913355
37254919397
37254924402
37254930994
37254935877
37254942652
37254947473
37254953211
37254960413
37254968164
37254974878
37254980432
37254987085
37254992822
37254998621
37255005273
37255011987
37255018762
37255025537
37255031702
37255036951
37255043909
37255050256
37255056604
37255066247
37255072656
37255079553
37255086389
37255092309
37255099023
37255106103
37255113794
37255119104
37255127710
37255132959
37255139856
37255145532
37255152246
37255159814
37255166528
37255173608
37255178430
37255186059
37255191003
37255199914
37255206628
37255214013
37255220788
37255226953
37255233300
37255239587
37255245629
37255251977
37255260705
37255266930
37255274194
37255279992
37255287194
37255292626
37255299523
37255307946
37255314477
37255320519
37255326745
37255333642
37255341332
37255348534
37255354943
37255361779
37255369225
37255376854
37255384240
37255391930
37255399743
37255408104
37255414574
37255422020
37255428307
37255434594
37255442101
37255447167
37255456139
37255464440
37255470665
37255477806
37255485558
37255491173
37255499108
37255507042
37255514061
37255519554
37255526390
37255533348
37255540306
37255545677
37255551781
37255558739
37255563500
37255570641
37255575462
37255581810
37255585960
37255591942
37255598045
37255603600
37255609093
37255614891
37255621300
37255626366
37255632225
37255638389
37255644249
37255650352
37255655662
37255661644
37255665794
37255671593
37255677635
37255685203
37255690696
37255696007
37255701500
37255706810
37255712242
37255717552
37255725181
37255731834
37255736900
37255742698
37255747703
37255752769
37255760582
37255766319
37255771934
37255777488
37255782737
37255787986
37255792808
37255800315
37255807151
37255812950
37255818565
37255823448
37255829795
37255835777
37255841026
37255847251
37255853416
37255858970
37255862815
37255868675
37255874412
37255881919
37255888816
37255893638
37255899375
37255905112
37255910422
37255916160
37255919883
37255927878
37255932700
37255938865
37255944480
37255950339
37255956992
37255961143
37255970115
37255976523
37255983054
37255987937
37255994651
37256001426
37256007529
37256016135
37256020957
37256027793
37256034385
37256040732
37256046164
37256053122
37256060752
37256065757
37256073874
37256079611
37256086508
37256092978
37256098776
37256107993
37256113120
37256121176
37256126792
37256135153
37256140952
37256148703
37256155295
37256161826
37256169333
37256175559
37256182272
37256187582
37256195578
37256200827
37256208578
37256214743
37256221640
37256228171
37256234396
37256241354
37256247580
37256255148
37256260214
37256267904
37256274069
37256281393
37256286459
37256293356
37256300192
37256306967
37256313253
37256319479
37256326559
37256331076
37256339437
37256347311
37256354879
37256361715
37256382223
37256388754
37256395529
37256404806
37256412008
37256419332
37256428304
37256432028
37256443380
37256451864
37256458883
37256467367
37256476644
37256484823
37256491842
37256499044
37256508993
37256516622
37256523214
37256532735
37256539754
37256547750
37256554037
37256561666
37256566610
37256572591
37256578939
37256584737
37256590291
37256596273
37256603353
37256609029
37256614827
37256619100
37256625509
37256631551
37256636861
37256643270
37256647481
37256654622
37256659444
37256665364
37256669637
37256676168
37256683126
37256689290
37256695638
37256699788
37256706502
37256711202
37256717977
37256724202
37256730428
37256736470
37256741719
37256747395
37256751546
37256757954
37256762593
37256770833
37256776448
37256782796
37256788167
37256793477
37256798543
37256803914
37256809834
37256815755
37256821187
37256826375
37256831319
37256838338
37256842244
37256850300
37256855122
37256860493
37256865437
37256870381
37256877339
37256882832
37256888936
37256894307
37256899678
37256905476
37256909749
37256916584
37256921894
37256927754
37256932270
37256939289
37256943623
37256948567
37256956013
37256960713
37256969502
37256975605
37256981526
37256988545
37256994526
37257001240
37257007954
37257014973
37257020954
37257027180
37257033161
37257039387
37257046894
37257052326
37257060871
37257067463
37257074726
37257079548
37257086323
37257094135
37257100361
37257107624
37257112690
37257120624
37257126789
37257133930
37257141132
37257147480
37257155536
37257162555
37257168903
37257173603
37257180744
37257187092
37257194660
37257201801
37257208820
37257215656
37257222309
37257230121
37257235126
37257242878
37257249225
37257257343
37257263874
37257270587
37257276752
37257282672
37257291034
37257295856
37257306049
37257312335
37257319171
37257325336
37257332050
37257338275
37257344684
37257352924
37257358417
37257366534
37257372455
37257379596
37257385699
37257392841
37257401569
37257406634
37257414569
37257419391
37257427447
37257433673
37257440936
37257447101
37257456195
37257463031
37257470233
37257478412
37257486957
37257495196
37257503802
37257511798
37257520648
37257527728
37257535846
37257542804
37257548846
37257558673
37257563494
37257569964
37257574481
37257581378
37257586871
37257592608
37257599139
37257604754
37257610980
37257615130
37257621295
37257625384
37257632586
37257638690
37257644671
37257651263
37257657061
37257662493
37257667803
37257674456
37257678973
37257686541
37257690997
37257697100
37257703265
37257708880
37257715472
37257719622
37257728411
37257733782
37257738543
37257744585
37257750750
37257756060
37257761675
37257768084
37257773089
37257779986
37257784014
37257790606
37257795733
37257802324
37257809404
37257813799
37257820086
37257824175
37257829729
37257835711
37257840593
37257847673
37257853533
37257857805
37257862505
37257868364
37257874651
37257879351
37257886309
37257890886
37257897173
37257903093
37257908037
37257913530
37257918718
37257924150
37257929277
37257935747
37257938249
37257945512
37257950761
37257956560
37257964555
37257969865
37257977007
37257982317
37257988847
37257995012
37258002519
37258010393
37258015031
37258023515
37258029314
37258034624
37258041215
37258048601
37258054094
37258061357
37258068559
37258073869
37258082231
37258087236
37258095659
37258098832
37258109086
37258115739
37258122026
37258128679
37258134782
37258142350
37258147477
37258156083
37258162553
37258169572
37258175920
37258182633
37258188127
37258196183
37258203324
37258209062
37258217668
37258223100
37258229997
37258236222
37258242753
37258249772
37258256303
37258262956
37258268082
37258275712
37258280412
37258288590
37258295670
37258303178
37258308549
37258315568
37258321061
37258328141
37258335526
37258341996
37258349198
37258354203
37258362931
37258368546
37258375931
37258381119
37258388627
37258397721
37258403031
37258410477
37258415238
37258424454
37258428910
37258437821
37258443131
37258451065
37258458084
37258464798
37258471695
37258476883
37258485855
37258491593
37258500870
37258508560
37258514603
37258522476
37258529312
37258535965
37258542679
37258551834
37258557388
37258564774
37258569595
37258575638
37258580338
37258588577
37258591324
37258599564
37258605057
37258610977
37258615616
37258621536
37258628799
37258632889
37258641678
37258647415
37258652176
37258658157
37258664444
37258669449
37258675796
37258683609
37258688675
37258695633
37258701431
37258707595
37258712478
37258718521
37258726028
37258731094
37258736953
37258742263
37258748184
37258753738
37258758865
37258765213
37258772537
37258778396
37258784133
37258789321
37258794753
37258800369
37258804946
37258812759
37258818069
37258825149
37258829604
37258834548
37258839980
37258843704
37258852065
37258856704
37258862563
37258868362
37258873244
37258878860
37258882461
37258889724
37258894912
37258900466
37258905898
37258911635
37258917434
37258923904
37258930312
37258935988
37258943740
37258949843
37258954055
37258960158
37258968337
37258975478
37258982314
37258989150
37258994338
37259002395
37259008498
37259015395
37259020827
37259028456
37259033400
37259039565
37259047316
37259053908
37259061537
37259067763
37259073928
37259081130
37259087844
37259093703
37259100295
37259108046
37259112258
37259121901
37259128249
37259135268
37259143141
37259149184
37259158156
37259165297
37259172865
37259179091
37259185866
37259192641
37259199904
37259208510
37259216078
37259222914
37259230726
37259236220
37259244093
37259251906
37259257826
37259265150
37259271193
37259278883
37259285292
37259291945
37259298903
37259306593
37259313795
37259319715
37259326551
37259333082
37259339918
37259347181
37259355055
37259361158
37259367506
37259373487
37259379713
37259387647
37259393934
37259401014
37259408521
37259413709
37259420240
37259427076
37259434156
37259439405
37259445875
37259453382
37259459119
37259466932
37259472791
37259477857
37259486036
37259493116
37259500684
37259507520
37259515943
37259520887
37259529127
37259536817
37259542798
37259550001
37259558729
37259567273
37259573499
37259581373
37259589307
37259595411
37259602369
37259607129
37259613538
37259619580
37259624097
37259630872
37259636609
37259641919
37259648389
37259654981
37259661328
37259667920
37259675427
37259681836
37259687146
37259693738
37259699109
37259705701
37259711560
37259716260
37259722852
37259729382
37259735242
37259742444
37259746960
37259753857
37259758374
37259766431
37259772473
37259777722
37259782178
37259790173
37259795850
37259801038
37259805676
37259813183
37259818249
37259824963
37259830701
37259836011
37259840527
37259849255
37259854565
37259859753
37259865490
37259871777
37259877942
37259884716
37259889355
37259895642
37259901318
37259907727
37259912854
37259917920
37259923535
37259927685
37259935315
37259939526
37259947522
37259952282
37259958386
37259964367
37259968579
37259974255
37259979748
37259985180
37259990673
37259996288
37260001660
37260008068
37260012341
37260018444
37260024181
37260031384
37260037914
37260043652
37260050304
37260057018
37260064526
37260069530
37260078258
37260085155
37260090588
37260097179
37260104687
37260110607
37260118358
37260123913
37260131542
37260138683
37260145702
37260153698
37260158947
37260167797
37260174450
37260180431
37260187389
37260194042
37260201000
37260207409
37260214428
37260222850
37260228099
37260236522
37260241649
37260249462
37260254650
37260263317
37260268444
37260276317
37260281627
37260290111
37260295543
37260304027
37260309398
37260318370
37260323985
37260330638
37260337962
37260343700
37260349620
37260355418
37260360362
37260369395
37260376231
37260383617
37260388377
37260397349
37260402965
37260410777
37260417857
37260424754
37260433665
37260440135
37260445872
37260453807
37260459971
37260466868
37260472667
37260480052
37260487620
37260492869
37260500071
37260507884
37260515635
37260520945
37260528392
37260535960
37260542857
37260550303
37260555491
37260563609
37260569102
37260577952
37260583750
37260594065
37260599803
37260607127
37260614573
37260622630
37260628428
37260637034
37260642832
37260652049
37260657725
37260666514
37260672251
37260680491
37260688242
37260694895
37260700388
37260709421
37260714487
37260722544
37260726999
37260733408
37260737925
37260745432
37260751291
37260757761
37260762400
37260772165
37260776926
37260783640
37260789194
37260795908
37260800791
37260807505
37260812876
37260819651
37260824350
37260830942
37260837717
37260842173
37260848886
37260854929
37260860788
37260866709
37260871713
37260878366
37260882883
37260889658
37260895700
37260901071
37260905283
37260911447
37260918466
37260923288
37260929392
37260935373
37260941293
37260946237
37260953073
37260959238
37260965768
37260970102
37260976755
37260983224
37260988168
37260993845
37260998361
37261004098
37261010019
37261014474
37261020639
37261026193
37261031503
37261037546
37261041574
37261047006
37261050790
37261056894
37261063241
37261069284
37261073678
37261079660
37261085031
37261089792
37261094430
37261099557
37261106393
37261111459
37261116037
37261121652
37261128244
37261132638
37261138803
37261145639
37261151315
37261157723
37261162118
37261169137
37261172128
37261180184
37261185250
37261193307
37261200143
37261208199
37261215646
37261221200
37261226998
37261234994
37261242684
37261249032
37261252267
37261261666
37261267159
37261273934
37261281319
37261288766
37261296212
37261303048
37261309456
37261316231
37261322335
37261329232
37261334054
37261342782
37261348946
37261354806
37261360848
37261366890
37261374093
37261381783
37261389534
37261396248
37261403206
37261408394
37261413216
37261422982
37261428780
37261436043
37261442940
37261449410
37261456917
37261461495
37261471077
37261478523
37261483711
37261492623
37261497872
37261504646
37261511299
37261520332
37261526985
37261532173
37261540291
37261546577
37261552437
37261560249
37261567757
37261575325
37261582100
37261588509
37261593819
37261602180
37261607490
37261618782
37261624885
37261632698
37261638679
37261646553
37261651558
37261660042
37261668647
37261676521
37261683357
37261688484
37261696968
37261702644
37261712837
37261718208
37261726203
37261729805
37261739265
37261742683
37261751716
37261755866
37261761299
37261767707
37261774177
37261779792
37261785285
37261790840
37261795478
37261803413
37261808418
37261814887
37261824958
37261832649
37261836921
37261842719
37261850227
37261854438
37261861640
37261867438
37261873420
37261877509
37261885139
37261889594
37261897590
37261903327
37261908515
37261913093
37261919196
37261925056
37261930549
37261935004
37261941352
37261947211
37261952704
37261956916
37261962653
37261968757
37261973822
37261979743
37261983832
37261990302
37261994147
37262000434
37262004340
37262009894
37262016059
37262021979
37262025702
37262031256
37262037360
37262042365
37262046332
37262051825
37262058661
37262063910
37262069647
37262074835
37262079901
37262084845
37262090094
37262095404
37262101325
37262105475
37262111762
37262115485
37262122687
37262125433
37262133734
37262140326
37262147406
37262151984
37262158575
37262164008
37262170599
37262177496
37262183539
37262190680
37262196783
37262203131
37262207648
37262214545
37262220953
37262227118
37262233771
37262241827
37262247931
37262254889
37262258368
37262267096
37262273016
37262280218
37262287664
37262293585
37262299871
37262306890
37262313299
37262319525
37262325445
37262332769
37262339483
37262346990
37262353521
37262359930
37262366400
37262372747
37262377325
37262384405
37262393987
37262398992
37262405889
37262412298
37262417303
37262424627
37262431280
37262437627
37262444280
37262451543
37262458623
37262464727
37262470098
37262476446
37262483343
37262489995
37262496526
37262501653
37262510076
37262514837
37262521184
37262527654
37262534612
37262539373
37262547307
37262552373
37262559514
37262564702
37262573430
37262578801
37262585027
37262592656
37262600164
37262606328
37262613469
37262620122
37262626531
37262631902
37262638921
37262643621
37262650945
37262658635
37262663823
37262671941
37262677983
37262684575
37262692632
37262697942
37262705937
37262711919
37262719914
37262727788
37262733891
37262740910
37262747075
37262755559
37262762028
37262769292
37262775151
37262781804
37262787724
37262793034
37262799138
37262805974
37262810856
37262817937
37262822514
37262829777
37262832707
37262841252
37262846684
37262853215
37262857792
37262864567
37262871159
37262877018
37262881718
37262887394
37262895451
37262900334
37262907170
37262911564
37262917485
37262921513
37262928837
37262934147
37262940800
37262947209
37262952702
37262958439
37262962651
37262968144
37262973698
37262981449
37262986332
37262993107
37262998478
37263003361
37263009098
37263013981
37263019230
37263027409
37263032047
37263037479
37263041935
37263047062
37263052738
37263056889
37263064335
37263070988
37263076420
37263081425
37263086491
37263091312
37263096378
37263103519
37263106449
37263113529
37263118046
37263123661
37263128910
37263134037
37263140629
37263144535
37263151371
37263155704
37263161503
37263166446
37263172306
37263179935
37263185856
37263192386
37263196964
37263203556
37263210025
37263215030
37263222538
37263229129
37263234867
37263240604
37263246402
37263252872
37263259220
37263265933
37263274112
37263280216
37263287235
37263292545
37263299381
37263304385
37263312320
37263318607
37263325443
37263332584
37263337833
37263345767
37263350589
37263357852
37263365176
37263372378
37263378909
37263385257
37263391360
37263397952
37263404239
37263410708
37263417911
37263422976
37263431277
37263437076
37263444522
37263452517
37263459109
37263466555
37263474063
37263479678
37263485232
37263492190
37263498233
37263506167
37263513247
37263519778
37263526858
37263533206
37263539309
37263544497
37263553530
37263559939
37263567507
37263574893
37263581179
37263585635
37263592898
37263599429
37263606143
37263615969
37263622622
37263629397
37263635928
37263642702
37263649172
37263655703
37263662844
37263669253
37263676211
37263683474
37263690432
37263697329
37263704104
37263709536
37263719973
37263727175
37263733339
37263738588
37263746706
37263751772
37263760622
37263767092
37263774965
37263782290
37263787722
37263794252
37263799074
37263806032
37263812807
37263819216
37263826235
37263831850
37263837587
37263842409
37263848085
37263852419
37263856752
37263864321
37263870119
37263876344
37263880800
37263887453
37263892458
37263898378
37263905214
37263909853
37263916994
37263923036
37263927675
37263932680
37263939516
37263946046
37263950746
37263956911
37263961488
37263967714
37263973878
37263978395
37263985109
37263991395
37263996950
37264002321
37264007631
37264013307
37264017640
37264023256
37264029298
37264034852
37264040895
37264044923
37264051149
37264055116
37264061036
37264065309
37264072755
37264077394
37264083253
37264088075
37264093629
37264099000
37264103944
37264110902
37264113710
37264121461
37264126039
37264131532
37264137330
37264142396
37264150025
37264155519
37264159913
37264164369
37264170899
37264174684
37264179872
37264187928
37264194032
37264200379
37264206483
37264212647
37264217164
37264223267
37264231629
37264236756
37264243104
37264248658
37264255860
37264261780
37264268677
37264276490
37264283509
37264289246
37264295777
37264302186
37264307191
37264315552
37264318665
37264328187
37264334717
37264342042
37264348206
37264355896
37264362244
37264368531
37264375794
37264382813
37264389832
37264394593
37264401612
37264408570
37264414429
37264419129
37264429199
37264435120
37264442322
37264448975
37264456665
37264462525
37264468811
37264476441
37264481934
37264489441
37264494141
37264501770
37264506775
37264515747
37264518921
37264529358
37264536865
37264543213
37264549011
37264555359
37264561035
37264567749
37264575134
37264582397
37264589172
37264595215
37264602417
37264608825
37264615845
37264623047
37264629516
37264635376
37264641662
37264648193
37264652954
37264662048
37264667846
37264675659
37264682861
37264689636
37264696533
37264702270
37264708984
37264716735
37264724609
37264731750
37264736511
37264744079
37264750793
37264757751
37264765136
37264770446
37264779723
37264786743
37264792785
37264799072
37264806030
37264810790
37264817382
37264822753
37264829589
37264834655
37264840942
37264846374
37264851989
37264857482
37264863097
37264870422
37264875854
37264881896
37264886962
37264892028
37264897460
37264903625
37264909362
37264915160
37264920653
37264926024
37264931945
37264936217
37264941893
37264947387
37264955809
37264960631
37264966674
37264971495
37264977416
37264981627
37264987731
37264994689
37265000243
37265005736
37265009825
37265016661
37265021117
37265026549
37265030821
37265039183
37265044493
37265050414
37265055419
37265061644
37265067504
37265072508
37265078673
37265083922
37265089293
37265095580
37265100035
37265105345
37265110899
37265115355
37265121642
37265127196
37265132140
37265137450
37265142393
37265149351
37265155211
37265160826
37265164915
37265170409
37265176512
37265181456
37265186278
37265190306
37265197752
37265203673
37265210264
37265214598
37265221495
37265227293
37265233030
37265240721
37265245298
37265253172
37265258726
37265264158
37265270079
37265277952
37265285032
37265291746
37265297239
37265303770
37265312254
37265318968
37265330198
37265333616
37265343931
37265347471
37265356809
37265362058
37265369077
37265375669
37265382139
37265389158
37265394651
37265402830
37265407957
37265416013
37265421934
37265428831
37265434873
37265442258
37265449338
37265455625
37265462156
37265467893
37265475645
37265480649
37265488828
37265493894
37265501768
37265504941
37265513791
37265519346
37265526914
37265532407
37265539670
37265547300
37265553708
37265559812
37265564695
37265573240
37265578366
37265586789
37265593808
37265601010
37265607236
37265613645
37265620603
37265626950
37265634702
37265639951
37265647092
37265651853
37265660520
37265663877
37265672482
37265681943
37265688413
37265695859
37265700742
37265707455
37265714841
37265721738
37265726804
37265736630
37265742978
37265750790
37265754452
37265764767
37265768490
37265777890
37265785275
37265793332
37265800473
37265807492
37265814999
37265821835
37265826108
37265832394
37265841000
37265845822
37265852169
37265857113
37265863034
37265869137
37265873532
37265878781
37265885128
37265891110
37265896908
37265902706
37265908261
37265914120
37265918209
37265926998
37265932553
37265938961
37265943295
37265949215
37265955624
37265960262
37265967587
37265973690
37265978573
37265984310
37265989071
37265994991
37266001461
37266007504
37266012936
37266018673
37266024227
37266030087
37266034481
37266041317
37266045406
37266052425
37266057674
37266064327
37266069088
37266075069
37266080379
37266085140
37266092281
37266096187
37266102169
37266106930
37266112606
37266118221
37266123165
37266127010
37266133724
37266138790
37266143612
37266149227
37266153133
37266160335
37266162716
37266171627
37266177120
37266182369
37266187984
37266192928
37266198177
37266202510
37266209224
37266214412
37266220455
37266226253
37266231685
37266238704
37266244625
37266251949
37266259517
37266266170
37266271175
37266277278
37266284969
37266289912
37266299068
37266305232
37266310725
37266317867
37266323543
37266329524
37266336848
37266342403
37266352290
37266358638
37266366206
37266372249
37266378779
37266385982
37266393306
37266399959
37266404719
37266413142
37266420161
37266426631
37266433833
37266438594
37266447017
37266453242
37266460200
37266466243
37266472224
37266478999
37266486018
37266494319
37266499446
37266507746
37266513667
37266520869
37266527095
37266533381
37266539668
37266547053
37266553584
37266559992
37266566584
37266572810
37266580134
37266584956
37266593623
37266601191
37266607050
37266613032
37266620173
37266625788
37266633051
37266640620
37266647211
37266655085
37266660822
37266667109
37266673456
37266679194
37266686152
37266693903
37266701594
37266708979
37266716669
37266721552
37266730158
37266735346
37266744806
37266751947
37266760248
37266766291
37266774591
37266780268
37266788446
37266795404
37266802423
37266810907
37266818781
37266825739
37266834040
37266839899
37266847772
37266854059
37266861322
37266867304
37266871759
37266877130
37266883661
37266889276
37266895197
37266901849
37266906671
37266913202
37266917596
37266925531
37266932184
37266937067
37266944086
37266950677
37266954706
37266961359
37266967340
37266973443
37266979425
37266985345
37266991571
37266997308
37267002374
37267008355
37267014764
37267019403
37267027459
37267032831
37267039300
37267043878
37267050287
37267055841
37267061761
37267067315
37267073602
37267080255
37267086053
37267092218
37267096795
37267103814
37267108453
37267115350
37267119561
37267126153
37267131158
37267137200
37267142877
37267147515
37267153069
37267159051
37267166619
37267172112
37267177117
37267182549
37267188470
37267193841
37267198480
37267203973
37267209710
37267215325
37267220940
37267226373
37267231988
37267237481
37267243706
37267247796
37267254754
37267259759
37267264519
37267270928
37267276421
37267281121
37267289605
37267295220
37267302178
37267305474
37267314690
37267320183
37267327202
37267333794
37267339348
37267345086
37267352715
37267358574
37267366265
37267373589
37267380547
37267387627
37267392937
37267401665
37267408684
37267415398
37267422356
37267427788
37267434563
37267442131
37267448906
37267454765
37267461784
37267467217
37267474907
37267482475
37267489494
37267495842
37267502739
37267507988
37267515617
37267523247
37267530327
37267536980
37267542229
37267549675
37267556694
37267563408
37267570305
37267577263
37267582695
37267590385
37267597343
37267604423
37267609672
37267617363
37267624321
37267629326
37267637077
37267644523
37267651359
37267656120
37267663993
37267672477
37267679374
37267685112
37267692070
37267699150
37267705986
37267711051
37267718925
37267726310
37267733390
37267740470
37267747428
37267754264
37267761344
37267767021
37267773917
37267781364
37267788383
37267794059
37267801017
37267808402
37267815299
37267820182
37267828117
37267835746
37267843192
37267848258
37267856681
37267862418
37267870780
37267877860
37267884513
37267892631
37267901481
37267909110
37267916739
37267922782
37267929313
37267936515
37267944754
37267947989
37267956046
37267961234
37267968680
37267974845
37267980033
37267984427
37267990958
37267998465
37268003714
37268006888
37268015616
37268021048
37268027884
37268030936
37268039420
37268045462
37268050711
37268056143
37268062796
37268068594
37268075186
37268080679
37268085928
37268093741
37268099600
37268104361
37268111136
37268116873
37268123465
37268128592
37268133963
37268139639
37268146414
37268152945
37268159109
37268163748
37268170462
37268176565
37268181204
37268186819
37268193533
37268199820
37268205862
37268211599
37268217520
37268221975
37268228750
37268235342
37268240530
37268246328
37268251822
37268257620
37268263113
