37692927919
37692934877
37692940310
37692946901
37692952761
37692959291
37692964113
37692969973
37692975099
37692980715
37692988161
37692995119
37693001589
37693007997
37693013063
37693019838
37693026735
37693032961
37693040651
37693049501
37693055849
37693063783
37693072389
37693078127
37693085695
37693092104
37693097963
37693105897
37693113466
37693119447
37693124757
37693132753
37693138307
37693145387
37693152284
37693159364
37693165346
37693172181
37693178407
37693186403
37693192689
37693198549
37693205934
37693213197
37693220155
37693227174
37693234437
37693242250
37693248536
37693253724
37693261476
37693268312
37693274781
37693281739
37693289369
37693295838
37693304444
37693310853
37693318788
37693323548
37693331544
37693337769
37693346986
37693353883
37693359864
37693368287
37693375733
37693383485
37693391907
37693398804
37693405335
37693413331
37693419556
37693427308
37693433350
37693441224
37693447999
37693453431
37693459900
37693467713
37693475037
37693480469
37693488160
37693495240
37693502991
37693510926
37693517823
37693523987
37693530701
37693538086
37693545044
37693550965
37693560303
37693566956
37693574036
37693580384
37693589234
37693596619
37693603028
37693609986
37693617981
37693624085
37693630005
37693636353
37693644409
37693651367
37693657959
37693667236
37693672730
37693680237
37693687744
37693694641
37693700073
37693708130
37693715210
37693722900
37693729919
37693737244
37693744995
37693751587
37693757385
37693764038
37693773071
37693779968
37693787231
37693795471
37693801819
37693808227
37693814880
37693823913
37693828979
37693836853
37693843322
37693851196
37693858398
37693864501
37693871643
37693879882
37693887329
37693895507
37693902221
37693908935
37693915710
37693922668
37693929504
37693935668
37693942687
37693948974
37693958129
37693964782
37693972411
37693979125
37693986633
37693994262
37694002685
37694011047
37694020080
37694027892
37694035766
37694040282
37694049865
37694056457
37694066283
37694072692
37694083190
37694092650
37694100951
37694105529
37694117247
37694123961
37694132140
37694139098
37694149779
37694158446
37694163634
37694172972
37694179320
37694188780
37694195983
37694204711
37694210570
37694219969
37694226988
37694235899
37694244322
37694250792
37694258421
37694267027
37694272459
37694281310
37694289427
37694295653
37694303404
37694313353
37694323118
37694330504
37694339354
37694347532
37694354063
37694362730
37694372801
37694381346
37694391844
37694400023
37694406797
37694415648
37694424315
37694432920
37694441282
37694450621
37694455381
37694466551
37694473631
37694481260
37694491880
37694500486
37694507383
37694516477
37694527342
37694534544
37694544737
37694550352
37694560545
37694568052
37694576292
37694583189
37694594236
37694602781
37694610654
37694617673
37694626218
37694634641
37694641538
37694648374
37694658201
37694666196
37694675718
37694684385
37694689817
37694700864
37694709897
37694716672
37694723691
37694733640
37694742002
37694749814
37694759091
37694767209
37694775388
37694783933
37694792233
37694800046
37694807431
37694816709
37694821469
37694833005
37694841489
37694850095
37694856931
37694865292
37694872372
37694880490
37694888425
37694896970
37694906735
37694912839
37694923520
37694930905
37694939267
37694950314
37694957455
37694965024
37694975644
37694983334
37694991208
37694998715
37695007809
37695016354
37695026181
37695035031
37695043942
37695052914
37695062069
37695067257
37695078854
37695087460
37695095211
37695104122
37695111935
37695119686
37695127560
37695133602
37695141232
37695148617
37695156857
37695163937
37695171078
37695178097
37695184200
37695192257
37695197750
37695206539
37695213009
37695221859
37695227779
37695237606
37695245174
37695253048
37695260372
37695268001
37695276180
37695283321
37695291256
37695298214
37695305660
37695311947
37695318660
37695326900
37695334407
37695340999
37695347591
37695354183
37695361141
37695366939
37695375972
37695382747
37695389400
37695396663
37695403377
37695410335
37695417903
37695424251
37695432735
37695439327
37695446895
37695452754
37695460017
37695466914
37695473079
37695481868
37695490169
37695498286
37695504268
37695511348
37695520076
37695526973
37695535152
37695542720
37695549556
37695558284
37695564998
37695571467
37695579158
37695587886
37695595454
37695602290
37695610591
37695617305
37695625483
37695632014
37695639704
37695646235
37695652827
37695662287
37695669795
37695678218
37695685237
37695692073
37695700434
37695707453
37695716059
37695722956
37695731928
37695738825
37695747004
37695754450
37695761774
37695770014
37695777827
37695789057
37695795344
37695803644
37695811457
37695819392
37695827082
37695835078
37695842097
37695851008
37695859492
37695867609
37695873896
37695883295
37695889643
37695899225
37695905695
37695915339
37695924189
37695932795
37695939020
37695947138
37695954340
37695961786
37695970270
37695979486
37695987299
37695997003
37696004694
37696012018
37696019953
37696028131
37696036188
37696044183
37696052179
37696060968
37696068964
37696076349
37696084222
37696090448
37696096918
37696106195
37696114496
37696121759
37696129632
37696138849
37696147272
37696154596
37696163629
37696170953
37696176385
37696186761
37696194513
37696202386
37696210077
37696218133
37696225335
37696233209
37696239556
37696249688
37696259210
37696267144
37696273492
37696281243
37696286798
37696292901
37696301019
37696308099
37696315972
37696321038
37696328362
37696333550
37696340386
37696346429
37696352776
37696361382
37696366998
37696372308
37696376519
37696383233
37696388970
37696394158
37696400445
37696407586
37696411980
37696418633
37696424309
37696429131
37696435479
37696441643
37696446465
37696454888
37696460320
37696464531
37696471001
37696477166
37696482415
37696488335
37696494072
37696499810
37696506524
37696511223
37696517876
37696523552
37696528496
37696531243
37696540459
37696546135
37696552300
37696557732
37696563591
37696567925
37696573540
37696581047
37696586113
37696591240
37696596855
37696601677
37696606438
37696612358
37696618828
37696624748
37696629082
37696634880
37696640434
37696646660
37696651421
37696655266
37696663567
37696668388
37696674431
37696679924
37696684380
37696689262
37696694939
37696701591
37696705742
37696712028
37696716545
37696724846
37696730766
37696736381
37696743339
37696751213
37696757499
37696764091
37696768364
37696774772
37696780571
37696787651
37696797111
37696802971
37696809196
37696815666
37696823295
37696826469
37696836174
37696841362
37696849723
37696855339
37696863090
37696869804
37696875358
37696881462
37696888603
37696895866
37696903190
37696910575
37696915458
37696922233
37696928581
37696935294
37696942008
37696950370
37696956535
37696964103
37696970329
37696975944
37696983024
37696990226
37696995109
37697003287
37697010062
37697017264
37697024283
37697029227
37697035209
37697042289
37697051505
37697057486
37697063712
37697071464
37697077628
37697084220
37697090690
37697097159
37697105277
37697110160
37697117789
37697124015
37697131217
37697136466
37697143668
37697149100
37697158011
37697163077
37697170218
37697176932
37697183646
37697191153
37697199149
37697206290
37697212271
37697220023
37697224905
37697232901
37697238760
37697247366
37697252737
37697261954
37697268973
37697276846
37697282828
37697290091
37697296866
37697302542
37697308768
37697316885
37697323904
37697331351
37697339224
37697344595
37697351431
37697357657
37697364981
37697369864
37697378103
37697383658
37697388968
37697394705
37697400076
37697405508
37697413382
37697419546
37697424490
37697430166
37697436392
37697441885
37697446768
37697452749
37697459463
37697465200
37697471365
37697478140
37697482412
37697488882
37697493032
37697501272
37697507192
37697512441
37697517812
37697523184
37697529165
37697534536
37697540151
37697547353
37697553030
37697559255
37697563650
37697569753
37697574758
37697580801
37697588247
37697592092
37697598928
37697603078
37697609182
37697614370
37697619192
37697625234
37697631277
37697635732
37697641347
37697645986
37697651662
37697657277
37697662404
37697669973
37697675771
37697680166
37697685903
37697691518
37697696279
37697701894
37697709035
37697713979
37697718862
37697724660
37697729482
37697734975
37697740041
37697744741
37697751454
37697757375
37697763051
37697767201
37697773732
37697780446
37697786183
37697794728
37697800832
37697806508
37697813527
37697818654
37697825612
37697830739
37697836537
37697845204
37697851857
37697858327
37697864430
37697871327
37697877492
37697884206
37697890797
37697897389
37697905141
37697911000
37697917042
37697923451
37697931019
37697935902
37697944020
37697950734
37697957753
37697962819
37697970082
37697976429
37697983510
37697991871
37697999196
37698005360
37698012257
37698018360
37698024464
37698031422
37698036976
37698045094
37698051197
37698059010
37698065357
37698072499
37698078236
37698085438
37698093861
37698098988
37698106068
37698113636
37698119862
37698124744
37698132618
37698137562
37698147083
37698154163
37698160084
37698166920
37698174061
37698180714
37698185657
37698194385
37698201282
37698207447
37698213306
37698220814
37698225452
37698233082
37698238758
37698246937
37698253101
37698260120
37698267444
37698272815
37698279590
37698286487
37698295520
37698302295
37698308033
37698314136
37698321521
37698328296
37698333972
37698343433
37698349231
37698355457
37698362476
37698369983
37698376026
37698382984
37698390064
37698396472
37698402210
37698408557
37698413989
37698418872
37698424426
37698431079
37698438281
37698443713
37698448962
37698454150
37698460315
37698467273
37698472827
37698480762
37698485889
37698493030
37698498523
37698503406
37698509631
37698515430
37698520373
37698526477
37698534045
37698539416
37698544909
37698550525
37698557055
37698563159
37698569568
37698574389
37698580493
37698585681
37698592089
37698598132
37698604602
37698610705
37698616076
37698622729
37698627429
37698634204
37698639575
37698645556
37698651354
37698657702
37698662585
37698668200
37698673205
37698678820
37698684191
37698690966
37698696215
37698701281
37698706896
37698713183
37698717516
37698723620
37698728625
37698734911
37698739977
37698745898
37698751574
37698757250
37698763049
37698767504
37698774401
37698779955
37698785509
37698791003
37698796252
37698802111
37698807055
37698816027
37698820543
37698826952
37698834032
37698838854
37698846056
37698852648
37698860277
37698865526
37698872057
37698879015
37698883837
37698893297
37698899401
37698906603
37698914232
37698919970
37698926928
37698932421
37698938585
37698945787
37698954454
37698960619
37698967150
37698972154
37698981432
37698986559
37698994859
37699000231
37699007555
37699015123
37699020067
37699027696
37699032518
37699041063
37699047777
37699054002
37699060167
37699067796
37699074205
37699081285
37699086351
37699093797
37699101915
37699108873
37699115343
37699121446
37699129014
37699134080
37699141588
37699148057
37699155198
37699162278
37699168199
37699175828
37699180528
37699190355
37699196580
37699204332
37699211045
37699216722
37699222581
37699229783
37699235215
37699242173
37699250230
37699255418
37699262315
37699268601
37699276109
37699282578
37699288499
37699294358
37699302415
37699310166
37699315232
37699321030
37699328477
37699335984
37699342271
37699351609
37699357590
37699363694
37699370469
37699377549
37699382737
37699389878
37699397690
37699402939
37699410142
37699417039
37699423264
37699428757
37699436387
37699442063
37699451035
37699455735
37699461899
37699467881
37699472275
37699478806
37699485154
37699491867
37699497361
37699502243
37699508591
37699513779
37699519699
37699525925
37699532456
37699538742
37699544174
37699549912
37699555283
37699560044
37699566513
37699573776
37699578781
37699585251
37699590988
37699596298
37699602463
37699607956
37699612656
37699620041
37699625656
37699630905
37699635422
37699641525
37699647079
37699653671
37699660324
37699664841
37699672531
37699677963
37699683029
37699687912
37699693893
37699698532
37699704880
37699708847
37699714828
37699720199
37699725693
37699732040
37699737533
37699743698
37699748275
37699754013
37699759628
37699765060
37699770248
37699776230
37699783065
37699788314
37699793014
37699798751
37699804428
37699809494
37699814804
37699822189
37699826278
37699832565
37699836837
37699844100
37699849655
37699856002
37699863815
37699870773
37699876327
37699882491
37699888473
37699895492
37699901840
37699907272
37699913680
37699919967
37699925948
37699933273
37699939132
37699947494
37699955184
37699960738
37699966659
37699973983
37699980025
37699987105
37699994491
37700001388
37700008346
37700013900
37700021529
37700026961
37700034591
37700040450
37700047225
37700054061
37700059188
37700067122
37700073531
37700079573
37700086043
37700092147
37700097823
37700106490
37700112227
37700118392
37700124373
37700132064
37700138961
37700145674
37700152693
37700157942
37700165084
37700172652
37700179061
37700184615
37700192061
37700199751
37700206892
37700214278
37700219649
37700226668
37700231490
37700240706
37700245894
37700254134
37700261336
37700267378
37700274580
37700280257
37700287825
37700294234
37700302107
37700306929
37700314192
37700321577
37700327742
37700332625
37700340559
37700346663
37700353621
37700360701
37700366987
37700371687
37700378828
37700385908
37700391035
37700399641
37700406477
37700412641
37700417829
37700425886
37700433454
37700441938
37700447920
37700455610
37700463117
37700467573
37700474104
37700479780
37700486006
37700490766
37700499433
37700505476
37700510969
37700516218
37700523054
37700528913
37700533979
37700540327
37700546247
37700551679
37700555952
37700563215
37700569074
37700574384
37700577375
37700586347
37700591779
37700597028
37700602033
37700607404
37700612897
37700619550
37700625287
37700631208
37700636884
37700642988
37700648664
37700654706
37700660993
37700667157
37700673932
37700679548
37700684369
37700689862
37700695966
37700700360
37700706769
37700714704
37700720319
37700725873
37700732099
37700737287
37700744367
37700749860
37700755109
37700758954
37700765790
37700771649
37700776959
37700783368
37700787702
37700794965
37700799359
37700804120
37700809735
37700814374
37700819989
37700825909
37700831891
37700838055
37700843121
37700848920
37700853192
37700859235
37700864789
37700868756
37700877606
37700883099
37700889142
37700895917
37700902020
37700907513
37700913861
37700919232
37700926007
37700933392
37700937970
37700945782
37700951886
37700958600
37700965741
37700970623
37700978741
37700983563
37700990582
37700997418
37701003460
37701008465
37701018719
37701025250
37701030987
37701036419
37701043926
37701049725
37701057049
37701065106
37701070843
37701077068
37701084088
37701090496
37701097698
37701103497
37701110943
37701118267
37701124065
37701132305
37701139690
37701147625
37701154522
37701160747
37701167522
37701173931
37701182049
37701188274
37701194378
37701202434
37701208660
37701214886
37701222332
37701230205
37701235027
37701242290
37701249492
37701255779
37701263103
37701269268
37701272442
37701281841
37701288433
37701294109
37701299785
37701307293
37701313701
37701320842
37701326335
37701333293
37701340251
37701345256
37701354289
37701359538
37701367778
37701373760
37701380901
37701386577
37701393718
37701400981
37701406108
37701416911
37701422466
37701428508
37701434978
37701442485
37701447612
37701455363
37701464030
37701469646
37701477824
37701485942
37701492839
37701499431
37701505351
37701511882
37701517497
37701523601
37701528422
37701533061
37701539653
37701544047
37701550944
37701558329
37701563334
37701570109
37701575969
37701581340
37701586711
37701593180
37701599589
37701606242
37701610514
37701616679
37701621379
37701627482
37701632548
37701638774
37701647441
37701652201
37701657694
37701663310
37701670207
37701675456
37701681620
37701687907
37701692484
37701698649
37701704203
37701709940
37701715861
37701722636
37701727763
37701734965
37701740397
37701746439
37701750712
37701757181
37701763224
37701769511
37701775309
37701781473
37701787394
37701792277
37701798136
37701803263
37701807535
37701814615
37701819742
37701825663
37701829752
37701836100
37701841837
37701847391
37701853251
37701857828
37701864908
37701869547
37701874613
37701879374
37701886087
37701891397
37701897989
37701903299
37701907450
37701915872
37701921915
37701928385
37701934366
37701942484
37701948770
37701954447
37701961283
37701966471
37701973428
37701979105
37701987283
37701993021
37701999796
37702005655
37702012430
37702018411
37702026468
37702034219
37702040140
37702046548
37702053201
37702060525
37702067300
37702074258
37702081888
37702089334
37702095437
37702102640
37702108377
37702114969
37702121805
37702129312
37702136392
37702142556
37702149209
37702155618
37702162332
37702168557
37702174478
37702182473
37702188455
37702195901
37702202127
37702209268
37702215554
37702222573
37702229287
37702235696
37702243630
37702249307
37702255410
37702262307
37702268044
37702276406
37702283914
37702289040
37702295998
37702302468
37702307412
37702316384
37702321816
37702329873
37702337502
37702343117
37702349648
37702356606
37702361123
37702368325
37702376443
37702384072
37702390359
37702397011
37702403237
37702409768
37702415932
37702421853
37702429909
37702435586
37702442605
37702448342
37702455544
37702462258
37702469033
37702476357
37702483193
37702491005
37702497536
37702503762
37702510048
37702519081
37702527687
37702534157
37702541847
37702546486
37702552284
37702558266
37702563759
37702570229
37702576515
37702582619
37702587990
37702592873
37702599464
37702604469
37702610756
37702618263
37702624123
37702629982
37702634682
37702642311
37702646950
37702653480
37702658791
37702665993
37702671303
37702677406
37702683082
37702688637
37702694008
37702698402
37702706520
37702709816
37702718300
37702722267
37702729286
37702736000
37702740944
37702746315
37702754066
37702759864
37702764076
37702770729
37702775550
37702782569
37702788795
37702795692
37702800758
37702806373
37702811256
37702817359
37702822059
37702827918
37702834876
37702840125
37702845130
37702849830
37702855934
37702861244
37702865394
37702872718
37702877845
37702882911
37702888465
37702893226
37702899207
37702905006
37702910011
37702915748
37702922523
37702928016
37702934425
37702939429
37702944434
37702954688
37702961402
37702969031
37702975318
37702980384
37702988380
37702993201
37703002906
37703009253
37703015845
37703020484
37703027015
37703033667
37703040015
37703048316
37703054541
37703061560
37703068335
37703073951
37703080115
37703087867
37703093787
37703101172
37703108008
37703114661
37703121192
37703128516
37703134986
37703138037
37703148779
37703156104
37703161963
37703168738
37703175818
37703182410
37703187354
37703196509
37703203162
37703209265
37703214636
37703222205
37703227576
37703234839
37703240698
37703247656
37703253699
37703260840
37703267370
37703274328
37703280737
37703288061
37703294714
37703300879
37703308386
37703314795
37703321081
37703327185
37703334265
37703342566
37703349585
37703355871
37703362585
37703368872
37703374731
37703382238
37703389196
37703396460
37703403112
37703408239
37703415686
37703420690
37703429602
37703436376
37703445654
37703452062
37703457495
37703464086
37703471105
37703475683
37703482763
37703490759
37703495947
37703504369
37703509924
37703516149
37703523229
37703529516
37703536230
37703545629
37703553197
37703561254
37703567785
37703574316
37703580846
37703587682
37703593358
37703599889
37703606237
37703610570
37703617589
37703623632
37703628820
37703634618
37703641820
37703647741
37703652623
37703657994
37703664098
37703669530
37703674047
37703682958
37703688024
37703693395
37703698949
37703705846
37703710729
37703717443
37703723119
37703728490
37703734044
37703740087
37703745641
37703751744
37703758336
37703764134
37703770421
37703775548
37703782140
37703788487
37703794347
37703801366
37703808751
37703813817
37703819127
37703825291
37703830174
37703836400
37703842259
37703847813
37703854649
37703859776
37703864842
37703871068
37703876866
37703882176
37703887120
37703892796
37703898472
37703904515
37703909642
37703914586
37703919163
37703925328
37703930638
37703937230
37703942051
37703948399
37703953343
37703957859
37703963719
37703969578
37703975132
37703981175
37703986485
37703993382
37703998204
37704004795
37704010716
37704017796
37704023960
37704029881
37704036839
37704041477
37704048008
37704052403
37704062473
37704068943
37704073948
37704081577
37704088841
37704093723
37704100864
37704109348
37704116428
37704122898
37704127903
37704135471
37704142307
37704149204
37704155613
37704162937
37704170261
37704175449
37704183384
37704189976
37704196201
37704203830
37704211460
37704218418
37704225315
37704232883
37704237461
37704246799
37704250034
37704260105
37704266452
37704273471
37704279758
37704285373
37704291233
37704298618
37704306369
37704313755
37704319858
37704327060
37704333347
37704340183
37704347568
37704352451
37704359958
37704368076
37704373020
37704381320
37704387302
37704393710
37704400974
37704408725
37704416049
37704420932
37704428134
37704433200
37704441196
37704446017
37704454501
37704461093
37704467197
37704474887
37704480502
37704486972
37704494418
37704501986
37704507358
37704515597
37704521579
37704528048
37704534396
37704542086
37704548739
37704556063
37704561923
37704567782
37704576083
37704582125
37704593234
37704599154
37704608859
37704614901
37704621005
37704626925
37704632846
37704639010
37704644930
37704651400
37704655856
37704662875
37704669467
37704674777
37704680819
37704685885
37704692110
37704698641
37704704073
37704710543
37704715365
37704721590
37704727511
37704734103
37704740877
37704746920
37704753634
37704758700
37704764803
37704769198
37704775423
37704780550
37704786837
37704793001
37704797091
37704803560
37704807833
37704815462
37704820101
37704827791
37704832918
37704839571
37704843966
37704850374
37704855135
37704861422
37704868990
37704874788
37704879915
37704885897
37704891451
37704896212
37704902986
37704907381
37704913484
37704919771
37704926058
37704931124
37704935701
37704941744
37704946687
37704952547
37704958956
37704964632
37704969576
37704973421
37704979280
37704983064
37704990755
37704996431
37705001985
37705005891
37705011812
37705018343
37705024324
37705031831
37705036836
37705043550
37705050142
37705054597
37705061922
37705068757
37705075960
37705082796
37705087922
37705094026
37705100557
37705107332
37705114045
37705123079
37705128999
37705135347
37705141450
37705149080
37705155610
37705161164
37705168061
37705175264
37705182466
37705187287
37705194978
37705202546
37705208589
37705214692
37705224092
37705230073
37705237153
37705243806
37705250642
37705255097
37705262177
37705269380
37705276887
37705283357
37705288911
37705296479
37705301179
37705308991
37705316254
37705323579
37705329316
37705336762
37705344147
37705349152
37705354829
37705362092
37705370209
37705376252
37705382722
37705388825
37705396332
37705402863
37705408722
37705414948
37705422333
37705430390
37705435395
37705442109
37705448944
37705455170
37705460175
37705469513
37705474640
37705482209
37705488312
37705493988
37705500641
37705506378
37705513397
37705520783
37705526520
37705533844
37705540985
37705547577
37705553803
37705560455
37705566986
37705574493
37705580170
37705586823
37705595062
37705600800
37705609467
37705616058
37705624542
37705630585
37705638824
37705645538
37705652252
37705657684
37705662140
37705670929
37705676605
37705683319
37705688019
37705694122
37705698822
37705705353
37705712127
37705717071
37705723053
37705729034
37705734405
37705738617
37705746612
37705752044
37705759491
37705765411
37705770355
37705775970
37705782501
37705787323
37705793426
37705800384
37705806976
37705812286
37705817352
37705822723
37705828399
37705835845
37705840972
37705847442
37705853729
37705857879
37705865203
37705869415
37705875152
37705882659
37705888641
37705894988
37705899932
37705906219
37705911102
37705916534
37705922027
37705927947
37705934173
37705941131
37705946990
37705953033
37705958404
37705963714
37705968596
37705974456
37705980742
37705986785
37705992156
37705998626
37706003386
37706008880
37706014739
37706021331
37706026397
37706031279
37706037078
37706041961
37706046660
37706053069
37706059294
37706065215
37706070891
37706077239
37706082854
37706089812
37706095732
37706101348
37706108184
37706113494
37706120024
37706124724
37706131133
37706137419
37706143950
37706150054
37706156340
37706163725
37706170561
37706176848
37706184905
37706192534
37706199248
37706204131
37706211455
37706218230
37706224394
37706231596
37706239165
37706245451
37706253081
37706258391
37706265898
37706271757
37706279692
37706287504
37706293181
37706300993
37706307097
37706313200
37706320219
37706326323
37706332121
37706339933
37706347136
37706352690
37706358488
37706365690
37706372770
37706377653
37706387175
37706393522
37706401335
37706408048
37706413664
37706419706
37706426725
37706435819
37706442716
37706448942
37706455839
37706462370
37706467619
37706475736
37706481840
37706489164
37706495695
37706502897
37706509306
37706515775
37706523099
37706528837
37706536710
37706542509
37706550626
37706556608
37706563810
37706570768
37706575773
37706584379
37706590299
37706597745
37706602994
37706610563
37706616483
37706623868
37706631253
37706638639
37706645169
37706651883
37706658597
37706664762
37706674466
37706681058
37706687650
37706692594
37706698270
37706704862
37706709134
37706716641
37706721402
37706729581
37706734769
37706741300
37706747037
37706751798
37706757169
37706763150
37706769742
37706774320
37706781766
37706787198
37706792508
37706798062
37706803433
37706808316
37706816495
37706821683
37706827786
37706832120
37706838406
37706843838
37706850064
37706857876
37706862637
37706867886
37706874112
37706879849
37706885464
37706892239
37706899319
37706905362
37706911587
37706918423
37706923916
37706929776
37706935879
37706941677
37706946438
37706952847
37706958035
37706963528
37706969082
37706973049
37706981167
37706986416
37706991116
37706996975
37707002468
37707007351
37707012783
37707020169
37707024197
37707030911
37707035793
37707041714
37707047207
37707053127
37707058437
37707064907
37707069912
37707074978
37707081020
37707085293
37707091824
37707099575
37707104397
37707112331
37707117580
37707124538
37707130154
37707136928
37707143886
37707149013
37707156582
37707162380
37707167995
37707174099
37707182583
37707188198
37707195522
37707202785
37707210231
37707216579
37707222072
37707229274
37707235805
37707244106
37707250331
37707257717
37707262538
37707269680
37707276577
37707281642
37707290981
37707297084
37707304592
37707310207
37707317897
37707324062
37707332118
37707339626
37707345241
37707355068
37707361476
37707369167
37707374049
37707381740
37707386867
37707396266
37707402492
37707407375
37707415492
37707421168
37707427211
37707433009
37707441371
37707447963
37707453517
37707460719
37707466395
37707472011
37707479274
37707488063
37707493922
37707501368
37707506312
37707513820
37707519679
37707526637
37707532313
37707539820
37707547023
37707551844
37707559108
37707566676
37707572779
37707578822
37707587062
37707593531
37707599147
37707606349
37707613734
37707619105
37707626490
37707633997
37707639124
37707645960
37707651148
37707660365
37707666529
37707672999
37707678797
37707688807
37707693995
37707702479
37707709437
37707713770
37707720606
37707724757
37707732935
37707739039
37707744715
37707749720
37707756312
37707762049
37707766810
37707774134
37707780237
37707786951
37707791590
37707797876
37707802088
37707808680
37707814905
37707821863
37707827356
37707833460
37707838587
37707845118
37707849878
37707855921
37707863855
37707866907
37707874903
37707879175
37707885645
37707891687
37707896814
37707902124
37707908777
37707914453
37707920618
37707925867
37707931421
37707937219
37707943201
37707951135
37707955347
37707963281
37707967188
37707972864
37707978540
37707982813
37707990320
37707994714
37708000757
37708006433
37708010828
37708026697
37708032861
37708039941
37708045618
37708051660
37708056970
37708063196
37708069604
37708076074
37708081140
37708086755
37708092004
37708097680
37708103784
37708108545
37708114343
37708120080
37708126794
37708132898
37708137536
37708145471
37708152673
37708157861
37708164148
37708170922
37708177514
37708181726
37708189477
37708193933
37708201745
37708207849
37708213769
37708220239
37708227746
37708232934
37708240807
37708247155
37708254662
37708260949
37708268578
37708275109
37708282067
37708288476
37708295434
37708302209
37708308007
37708315636
37708319909
37708327416
37708334252
37708339379
37708347436
37708352379
37708359826
37708366845
37708373192
37708378136
37708385888
37708393456
37708400597
37708406579
37708412865
37708418908
37708426598
37708433251
37708438683
37708446923
37708451928
37708458763
37708465477
37708471581
37708476586
37708486229
37708493126
37708501000
37708507042
37708512657
37708519188
37708526634
37708534203
37708539024
37708548607
37708554039
37708561546
37708566429
37708573875
37708580101
37708586205
37708592735
37708599937
37708607323
37708613914
37708620506
37708627769
37708633629
37708640892
37708648155
37708653465
37708660606
37708667808
37708672996
37708678795
37708685936
37708695030
37708700828
37708707237
37708714317
37708720787
37708727378
37708735923
37708743248
37708749839
37708755210
37708761497
37708767051
37708771812
37708779991
37708785362
37708793113
37708798484
37708803855
37708809226
37708815574
37708820335
37708826499
37708834434
37708839866
37708845237
37708850059
37708856895
37708862144
37708868919
37708874229
37708880698
37708887046
37708891318
37708897727
37708904258
37708909690
37708914512
37708922874
37708928916
37708935142
37708940085
37708944907
37708949668
37708956077
37708963950
37708969199
37708974509
37708980918
37708986289
37708991355
37708998252
37709002524
37709010093
37709015097
37709020652
37709025962
37709031394
37709036338
37709042502
37709048362
37709053427
37709059409
37709065451
37709071311
37709076377
37709081443
37709089072
37709094382
37709098776
37709104697
37709110922
37709115561
37709120261
37709126669
37709132102
37709137778
37709144248
37709149130
37709154562
37709159872
37709167258
37709173666
37709180075
37709186179
37709190939
37709197653
37709201987
37709211081
37709217917
37709222983
37709229574
37709234640
37709240988
37709248129
37709255636
37709262900
37709269003
37709274801
37709281210
37709288412
37709295981
37709303061
37709310446
37709317526
37709322348
37709330282
37709335226
37709343100
37709350302
37709356893
37709363607
37709370687
37709376547
37709385092
37709392111
37709396993
37709406759
37709412679
37709419210
37709427267
37709433309
37709439291
37709446310
37709454611
37709460165
37709467794
37709474874
37709480978
37709487264
37709493429
37709496603
37709509237
37709513814
37709521017
37709528646
37709533651
37709540121
37709547933
37709554586
37709562459
37709568624
37709573873
37709581746
37709587545
37709595479
37709601033
37709608419
37709614583
37709621724
37709628743
37709635396
37709641561
37709647298
37709656575
37709663655
37709669454
37709676778
37709682393
37709688436
37709695577
37709700887
37709708699
37709716390
37709721456
37709728658
37709733479
37709741170
37709747334
37709757893
37709763387
37709772542
37709778584
37709784566
37709789876
37709796834
37709803059
37709809224
37709816609
37709821370
37709826985
37709833394
37709838887
37709845112
37709852620
37709857442
37709863545
37709868306
37709874470
37709879292
37709885457
37709893269
37709898640
37709905476
37709910176
37709916706
37709922505
37709927632
37709933308
37709940083
37709945881
37709952534
37709957966
37709964009
37709969380
37709974568
37709982014
37709988056
37709993427
37709999653
37710004597
37710009907
37710016316
37710024006
37710029743
37710035053
37710040119
37710045490
37710051411
37710056477
37710062946
37710069416
37710075581
37710079609
37710086872
37710090900
37710096821
37710102497
37710108234
37710114338
37710119587
37710125507
37710130695
37710136188
37710142048
37710146808
37710152363
37710158527
37710163898
37710169025
37710174946
37710179645
37710185932
37710190693
37710196369
37710203266
37710208149
37710215595
37710222065
37710230243
37710236469
37710242939
37710247699
37710254535
37710261005
37710268024
37710275592
37710280597
37710287738
37710293353
37710300617
37710305805
37710313007
37710320697
37710326373
37710335040
37710340778
37710347125
37710353412
37710361041
37710368976
37710375201
37710383136
37710389911
37710396136
37710403216
37710409747
37710415240
37710423724
37710430133
37710437457
37710443988
37710449908
37710456439
37710463397
37710471759
37710478412
37710484637
37710490619
37710498187
37710503619
37710509845
37710515521
37710523455
37710529620
37710536700
37710544207
37710549395
37710557025
37710561907
37710571246
37710578021
37710584063
37710589007
37710596514
37710601641
37710610003
37710615252
37710622454
37710630145
37710636981
37710643084
37710650408
37710656756
37710663165
37710671343
37710677935
37710685503
37710690997
37710697832
37710702959
37710710894
37710720354
37710727068
37710733782
37710740374
37710747027
37710753313
37710760271
37710765764
37710775591
37710781023
37710788347
37710794695
37710802996
37710807695
37710815874
37710822527
37710830034
37710836260
37710841814
37710847307
37710851519
37710859087
37710864946
37710871050
37710876116
37710883623
37710889177
37710894548
37710900530
37710906633
37710913408
37710919695
37710925005
37710930620
37710937761
37710944658
37710949846
37710956133
37710962419
37710968584
37710975237
37710980669
37710985796
37710991350
37710997087
37711005266
37711010210
37711016313
37711021684
37711027849
37711032365
37711038896
37711045915
37711052446
37711057817
37711063005
37711068254
37711074113
37711079179
37711085283
37711091203
37711096391
37711102372
37711107927
37711113725
37711118669
37711123368
37711131181
37711135209
37711141862
37711146928
37711152238
37711157060
37711163346
37711169572
37711173783
37711180070
37711185014
37711190568
37711195512
37711201615
37711206925
37711212235
37711217179
37711222184
37711228227
37711232682
37711239213
37711245072
37711251542
37711257035
37711263200
37711269425
37711275529
37711282487
37711287492
37711295670
37711301347
37711308854
37711314225
37711321183
37711328080
37711335526
37711342301
37711349137
37711355668
37711362015
37711369584
37711375687
37711382645
37711390336
37711396134
37711404129
37711409134
37711416520
37711421341
37711429642
37711436844
37711443497
37711449478
37711456925
37711463150
37711470230
37711474686
37711481705
37711489823
37711494644
37711501908
37711506729
37711513992
37711522049
37711528458
37711533890
37711541336
37711549027
37711554886
37711560867
37711568497
37711574173
37711581131
37711588577
37711593765
37711600723
37711607620
37711613663
37711618423
37711627029
37711633316
37711639480
37711644974
37711652603
37711658096
37711664444
37711671768
37711679458
37711686538
37711693863
37711700088
37711706436
37711712478
37711719436
37711725418
37711732864
37711741165
37711746780
37711754409
37711760147
37711767776
37711772842
37711780410
37711788101
37711796096
37711800918
37711808669
37711816238
37711821670
37711829055
37711836623
37711846023
37711852309
37711859206
37711865615
37711872085
37711877517
37711885207
37711890395
37711898330
37711904372
37711910537
37711915969
37711920180
37711927444
37711933364
37711939467
37711945205
37711950454
37711956618
37711961623
37711966567
37711973525
37711981398
37711984877
37711993117
37711998061
37712003432
37712009719
37712015029
37712019973
37712026992
37712032241
37712038344
37712042922
37712049453
37712054518
37712060927
37712067702
37712072096
37712078993
37712084365
37712089858
37712096083
37712101576
37712105666
37712113051
37712119582
37712124465
37712130141
37712136061
37712141371
37712145644
37712153700
37712158339
37712164442
37712169325
37712175124
37712179701
37712185438
37712191481
37712195509
37712201674
37712205458
37712212538
37712217482
37712223768
37712229811
37712235609
37712240431
37712245375
37712252333
37712256300
37712262221
37712269667
37712274244
37712281691
37712287550
37712294752
37712301405
37712308180
37712313002
37712320143
37712326429
37712332838
37712338392
37712344679
37712352308
37712358229
37712367201
37712374098
37712378858
37712385389
37712392591
37712399427
37712404249
37712413831
37712418836
37712426710
37712431593
37712439222
37712445264
37712452222
37712458753
37712466016
37712474500
37712481031
37712487318
37712494825
37712500745
37712507459
37712515943
37712521863
37712529249
37712535535
37712542615
37712549756
37712554700
37712562940
37712568860
37712576490
37712582898
37712588941
37712595227
37712601941
37712607740
37712616162
37712623731
37712628858
37712635938
37712640760
37712649243
37712655347
37712663526
37712670178
37712677686
37712684644
37712694226
37712702405
37712707654
37712716870
37712721875
37712729810
37712735181
37712742749
37712750256
37712757214
37712764539
37712770581
37712778577
37712784436
37712791211
37712798779
37712804944
37712812207
37712820202
37712827466
37712833935
37712841748
37712847790
37712854016
37712860180
37712868725
37712876050
37712880932
37712888073
37712895581
37712902356
37712907605
37712917126
37712923901
37712930798
37712935742
37712942150
37712948254
37712955395
37712961804
37712968212
37712973339
37712978588
37712984753
37712990673
37712997875
37713003735
37713009716
37713014965
37713018383
37713026440
37713032482
37713038708
37713043041
37713050060
37713056652
37713063122
37713068371
37713073925
37713079357
37713084667
37713091564
37713098095
37713103283
37713109814
37713114635
37713120067
37713126598
37713135143
37713141186
37713146679
37713151928
37713157177
37713162853
37713167980
37713173961
37713180187
37713185863
37713190136
37713195751
37713201976
37713207409
37713211620
37713219310
37713223095
37713228649
37713235302
37713239208
37713244823
37713250133
37713257030
37713261424
37713267406
37713272655
37713278575
37713284252
37713289623
37713295482
37713301097
37713307201
37713311778
37713317333
37713321910
37713328502
37713336009
37713342723
37713348277
37713353709
37713361156
37713366832
37713373790
37713382091
37713387401
37713395213
37713400951
37713406627
37713413096
37713418834
37713426890
37713434520
37713440928
37713445750
37713453685
37713460521
37713467540
37713474925
37713483287
37713490977
37713496898
37713502757
37713510020
37713515879
37713523082
37713531749
37713538096
37713544261
37713550303
37713556468
37713562632
37713568858
37713577525
37713584849
37713590220
37713597544
37713603526
37713610667
37713617014
37713624461
37713630991
37713637278
37713644968
37713650156
37713657908
37713664561
37713671763
37713677439
37713684885
37713691233
37713698008
37713704294
37713711619
37713718027
37713725779
37713733042
37713738108
37713745127
37713750315
37713757883
37713764719
37713769968
37713779978
37713786448
37713792673
37713795908
37713805613
37713810617
37713818186
37713823618
37713831797
37713837839
37713844858
37713852487
37713857859
37713865854
37713872690
37713881967
37713887460
37713894541
37713899606
37713906625
37713913645
37713920053
37713928232
37713934152
37713940683
37713943979
37713957468
37713963815
37713970407
37713978097
37713982675
37713990488
37713997323
37714004159
37714009592
37714016061
37714024423
37714029062
37714036264
37714041391
37714047372
37714052133
37714058969
37714065011
37714070749
37714077279
37714083688
37714088510
37714095468
37714101022
37714109506
37714114816
37714120065
37714125070
37714131967
37714137216
37714143685
37714149728
37714154550
37714161325
37714167611
37714174081
37714179818
37714185922
37714191476
37714198251
37714204049
37714209176
37714217049
37714222054
37714228097
37714233651
37714239632
37714245492
37714250558
37714254708
37714262032
37714266793
37714273385
37714279549
37714285042
37714291024
37714296334
37714302560
37714309273
37714314217
37714320077
37714325326
37714332223
37714337227
37714343758
37714349740
37714353951
37714361641
37714368477
37714373787
37714381112
37714387886
37714394905
37714399544
37714407174
37714413948
37714420662
37714427193
37714433296
37714439034
37714445931
37714452584
37714460579
37714466439
37714473885
37714482063
37714490242
37714496407
37714503853
37714510872
37714517769
37714524422
37714532356
37714539314
37714547310
37714552742
37714560310
37714568611
37714575874
37714583198
37714590889
37714597969
37714605049
37714609871
37714617012
37714624824
37714632637
37714638435
37714645393
37714651619
37714658638
37714666084
37714672004
37714680000
37714685981
37714693061
37714701179
37714707527
37714713569
37714719368
37714727424
37714733284
37714740791
37714749336
37714755683
37714763374
37714770088
37714777290
37714784614
37714789558
37714798103
37714803779
37714811836
37714818244
37714825813
37714832649
37714839545
37714847663
37714853584
37714860969
37714867011
37714873969
37714880439
37714888312
37714894660
37714899787
37714907355
37714913886
37714921576
37714928412
37714936225
37714943122
37714948920
37714957160
37714962348
37714971442
37714978400
37714984443
37714988959
37714995551
37715001410
37715007392
37715013739
37715019904
37715025824
37715031195
37715038459
37715044379
37715050543
37715055548
37715061774
37715068976
37715074286
37715080817
37715085517
37715092169
37715097601
37715104254
37715109992
37715117255
37715122931
37715128241
37715134772
37715140448
37715146979
37715153265
37715159430
37715164740
37715171332
37715177862
37715182501
37715188605
37715194769
37715199957
37715206671
37715210638
37715216864
37715224310
37715231329
37715236334
37715242743
37715248602
37715255987
37715261969
37715266851
37715273260
37715278814
37715285345
37715290350
37715298223
37715303778
37715309393
37715315924
37715319952
37715326239
37715331610
37715337469
37715344427
37715349432
37715355352
37715361273
37715367254
37715372503
37715379339
37715386724
37715392523
37715399236
37715405279
37715410345
37715417669
37715424017
37715430547
37715437749
37715443060
37715448980
37715455877
37715462774
37715467962
37715475530
37715482915
37715491460
37715497991
37715505559
37715510991
37715518438
37715527837
37715534368
37715541265
37715547307
37715555852
37715562017
37715568547
37715575628
37715583440
37715590398
37715597539
37715603887
37715610906
37715620000
37715627019
37715634404
37715639592
37715646611
37715653020
37715659734
37715665654
37715670903
37715681523
37715686345
37715693730
37715699773
37715706914
37715711430
37715718816
37715727116
37715732365
37715740422
37715745793
37715752812
37715759892
37715766728
37715773137
37715781071
37715786442
37715793400
37715799809
37715807255
37715814580
37715819340
37715828618
37715834782
37715840947
37715847050
37715854558
37715860966
37715866459
37715874455
37715881962
37715888615
37715893620
37715900029
37715907170
37715913090
37715921208
37715927433
37715935734
37715941532
37715948124
37715953739
37715959782
37715966923
37715974491
37715979679
37715989506
37715992863
37716001103
37716007938
37716013676
37716018925
37716025822
37716031864
37716038212
37716042240
37716048466
37716054874
37716059208
37716068973
37716074345
37716081180
37716086613
37716092838
37716097416
37716104008
37716109440
37716115848
37716122074
37716128361
37716133671
37716138614
37716144901
37716149967
37716157352
37716163456
37716169864
37716174686
37716179935
37716187198
37716193180
37716199771
37716205997
37716211429
37716215641
37716222354
37716229373
37716234439
37716241458
37716247440
37716253055
37716258548
37716265018
37716268985
37716274783
37716280765
37716286502
37716292728
37716298343
37716303165
37716308780
37716313846
37716319705
37716325504
37716330142
37716336002
37716342044
37716345828
37716352786
37716357669
37716364688
37716369449
37716374942
37716379825
37716385745
37716391177
37716397464
37716402408
37716408389
37716413943
37716420657
37716427310
37716432010
37716438418
37716447574
37716452884
37716459842
37716465274
37716472049
37716476748
37716483279
37716491580
37716497012
37716504031
37716510379
37716516482
37716523989
37716529727
37716538150
37716545413
37716551821
37716556643
37716564150
37716570864
37716577029
37716582949
37716592227
37716598330
37716605288
37716610659
37716618044
37716625735
37716630618
37716638857
37716646609
37716653384
37716660708
37716666872
37716672793
37716680666
37716687502
37716694948
37716700136
37716707155
37716713686
37716720644
37716727358
37716734682
37716742556
37716748354
37716755434
37716760500
37716767580
37716774111
37716779421
37716788149
37716795107
37716801332
37716808107
37716814150
37716821169
37716826601
37716833620
37716840822
37716848757
37716855348
37716861452
37716866884
37716874635
37716880495
37716888796
37716894655
37716902834
37716908998
37716914491
37716920473
37716927492
37716935365
37716940431
37716948549
37716955080
37716961244
37716966859
37716974184
37716980775
37716988038
37716994935
37717000062
37717008546
37717013734
37717020997
37717026063
37717036378
37717042482
37717048463
37717055238
37717059999
37717065675
37717070314
37717076356
37717082582
37717089479
37717095582
37717101136
37717105348
37717113038
37717118470
37717126222
37717130860
37717137086
37717142457
37717148683
37717155213
37717159364
37717167603
37717173402
37717180238
37717185243
37717190797
37717196168
37717202699
37717209046
37717215272
37717221864
37717227296
37717232972
37717237428
37717244813
37717249818
37717256409
37717261780
37717268067
37717272828
37717278687
37717283753
37717289368
37717296082
37717301636
37717307679
37717312684
37717318238
37717321656
37717327576
37717334046
37717339905
37717345948
37717350037
37717356446
37717361023
37717366578
37717372681
37717378785
37717383606
37717389588
37717395020
37717399597
37717405396
37717410462
37717417725
37717422486
37717427979
37717434021
37717438172
37717444336
37717450073
37717456787
37717463745
37717468140
37717476380
37717482422
37717487915
37717493652
37717501648
37717508118
37717514465
37717520569
37717527283
37717533081
37717540161
37717548279
37717553039
37717561279
37717567261
37717574524
37717579773
37717586975
37717595154
37717602539
37717608703
37717614197
37717621704
37717627563
37717633301
37717640197
37717647888
37717656128
37717661132
37717668640
37717676330
37717682434
37717688232
37717695556
37717703369
37717709289
37717716308
37717723022
37717727600
37717735290
37717743469
37717751098
37717757995
37717764282
37717772643
37717779235
37717786559
37717791930
37717799560
37717806701
37717813781
37717820373
37717827819
37717834533
37717840820
37717849303
37717854186
37717861816
37717868224
37717875243
37717880981
37717887939
37717896300
37717902526
37717908507
37717914062
37717921569
37717927306
37717934569
37717942748
37717947814
37717954528
37717961364
37717967528
37717975097
37717981749
37717987731
37717995482
37718003356
37718010131
37718017089
37718022216
37718032530
37718040038
37718047850
37718053404
37718061461
37718068236
37718075316
37718081786
37718087889
37718094359
37718099974
37718106017
37718112975
37718118102
37718124571
37718131163
37718136168
37718141661
37718149229
37718154417
37718161497
37718167418
37718174864
37718180418
37718186949
37718192137
37718198302
37718205565
37718210264
37718217711
37718222716
37718229185
37718234251
37718240660
37718245787
37718252195
37718259031
37718265501
37718270750
37718277159
37718281980
37718288023
37718296141
37718302915
37718308470
37718314451
37718319700
37718325376
37718332090
37718337217
37718343443
37718350035
37718356382
37718361997
37718367796
37718372190
37718379148
37718384397
37718391416
37718396848
37718402342
37718408872
37718413328
37718419492
37718425657
37718431211
37718436033
37718441282
37718447080
37718452940
37718458799
37718464841
37718471433
37718478391
37718485105
37718489622
37718497922
37718504392
37718511350
37718517392
37718523862
37718530759
37718537717
37718544553
37718549375
37718557187
37718562925
37718569272
37718576291
37718582517
37718590207
37718596738
37718603879
37718610959
37718617978
37718623899
37718630246
37718638486
37718646665
37718653012
37718661191
37718666318
37718675107
37718682248
37718689450
37718696713
37718703427
37718709470
37718714902
37718723935
37718730344
37718737851
37718744076
37718751828
37718757931
37718764889
37718771115
37718777218
37718784970
37718791623
37718799496
37718805844
37718811337
37718816769
37718824093
37718831723
37718839962
37718846432
37718853817
37718860959
37718866452
37718872982
37718881344
37718888058
37718894101
37718900936
37718908016
37718913693
37718920651
37718928097
37718932980
37718942501
37718948178
37718956295
37718961727
37718969113
37718977779
37718985226
37718992855
37718999386
37719004574
37719013302
37719018124
37719027645
37719035519
37719041805
37719049374
37719055355
37719063595
37719071102
37719079647
37719084225
37719091366
37719097103
37719101925
37719107723
37719114376
37719121944
37719126705
37719133541
37719140377
37719144832
37719150448
37719154964
37719164425
37719169857
37719176937
37719182491
37719188289
37719193599
37719198421
37719205135
37719211421
37719217525
37719223445
37719229122
37719235286
37719240657
37719246700
37719252193
37719257076
37719263545
37719268794
37719273677
37719278987
37719285030
37719291011
37719297054
37719303157
37719308955
37719314571
37719319820
37719326717
37719329524
37719338008
37719344112
37719349361
37719353877
37719360103
37719366756
37719372005
37719377925
37719380549
37719388789
37719394343
37719400142
37719404658
37719410335
37719416499
37719422542
37719427485
37719433406
37719438411
37719444148
37719449885
37719457576
37719461848
37719468196
37719472590
37719478572
37719482966
37719489192
37719495906
37719503352
37719509089
37719515132
37719520869
37719526667
37719533442
37719539912
37719546504
37719553034
37719559382
37719564875
37719571650
37719577570
37719582697
37719592280
37719598078
37719605586
37719611933
37719617548
37719623896
37719631037
37719637629
37719645319
37719651484
37719658137
37719664179
37719670344
37719676447
37719684321
37719692560
37719698542
37719704279
37719710383
37719717829
37719723932
37719731012
37719740778
37719746210
37719754145
37719760126
37719767694
37719773859
37719780817
37719786371
37719794794
37719801081
37719805963
37719814508
37719819574
37719827936
37719835382
37719842890
37719849787
37719856195
37719863031
37719869379
37719875360
37719881952
37719890436
37719895563
37719903314
37719909357
37719916498
37719922052
37719929193
37719934503
37719942010
37719950067
37719956171
37719963983
37719969598
37719975885
37719982416
37719990289
37719996637
37720003656
37720008478
37720015497
37720022638
37720027337
37720037713
37720043817
37720049615
37720056573
37720062555
37720070428
37720076654
37720085015
37720092889
37720100701
37720106500
37720113153
37720119805
37720124322
37720130792
37720139215
37720144525
37720149896
37720155999
37720161736
37720166619
37720173455
37720178887
37720185357
37720191522
37720197320
37720202630
37720206841
37720213799
37720218682
37720226983
37720233330
37720239068
37720245904
37720250786
37720255791
37720262383
37720270623
37720275872
37720282403
37720287957
37720293328
37720298333
37720305413
37720310479
37720317315
37720322381
37720328728
37720334954
37720342095
37720347893
37720352898
37720361199
37720367180
37720372063
37720377068
37720383171
37720388909
37720393181
37720399895
37720406121
37720411309
37720417107
37720421746
37720426933
37720431572
37720436821
37720444328
37720449455
37720454704
37720459648
37720465263
37720470207
37720476067
37720482353
37720486626
37720492241
37720498772
37720502617
37720509514
37720515312
37720521416
37720525566
37720531547
37720537956
37720544792
37720550590
37720557426
37720565605
37720571892
37720578483
37720582451
37720589042
37720596306
37720602165
37720610161
37720615898
37720621696
37720629020
37720634941
37720642997
37720649345
37720656791
37720662284
37720669792
37720676261
37720682548
37720688468
37720695854
37720700920
37720708854
37720714714
37720721794
37720729057
37720734001
37720741874
37720747856
37720757316
37720763053
37720769706
37720775687
37720783317
37720789237
37720796256
37720802360
37720809745
37720816520
37720823051
37720830558
37720836234
37720842216
37720850455
37720858329
37720862907
37720869864
37720877555
37720882865
37720890250
37720896903
37720905326
37720911551
37720917899
37720923819
37720931632
37720938163
37720945426
37720950858
37720958426
37720965567
37720972220
37720978446
37720984854
37720993033
37720998404
37721006705
37721012259
37721019278
37721027274
37721032706
37721041617
37721049124
37721055533
37721060782
37721068289
37721074454
37721080191
37721087332
37721095084
37721100027
37721109427
37721116812
37721123648
37721130972
37721138174
37721143606
37721151480
37721158377
37721165213
37721170767
37721177054
37721182852
37721188467
37721194388
37721201162
37721207815
37721212454
37721218863
37721225027
37721229544
37721235952
37721240225
37721247427
37721254263
37721260061
37721266165
37721271109
37721276663
37721282827
37721287344
37721294241
37721301077
37721305227
37721311941
37721316274
37721322256
37721329031
37721335439
37721341238
37721347830
37721353079
37721359304
37721363210
37721370290
37721377187
37721383901
37721389639
37721394643
37721401235
37721406118
37721412893
37721417654
37721425161
37721430105
37721434011
37721440664
37721447195
37721452138
37721457998
37721464345
37721468557
37721473745
37721479421
37721483693
37721490224
37721495229
37721501882
37721506276
37721511709
37721518361
37721522390
37721528676
37721533254
37721539724
37721545827
37721549672
37721556691
37721561757
37721567739
37721573964
37721581105
37721585866
37721592336
37721599538
37721604360
37721611989
37721617116
37721625844
37721630910
37721637868
37721645253
37721649709
37721656972
37721662038
37721671742
37721676930
37721684438
37721691274
37721696889
37721703053
37721710988
37721718129
37721723317
37721731862
37721737904
37721744130
37721751210
37721757252
37721763783
37721772938
37721780446
37721785634
37721793751
37721801137
37721809987
37721815541
37721823658
37721832203
37721839222
37721845631
37721852589
37721858143
37721865773
37721873097
37721878590
37721886280
37721893055
37721901905
37721908436
37721916859
37721923939
37721929188
37721936268
37721944630
37721950367
37721957752
37721964832
37721973499
37721980091
37721986256
37721994862
37722001270
37722008228
37722013599
37722022999
37722029285
37722035694
37722041981
37722049000
37722055530
37722060718
37722070240
37722074695
37722081898
37722089466
37722094288
37722101307
37722106189
37722115162
37722122181
37722128223
37722134082
37722141651
37722147388
37722155140
37722162586
37722171070
37722178882
37722184680
37722191883
37722199085
37722204639
37722207996
37722217395
37722223316
37722229724
37722234912
37722241077
37722245349
37722251514
37722259448
37722264758
37722270190
37722276355
37722281604
37722287219
37722292651
37722299243
37722305774
37722310229
37722316455
37722322436
37722326587
37722332324
37722338550
37722347034
37722352283
37722357959
37722363879
37722370471
37722375476
37722380298
37722386584
37722393298
37722399768
37722405322
37722410693
37722416797
37722422229
37722427295
37722434924
37722440783
37722446032
37722452441
37722457507
37722463732
37722468737
37722474963
37722481188
37722487841
37722493945
37722498645
37722503649
37722509692
37722514453
37722520190
37722525927
37722531725
37722536669
37722542101
37722548266
37722554125
37722559374
37722566027
37722570300
37722576891
37722582751
37722588854
37722594103
37722599718
37722603991
37722610339
37722615404
37722623461
37722630480
37722633532
37722643053
37722649950
37722656481
37722661120
37722667589
37722673998
37722678881
37722687487
37722693163
37722700548
37722706713
37722712328
37722718798
37722725878
37722732164
37722740038
37722747423
37722753954
37722759996
37722765490
37722773180
37722779222
37722788195
37722794420
37722800096
37722806993
37722814195
37722819261
37722826402
37722832872
37722840379
37722847093
37722853990
37722860094
37722865648
37722873094
37722878282
37722887254
37722894212
37722901414
37722908250
37722913255
37722919359
37722926439
37722935716
37722940538
37722947984
37722955125
37722960679
37722966783
37722973680
37722982530
37722988633
37722996446
37723002488
37723008470
37723015184
37723021287
37723028795
37723036058
37723041795
37723048814
37723055284
37723060105
37723067796
37723072618
37723081468
37723087266
37723094834
37723099900
37723107286
37723113511
37723120774
37723127427
37723134629
37723139695
37723146775
37723154099
37723159409
37723167649
37723173203
37723181809
37723188645
37723195908
37723201340
37723208421
37723216294
37723221360
37723227830
37723235703
37723242905
37723247300
37723253953
37723259690
37723264939
37723271958
37723278672
37723284104
37723289536
37723293686
37723299790
37723306443
37723311814
37723319565
37723325180
37723331833
37723337143
37723341965
37723347092
37723353012
37723360642
37723365403
37723370713
37723376450
37723381699
37723387680
37723395066
37723400620
37723407273
37723413254
37723418930
37723424851
37723429123
37723435959
37723441391
37723448898
37723454758
37723459763
37723465134
37723471237
37723475937
37723482162
37723486862
37723493576
37723499863
37723504196
37723511642
37723516403
37723522568
37723528244
37723534469
37723540329
37723544174
37723550461
37723555832
37723560837
37723565719
37723572433
37723578354
37723582809
37723588058
37723593857
37723599777
37723605453
37723611801
37723615890
37723622116
37723628036
37723631698
37723638900
37723644699
37723651962
37723658004
37723663253
37723669479
37723676132
37723682174
37723688461
37723694808
37723701827
37723707748
37723713180
37723720260
37723726608
37723733505
37723740951
37723746993
37723753280
37723759506
37723767257
37723774154
37723779952
37723786544
37723794357
37723800826
37723807967
37723814742
37723819930
37723828597
37723835677
37723842452
37723845870
37723855819
37723861861
37723868941
37723875106
37723880660
37723886886
37723894393
37723901900
37723909285
37723915755
37723922286
37723928267
37723936690
37723943831
37723951705
37723956343
37723965560
37723972396
37723980879
37723985945
37723993697
37724001814
37724008101
37724015608
37724022505
37724028060
37724034102
37724041853
37724049117
37724055464
37724062239
37724068404
37724075056
37724081465
37724089217
37724216047
37724221968
37724228071
37724235579
37724240644
37724247053
37724252851
37724259565
37724264814
37724270002
37724277815
37724283918
37724290205
37724295149
37724301252
37724306867
37724312544
37724319807
37724324140
37724330244
37724335066
37724340620
37724346845
37724351911
37724359358
37724364790
37724369245
37724374250
37724380231
37724385725
37724391584
37724397138
37724403181
37724407636
37724413373
37724419355
37724424543
37724429914
37724437604
37724443220
37724448713
37724454084
37724458661
37724465680
37724470319
37724476972
37724482465
37724488202
37724492841
37724499250
37724505048
37724511029
37724516156
37724522748
37724527265
37724533490
37724537580
37724544049
37724549787
37724555829
37724560468
37724566999
37724574628
37724580182
37724587201
37724593610
37724600141
37724607343
37724613446
37724619489
37724626019
37724632367
37724638776
37724646588
37724652020
37724657941
37724665692
37724671368
37724678876
37724685406
37724692059
37724699078
37724704816
37724711957
37724719098
37724725506
37724732892
37724740887
37724748639
37724756085
37724760968
37724769391
37724775738
37724783429
37724789532
37724796551
37724804242
37724811383
37724818951
37724823651
37724832196
37724840252
37724847088
37724853070
37724857891
37724865155
37724871563
37724880352
37724885662
37724893231
37724899945
37724905499
37724911663
37724918926
37724927288
37724934429
37724940472
37724948528
37724955425
37724960308
37724967693
37724976482
37724983990
37724991619
37724996624
37725003643
37725008953
37725016216
37725023479
37725030559
37725038555
37725044781
37725052166
37725057659
37725064800
37725073650
37725078899
37725086651
37725093548
37725100628
37725105632
37725113018
37725120525
37725127361
37725135173
37725141094
37725148052
37725155986
37725161418
37725169658
37725175029
37725181072
37725187602
37725191997
37725199260
37725205547
37725211467
37725217754
37725222576
37725228130
37725234355
37725240764
37725246196
37725253642
37725259441
37725266093
37725271526
37725278972
