37273891883
37273899146
37273904822
37273910315
37273915992
37273922828
37273929358
37273934119
37273940406
37273945838
37273952063
37273957129
37273962866
37273968604
37273975318
37273980139
37273986365
37273992774
37273999121
37274005896
37274011878
37274017615
37274023596
37274030371
37274036963
37274044531
37274051123
37274056738
37274064063
37274070654
37274076819
37274083472
37274089758
37274097082
37274102209
37274109412
37274114905
37274123083
37274129431
37274136328
37274143164
37274148047
37274155432
37274162207
37274168371
37274173864
37274181494
37274185949
37274196020
37274201941
37274207922
37274214819
37274220007
37274228369
37274235266
37274241491
37274248327
37274254980
37274259375
37274268896
37274276342
37274282080
37274290075
37274295690
37274304235
37274310339
37274317602
37274323278
37274332433
37274338903
37274345922
37274351965
37274360204
37274366308
37274373083
37274379125
37274386877
37274392919
37274401281
37274407934
37274413427
37274419103
37274426794
37274433507
37274440648
37274447423
37274455480
37274462621
37274468480
37274476781
37274482580
37274489660
37274496557
37274501989
37274510411
37274515599
37274523656
37274530736
37274535924
37274543309
37274550328
37274557653
37274563268
37274572362
37274578343
37274586583
37274591466
37274599034
37274604405
37274612462
37274618260
37274626012
37274632115
37274638829
37274644750
37274653478
37274659947
37274668065
37274674657
37274681737
37274687962
37274695958
37274702061
37274710484
37274717564
37274725438
37274732701
37274738682
37274745213
37274753148
37274760716
37274767186
37274775853
37274781773
37274786961
37274797581
37274805088
37274812779
37274819127
37274827732
37274832432
37274841832
37274849339
37274855381
37274862583
37274871922
37274876560
37274886082
37274893894
37274900730
37274907322
37274917515
37274925572
37274933262
37274941258
37274948765
37274956028
37274967381
37274972630
37274982395
37274987705
37274997044
37275004124
37275011692
37275018833
37275028660
37275035923
37275043979
37275053257
37275061496
37275068699
37275076999
37275083469
37275092380
37275100925
37275108066
37275116672
37275125766
37275132114
37275137241
37275148899
37275159214
37275165622
37275170688
37275181858
37275186984
37275198032
37275205844
37275213107
37275220493
37275229343
37275236362
37275245212
37275252475
37275261386
37275268649
37275277438
37275284030
37275293918
37275300998
37275310763
37275317905
37275327609
37275334323
37275341098
37275352939
37275359897
37275370639
37275377719
37275387301
37275395907
37275403537
37275411288
37275420993
37275428439
37275437045
37275443881
37275454074
37275461215
37275470858
37275477938
37275488070
37275495272
37275506991
37275514193
37275519808
37275532443
37275537753
37275547823
37275555453
37275564913
37275572604
37275583102
37275590853
37275598055
37275608004
37275616549
37275623507
37275632906
37275640047
37275651766
37275658663
37275668367
37275675509
37275684237
37275693270
37275701693
37275709261
37275717195
37275725679
37275733370
37275743257
37275750704
37275758699
37275766085
37275775484
37275783235
37275793062
37275799776
37275808321
37275815035
37275824190
37275831514
37275840059
37275848238
37275853731
37275865205
37275871065
37275880952
37275888643
37275896699
37275904878
37275911714
37275918977
37275929536
37275936433
37275943025
37275953462
37275960237
37275968965
37275977205
37275985200
37275990999
37276002351
37276009919
37276018586
37276027009
37276033662
37276043122
37276050386
37276057588
37276066560
37276074555
37276081208
37276088349
37276095063
37276102448
37276110017
37276117707
37276125703
37276132539
37276140534
37276147919
37276155549
37276162812
37276170869
37276178498
37276186066
37276193452
37276201752
37276209382
37276218171
37276225617
37276233491
37276240754
37276248810
37276257233
37276265107
37276274018
37276281342
37276289032
37276297028
37276303620
37276311798
37276319367
37276327240
37276334503
37276343415
37276350251
37276359467
37276367340
37276374481
37276381745
37276389618
37276395844
37276403900
37276414032
37276422272
37276429962
37276438751
37276447968
37276454498
37276463470
37276472076
37276479767
37276488312
37276497162
37276506073
37276514191
37276520721
37276528534
37276536651
37276542389
37276551727
37276556610
37276567535
37276575348
37276582855
37276590728
37276597564
37276604705
37276613189
37276620086
37276627899
37276636749
37276643463
37276649688
37276658660
37276664642
37276673553
37276681732
37276689544
37276697723
37276704315
37276713165
37276719451
37276729156
37276734527
37276743560
37276751067
37276762237
37276769805
37276777923
37276785430
37276793853
37276800445
37276810210
37276819182
37276825896
37276834929
37276841704
37276851653
37276857146
37276867827
37276873198
37276883208
37276890899
37276899566
37276906462
37276915313
37276924346
37276932036
37276941497
37276947661
37276956328
37276964812
37276974394
37276982878
37276990386
37276997771
37277005644
37277012480
37277021147
37277030669
37277038969
37277045927
37277054594
37277063383
37277069853
37277079069
37277087614
37277094511
37277105314
37277112456
37277120024
37277128874
37277136442
37277146818
37277155119
37277163054
37277169828
37277179350
37277188627
37277196196
37277205107
37277211637
37277219328
37277226713
37277235807
37277243376
37277252287
37277259855
37277268156
37277277860
37277286222
37277293058
37277302152
37277308683
37277316862
37277322904
37277330595
37277337919
37277345304
37277350858
37277356718
37277363370
37277368742
37277375822
37277382963
37277387846
37277394315
37277400053
37277405118
37277411588
37277418119
37277424100
37277429288
37277436002
37277441190
37277448453
37277453641
37277460843
37277466642
37277472318
37277477384
37277484037
37277489103
37277495450
37277500577
37277508145
37277514005
37277518888
37277523893
37277531583
37277537381
37277542569
37277547696
37277555509
37277559110
37277566312
37277572110
37277578763
37277584500
37277590299
37277593778
37277600797
37277606595
37277613309
37277619046
37277626065
37277630521
37277637784
37277641385
37277648892
37277655911
37277661343
37277666653
37277672086
37277678067
37277683987
37277689358
37277695157
37277700589
37277706509
37277712552
37277717129
37277722500
37277728909
37277733731
37277738308
37277744290
37277749600
37277755764
37277759060
37277765896
37277771023
37277777310
37277785183
37277789883
37277796536
37277802884
37277809536
37277816372
37277822598
37277827420
37277835659
37277842434
37277849087
37277854580
37277861294
37277867031
37277874844
37277880703
37277889065
37277895046
37277902065
37277907986
37277915737
37277921475
37277928860
37277937099
37277942898
37277948757
37277956448
37277962185
37277970486
37277977016
37277984402
37277991299
37277998989
37278006435
37278013332
37278019497
37278026394
37278031215
37278040432
37278048061
37278053310
37278061123
37278068569
37278074123
37278081081
37278088771
37278094020
37278102382
37278107570
37278115383
37278122707
37278129055
37278134181
37278142116
37278149623
37278155666
37278163173
37278170009
37278177455
37278184108
37278189967
37278197109
37278202907
37278210719
37278216457
37278225551
37278231349
37278238246
37278243983
37278252711
37278258571
37278265163
37278270900
37278279079
37278285060
37278293544
37278299830
37278306850
37278312770
37278321498
37278328273
37278334926
37278341639
37278349025
37278355616
37278361781
37278367518
37278376185
37278382777
37278388575
37278396876
37278402613
37278408351
37278416468
37278423365
37278430201
37278436732
37278444422
37278450404
37278457301
37278463038
37278469996
37278474940
37278481715
37278486598
37278494166
37278499964
37278506007
37278511866
37278517359
37278522730
37278531702
37278536158
37278543055
37278546717
37278554957
37278558497
37278567591
37278574000
37278580042
37278585840
37278591822
37278598658
37278603113
37278609156
37278615748
37278621973
37278628382
37278633631
37278639856
37278645899
37278650354
37278656946
37278663355
37278669458
37278674585
37278681116
37278686121
37278692835
37278697840
37278704248
37278708887
37278715418
37278720117
37278726892
37278731653
37278736902
37278743311
37278748865
37278754175
37278760828
37278766931
37278772302
37278777673
37278783045
37278788538
37278792688
37278799646
37278803674
37278810816
37278814966
37278820764
37278826746
37278831567
37278837427
37278842554
37278848535
37278854578
37278859827
37278864709
37278871118
37278875940
37278881006
37278886804
37278892847
37278899560
37278905603
37278911767
37278918237
37278924646
37278932519
37278937341
37278944604
37278951318
37278957727
37278962549
37278969568
37278977075
37278982812
37278989648
37278995141
37279001916
37279009545
37279016076
37279021936
37279030297
37279038415
37279045861
37279052819
37279057824
37279065148
37279071740
37279079003
37279086511
37279093530
37279098596
37279106957
37279111901
37279119897
37279126672
37279133447
37279141259
37279148400
37279155907
37279161401
37279166100
37279174584
37279182091
37279189477
37279197350
37279203148
37279209435
37279216393
37279222802
37279228112
37279234948
37279240319
37279250145
37279256432
37279261681
37279266930
37279275170
37279281334
37279287072
37279293358
37279302269
37279309288
37279315758
37279322289
37279328575
37279334191
37279340660
37279347557
37279354943
37279360985
37279367943
37279375267
37279380699
37279386681
37279393517
37279402001
37279407677
37279415855
37279420494
37279428185
37279434471
37279440453
37279445763
37279454857
37279462181
37279468651
37279475548
37279480492
37279488609
37279493614
37279500999
37279508262
37279514610
37279521873
37279528709
37279533653
37279538597
37279544517
37279552025
37279555626
37279562217
37279567344
37279573875
37279577720
37279583580
37279589073
37279596214
37279601768
37279606041
37279612754
37279617149
37279623741
37279629295
37279636009
37279642295
37279647483
37279652122
37279658958
37279663597
37279670188
37279674888
37279681907
37279687400
37279692832
37279698020
37279703819
37279709373
37279714805
37279718894
37279726157
37279729881
37279737510
37279741355
37279748740
37279754600
37279758689
37279765525
37279771445
37279777000
37279781333
37279787253
37279793845
37279798118
37279803000
37279810019
37279815879
37279821067
37279826438
37279830344
37279836875
37279842368
37279848777
37279853232
37279858481
37279862815
37279869223
37279873984
37279880210
37279886374
37279892295
37279897422
37279902854
37279907920
37279911948
37279917807
37279922019
37279929953
37279944296
37279955649
37279962241
37279968100
37279974387
37279979575
37279986960
37279992392
37279999167
37280005576
37280011557
37280017538
37280024069
37280030966
37280037192
37280043356
37280049216
37280055563
37280062155
37280069723
37280075461
37280082541
37280088156
37280095419
37280100973
37280108603
37280114828
37280122030
37280126608
37280134970
37280141867
37280149191
37280153524
37280162436
37280169333
37280177023
37280181295
37280190634
37280195761
37280203451
37280207601
37280217001
37280221640
37280229025
37280235678
37280242330
37280247335
37280254782
37280261984
37280267172
37280274618
37280279806
37280287985
37280293844
37280301840
37280307333
37280314901
37280322225
37280331930
37280338155
37280344991
37280351095
37280358419
37280364583
37280371114
37280377218
37280386129
37280392232
37280399923
37280406515
37280412496
37280418416
37280425680
37280432515
37280439290
37280446004
37280453450
37280457906
37280467122
37280471395
37280480855
37280488790
37280494222
37280502217
37280508016
37280515889
37280523152
37280529256
37280536641
37280541646
37280549520
37280556661
37280563313
37280568624
37280575215
37280582051
37280587117
37280593831
37280600545
37280606953
37280611958
37280618306
37280623311
37280629964
37280635640
37280640889
37280646565
37280654073
37280659138
37280665913
37280670796
37280678364
37280683430
37280690205
37280695088
37280701619
37280708333
37280713826
37280718586
37280726582
37280732014
37280737263
37280743367
37280749836
37280754902
37280761433
37280766255
37280772602
37280778462
37280784748
37280790974
37280796833
37280803059
37280809285
37280815510
37280820881
37280826802
37280833454
37280841023
37280845722
37280851887
37280857746
37280862934
37280867085
37280872334
37280878254
37280884174
37280889179
37280895405
37280900105
37280905476
37280909809
37280915913
37280921772
37280927448
37280932880
37280938618
37280944416
37280948688
37280954365
37280959736
37280966205
37280971088
37280977558
37280982258
37280989094
37280994404
37280999653
37281005817
37281011066
37281016987
37281021686
37281027851
37281033588
37281039753
37281045307
37281052021
37281058551
37281064838
37281071979
37281076679
37281081623
37281088886
37281094867
37281102558
37281108539
37281114337
37281120563
37281124958
37281132038
37281138446
37281144061
37281151019
37281157306
37281163410
37281170062
37281175739
37281181781
37281189533
37281196674
37281203021
37281210590
37281216998
37281224323
37281230609
37281237933
37281246783
37281253375
37281259540
37281265338
37281271442
37281278216
37281282245
37281290668
37281294757
37281303729
37281307940
37281316607
37281320758
37281328875
37281335589
37281342181
37281347552
37281355426
37281360308
37281367694
37281374591
37281379779
37281386737
37281393389
37281400592
37281405719
37281412860
37281420306
37281426898
37281432025
37281438677
37281445880
37281452044
37281459246
37281466082
37281472369
37281478899
37281486163
37281493426
37281499346
37281506060
37281511675
37281518145
37281523699
37281531451
37281537066
37281543352
37281551470
37281557329
37281565813
37281573199
37281580645
37281585955
37281593340
37281600176
37281605791
37281612932
37281619585
37281626482
37281632464
37281639361
37281645769
37281651140
37281659868
37281666338
37281671953
37281679155
37281683794
37281688555
37281695635
37281699358
37281707903
37281714678
37281719133
37281725908
37281731523
37281735857
37281742693
37281747881
37281753801
37281759660
37281765825
37281770403
37281776079
37281781816
37281787920
37281794267
37281800371
37281806169
37281811845
37281817339
37281823381
37281829057
37281833757
37281841203
37281846818
37281851884
37281857133
37281863603
37281866960
37281874345
37281877519
37281886369
37281890764
37281897539
37281901567
37281908525
37281912736
37281918840
37281924943
37281930742
37281936296
37281940263
37281946855
37281951005
37281956315
37281961747
37281968217
37281973100
37281978227
37281983049
37281989274
37281992875
37281998735
37282005387
37282010636
37282016557
37282022172
37282027360
37282032792
37282037370
37282042924
37282049027
37282053971
37282059037
37282063798
37282069169
37282073930
37282079606
37282084794
37282090531
37282097916
37282102250
37282109086
37282115311
37282120438
37282126725
37282134843
37282140702
37282146012
37282150895
37282158341
37282163834
37282170304
37282176896
37282183732
37282190140
37282196427
37282200821
37282208878
37282213212
37282220597
37282227738
37282234757
37282241227
37282245987
37282252701
37282259598
37282265641
37282272538
37282280228
37282285843
37282292862
37282298111
37282305130
37282310318
37282316361
37282323197
37282332291
37282338761
37282344803
37282350846
37282357803
37282363846
37282369278
37282374466
37282383743
37282388504
37282395401
37282401505
37282408402
37282414932
37282421280
37282429092
37282435867
37282442459
37282449234
37282454300
37282460647
37282467850
37282472854
37282480240
37282487503
37282494949
37282500320
37282507156
37282512466
37282519302
37282526138
37282533767
37282539322
37282546951
37282552993
37282558303
37282565872
37282571792
37282578140
37282585830
37282592605
37282599075
37282605728
37282612319
37282618789
37282625930
37282631301
37282639175
37282646438
37282653518
37282661575
37282666885
37282674636
37282681777
37282684036
37282695815
37282703323
37282710342
37282717727
37282723037
37282727187
37282736098
37282742751
37282747756
37282755447
37282761367
37282766738
37282770949
37282777358
37282781508
37282789565
37282794387
37282800246
37282806289
37282811538
37282817580
37282822829
37282827529
37282835524
37282841262
37282848769
37282855239
37282860366
37282866164
37282871901
37282877211
37282883010
37282888930
37282895278
37282899916
37282906203
37282911574
37282915969
37282922133
37282928298
37282932997
37282939528
37282945632
37282950514
37282956313
37282962477
37282968459
37282973280
37282979811
37282985976
37282992262
37282998549
37283005324
37283010146
37283016310
37283022536
37283026808
37283032667
37283038588
37283044325
37283050001
37283056105
37283061842
37283067030
37283071547
37283077528
37283082533
37283088515
37283093458
37283099867
37283104689
37283111281
37283116957
37283122267
37283127821
37283133680
37283139662
37283145094
37283150587
37283156263
37283162062
37283167128
37283175550
37283180433
37283188368
37283193373
37283199598
37283205030
37283211622
37283216688
37283223158
37283228224
37283235670
37283241529
37283248060
37283254957
37283261976
37283267164
37283275343
37283279249
37283289930
37283295240
37283302564
37283309278
37283315748
37283320325
37283328809
37283333814
37283341871
37283346754
37283354383
37283360059
37283366529
37283373426
37283378614
37283386426
37283391553
37283399183
37283404249
37283412916
37283422437
37283429883
37283440015
37283448682
37283453992
37283462110
37283468885
37283474195
37283481397
37283488599
37283495984
37283502149
37283509351
37283515332
37283522351
37283527967
37283535840
37283541760
37283550427
37283557568
37283564649
37283571546
37283577954
37283584851
37283592481
37283600171
37283606824
37283612927
37283619458
37283625256
37283632642
37283639661
37283646802
37283654126
37283661511
37283668225
37283673413
37283680310
37283685742
37283693493
37283698987
37283707470
37283712353
37283719983
37283727856
37283735058
37283741406
37283748181
37283755932
37283763562
37283770520
37283777905
37283784130
37283789807
37283797680
37283804882
37283810436
37283818127
37283823437
37283829846
37283835278
37283840527
37283844860
37283851330
37283855724
37283862805
37283867687
37283873058
37283879223
37283884594
37283889416
37283894360
37283900402
37283906567
37283911449
37283916943
37283921703
37283928234
37283933300
37283940014
37283945629
37283951366
37283956737
37283964733
37283971020
37283976391
37283981945
37283988903
37283994457
37284002697
37284008922
37284014965
37284020946
37284025890
37284030651
37284036327
37284041027
37284048473
37284054210
37284058910
37284064403
37284069835
37284075389
37284081798
37284086254
37284092723
37284098583
37284103404
37284108776
37284113841
37284119213
37284124462
37284130138
37284134349
37284140025
37284145946
37284150951
37284157237
37284162425
37284168407
37284173778
37284179942
37284184215
37284189220
37284195262
37284200267
37284206310
37284212535
37284218517
37284223582
37284228831
37284234447
37284238597
37284244762
37284251414
37284258067
37284263316
37284270457
37284275401
37284282603
37284286571
37284295360
37284301829
37284308360
37284314464
37284320445
37284327708
37284332103
37284339427
37284343882
37284352794
37284358348
37284365855
37284371165
37284377574
37284384410
37284390757
37284396067
37284404795
37284411204
37284417857
37284424082
37284430979
37284437510
37284444407
37284448130
37284456797
37284464671
37284471079
37284475840
37284483103
37284489512
37284495860
37284503123
37284509776
37284516795
37284521921
37284530222
37284535105
37284542429
37284549448
37284555674
37284562998
37284569529
37284574961
37284581431
37284588267
37284593882
37284600657
37284608103
37284613718
37284620981
37284626352
37284632944
37284640757
37284645762
37284653696
37284661203
37284666147
37284673410
37284679514
37284687021
37284691843
37284699533
37284703256
37284713999
37284719675
37284726084
37284730722
37284738535
37284745371
37284751779
37284759103
37284766245
37284771860
37284778757
37284785349
37284792917
37284799081
37284806833
37284813425
37284821603
37284827646
37284833017
37284839914
37284847543
37284854074
37284859628
37284870187
37284876474
37284884408
37284890024
37284895395
37284902109
37284907419
37284912118
37284920114
37284924875
37284931527
37284936898
37284942453
37284947824
37284953134
37284957711
37284967050
37284971322
37284978158
37284982125
37284989022
37284994332
37284999826
37285003976
37285011972
37285016244
37285023141
37285029061
37285034799
37285040780
37285045236
37285052010
37285058419
37285063973
37285068063
37285074227
37285080148
37285085214
37285091195
37285098153
37285103097
37285109872
37285114510
37285119942
37285126412
37285131234
37285135750
37285143380
37285146859
37285154000
37285159127
37285163827
37285170113
37285175118
37285180977
37285186043
37285191170
37285196236
37285202218
37285206063
37285212716
37285216866
37285223031
37285227547
37285234322
37285239144
37285244332
37285248055
37285254830
37285260140
37285265511
37285271370
37285276497
37285282418
37285286385
37285292549
37285297798
37285303047
37285310311
37285316170
37285321907
37285328743
37285334236
37285339668
37285345406
37285352425
37285358833
37285364693
37285371285
37285377632
37285383186
37285389656
37285397224
37285402351
37285409859
37285415962
37285422127
37285427437
37285434944
37285441109
37285447273
37285453682
37285460518
37285466560
37285472847
37285480049
37285486641
37285493171
37285500374
37285508247
37285514473
37285521003
37285525703
37285533699
37285538459
37285545356
37285551948
37285559272
37285566352
37285572883
37285580024
37285585823
37285592903
37285601386
37285607673
37285613349
37285618781
37285626289
37285631538
37285639167
37285645576
37285652290
37285658881
37285666145
37285672187
37285678596
37285684638
37285691047
37285697334
37285705573
37285713203
37285718146
37285724738
37285731208
37285738227
37285745124
37285751838
37285759101
37285765021
37285772040
37285777778
37285784736
37285790412
37285797187
37285805427
37285811042
37285817145
37285825080
37285830756
37285836676
37285844977
37285850592
37285859442
37285865546
37285873358
37285879523
37285885993
37285892096
37285897833
37285905707
37285913092
37285918463
37285926825
37285933722
37285940497
37285944403
37285952033
37285958136
37285964484
37285970770
37285976386
37285980658
37285987555
37285993781
37285997992
37286005621
37286012030
37286017462
37286022101
37286028326
37286032965
37286039801
37286044501
37286051703
37286057196
37286063055
37286068304
37286073919
37286079168
37286084723
37286090094
37286097174
37286101324
37286107489
37286113226
37286118597
37286124334
37286128363
37286133612
37286140936
37286146551
37286150824
37286157659
37286161932
37286168524
37286172735
37286180120
37286186468
37286191534
37286197515
37286203314
37286208013
37286214361
37286218633
37286224737
37286229376
37286235479
37286240301
37286246160
37286250982
37286256780
37286262884
37286268377
37286274480
37286278265
37286283880
37286289373
37286294561
37286298772
37286305608
37286310552
37286315984
37286320867
37286326604
37286332098
37286337163
37286342901
37286348394
37286353582
37286358770
37286365117
37286371404
37286376897
37286383245
37286389470
37286394536
37286401067
37286408147
37286414068
37286419744
37286426519
37286430120
37286439763
37286444463
37286452214
37286458318
37286464971
37286472600
37286478032
37286484746
37286492131
37286499578
37286504949
37286511113
37286518071
37286524846
37286530278
37286538518
37286544255
37286551824
37286557378
37286563725
37286571294
37286576482
37286581731
37286591069
37286597539
37286604069
37286608891
37286615849
37286623723
37286630315
37286635258
37286643132
37286650212
37286656560
37286662785
37286669194
37286675969
37286682377
37286690373
37286697453
37286703068
37286709965
37286716069
37286722966
37286729069
37286734501
37286742985
37286748661
37286755253
37286760624
37286768071
37286775822
37286781620
37286786991
37286795353
37286801823
37286808659
37286814823
37286821659
37286828312
37286834721
37286842106
37286849003
37286854740
37286861088
37286868778
37286873722
37286880863
37286887943
37286896244
37286904118
37286911014
37286916447
37286924259
37286929630
37286937565
37286944401
37286951298
37286958744
37286964847
37286971683
37286977726
37286983097
37286990665
37286995731
37287003666
37287009403
37287016117
37287021976
37287027042
37287032352
37287037967
37287043277
37287050724
37287054447
37287061649
37287066898
37287073734
37287077640
37287084110
37287087223
37287094913
37287101077
37287106754
37287112552
37287118167
37287122257
37287128787
37287134952
37287140994
37287147037
37287153018
37287158267
37287164249
37287169437
37287175418
37287181216
37287188358
37287193362
37287198062
37287204593
37287209170
37287215335
37287219974
37287227359
37287230777
37287237979
37287243167
37287249393
37287254886
37287260440
37287266421
37287271548
37287277163
37287282474
37287287173
37287292727
37287296817
37287302249
37287308719
37287313113
37287318667
37287322879
37287329776
37287334597
37287340274
37287345523
37287350711
37287356875
37287360842
37287366275
37287371401
37287376773
37287381838
37287388003
37287392520
37287398379
37287402590
37287408267
37287414858
37287420168
37287425051
37287433718
37287440066
37287445742
37287451968
37287457827
37287463015
37287468874
37287475527
37287482302
37287489443
37287494875
37287502077
37287507571
37287515505
37287520815
37287530337
37287536623
37287543154
37287549319
37287554995
37287561037
37287567385
37287573610
37287581179
37287588808
37287595583
37287601442
37287608156
37287616762
37287622377
37287629702
37287637026
37287643312
37287650515
37287658083
37287664553
37287670351
37287676271
37287685488
37287692690
37287699587
37287707033
37287712282
37287719057
37287725710
37287733644
37287740907
37287747377
37287752992
37287761049
37287766908
37287774355
37287781557
37287788942
37287795961
37287802797
37287809511
37287817079
37287822694
37287830385
37287838319
37287843934
37287851259
37287859559
37287866151
37287872987
37287880433
37287884767
37287893678
37287898256
37287907289
37287914796
37287921571
37287928285
37287935853
37287942384
37287950502
37287958009
37287964357
37287971681
37287978089
37287987550
37287992250
37288001100
37288008363
37288016236
37288023438
37288031007
37288036561
37288044373
37288052491
37288060365
37288066529
37288071900
37288078797
37288084657
37288090577
37288095460
37288102906
37288109132
37288114136
37288121155
37288126649
37288132935
37288139771
37288145508
37288152588
37288158021
37288163270
37288168397
37288174195
37288181031
37288187562
37288192872
37288199891
37288204529
37288209961
37288216248
37288224060
37288228821
37288236695
37288240906
37288248352
37288253174
37288259522
37288265320
37288271485
37288276978
37288283386
37288288880
37288294739
37288300293
37288306030
37288313233
37288317688
37288323853
37288328430
37288334412
37288339478
37288345093
37288352173
37288358154
37288362915
37288367371
37288374573
37288379333
37288385193
37288390930
37288396240
37288401550
37288407165
37288412964
37288417480
37288424377
37288430481
37288436584
37288440368
37288446899
37288452514
37288458191
37288464233
37288469116
37288476379
37288482238
37288489563
37288493957
37288501037
37288507690
37288514221
37288521667
37288527588
37288535034
37288539428
37288546630
37288553344
37288560546
37288566894
37288575012
37288581054
37288587402
37288594360
37288600768
37288607482
37288614623
37288621826
37288629028
37288636413
37288642944
37288648681
37288656127
37288661742
37288670776
37288675658
37288683837
37288690917
37288697509
37288704894
37288709960
37288719298
37288725036
37288731750
37288737304
37288745360
37288751647
37288759093
37288766051
37288773009
37288779357
37288786376
37288792418
37288799865
37288806029
37288814391
37288821776
37288828185
37288835387
37288841796
37288848387
37288855162
37288862548
37288871154
37288876952
37288883605
37288889159
37288897276
37288903990
37288911437
37288918395
37288925353
37288931761
37288939024
37288946776
37288952452
37288959654
37288965392
37288975218
37288982298
37288989622
37288995970
37289003477
37289011534
37289016844
37289026488
37289032774
37289041746
37289047789
37289054320
37289060545
37289069212
37289075255
37289085386
37289092405
37289099241
37289107237
37289111876
37289118284
37289123960
37289131102
37289137388
37289143675
37289148619
37289155943
37289159422
37289166380
37289172422
37289178221
37289184934
37289191160
37289197141
37289201658
37289208494
37289213438
37289221861
37289228574
37289232786
37289240110
37289244444
37289251341
37289256040
37289262815
37289269773
37289275144
37289280454
37289286680
37289292234
37289298093
37289305234
37289311948
37289318235
37289324094
37289331052
37289335325
37289343686
37289348813
37289353940
37289359922
37289365720
37289371579
37289376157
37289382688
37289387937
37289393552
37289399900
37289405576
37289410154
37289415952
37289420896
37289427732
37289433835
37289439206
37289444455
37289450681
37289454953
37289460874
37289465268
37289472959
37289476682
37289482846
37289488645
37289494382
37289499387
37289505063
37289510983
37289518063
37289523923
37289530576
37289537290
37289543027
37289549558
37289556882
37289562802
37289568906
37289575558
37289581662
37289588071
37289594601
37289603329
37289609677
37289615536
37289623654
37289630307
37289635190
37289642331
37289651120
37289658322
37289665097
37289670712
37289678036
37289684384
37289691586
37289698971
37289706234
37289714840
37289720089
37289727902
37289733517
37289741330
37289747128
37289756344
37289763607
37289770138
37289775753
37289782711
37289789852
37289796810
37289804073
37289811459
37289817806
37289824947
37289831173
37289839047
37289845333
37289849117
37289859798
37289867062
37289873592
37289880001
37289887325
37289893734
37289899471
37289907955
37289914364
37289921200
37289928097
37289934627
37289941829
37289946895
37289956844
37289962581
37289970211
37289976131
37289984798
37289989559
37289998714
37290005428
37290012691
37290018428
37290025631
37290032711
37290038204
37290046199
37290053524
37290061763
37290069393
37290076778
37290084041
37290089656
37290098567
37290104305
37290113948
37290120052
37290127742
37290137080
37290142757
37290148189
37290156551
37290161067
37290168452
37290174556
37290180720
37290186824
37290191585
37290198299
37290203181
37290210261
37290215877
37290221248
37290226985
37290232722
37290238948
37290245662
37290252192
37290257075
37290262813
37290269710
37290276179
37290280513
37290286860
37290293269
37290299189
37290306331
37290311091
37290317683
37290322444
37290329158
37290334712
37290341792
37290354365
37290358821
37290366450
37290371089
37290378108
37290382563
37290389338
37290395197
37290400508
37290405695
37290413630
37290420771
37290425593
37290431574
37290436640
37290441950
37290448542
37290453059
37290460444
37290465449
37290470576
37290476008
37290481257
37290486689
37290492365
37290498102
37290502985
37290509821
37290516718
37290520930
37290528315
37290532953
37290539179
37290543818
37290550837
37290556452
37290562250
37290568232
37290575739
37290582636
37290589045
37290595575
37290601923
37290607721
37290613947
37290620356
37290627192
37290632929
37290639643
37290645868
37290650690
37290658869
37290664179
37290670221
37290677728
37290684381
37290691828
37290698480
37290704340
37290711237
37290718805
37290725580
37290731378
37290738886
37290744806
37290753290
37290759210
37290765802
37290771478
37290779901
37290785577
37290794244
37290801019
37290807977
37290814569
37290821954
37290825982
37290834039
37290840509
37290847162
37290853937
37290861871
37290865960
37290874444
37290880914
37290889032
37290894037
37290903070
37290907891
37290916070
37290920770
37290928765
37290935845
37290940789
37290945672
37290954156
37290962213
37290967034
37290974481
37290979730
37290986382
37290993463
37291002618
37291008477
37291015313
37291020745
37291028436
37291033868
37291040032
37291045281
37291053460
37291059197
37291066521
37291072076
37291079705
37291085931
37291093133
37291096917
37291107781
37291114312
37291119195
37291125359
37291132622
37291139397
37291146477
37291154412
37291162163
37291167473
37291175713
37291182610
37291189690
37291194695
37291202935
37291209465
37291216057
37291220818
37291227471
37291231438
37291238091
37291243645
37291249138
37291256096
37291262139
37291267937
37291273674
37291279595
37291283989
37291290093
37291295708
37291301384
37291307243
37291313652
37291318352
37291325981
37291330681
37291337334
37291342033
37291350151
37291356010
37291362053
37291367485
37291372490
37291377190
37291383232
37291387993
37291396416
37291402031
37291407707
37291411735
37291418144
37291424553
37291430046
37291436332
37291442314
37291448662
37291454887
37291460319
37291464592
37291470878
37291476982
37291481865
37291487480
37291494072
37291499015
37291503593
37291509697
37291514640
37291519950
37291524955
37291530998
37291535942
37291540885
37291546073
37291552238
37291556266
37291563529
37291569328
37291575309
37291580253
37291585624
37291590446
37291595573
37291600761
37291607292
37291612602
37291617790
37291622794
37291627921
37291633353
37291639762
37291646964
37291652152
37291659476
37291664420
37291671073
37291675895
37291683280
37291689201
37291697318
37291702445
37291708365
37291715385
37291720145
37291727653
37291732535
37291741202
37291748282
37291755362
37291760917
37291767447
37291773002
37291780265
37291785758
37291794547
37291800284
37291808280
37291814383
37291820304
37291825614
37291832999
37291839225
37291847037
37291853751
37291860160
37291866873
37291873160
37291877738
37291885306
37291892630
37291899588
37291906607
37291913626
37291918936
37291925894
37291932730
37291937674
37291944876
37291952261
37291958670
37291964102
37291972281
37291977408
37291983939
37291989432
37291999502
37292005789
37292011893
37292018057
37292024527
37292030691
37292037039
37292043570
37292052054
37292057913
37292064444
37292071096
37292077505
37292083059
37292089590
37292097097
37292104361
37292110769
37292115774
37292122915
37292129995
37292136160
37292143240
37292149282
37292156484
37292163687
37292169790
37292177725
37292183645
37292191030
37292196890
37292205923
37292212270
37292220815
37292226736
37292233450
37292239370
37292246694
37292254324
37292262014
37292268056
37292274892
37292279958
37292286245
37292291372
37292298269
37292303091
37292310293
37292316030
37292321279
37292326589
37292332509
37292337880
37292343374
37292348989
37292355336
37292361318
37292366750
37292370717
37292376943
37292382863
37292388540
37292395070
37292401052
37292407766
37292412160
37292418019
37292424245
37292430104
37292434377
37292441457
37292447743
37292453237
37292459401
37292465444
37292470326
37292476308
37292481069
37292488149
37292493947
37292499806
37292504262
37292511342
37292516652
37292522145
37292527638
37292535756
37292540578
37292546193
37292551198
37292556325
37292562550
37292566579
37292573170
37292578969
37292584401
37292589955
37292595692
37292600026
37292605580
37292610036
37292618092
37292624074
37292630055
37292635731
37292642262
37292648366
37292653554
37292659901
37292663929
37292670399
37292674427
37292683155
37292688343
37292693776
37292699757
37292704457
37292712086
37292717762
37292725392
37292730702
37292738453
37292744557
37292751759
37292755543
37292764515
37292770863
37292777210
37292781788
37292789662
37292796559
37292803578
37292810780
37292817677
37292824024
37292830982
37292838001
37292845020
37292852161
37292857410
37292866199
37292871448
37292878284
37292885120
37292892139
37292898975
37292905018
37292911671
37292920154
37292926319
37292933643
37292939564
37292946827
37292953113
37292961475
37292968128
37292974170
37292980457
37292986499
37292992969
37293000599
37293005298
37293014453
37293018665
37293027576
37293032520
37293040088
37293044239
37293054065
37293060352
37293067066
37293073963
37293081043
37293087146
37293092639
37293101123
37293107959
37293114734
37293121692
37293128772
37293136035
37293143054
37293148791
37293155933
37293163013
37293168201
37293175952
37293184192
37293191394
37293196704
37293203235
37293208789
37293218127
37293224597
37293231372
37293238086
37293245349
37293252551
37293258288
37293264636
37293272937
37293279040
37293288012
37293295581
37293302356
37293310229
37293317065
37293321643
37293329394
37293335681
37293343371
37293349597
37293357287
37293361926
37293369372
37293375048
37293381579
37293386584
37293391772
37293396655
37293403368
37293408373
37293413683
37293418688
37293425829
37293431323
37293435778
37293440539
37293446215
37293451586
37293460253
37293464953
37293471606
37293478136
37293483813
37293487902
37293494555
37293500658
37293506335
37293511950
37293518175
37293525438
37293530810
37293538134
37293543993
37293551012
37293554552
37293562182
37293568468
37293574389
37293578783
37293585863
37293592272
37293598314
37293602709
37293610094
37293616503
37293622606
37293628405
37293634325
37293640184
37293644335
37293651049
37293656908
37293663133
37293667467
37293673631
37293678026
37293684191
37293689073
37293695421
37293701280
37293705248
37293711656
37293716783
37293722337
37293727525
37293732408
37293738268
37293744859
37293748766
37293754503
37293760057
37293764818
37293770372
37293776292
37293780809
37293787523
37293793199
37293800218
37293806138
37293811387
37293818284
37293824632
37293831285
37293837816
37293844102
37293848985
37293855943
37293860887
37293869920
37293876329
37293882066
37293888231
37293895250
37293901353
37293907334
37293913560
37293921128
37293928025
37293934556
37293939256
37293946580
37293952867
37293959397
37293966599
37293973680
37293980882
37293985948
37293992783
37293999314
37294005540
37294012132
37294018723
37294026109
37294033372
37294038743
37294044846
37294051804
37294057969
37294064927
37294071885
37294077805
37294085801
37294092026
37294101853
37294109055
37294116196
37294122178
37294129075
37294135972
37294142930
37294150498
37294155808
37294163804
37294171372
37294178025
37294183335
37294190903
37294198288
37294204209
37294211533
37294218796
37294224655
37294231735
37294239304
37294246323
37294252060
37294258835
37294264572
37294272507
37294278366
37294288071
37294294541
37294300339
37294306564
37294313034
37294319260
37294326706
37294333725
37294341843
37294347336
37294354965
37294361740
37294369064
37294375839
37294382126
37294389145
37294397018
37294404465
37294409775
37294416611
37294423813
37294430526
37294436691
37294443222
37294451767
37294455795
37294462692
37294468185
37294473922
37294477157
37294484604
37294490097
37294496566
37294503097
37294507309
37294513717
37294519454
37294524032
37294529708
37294536727
37294543197
37294549117
37294553634
37294560592
37294565414
37294571700
37294576400
37294583053
37294587997
37294594772
37294599471
37294606002
37294610824
37294617416
37294622115
37294630294
37294633834
37294640975
37294646346
37294652023
37294657272
37294662887
37294668502
37294676375
37294680709
37294687484
37294691512
37294698104
37294702132
37294708724
37294714766
37294719771
37294725509
37294730575
37294735885
37294741683
37294746993
37294751326
37294758284
37294762923
37294768905
37294773177
37294778975
37294785323
37294790511
37294793380
37294801009
37294806685
37294811934
37294817671
37294821639
37294827742
37294833296
37294840254
37294844832
37294850875
37294855269
37294861434
37294867049
37294873030
37294878829
37294886519
37294892317
37294897017
37294903792
37294909712
37294916060
37294921858
37294928572
37294935164
37294941634
37294947066
37294953352
37294960554
37294967146
37294972517
37294980635
37294987227
37294993574
37294999678
37295006514
37295010298
37295018171
37295024824
37295032942
37295039168
37295045637
37295051741
37295058149
37295064619
37295071028
37295078413
37295085615
37295091230
37295098188
37295103926
37295110823
37295117048
37295123884
37295129743
37295137068
37295142439
37295149458
37295155989
37295161421
37295168989
37295174360
37295183393
37295189924
37295196333
37295202497
37295209028
37295215131
37295221723
37295228254
37295234785
37295238996
37295247480
37295253461
37295259992
37295266889
37295273420
37295278303
37295287458
37295292280
37295299909
37295306440
37295312604
37295317304
37295325055
37295333906
37295341169
37295347394
37295352948
37295359601
37295366681
37295372968
37295378461
37295386640
37295392560
37295400312
37295406354
37295414716
37295421369
37295427106
37295433087
37295442853
37295449018
37295456647
37295462689
37295470258
37295476239
37295484052
37295489972
37295498883
37295503095
37295509869
37295514996
37295521344
37295525922
37295531842
37295538678
37295544904
37295550519
37295556317
37295562543
37295568341
37295572369
37295579144
37295584820
37295590924
37295597149
37295602826
37295608746
37295612897
37295619610
37295623944
37295630291
37295636090
37295642193
37295648236
37295653607
37295657940
37295664532
37295670758
37295677105
37295682171
37295687664
37295693707
37295698895
37295703656
37295709820
37295715863
37295721600
37295726727
37295733258
37295738140
37295744061
37295748944
37295755657
37295760540
37295766644
37295771465
37295777874
37295781414
37295788921
37295793926
37295799114
37295804546
37295809673
37295814800
37295820049
37295824749
37295829876
37295835613
37295841228
37295846844
37295852642
37295858929
37295863872
37295868816
37295873699
37295879253
37295884319
37295890240
37295895305
37295900432
37295905926
37295911114
37295916118
37295920635
37295928753
37295935100
37295940288
37295946697
37295952495
37295958843
37295964641
37295969646
37295977153
37295982097
37295988994
37295994793
37296001445
37296007549
37296013042
37296018291
37296027568
37296034282
37296039714
37296046123
37296053020
37296059368
37296065898
37296072673
37296079631
37296086284
37296091289
37296098430
37296104900
37296111491
37296118022
37296122844
37296130778
37296137431
37296143840
37296150066
37296156596
37296162028
37296169170
37296176860
37296183330
37296189921
37296194743
37296201274
37296207683
37296214274
37296220073
37296227458
37296234050
37296241252
37296248149
37296253764
37296260661
37296267558
37296272929
37296281230
37296286967
37296294596
37296298808
37296306193
37296311686
37296319071
37296324565
37296334208
37296340739
37296347087
37296353312
37296358256
37296366007
37296371012
37296376444
37296386149
37296392985
37296397807
37296404032
37296410319
37296416850
37296423258
37296430399
37296436930
37296444620
37296452433
37296459147
37296464457
37296471232
37296478190
37296486185
37296494181
37296499979
37296507670
37296514444
37296519938
37296527994
37296533426
37296542643
37296548014
37296555948
37296563517
37296569620
37296574198
37296581278
37296586039
37296592142
37296598429
37296604349
37296610392
37296615335
37296621317
37296626993
37296631693
37296638162
37296644266
37296649149
37296653971
37296660623
37296665445
37296671121
37296676187
37296683267
37296688760
37296695413
37296699136
37296706033
37296711038
37296717508
37296721292
37296729105
37296734415
37296740823
37296746439
37296751627
37296756509
37296763406
37296769449
37296774820
37296780496
37296786783
37296790811
37296799417
37296805337
37296811563
37296817544
37296824258
37296830118
37296835855
37296841531
37296846048
37296851663
37296857400
37296863382
37296869302
37296875344
37296880532
37296886819
37296891763
37296897073
37296901651
37296909707
37296913308
37296920999
37296926675
37296931863
37296936624
37296941934
37296947488
37296952004
37296958718
37296962808
37296968301
37296973977
37296978738
37296984658
37296989968
37296995034
37297002663
37297008950
37297014993
37297020913
37297026467
37297032632
37297038369
37297044167
37297051064
37297057168
37297063393
37297068703
37297075356
37297082009
37297087136
37297094460
37297101174
37297108376
37297113869
37297120766
37297125954
37297134804
37297142373
37297148903
37297154519
37297161354
37297166970
37297173622
37297179177
37297185463
37297192604
37297198525
37297204140
37297210488
37297217568
37297222817
37297230141
37297239052
37297243691
37297251564
37297257790
37297265419
37297271645
37297279518
37297285927
37297293861
37297300942
37297308266
37297314796
37297320656
37297326881
37297333168
37297339821
37297346291
37297352638
37297359108
37297365578
37297372780
37297377052
37297387123
37297394386
37297401710
37297407387
37297414467
37297421119
37297428261
37297435768
37297441261
37297449867
37297454994
37297463050
37297468544
37297474952
37297482032
37297488746
37297493995
37297503883
37297510353
37297516761
37297523170
37297530189
37297536903
37297543189
37297549232
37297559303
37297566200
37297572425
37297579078
37297585670
37297591712
37297598243
37297604224
37297613074
37297619361
37297627479
37297633521
37297642127
37297648658
37297653663
37297658973
37297665931
37297671485
37297677222
37297682105
37297689612
37297695167
37297700843
37297706519
37297712989
37297718482
37297724097
37297728064
37297734412
37297739722
37297745398
37297751441
37297757178
37297762793
37297768287
37297774024
37297779578
37297784583
37297790259
37297797278
37297801734
37297809363
37297814124
37297819434
37297825476
37297830725
37297836768
37297842566
37297847449
37297853858
37297858679
37297865637
37297870459
37297877112
37297882422
37297888159
37297893897
37297899939
37297905310
37297910986
37297916296
37297921606
37297924658
37297933691
37297935583
37297943091
37297948645
37297953894
37297958960
37297964453
37297971167
37297975744
37297981360
37297985754
37297991675
37297997839
37298003088
37298006079
37298014135
37298017981
37298024634
37298030554
37298035742
37298041052
37298046484
37298052099
37298056555
37298063086
37298067541
37298074194
37298081213
37298086828
37298092626
37298099096
37298106665
37298112829
37298118627
37298124487
37298130224
37298136144
37298143102
37298150305
37298157751
37298163183
37298169164
37298176122
37298182592
37298187963
37298196203
37298202734
37298208837
37298214208
37298221471
37298226842
37298234350
37298240636
37298248876
37298256505
37298262853
37298268041
37298274389
37298280614
37298287084
37298291906
37298299840
37298307165
37298313878
37298320287
37298325170
37298331762
37298338231
37298346471
37298351964
37298359594
37298365087
37298372350
37298377721
37298384862
37298390233
37298397985
37298403966
37298411595
37298417638
37298424535
37298430577
37298437047
37298443395
37298449986
37298457066
37298463597
37298468297
37298475804
37298482335
37298488805
37298493565
37298501378
37298508885
37298515355
37298522435
37298527318
37298531834
37298540440
37298547764
37298554906
37298561253
37298568089
37298572972
37298579869
37298586339
37298593236
37298600438
37298606724
37298614720
37298620701
37298628148
37298634068
37298641209
37298647862
37298657322
37298664280
37298669712
37298675694
37298683995
37298690037
37298696751
37298703648
37298710667
37298716282
37298722813
37298728001
37298734837
37298739414
37298746311
37298752171
37298759739
37298764073
37298770542
37298777012
37298782627
37298787022
37298792576
37298799351
37298805393
37298811008
37298815342
37298822544
37298826939
37298833347
37298839451
37298845188
37298851597
37298857395
37298861667
37298868992
37298873752
37298879124
37298885288
37298892185
37298897678
37298903232
37298908848
37298914341
37298920017
37298927158
37298933201
37298939426
37298945530
37298951023
37298957065
37298963474
37298967380
37298975193
37298981601
37298986606
37298992710
37298998935
37299004734
37299010776
37299015964
37299021762
37299027500
37299033237
37299038242
37299042331
37299048618
37299053256
37299058322
37299064304
37299070407
37299075534
37299080234
37299086704
37299091220
37299096408
37299101901
37299107822
37299113315
37299117892
37299123508
37299129611
37299136081
37299141574
37299146274
37299155002
37299161593
37299168002
37299174594
37299180514
37299186374
37299192233
37299198276
37299206332
37299211154
37299218356
37299222384
37299231356
37299236667
37299245211
37299253085
37299258883
37299262912
37299272982
37299277804
37299285495
37299292636
37299297702
37299305026
37299311679
37299317416
37299324069
37299330905
37299336032
37299342440
37299348971
37299356112
37299361300
37299369296
37299374484
37299381747
37299386813
37299395785
37299401034
37299408541
37299414339
37299422884
37299428622
37299436068
37299444002
37299451388
37299457796
37299464205
37299472262
37299479037
37299485079
37299493624
37299500765
37299507601
37299514620
37299521822
37299529512
37299534823
37299542757
37299550447
37299556978
37299564363
37299572054
37299578585
37299585176
37299592928
37299599764
37299606783
37299614351
37299622042
37299627413
37299635774
37299641329
37299648775
37299656160
37299663362
37299669954
37299676546
37299683199
37299691805
37299699068
37299705965
37299714387
37299722200
37299729585
37299737276
37299745088
37299753328
37299760286
37299767122
37299774995
37299781343
37299790864
37299795015
37299801973
37299807100
37299813875
37299819124
37299825349
37299829988
37299837800
37299844270
37299849824
37299853730
37299859468
37299864778
37299870759
37299875032
37299883149
37299888093
37299893586
37299899812
37299904084
37299911164
37299915498
37299921906
37299928193
37299933747
37299939790
37299945466
37299950166
37299955720
37299961762
37299968720
37299974641
37299981171
37299985017
37299991486
37299996796
37300002229
37300007661
37300014252
37300020661
37300026276
37300030793
37300036469
37300042573
37300048249
37300054291
37300060273
37300066743
37300070527
37300077118
37300081391
37300087433
37300091828
37300098725
37300103913
37300109711
37300114960
37300120087
37300125275
37300130280
37300136628
37300142243
37300147858
37300153412
37300158051
37300163483
37300168366
37300173859
37300179352
37300185578
37300190827
37300195648
37300201020
37300204071
37300210846
37300214020
37300224396
37300229950
37300235993
37300241547
37300247406
37300253632
37300260407
37300284699
37300290863
37300297638
37300304047
37300310394
37300315399
37300323578
37300329315
37300337738
37300343353
37300349457
37300354828
37300362640
37300367767
37300377350
37300383636
37300390472
37300396576
37300402618
37300408722
37300414398
37300422455
37300429229
37300434356
37300442047
37300448333
37300454803
37300461395
37300467804
37300475738
37300480743
37300488555
37300495513
37300500762
37300507110
37300514068
37300518890
37300526031
37300533172
37300539947
37300546966
37300553741
37300559356
37300566436
37300571807
37300580596
37300586944
37300593291
37300599395
37300605132
37300611297
37300618316
37300624725
37300632415
37300639434
37300645965
37300652068
37300658477
37300664580
37300671050
37300677031
37300683623
37300691863
37300696807
37300703460
37300710418
37300717193
37300722136
37300730925
37300736724
37300743499
37300748931
37300756133
37300762175
37300770415
37300776519
37300785369
37300791594
37300798552
37300804473
37300811736
37300818266
37300827178
37300833769
37300842436
37300849761
37300857329
37300863738
37300870329
37300874419
37300882536
37300889250
37300895110
37300901884
37300906523
37300912932
37300919218
37300926176
37300930815
37300938383
37300943388
37300950163
37300955656
37300962980
37300968840
37300973906
37300979643
37300986174
37300992766
37300998686
37301003996
37301010161
37301016264
37301021147
37301028227
37301034880
37301040983
37301045988
37301051908
37301057219
37301064115
37301070402
37301076933
37301083525
37301088224
37301094816
37301100798
37301106474
37301113066
37301119047
37301125639
37301130949
37301137235
37301142851
37301148039
37301154325
37301161100
37301166532
37301172147
37301177885
37301182829
37301187833
37301194303
37301201322
37301205473
37301212431
37301216886
37301222990
37301227750
37301234525
37301239408
37301245817
37301250760
37301256986
37301262479
37301268033
37301272062
37301278653
37301283780
37301291776
37301297574
37301303800
37301309720
37301317167
37301323697
37301330655
37301335782
37301342496
37301349332
37301355497
37301360623
37301370084
37301376798
37301382291
37301389798
37301395597
37301404691
37301411405
37301419217
37301426541
37301433499
37301439542
37301445706
37301453214
37301460294
37301467496
37301474820
37301482205
37301488126
37301493802
37301502347
37301509061
37301517300
37301524869
37301532071
37301538296
37301544156
37301551297
37301556729
37301566922
37301573086
37301580533
37301586819
37301592251
37301600247
37301606961
37301615384
37301622036
37301628628
37301635342
37301642239
37301648404
37301654263
37301663479
37301670620
37301677212
37301685086
37301690823
37301698086
37301703762
37301712734
37301717251
37301724819
37301732021
37301739712
37301746182
37301751797
37301760159
37301767300
37301774380
37301781460
37301787014
37301795620
37301801846
37301810757
37301815517
37301824489
37301831875
37301839138
37301846462
37301854397
37301861233
37301868068
37301877041
37301884609
37301892421
37301899624
37301905117
37301912807
37301918544
37301924892
37301930080
37301937343
37301941799
37301948818
37301956569
37301962001
37301968715
37301974269
37301980556
37301983974
37301991420
37301998866
37302003993
37302010768
37302015651
37302022365
37302027736
37302034267
37302040492
37302046840
37302053676
37302058742
37302065578
37302071437
37302077480
37302083278
37302089809
37302097255
37302102321
37302109523
37302113673
37302120814
37302126796
37302133388
37302139064
37302146266
37302150905
37302158351
37302163356
37302169337
37302174952
37302180690
37302186671
37302192653
37302197230
37302203456
37302210170
37302215419
37302221705
37302225795
37302231837
37302237635
37302242884
37302247401
37302255030
37302260157
37302265895
37302272181
37302277430
37302283839
37302288294
37302295985
37302301051
37302307276
37302313136
37302319422
37302327174
37302331934
37302339442
37302346217
37302352503
37302357813
37302365015
37302370203
37302376978
37302382044
37302391688
37302398646
37302404932
37302410425
37302417200
37302424464
37302432154
37302437708
37302445215
37302451685
37302459253
37302465723
37302473108
37302480066
37302485438
37302494349
37302500696
37302508020
37302514917
37302521570
37302529749
37302535425
37302544336
37302551050
37302558557
37302566187
37302573267
37302579615
37302585291
37302593225
37302600061
37302609705
37302612329
37302621851
37302628931
37302636011
37302642969
37302651270
37302658777
37302663843
37302672144
37302677332
37302685876
37302693689
37302701074
37302707239
37302712549
37302719079
37302726526
37302732690
37302737939
37302746240
37302752710
37302759118
37302765283
37302771509
37302778772
37302785119
37302791589
37302798242
37302805627
37302811181
37302817651
37302823938
37302831140
37302835900
37302845178
37302851220
37302859521
37302868676
37302875695
37302883508
37302891442
37302897973
37302906213
37302913110
37302918969
37302927758
37302934716
37302943444
37302948815
37302957055
37302965356
37302970361
37302977624
37302983605
37302989098
37302994042
37303001549
37303007287
37303014855
37303019738
37303025475
37303031457
37303037682
37303044701
37303050500
37303056847
37303063073
37303068932
37303074608
37303081017
37303086510
37303092980
37303098839
37303103844
37303110497
37303115990
37303122765
37303127037
37303134667
37303141320
37303145775
37303153527
37303158409
37303165428
37303171044
37303178002
37303182396
37303189537
37303196312
37303200646
37303207298
37303213036
37303218346
37303223229
37303230858
37303235924
37303241234
37303246849
37303252525
37303258995
37303264183
37303270409
37303276756
37303281944
37303286888
37303292686
37303298973
37303303490
37303310203
37303316612
37303322044
37303328453
37303332970
37303339683
37303344078
37303351707
37303355308
37303361839
37303367332
37303373497
37303379417
37303385765
37303392357
37303397300
37303404380
37303409263
37303416710
37303422508
37303429954
37303436363
37303442710
37303447837
37303454185
37303459983
37303466819
37303474143
37303480125
37303489158
37303493614
37303502769
37303511009
37303517906
37303526084
37303532737
37303540366
37303545188
37303554160
37303560874
37303565818
37303573814
37303582359
37303589194
37303595481
37303602927
37303610068
37303616782
37303624473
37303631919
37303638816
37303644614
37303653159
37303657065
37303665427
37303672690
37303679770
37303688071
37303693503
37303700400
37303708457
37303714011
37303719687
37303727988
37303735801
37303742392
37303749289
37303756308
37303762656
37303769736
37303777365
37303783408
37303792685
37303797812
37303806113
37303814658
37303819480
37303827353
37303834494
37303842185
37303848166
37303857077
37303864645
37303869711
37303878622
37303884421
37303892599
37303898886
37303905478
37303912253
37303920370
37303925925
37303934347
37303942770
37303950461
37303956991
37303965109
37303971518
37303977682
37303987814
37303994894
37304000937
37304004477
37304013327
37304017904
37304025412
37304032003
37304038595
37304045309
37304050741
37304068563
37304074240
37304080648
37304086447
37304092184
37304098043
37304102499
37304110250
37304114889
37304122518
37304127218
37304134481
37304138204
37304145834
37304151327
37304157064
37304163717
37304169698
37304174825
37304181722
37304186788
37304191610
37304199178
37304204732
37304211935
37304218587
37304222982
37304229268
37304235372
37304241475
37304246297
37304254537
37304260335
37304264364
37304270589
37304276204
37304282186
37304286580
37304293660
37304299520
37304304830
37304310323
37304315999
37304321431
37304325887
37304333394
37304336507
37304344625
37304350240
37304354146
37304361104
37304365804
37304372029
37304376546
37304383260
37304389058
37304394185
37304399495
37304405293
37304411885
37304418050
37304424886
37304432637
37304439473
37304445638
37304452351
37304458699
37304466206
37304472310
37304478230
37304485188
37304488911
37304496785
37304503926
37304510701
37304518147
37304523030
37304530354
37304537190
37304543599
37304548970
37304555745
37304563313
37304570942
37304576314
37304583516
37304589619
37304595295
37304600666
37304610981
37304617329
37304623738
37304628315
37304635823
37304642964
37304649372
37304655781
37304663044
37304669453
37304676289
37304681233
37304688313
37304694966
37304700215
37304707600
37304713276
37304721455
37304726765
37304734150
37304740131
37304746052
37304751301
37304761555
37304767353
37304773945
37304781452
37304788471
37304796833
37304804706
37304811726
37304818622
37304825764
37304833393
37304839374
37304846454
37304853840
37304861042
37304868122
37304875324
37304882587
37304888324
37304895832
37304902485
37304910968
37304918415
37304923297
37304930744
37304938068
37304945453
37304951679
37304960285
37304967365
37304975604
37304980853
37304989093
37304996539
37305003925
37305012225
37305020526
37305028461
37305034442
37305041034
37305046588
37305054462
37305060626
37305066913
37305072467
37305078265
37305085162
37305089557
37305096454
37305102740
37305109027
37305114032
37305120746
37305126361
37305132037
37305137530
37305143878
37305150409
37305156573
37305161944
37305168109
37305173785
37305178729
37305186053
37305193927
37305200702
37305206561
37305212115
37305219317
37305225238
37305231768
37305236224
37305243792
37305250262
37305255938
37305261492
37305267230
37305273272
37305277545
37305281634
37305289141
37305295733
37305301287
37305306719
37305311114
37305317400
37305322283
37305328631
37305333758
37305339678
37305344561
37305349749
37305355425
37305360674
37305366473
37305370501
37305377398
37305383318
37305388079
37305393755
37305399004
37305403460
37305410296
37305415301
37305421526
37305427630
37305433489
37305439898
37305446551
37305452654
37305457842
37305463396
37305471880
37305477129
37305484575
37305489946
37305497759
37305502886
37305510637
37305516619
37305523333
37305530535
37305536760
37305543657
37305548479
37305556780
37305564348
37305572527
37305579058
37305587297
37305594377
37305601152
37305607988
37305615251
37305623369
37305629472
37305637834
37305644487
37305653093
37305657243
37305666093
37305672990
37305680254
37305688127
37305693559
37305702470
37305707536
37305716447
37305722490
37305729387
37305737749
37305744645
37305751420
37305759416
37305766984
37305773576
37305780046
37305787248
37305793473
37305801591
37305808000
37305814592
37305822221
37305829118
37305835710
37305842790
37305850114
37305858354
37305863908
37305870500
37305876115
37305884049
37305890458
37305897660
37305904679
37305911576
37305919389
37305926652
37305933854
37305940080
37305946000
37305954362
37305961564
37305968034
37305974747
37305982926
37305988602
37305995988
37306001664
37306010453
37306017594
