40469112036
40469118444
40469124304
40469130407
40469137548
40469141699
40469149572
40469156347
40469162267
40469167638
40469175451
40469182531
40469187475
40469193517
40469199377
40469204809
40469211828
40469217931
40469225439
40469232152
40469237035
40469244420
40469249669
40469257604
40469265233
40469272069
40469277990
40469284581
40469290746
40469296178
40469303869
40469311681
40469318456
40469324254
40469330358
40469336278
40469342321
40469349034
40469356237
40469363072
40469368260
40469374547
40469381871
40469387303
40469392491
40469400670
40469407811
40469414159
40469418492
40469426305
40469430516
40469437779
40469444676
40469451146
40469458348
40469463292
40469472081
40469477086
40469484715
40469489842
40469497960
40469507115
40469512913
40469518529
40469526463
40469532078
40469539952
40469545689
40469551610
40469560399
40469566197
40469571751
40469580540
40469584691
40469592930
40469598668
40469607396
40469614598
40469621678
40469628270
40469635167
40469640599
40469647374
40469654393
40469661534
40469668736
40469675877
40469682102
40469688755
40469695591
40469702305
40469708164
40469715000
40469722569
40469730259
40469737034
40469742161
40469749607
40469754795
40469763035
40469771580
40469777683
40469785679
40469790745
40469796421
40469804661
40469810154
40469818394
40469826023
40469832859
40469836887
40469845188
40469851414
40469858005
40469864719
40469872165
40469879551
40469886875
40469894077
40469900852
40469906528
40469913242
40469920566
40469928012
40469935092
40469940464
40469948215
40469955600
40469962314
40469967502
40469974521
40469983676
40469992710
40469998935
40470006259
40470014316
40470020114
40470028110
40470034396
40470044040
40470050815
40470058871
40470066440
40470072726
40470080234
40470085910
40470094699
40470101901
40470110629
40470116977
40470124789
40470130466
40470138278
40470144443
40470152865
40470162326
40470171115
40470177218
40470186618
40470192660
40470201327
40470209567
40470216159
40470224643
40470233798
40470242892
40470249667
40470257785
40470265414
40470271273
40470279086
40470288241
40470297457
40470304049
40470312960
40470319186
40470327303
40470335604
40470340609
40470350253
40470358858
40470367831
40470376376
40470382845
40470391939
40470399569
40470406954
40470413607
40470420931
40470431978
40470436983
40470445955
40470452852
40470460909
40470467806
40470478487
40470486666
40470493502
40470500521
40470509676
40470516634
40470525240
40470533174
40470540926
40470551241
40470558382
40470564669
40470574129
40470583040
40470589937
40470598787
40470606172
40470615694
40470624666
40470631929
40470641267
40470647737
40470655977
40470665132
40470672273
40470681306
40470688936
40470696870
40470703218
40470712190
40470718721
40470728731
40470737398
40470744356
40470754976
40470762910
40470771943
40470778718
40470787324
40470792573
40470803315
40470808503
40470816926
40470827241
40470835664
40470842927
40470850495
40470859651
40470866303
40470872895
40470882783
40470890656
40470900300
40470909150
40470916413
40470924958
40470931062
40470939973
40470945039
40470955109
40470963288
40470973786
40470978852
40470989228
40470996308
40471004182
40471011506
40471020417
40471030366
40471038483
40471046540
40471058198
40471066926
40471075104
40471083649
40471091950
40471100251
40471109528
40471117524
40471127533
40471135224
40471143219
40471149811
40471159027
40471166840
40471178803
40471185822
40471194855
40471201447
40471210297
40471218598
40471225800
40471235565
40471244904
40471251923
40471260895
40471269440
40471276154
40471284027
40471289398
40471298981
40471307098
40471314606
40471321991
40471328399
40471336395
40471342743
40471349945
40471358124
40471366852
40471373565
40471379303
40471386383
40471392181
40471399383
40471406219
40471413116
40471420867
40471426605
40471434356
40471441803
40471448822
40471455596
40471464385
40471468963
40471479705
40471484405
40471493804
40471499969
40471506316
40471513580
40471520355
40471530792
40471538604
40471545379
40471553802
40471561248
40471569610
40471575042
40471583221
40471587432
40471596648
40471604949
40471611053
40471619475
40471628936
40471635528
40471643950
40471650237
40471656096
40471664214
40471668548
40471678496
40471686675
40471692962
40471700103
40471710295
40471718657
40471727690
40471734282
40471741179
40471749175
40471756499
40471761077
40471768096
40471772429
40471778838
40471785307
40471792204
40471796904
40471802763
40471807158
40471813994
40471819243
40471824980
40471831511
40471837248
40471843291
40471849211
40471854338
40471860319
40471866545
40471873320
40471879362
40471886992
40471892851
40471896391
40471903532
40471909819
40471915739
40471921232
40471926542
40471932402
40471936735
40471942778
40471949492
40471956999
40471963469
40471969206
40471973539
40471979948
40471985563
40471990690
40471997587
40472003080
40472009977
40472014677
40472021086
40472025846
40472032682
40472038481
40472044767
40472051359
40472057035
40472063627
40472070524
40472075468
40472080717
40472088407
40472092924
40472099943
40472105985
40472111356
40472116117
40472123380
40472128202
40472134061
40472141996
40472148527
40472154203
40472160917
40472167509
40472171964
40472177030
40472183683
40472188322
40472194974
40472200345
40472206327
40472212980
40472218778
40472224943
40472229276
40472236356
40472240751
40472247831
40472253385
40472260709
40472267057
40472272855
40472278836
40472284086
40472290006
40472294522
40472301786
40472308805
40472313932
40472318631
40472325467
40472329923
40472335660
40472340970
40472348355
40472355741
40472362393
40472368558
40472373563
40472380399
40472387235
40472392850
40472398953
40472405484
40472411038
40472417325
40472423001
40472428067
40472437039
40472443753
40472449429
40472455594
40472461819
40472468533
40472473843
40472479642
40472485989
40472492886
40472499051
40472505520
40472510953
40472516385
40472523648
40472529873
40472535672
40472543545
40472548123
40472555386
40472561245
40472567288
40472572964
40472578762
40472585843
40472591214
40472599575
40472604397
40472610379
40472617459
40472622097
40472628689
40472633572
40472640469
40472644375
40472653164
40472659878
40472665066
40472671963
40472678188
40472682766
40472689236
40472695400
40472702419
40472709560
40472714748
40472719692
40472726406
40472732571
40472739101
40472744167
40472750332
40472757656
40472763149
40472770229
40472776760
40472782925
40472788906
40472795193
40472801601
40472807094
40472814174
40472820705
40472827297
40472833095
40472838833
40472845608
40472850612
40472857815
40472865078
40472871303
40472877468
40472883815
40472891384
40472897487
40472903530
40472909633
40472915615
40472922084
40472929042
40472934291
40472939174
40472946315
40472952236
40472958949
40472965480
40472972011
40472977748
40472982448
40472989772
40472995326
40473001247
40473008510
40473013332
40473020778
40473027492
40473033473
40473039943
40473044765
40473051418
40473057094
40473062221
40473068507
40473073878
40473079188
40473087123
40473090907
40473098659
40473105433
40473111659
40473118068
40473123927
40473129603
40473137050
40473141627
40473147548
40473153651
40473160792
40473167933
40473173182
40473179286
40473186183
40473192714
40473199244
40473205104
40473210414
40473217677
40473224879
40473230738
40473237269
40473242213
40473248744
40473254786
40473262538
40473268275
40473272608
40473280543
40473285853
40473292140
40473297755
40473304591
40473311915
40473318629
40473323512
40473328700
40473336024
40473342493
40473349146
40473356043
40473361170
40473369044
40473375513
40473381007
40473386011
40473392359
40473399256
40473404322
40473411707
40473416895
40473422877
40473429529
40473436915
40473443018
40473448450
40473455469
40473462854
40473468592
40473474146
40473480494
40473486902
40473493250
40473498438
40473502893
40473508997
40473514612
40473522608
40473528833
40473535303
40473540735
40473547754
40473552515
40473559717
40473566126
40473572046
40473579065
40473584619
40473590051
40473595789
40473602136
40473608118
40473614282
40473621057
40473626306
40473632227
40473637170
40473644678
40473650659
40473656885
40473663293
40473668481
40473675561
40473680139
40473687280
40473693506
40473700159
40473706506
40473711999
40473717248
40473723413
40473730188
40473736352
40473743249
40473749170
40473753991
40473759912
40473767114
40473773095
40473778466
40473784814
40473790857
40473797631
40473804223
40473809716
40473815698
40473823693
40473830346
40473836633
40473841943
40473846704
40473853967
40473859765
40473865869
40473869653
40473879052
40473884606
40473890771
40473897363
40473903649
40473910119
40473916711
40473923302
40473929406
40473936547
40473940636
40473948144
40473955041
40473962121
40473967797
40473973534
40473979516
40473985314
40473992455
40474000512
40474004906
40474012353
40474018273
40474024804
40474031457
40474037743
40474043908
40474051415
40474057457
40474063622
40474069115
40474075219
40474080285
40474088524
40474094750
40474100792
40474106713
40474113182
40474119530
40474126427
40474130394
40474139672
40474145958
40474150597
40474158165
40474163353
40474170799
40474177025
40474183067
40474189476
40474194176
40474200401
40474206871
40474214134
40474219933
40474226219
40474233482
40474239647
40474247154
40474252586
40474258079
40474264549
40474270592
40474277122
40474283775
40474289818
40474295738
40474302025
40474307823
40474313743
40474321617
40474326744
40474333824
40474339988
40474345787
40474351585
40474357750
40474365257
40474370506
40474377220
40474384788
40474390525
40474395713
40474401756
40474408836
40474414146
40474420860
40474427085
40474432090
40474439109
40474445274
40474451377
40474457542
40474463218
40474468101
40474475730
40474482017
40474488181
40474494224
40474500266
40474505149
40474512229
40474517112
40474523704
40474532432
40474538291
40474544822
40474550376
40474555930
40474564109
40474571189
40474577598
40474584678
40474589805
40474596519
40474601401
40474610007
40474616721
40474622764
40474629538
40474634604
40474641990
40474648215
40474654929
40474661826
40474668296
40474674826
40474680442
40474685996
40474692099
40474698386
40474704184
40474710837
40474717978
40474723960
40474729514
40474735739
40474743674
40474750510
40474755393
40474762656
40474768515
40474774436
40474779868
40474785666
40474792075
40474797507
40474807456
40474814230
40474820700
40474827170
40474834067
40474841513
40474847067
40474854086
40474860251
40474865744
40474873068
40474880148
40474886740
40474893454
40474899374
40474906576
40474914572
40474920981
40474925131
40474931662
40474941794
40474948813
40474954916
40474960531
40474967611
40474974081
40474980062
40474985678
40474991964
40474998495
40475004049
40475010031
40475016683
40475022909
40475029074
40475035787
40475041830
40475048727
40475055136
40475061117
40475067465
40475072897
40475078573
40475085897
40475089864
40475097677
40475103536
40475109396
40475117208
40475122152
40475129720
40475133199
40475142049
40475148824
40475154745
40475160665
40475165731
40475171285
40475178548
40475185140
40475190694
40475196798
40475204122
40475208883
40475216146
40475222127
40475228841
40475234762
40475241414
40475247457
40475252767
40475260457
40475266622
40475272908
40475279317
40475284139
40475290059
40475295858
40475301961
40475306722
40475314351
40475321492
40475326863
40475333211
40475339253
40475346089
40475353108
40475359395
40475365071
40475371297
40475378682
40475384419
40475391866
40475398396
40475402913
40475409810
40475415913
40475421712
40475428059
40475434834
40475438435
40475445576
40475452107
40475457478
40475464253
40475470235
40475477132
40475480366
40475488057
40475495747
40475502339
40475508809
40475515278
40475521260
40475527974
40475534382
40475540547
40475546711
40475552998
40475558003
40475565510
40475571492
40475577595
40475584553
40475589436
40475596394
40475601338
40475607258
40475612324
40475619953
40475625996
40475632588
40475638813
40475643635
40475650776
40475656208
40475662983
40475669209
40475675007
40475681782
40475687153
40475694233
40475698139
40475707478
40475714008
40475720722
40475726337
40475731220
40475738300
40475745136
40475751667
40475758686
40475765278
40475769428
40475775410
40475782612
40475788349
40475794880
40475801288
40475807087
40475812946
40475819721
40475827045
40475832355
40475841083
40475847553
40475854145
40475859394
40475864154
40475872272
40475876606
40475883380
40475889301
40475895771
40475901813
40475908100
40475915302
40475921466
40475926471
40475931537
40475940082
40475947345
40475953266
40475958637
40475963764
40475971698
40475978839
40475985065
40475990802
40475996906
40476002216
40476007282
40476014545
40476022174
40476028339
40476033710
40476038531
40476044757
40476053363
40476059711
40476066180
40476072711
40476079913
40476085712
40476091937
40476095599
40476102984
40476109820
40476116412
40476121356
40476126666
40476135211
40476141131
40476147906
40476154620
40476159259
40476166034
40476172747
40476178607
40476186053
40476190692
40476197161
40476203082
40476210650
40476215411
40476222613
40476229266
40476235858
40476243121
40476247637
40476254046
40476260211
40476266009
40476270648
40476277361
40476281695
40476289263
40476295794
40476302203
40476307818
40476314837
40476319903
40476329363
40476334917
40476341021
40476347857
40476353899
40476357561
40476365557
40476372759
40476378985
40476384661
40476389666
40476396868
40476403521
40476410174
40476415484
40476421282
40476428850
40476434588
40476441546
40476448626
40476456072
40476463762
40476469378
40476476397
40476482012
40476487993
40476494646
40476502092
40476508989
40476515825
40476522478
40476526995
40476533769
40476538652
40476547685
40476553667
40476560320
40476564348
40476571733
40476576921
40476584245
40476590959
40476597490
40476603227
40476607500
40476614458
40476621049
40476626970
40476635088
40476641618
40476647844
40476654192
40476660417
40476665300
40476673906
40476679582
40476685258
40476692399
40476697404
40476704484
40476711198
40476717485
40476723771
40476730180
40476735917
40476740922
40476748674
40476755082
40476761064
40476768144
40476773027
40476780168
40476784562
40476791764
40476797502
40476803910
40476811051
40476817216
40476822953
40476827958
40476835282
40476840959
40476848649
40476853837
40476859696
40476866532
40476872575
40476878617
40476883622
40476891435
40476897782
40476904008
40476910722
40476918107
40476923295
40476928849
40476936417
40476943375
40476950089
40476956925
40476962540
40476968522
40476974930
40476981217
40476988175
40476994584
40476999528
40477005814
40477010758
40477017594
40477024552
40477031022
40477035904
40477042069
40477048172
40477054215
40477059464
40477066666
40477072892
40477078995
40477084427
40477091141
40477098038
40477104142
40477110489
40477114823
40477122757
40477129776
40477136612
40477141922
40477147171
40477156571
40477162430
40477169144
40477177017
40477182755
40477188431
40477194351
40477199356
40477207047
40477211746
40477220352
40477225967
40477231644
40477237686
40477243668
40477251114
40477256180
40477263870
40477267166
40477275894
40477281570
40477287552
40477294571
40477299026
40477304764
40477309707
40477317337
40477323501
40477330093
40477336258
40477342117
40477347610
40477352615
40477360122
40477366348
40477372818
40477378616
40477384841
40477390579
40477395462
40477403457
40477407180
40477415298
40477422500
40477428726
40477435317
40477439956
40477445938
40477452529
40477457595
40477463271
40477471877
40477477920
40477484390
40477490432
40477495071
40477501968
40477509414
40477515578
40477523208
40477528274
40477536086
40477542617
40477549209
40477555312
40477563125
40477568984
40477573073
40477579360
40477583694
40477591140
40477597915
40477603347
40477610244
40477615981
40477620559
40477625869
40477631789
40477639296
40477646926
40477652602
40477657790
40477663222
40477668349
40477674208
40477680129
40477685317
40477691115
40477697585
40477704299
40477709609
40477713942
40477721327
40477728285
40477734206
40477740431
40477745925
40477750868
40477756178
40477763197
40477769789
40477776015
40477780959
40477786940
40477791457
40477797804
40477802321
40477809706
40477815932
40477821791
40477828993
40477834608
40477838942
40477844801
40477849806
40477856032
40477863051
40477868544
40477873854
40477879225
40477884291
40477890333
40477896132
40477901930
40477908095
40477913954
40477919874
40477925306
40477929762
40477937758
40477943556
40477949537
40477955336
40477960524
40477965712
40477971327
40477977430
40477983595
40477990431
40477995741
40478001844
40478007215
40478012342
40478015516
40478024793
40478031568
40478037733
40478043592
40478049330
40478054945
40478059400
40478066297
40478071180
40478079420
40478085157
40478090711
40478096388
40478101698
40478107252
40478114942
40478120802
40478127332
40478132764
40478137952
40478143201
40478149549
40478155653
40478161451
40478167371
40478172925
40478178235
40478184461
40478190137
40478195386
40478203809
40478210340
40478213819
40478221937
40478225599
40478232740
40478237745
40478244947
40478252271
40478257337
40478263379
40478269483
40478274854
40478279248
40478285718
40478291272
40478299024
40478304151
40478309644
40478315808
40478321790
40478327466
40478335523
40478342053
40478347913
40478353101
40478356763
40478362927
40478368665
40478374158
40478380566
40478386853
40478392773
40478397168
40478403943
40478408643
40478414502
40478421826
40478427808
40478434643
40478440015
40478445019
40478450391
40478456067
40478462598
40478469372
40478474194
40478480176
40478484692
40478492383
40478495495
40478502942
40478510815
40478516858
40478522473
40478528271
40478533337
40478539074
40478545117
40478549755
40478556958
40478560070
40478568554
40478573864
40478579602
40478584790
40478593640
40478598522
40478604260
40478609875
40478616711
40478623425
40478631176
40478636669
40478644787
40478649975
40478656994
40478663403
40478669445
40478675854
40478680676
40478688549
40478693798
40478700207
40478705578
40478713207
40478717052
40478725658
40478732494
40478739635
40478745434
40478751720
40478759167
40478766125
40478771984
40478779308
40478783275
40478790355
40478794933
40478802807
40478809215
40478815563
40478821361
40478828136
40478833873
40478839122
40478845653
40478850353
40478858104
40478865917
40478872325
40478877819
40478882762
40478890758
40478896617
40478902477
40478907970
40478914745
40478920543
40478926402
40478932628
40478938243
40478945140
40478951183
40478957347
40478964549
40478969493
40478977062
40478983836
40478990733
40478997325
40479002208
40479009288
40479015758
40479021190
40479027110
40479032909
40479039806
40479044322
40479051341
40479056285
40479062816
40479068858
40479075023
40479081004
40479087291
40479094493
40479099925
40479105662
40479112437
40479119029
40479124461
40479130931
40479136607
40479143443
40479148692
40479155711
40479161448
40479166575
40479172068
40479178050
40479184336
40479189707
40479195079
40479204112
40479210459
40479216319
40479222788
40479227488
40479234568
40479239878
40479247447
40479254221
40479260325
40479266551
40479272776
40479279185
40479284800
40479291026
40479297800
40479303904
40479310801
40479315684
40479322703
40479328196
40479335276
40479343455
40479349924
40479356943
40479361948
40479369395
40479375254
40479381479
40479388804
40479393686
40479400461
40479406138
40479411875
40479417185
40479423655
40479430979
40479437021
40479442759
40479448557
40479454538
40479458994
40479466135
40479471811
40479479196
40479484140
40479489511
40479495615
40479499643
40479505442
40479511850
40479519785
40479525095
40479530283
40479535959
40479541391
40479547495
40479553415
40479559885
40479566049
40479571909
40479575998
40479581979
40479586557
40479593210
40479597726
40479606210
40479611826
40479617075
40479623117
40479627084
40479634164
40479640573
40479646677
40479652231
40479656930
40479661630
40479668710
40479674875
40479680917
40479687265
40479693307
40479698434
40479704171
40479709054
40479715951
40479721139
40479726388
40479734201
40479740487
40479745858
40479748971
40479757455
40479761789
40479767526
40479773751
40479780282
40479786630
40479791024
40479796945
40479803353
40479807748
40479813790
40479822335
40479828195
40479833749
40479839364
40479845040
40479850106
40479856637
40479863595
40479869210
40479875131
40479880563
40479885751
40479891061
40479899117
40479904855
40479910836
40479917672
40479922189
40479928902
40479933419
40479938790
40479944771
40479953438
40479959603
40479965096
40479970833
40479974679
40479981087
40479987740
40479994576
40479999642
40480006722
40480013192
40480019173
40480023324
40480032418
40480039193
40480045845
40480050545
40480057137
40480062935
40480068367
40480075936
40480081551
40480088753
40480094918
40480101326
40480106026
40480112129
40480118904
40480125130
40480131416
40480138069
40480144051
40480149239
40480156136
40480161263
40480168648
40480174934
40480181465
40480186348
40480193184
40480199471
40480205330
40480210762
40480217537
40480225532
40480230781
40480236153
40480242317
40480249214
40480254768
40480262825
40480269234
40480275398
40480280281
40480286323
40480292549
40480299202
40480305000
40480312507
40480318000
40480323188
40480330879
40480336555
40480342109
40480347053
40480354988
40480361579
40480368110
40480374824
40480380805
40480387092
40480391731
40480397895
40480405342
40480411750
40480417182
40480424140
40480429633
40480436897
40480443733
40480450813
40480457038
40480463752
40480468635
40480475288
40480480415
40480486640
40480492866
40480498420
40480506110
40480509589
40480517219
40480523872
40480529548
40480536323
40480541999
40480550605
40480555976
40480561957
40480566718
40480573859
40480578925
40480586921
40480593207
40480599189
40480605658
40480611762
40480618476
40480623175
40480629889
40480637091
40480643256
40480648688
40480656012
40480661750
40480667975
40480671637
40480679755
40480686042
40480692450
40480698126
40480704413
40480711188
40480716254
40480722663
40480729193
40480735968
40480740668
40480748175
40480753790
40480759100
40480765204
40480771552
40480779242
40480783881
40480790533
40480796881
40480802374
40480807257
40480815253
40480820990
40480825873
40480830878
40480837714
40480843512
40480851874
40480857611
40480864508
40480870123
40480874640
40480881781
40480888189
40480894537
40480900091
40480905096
40480912237
40480918219
40480921270
40480928961
40480934393
40480939703
40480945013
40480951910
40480958807
40480962713
40480968756
40480974066
40480979681
40480985357
40480991217
40480996343
40481003485
40481007818
40481014837
40481017889
40481025823
40481029485
40481038213
40481044744
40481048834
40481054754
40481060674
40481067083
40481071294
40481076543
40481084417
40481090704
40481096014
40481101324
40481106756
40481112066
40481117925
40481123846
40481130376
40481136175
40481141118
40481146795
40481152044
40481158025
40481163518
40481169256
40481177068
40481182561
40481188115
40481191289
40481198674
40481204473
40481209844
40481216741
40481221257
40481227422
40481233037
40481239080
40481244756
40481250066
40481257939
40481263372
40481268560
40481274602
40481280461
40481286016
40481289311
40481297246
40481303960
40481307988
40481314153
40481319585
40481326116
40481331975
40481336614
40481343022
40481348943
40481353276
40481360539
40481365483
40481370793
40481375920
40481382085
40481388554
40481394048
40481399724
40481405400
40481410466
40481416508
40481422551
40481427434
40481434148
40481438664
40481444462
40481448918
40481456486
40481459477
40481466618
40481472844
40481478581
40481484929
40481488713
40481494938
40481500187
40481505742
40481512028
40481518803
40481523503
40481530461
40481535221
40481541203
40481546330
40481552494
40481559635
40481565251
40481570622
40481576298
40481580693
40481586064
40481591923
40481598149
40481606022
40481611637
40481616825
40481622502
40481627995
40481633549
40481640446
40481646000
40481652165
40481659062
40481663578
40481670170
40481674442
40481679997
40481688114
40481693974
40481700748
40481704838
40481711491
40481716984
40481722538
40481729984
40481736149
40481741520
40481747379
40481752811
40481758426
40481763981
40481769718
40481776981
40481782963
40481789005
40481793583
40481800235
40481804752
40481811588
40481816105
40481824283
40481830387
40481835636
40481840946
40481845523
40481852726
40481858890
40481865116
40481869876
40481876712
40481882572
40481888065
40481891239
40481898502
40481905826
40481911868
40481917545
40481923282
40481927554
40481935611
40481942020
40481946109
40481954349
40481960941
40481966861
40481971805
40481977908
40481983951
40481990237
40481997928
40482003177
40482008792
40482015079
40482021609
40482026919
40482034366
40482040896
40482047122
40482053287
40482059085
40482064639
40482070621
40482076968
40482084170
40482089847
40482094912
40482102237
40482108096
40482113711
40482119143
40482125918
40482132266
40482139163
40482145510
40482151553
40482157778
40482162112
40482169497
40482174929
40482182559
40482188113
40482193667
40482198855
40482206301
40482213198
40482219363
40482225588
40482231631
40482237551
40482244509
40482250308
40482256716
40482262698
40482269595
40482277834
40482284060
40482290102
40482295962
40482302065
40482307803
40482313113
40482321230
40482326418
40482332949
40482337954
40482345034
40482350039
40482356142
40482362368
40482370058
40482375918
40482381899
40482388308
40482394106
40482399782
40482406862
40482412783
40482419252
40482425173
40482430422
40482436769
40482441774
40482449831
40482456484
40482462648
40482468630
40482473696
40482480165
40482487184
40482492678
40482500368
40482505861
40482510988
40482517641
40482523683
40482529970
40482536440
40482542909
40482548769
40482555422
40482561464
40482567995
40482573793
40482580385
40482586000
40482591615
40482599306
40482602724
40482610902
40482614931
40482623231
40482629396
40482635499
40482642641
40482647890
40482655031
40482660280
40482666810
40482670289
40482678529
40482684999
40482691469
40482696168
40482704225
40482709962
40482716066
40482722413
40482728151
40482734132
40482740541
40482746888
40482751649
40482758302
40482765382
40482772706
40482780702
40482785401
40482791871
40482798341
40482803834
40482810487
40482816651
40482823243
40482829835
40482836183
40482841981
40482847718
40482853150
40482859864
40482867493
40482874146
40482879578
40482885255
40482892030
40482897889
40482902833
40482911317
40482917969
40482924256
40482929200
40482935242
40482941956
40482947327
40482954346
40482961304
40482967408
40482973755
40482980835
40482985779
40482992493
40482998475
40483005127
40483012818
40483019288
40483026551
40483031861
40483038880
40483044373
40483052430
40483056519
40483064820
40483071289
40483077393
40483082703
40483088135
40483094849
40483102478
40483108277
40483113342
40483120545
40483126404
40483132996
40483139099
40483144592
40483151917
40483156921
40483163208
40483169312
40483175415
40483181946
40483187317
40483194458
40483200684
40483205688
40483213379
40483217163
40483224975
40483228515
40483236572
40483244385
40483249267
40483256042
40483262695
40483268249
40483273559
40483280456
40483286071
40483294250
40483300659
40483307068
40483313110
40483317566
40483325622
40483331237
40483338867
40483344421
40483351379
40483356506
40483363037
40483367919
40483374633
40483380615
40483388305
40483394836
40483399413
40483406127
40483412231
40483418395
40483425231
40483432372
40483438171
40483443847
40483449462
40483457153
40483463256
40483469665
40483477172
40483482421
40483490050
40483495483
40483501891
40483507079
40483512206
40483521239
40483527953
40483531737
40483539672
40483545226
40483551452
40483558166
40483563231
40483570373
40483576720
40483582885
40483587890
40483594970
40483600524
40483605224
40483613036
40483619567
40483623229
40483631530
40483637023
40483643126
40483649535
40483654296
40483661803
40483668944
40483675109
40483680480
40483687255
40483693419
40483700194
40483704283
40483712157
40483718443
40483724486
40483730711
40483735472
40483741820
40483748839
40483754698
40483761534
40483768065
40483774229
40483779295
40483784666
40483792174
40483798765
40483805174
40483811583
40483816466
40483823118
40483829100
40483835142
40483841063
40483848631
40483854307
40483860594
40483864378
40483871336
40483877806
40483883970
40483890928
40483895445
40483902281
40483908751
40483913389
40483919188
40483925352
40483931578
40483938475
40483943602
40483951170
40483957029
40483963316
40483968321
40483975523
40483981932
40483986753
40483993040
40483999143
40484005735
40484010069
40484016660
40484025144
40484031675
40484035276
40484043394
40484046873
40484054563
40484060484
40484067869
40484074461
40484078916
40484086423
40484090818
40484097166
40484103147
40484109190
40484115171
40484122617
40484128538
40484134397
40484140684
40484146970
40484153440
40484158811
40484164914
40484171018
40484177244
40484183652
40484189451
40484196164
40484201841
40484206968
40484214048
40484219724
40484224912
40484229673
40484237546
40484241208
40484248777
40484255002
40484261777
40484268491
40484275022
40484281003
40484287595
40484293271
40484299191
40484306455
40484312314
40484319394
40484324033
40484332028
40484337827
40484342954
40484349057
40484355527
40484361203
40484367673
40484373349
40484380124
40484385007
40484390317
40484397824
40484403928
40484409970
40484415707
40484422116
40484426999
40484433407
40484440182
40484445126
40484452572
40484457638
40484464474
40484469723
40484477108
40484482480
40484490231
40484496273
40484502316
40484507931
40484513485
40484519345
40484525509
40484530941
40484536862
40484543270
40484549923
40484556088
40484561032
40484567074
40484573239
40484580990
40484585140
40484592587
40484599056
40484604672
40484611019
40484617550
40484623654
40484628414
40484635799
40484640560
40484647579
40484653317
40484660030
40484666378
40484673458
40484679378
40484685421
40484691402
40484698482
40484703304
40484710079
40484716183
40484722225
40484728206
40484734066
40484740108
40484746273
40484752620
40484760616
40484766597
40484771480
40484778377
40484783565
40484790523
40484796932
40484803768
40484809627
40484816219
40484821102
40484827205
40484833065
40484839839
40484845211
40484852108
40484859188
40484864986
40484871028
40484874507
40484881954
40484887874
40484894527
40484899410
40484905513
40484911617
40484917781
40484924251
40484928829
40484936214
40484941158
40484948421
40484953426
40484959163
40484965511
40484971187
40484976192
40484983577
40484989375
40484995723
40485002132
40485006648
40485012630
40485018977
40485025264
40485031428
40485037471
40485044490
40485050837
40485056209
40485062739
40485069148
40485074153
40485079951
40485086970
40485091853
40485098201
40485105281
40485111018
40485117427
40485122737
40485129634
40485136042
40485141780
40485148066
40485153376
40485160762
40485167292
40485173457
40485180171
40485186030
40485191889
40485198176
40485204829
40485211176
40485218501
40485224177
40485229792
40485236872
40485241999
40485248103
40485252802
40485260554
40485268305
40485273066
40485279902
40485286433
40485292353
40485296992
40485304438
40485311213
40485319208
40485325373
40485331537
40485334955
40485342646
40485348810
40485355524
40485362421
40485368891
40485374384
40485379511
40485386286
40485391962
40485399775
40485407099
40485413080
40485419001
40485425104
40485430231
40485435846
40485442926
40485448847
40485455072
40485461603
40485467584
40485472528
40485479730
40485485407
40485491937
40485498285
40485504816
40485512079
40485516962
40485524408
40485528803
40485535028
40485542047
40485548517
40485553522
40485560846
40485567316
40485573846
40485580682
40485585687
40485593439
40485598260
40485604852
40485611322
40485617181
40485622186
40485629083
40485635553
40485642511
40485646905
40485654229
40485659417
40485665216
40485671686
40485678705
40485684930
40485689935
40485696466
40485701471
40485708062
40485713128
40485720452
40485725579
40485733880
40485737847
40485746209
40485749688
40485758294
40485765252
40485770135
40485778008
40485784600
40485789910
40485794854
40485801202
40485808343
40485814080
40485821893
40485836358
40485842156
40485848199
40485854302
40485863885
40485871026
40485875115
40485883233
40485890130
40485896783
40485902398
40485908929
40485915398
40485920647
40485928338
40485932183
40485940667
40485946770
40485953179
40485959832
40485966362
40485973259
40485981743
40485987420
40485993462
40485998345
40486006035
40486012749
40486019341
40486024041
40486032341
40486037163
40486043145
40486049797
40486057549
40486064263
40486070671
40486076714
40486081719
40486088860
40486095513
40486101494
40486108452
40486114433
40486120415
40486125908
40486133659
40486137749
40486145500
40486153252
40486158195
40486165337
40486171013
40486176750
40486182915
40486189384
40486195183
40486201958
40486208000
40486211601
40486219597
40486226616
40486232597
40486239555
40486244316
40486250847
40486256523
40486263603
40486268974
40486274955
40486282280
40486287285
40486294365
40486300956
40486305778
40486312370
40486318657
40486326896
40486332511
40486338493
40486344352
40486351127
40486357780
40486364616
40486370231
40486375541
40486382743
40486389335
40486395378
40486401847
40486408744
40486414420
40486421012
40486427421
40486433280
40486440604
40486447074
40486453605
40486459342
40486463920
40486471305
40486477042
40486483634
40486489066
40486495841
40486502677
40486508109
40486512748
40486517631
40486525748
40486530509
40486537467
40486545218
40486550162
40486556876
40486561881
40486570426
40486577079
40486583060
40486588919
40486595450
40486601554
40486606864
40486614554
40486620719
40486626883
40486634268
40486639273
40486646903
40486650931
40486659354
40486665457
40486671195
40486678702
40486684500
40486690909
40486696646
40486702628
40486709647
40486716177
40486721243
40486728690
40486734854
40486740591
40486746390
40486751883
40486758475
40486765189
40486771963
40486777762
40486783743
40486790274
40486797659
40486803030
40486808462
40486813467
40486819937
40486826773
40486831289
40486838064
40486844839
40486851858
40486855215
40486862661
40486869558
40486875540
40486881887
40486888296
40486894278
40486898733
40486905569
40486910879
40486916677
40486923941
40486929251
40486936209
40486941275
40486947439
40486952444
40486961721
40486966848
40486973501
40486980093
40486987173
40486992971
40486998708
40487004690
40487010915
40487016958
40487022695
40487029287
40487035329
40487041006
40487047781
40487055959
40487062124
40487069692
40487074880
40487081167
40487085866
40487093801
40487099660
40487105520
40487112844
40487117727
40487124502
40487129568
40487137075
40487144033
40487149831
40487156850
40487163869
40487170888
40487174489
40487182607
40487187978
40487194631
40487200917
40487206411
40487213491
40487220815
40487227224
40487233266
40487238149
40487246083
40487252858
40487257009
40487263112
40487269582
40487275929
40487280751
40487287343
40487292043
40487299001
40487306020
40487312734
40487319692
40487324880
40487332326
40487338795
40487344716
40487351002
40487357350
40487362965
40487368459
40487376942
40487382313
40487388173
40487395436
40487401173
40487407582
40487412831
40487419240
40487424000
40487430592
40487437977
40487444569
40487450734
40487457325
40487463673
40487469410
40487475026
40487481739
40487487660
40487494374
40487499562
40487507008
40487514027
40487518605
40487526112
40487533375
40487539357
40487544606
40487552479
40487558705
40487563160
40487570545
40487577137
40487584217
40487590565
40487596302
40487602711
40487609425
40487615406
40487621693
40487628590
40487635548
40487641712
40487647877
40487653004
40487660572
40487668140
40487674061
40487679432
40487685291
40487692676
40487697437
40487704883
40487710377
40487716785
40487723255
40487729297
40487735523
40487741443
40487749988
40487757312
40487762867
40487767688
40487773121
40487779956
40487786243
40487792530
40487798816
40487804981
40487811328
40487817493
40487823535
40487828296
40487835193
40487842395
40487848255
40487852222
40487860523
40487867542
40487872730
40487879444
40487886402
40487892322
40487898670
40487904895
40487909961
40487916126
40487922534
40487928272
40487935046
40487942310
40487948657
40487954456
40487960376
40487966724
40487970630
40487978442
40487986011
40487990832
40487997241
40488002368
40488009692
40488017138
40488023059
40488028979
40488033984
40488041186
40488047107
40488053210
40488059619
40488066089
40488072192
40488076709
40488083545
40488090686
40488096728
40488103381
40488108020
40488115649
40488120837
40488128527
40488134997
40488140551
40488148120
40488155139
40488159899
40488165331
40488172167
40488179736
40488186266
40488192370
40488198229
40488204577
40488209887
40488218615
40488224047
40488231249
40488238818
40488244555
40488250719
40488257189
40488263903
40488269884
40488279040
40488285509
40488291003
40488296984
40488303332
40488308886
40488315050
40488322130
40488330614
40488335924
40488341845
40488348803
40488353258
40488361681
40488367907
40488373217
40488380663
40488386339
40488390551
40488396654
40488403307
40488407946
40488416063
40488422594
40488427904
40488433031
40488438158
40488443956
40488451525
40488457750
40488462694
40488470384
40488476427
40488481432
40488487291
40488491441
40488498277
40488504442
40488510423
40488515184
40488521715
40488526048
40488533311
40488539049
40488545702
40488552171
40488557664
40488562852
40488568468
40488575181
40488579881
40488588182
40488593919
40488599046
40488604478
40488609727
40488615892
40488621568
40488627122
40488633287
40488639329
40488644883
40488650865
40488655259
40488661180
40488666307
40488674546
40488680467
40488686021
40488691514
40488696946
40488704332
40488711167
40488717637
40488722642
40488729417
40488735337
40488740708
40488745652
40488752122
40488759202
40488765000
40488770432
40488776292
40488781724
40488787766
40488792893
40488799851
40488805833
40488811143
40488816514
40488823350
40488828660
40488833970
40488840745
40488847459
40488852647
40488859177
40488863511
40488869492
40488873948
40488881211
40488888840
40488894700
40488899949
40488905198
40488910752
40488916672
40488921982
40488929917
40488935349
40488939683
40488947678
40488952866
40488957993
40488963364
40488969956
40488973130
40488980088
40488986802
40488992112
40488997483
40489002793
40489008652
40489013535
40489020737
40489026535
40489031418
40489037155
40489041916
40489047653
40489053086
40489059555
40489065842
40489070297
40489077011
40489081467
40489087875
40489093308
40489099350
40489104660
40489110153
40489115646
40489120773
40489127609
40489131393
40489137558
40489144394
40489150070
40489155685
40489160568
40489166183
40489171860
40489177597
40489183090
40489187790
40489193893
40489198654
40489205368
40489209884
40489216232
40489222458
40489228195
40489233749
40489238937
40489244247
40489249557
40489255050
40489260238
40489267013
40489271713
40489278427
40489284164
40489289291
40489294967
40489300094
40489305709
40489310897
40489315597
40489323532
40489326522
40489333663
40489339889
40489345199
40489349227
40489356429
40489361801
40489366989
40489372665
40489378219
40489384628
40489388595
40489395797
40489402450
40489407943
40489413741
40489419357
40489424117
40489430648
40489437423
40489443221
40489449996
40489456283
40489462875
40489469161
40489475143
40489479720
40489486129
40489494002
40489500167
40489508101
40489515731
40489520858
40489527999
40489535323
40489542220
40489549178
40489553939
40489561080
40489567855
40489574263
40489579757
40489586287
40489592452
40489598799
40489604781
40489612532
40489617903
40489625960
40489631941
40489639083
40489647444
40489651473
40489659712
40489665633
40489672164
40489677474
40489682845
40489690962
40489697127
40489703658
40489709944
40489716719
40489722639
40489729842
40489736983
40489743636
40489750594
40489757246
40489763045
40489772200
40489779280
40489788313
40489793623
40489800093
40489807173
40489814009
40489820234
40489827376
40489833235
40489840254
40489846724
40489851484
40489859053
40489863936
40489871016
40489878462
40489884871
40489889631
40489897139
40489904341
40489909651
40489916914
40489923384
40489929426
40489936140
40489943342
40489949507
40489954878
40489962507
40489968305
40489974043
40489980207
40489986128
40489992109
40489998457
40490005293
40490011701
40490017194
40490024213
40490029951
40490036298
40490042036
40490049482
40490055219
40490062971
40490068952
40490075666
40490082258
40490089155
40490094953
40490101972
40490107282
40490112531
40490118757
40490127607
40490131696
40490139875
40490143903
40490150556
40490155927
40490163373
40490169965
40490176740
40490183759
40490189130
40490192792
40490202375
40490209577
40490214582
40490222516
40490230268
40490237042
40490244061
40490251081
40490256146
40490264142
40490270551
40490276654
40490282514
40490290631
40490294660
40490303571
40490307660
40490316022
40490322797
40490329816
40490334332
40490343182
40490347211
40490355206
40490359112
40490367779
40490374005
40490381940
40490386578
40490394086
40490400677
40490407269
40490413434
40490418316
40490424359
40490431805
40490438824
40490443890
40490450543
40490457135
40490460980
40490469647
40490476422
40490482952
40490486859
40490494427
40490498333
40490506756
40490513714
40490518963
40490527264
40490532513
40490540264
40490547833
40490554974
40490560833
40490567730
40490573895
40490581524
40490588604
40490595318
40490600567
40490607220
40490614056
40490620586
40490626995
40490633465
40490640423
40490646954
40490652508
40490659038
40490665935
40490672283
40490679424
40490684734
40490691387
40490698162
40490705547
40490712749
40490718548
40490725750
40490731304
40490739055
40490745830
40490752178
40490759624
40490765117
40490771953
40490777507
40490785198
40490792095
40490799541
40490803386
40490811443
40490817607
40490824016
40490829326
40490837383
40490841289
40490850688
40490854411
40490863811
40490867534
40490875957
40490882976
40490890422
40490900066
40490914165
40490920696
40490925700
40490932964
40490939983
40490946880
40490952800
40490958903
40490965861
40490972575
40490978252
40490984233
40490991496
40490997844
40491003520
40491010295
40491015788
40491022929
40491028361
40491036235
40491041789
40491049723
40491055461
40491062602
40491068156
40491074748
40491082499
40491087748
40491093119
40491100383
40491105937
40491113261
40491118754
40491126567
40491132670
40491137980
40491143595
40491150675
40491156230
40491164958
40491168803
40491177836
40491184000
40491189677
40491195048
40491202799
40491209208
40491215128
40491220621
40491228800
40491235087
40491241434
40491245463
40491253947
40491260477
40491265299
40491272684
40491279398
40491286173
40491293131
40491299357
40491306376
40491312845
40491319742
40491325113
40491332071
40491337992
40491344889
40491351053
40491357096
40491364542
40491371195
40491378458
40491382486
40491390665
40491396891
40491403116
40491409830
40491417642
40491421366
40491430094
40491433817
40491441446
40491447489
40491454569
40491461588
40491468118
40491472147
40491480875
40491484781
40491492777
40491500223
40491507547
40491513406
40491519815
40491524454
40491532877
40491538919
40491545511
40491552591
40491559183
40491564554
40491571023
40491577737
40491584146
40491589700
40491595987
40491603250
40491609903
40491615945
40491622354
40491628213
40491634561
40491641031
40491647561
40491654214
40491659585
40491667031
40491672280
40491679055
40491685525
40491692483
40491697122
40491703591
40491708657
40491716714
40491724038
40491730020
40491737405
40491743752
40491751077
40491757791
40491764321
40491769875
40491775918
40491782754
40491789468
40491795998
40491801797
40491808633
40491815774
40491822121
40491829140
40491833901
40491841592
40491846657
40491853310
40491859597
40491866860
40491874062
40491880288
40491885354
40491893044
40491897988
40491905617
40491911477
40491919228
40491924538
40491930703
40491937661
40491943459
40491950295
40491955971
40491962502
40491970314
40491978127
40491983437
40491989113
40491997902
40492001808
40492010842
40492014626
40492022621
40492028603
40492035500
40492039223
40492048317
40492051857
40492060707
40492068031
40492074318
40492080971
40492085976
40492092323
40492099403
40492103310
40492112709
40492116798
40492124733
40492131447
40492137855
40492141762
40492150246
40492157082
40492161964
40492169594
40492176796
40492183327
40492189918
40492196754
40492203041
40492209388
40492216224
40492222572
40492228920
40492235267
40492241737
40492248512
40492253334
40492260292
40492266945
40492273536
40492280738
40492286598
40492291725
40492298927
40492306007
40492311500
40492319190
40492325660
40492330543
40492338661
40492343727
40492351722
40492357093
40492363075
40492370216
40492376075
40492382789
40492389442
40492395118
40492403053
40492409400
40492415504
40492421302
40492428260
40492433814
40492441383
40492447547
40492454810
40492461219
40492467811
40492474341
40492480689
40492486243
40492492652
40492499122
40492505530
40492511939
40492518531
40492525672
40492532203
40492537391
40492543921
40492550269
40492556922
40492563025
40492569678
40492575110
40492581885
40492588965
40492595557
40492601111
40492607642
40492614478
40492621070
40492627051
40492633582
40492640051
40492646521
40492653723
40492658545
40492665808
40492672583
40492679602
40492685095
40492692786
40492698706
40492705420
40492710608
40492718481
40492722449
40492730811
40492738196
40492744726
40492750830
40492757239
40492764380
40492771765
40492777991
40492782812
40492789953
40492796118
40492803625
40492808691
40492815588
40492822851
40492828711
40492835852
40492841589
40492848669
40492853918
40492860815
40492867712
40492873449
40492881140
40492886389
40492892614
40492899572
40492905554
40492911047
40492919103
40492926123
40492932165
40492937414
40492945043
40492951147
40492957739
40492961767
40492969030
40492975805
40492982763
40492989233
40492996313
40493002843
40493009313
40493015234
40493021825
40493029699
40493034521
40493041173
40493047582
40493054540
40493059545
40493066869
40493074132
40493079626
40493086828
40493092748
40493099706
40493105932
40493111242
40493117040
40493124303
40493132421
40493138585
40493144567
40493150121
40493157811
40493164159
40493170324
40493176793
40493183690
40493187596
40493195592
40493200963
40493208226
40493214452
40493219945
40493227635
40493234166
40493238011
40493246251
40493250096
40493258336
40493264440
40493271581
40493277623
40493283604
40493289220
40493295445
40493302892
40493307652
40493314122
40493320409
40493327306
40493332188
40493339940
40493344945
40493352818
40493357762
40493364964
40493372166
40493378209
40493385045
40493391209
40493396702
40493404027
40493409459
40493417210
40493422764
40493429600
40493435154
40493442295
40493447789
40493455296
40493460911
40493467625
40493473484
40493481419
40493487583
40493493321
40493498753
40493506932
40493513951
40493520787
40493527256
40493533726
40493537571
40493545201
40493551365
40493558384
40493562595
40493573155
40493578281
40493584873
40493592381
40493597508
40493604160
40493610691
40493617039
40493623936
40493630405
40493636875
40493644016
40493648777
40493656101
40493663059
40493669773
40493674961
40493681919
40493689121
40493695286
40493702427
40493708835
40493714390
40493720615
40493726352
40493734470
40493739963
40493746677
40493751682
40493759616
40493764927
40493771091
40493777988
40493783969
40493790927
40493796543
40493803379
40493809421
40493815036
40493822360
40493828586
40493836398
40493840610
40493848911
40493854526
40493861301
40493866855
40493874912
40493881992
40493889377
40493893283
40493901218
40493907260
40493914706
40493918368
40493927035
40493934482
40493941074
40493945224
40493952853
40493959689
40493965976
40493973178
40493979709
40493986361
40493991794
40493998446
40494005038
40494011325
40494017978
40494023288
40494030185
40494037692
40494043917
40494048983
40494055331
40494061984
40494068454
40494075778
40494082125
40494088351
40494094943
40494100436
40494106906
40494113009
40494119357
40494125399
40494132601
40494138583
40494145236
40494150851
40494157748
40494163912
40494169405
40494176852
40494183016
40494189669
40494195773
40494203585
40494209933
40494217257
40494221346
40494229464
40494233614
40494242159
40494248934
40494255709
40494262179
40494268954
40494273409
40494281710
40494288424
40494295260
40494301973
40494308321
40494314486
40494320833
40494326754
40494333223
40494339754
40494346163
40494351778
40494358248
40494364351
40494370760
40494377718
40494382967
40494389437
40494396089
40494402254
40494408907
40494415682
40494420503
40494427156
40494433809
40494440401
40494446748
40494453340
40494458040
40494464937
40494471285
40494478365
40494484041
40494492220
40494497285
40494503938
40494510347
40494516756
40494523714
40494529146
40494536775
40494543001
40494548494
40494556306
40494560213
40494567415
40494575288
40494581880
40494586030
40494593965
40494598054
40494605867
40494612520
40494618806
40494625154
40494631685
40494639253
40494644075
40494651460
40494658601
40494665620
40494671418
40494679170
40494685273
40494692414
40494696260
40494704988
40494711640
40494718049
40494724214
40494730683
40494735017
40494742463
40494746247
40494754975
40494761323
40494767732
40494774323
40494780915
40494787629
40494792634
40494799592
40494806245
40494813203
40494818330
40494825776
40494833344
40494838776
40494845002
40494852082
40494858552
40494864289
40494870576
40494877717
40494883759
40494891327
40494896576
40494904267
40494909394
40494917023
40494924225
40494929230
40494936127
40494943329
40494948151
40494955536
40494962250
40494967560
40494974457
40494981232
40494986725
40494993622
40495000580
40495006745
40495011627
40495018524
40495025665
40495031342
40495038666
40495045380
40495050995
40495058319
40495063873
40495071503
40495076935
40495082794
40495089813
40495095673
40495102447
40495108551
40495113800
40495121307
40495126800
40495134674
40495138946
40495147674
40495151764
40495161896
40495167999
40495174469
40495180755
40495190582
40495196625
40495203582
40495210357
40495215728
40495222198
40495227630
40495235687
40495241180
40495248138
40495253326
40495261261
40495267486
40495274017
40495280365
40495286529
40495292999
40495299957
40495303863
40495311798
40495317230
40495325164
40495328887
40495337127
40495343536
40495349883
40495356658
40495363189
40495367706
40495375335
40495380889
40495387237
40495395049
40495401946
40495409270
40495414214
40495421538
40495428619
40495435027
40495440887
40495446990
40495454009
40495460418
40495465789
40495473601
40495479156
40495486297
40495491668
40495499602
40495504973
40495512175
40495517485
40495525176
40495531340
40495537017
40495543242
40495549956
40495555571
40495563750
40495567778
40495575713
40495581206
40495589202
40495592925
40495601409
40495607451
40495614775
40495618498
40495626799
40495630583
40495638823
40495645354
40495652495
40495656462
40495664214
40495670500
40495677519
40495681487
40495690337
40495694426
40495703398
40495709990
40495714934
40495721037
40495728422
40495735808
40495742827
40495748442
40495754973
40495762480
40495767302
40495774260
40495780668
40495787565
40495792875
40495800322
40495806730
40495813688
40495818693
40495825834
40495832426
40495839689
40495844938
40495851591
40495858854
40495864286
40495871550
40495877592
40495884672
40495890348
40495897184
40495903776
40495909086
40495915617
40495922514
40495928922
40495934416
40495941374
40495946745
40495953459
40495958830
40495964750
40495970548
40495978910
40495982755
40495991483
40495997831
40496005643
40496010160
40496017240
40496021024
40496029813
40496033475
40496042753
40496050077
40496056425
40496061551
40496067899
40496075345
40496081693
40496087552
40496094266
40496100492
40496107084
40496113797
40496118863
40496126371
40496133023
40496135160
40496144742
40496152066
40496158536
40496164762
40496171109
40496176480
40496182767
40496189054
40496195523
40496201505
40496207852
40496214200
40496220670
40496226529
40496232938
40496240628
40496246243
40496253812
40496258878
40496265958
40496272672
40496279630
40496284451
40496291776
40496298428
40496305081
40496310269
40496317776
40496323514
40496330838
40496337918
40496345486
40496353116
40496358121
40496365140
40496371670
40496376248
40496384305
40496388821
40496396817
40496404141
40496410733
40496416104
40496422696
40496428616
40496435025
40496439724
40496448086
40496454739
40496461941
40496469082
40496475186
40496481900
40496487393
40496495571
40496501248
40496507229
40496512722
40496520840
40496526760
40496534512
40496538479
40496546108
40496552090
40496559048
40496563137
40496571499
40496578884
40496585354
40496591152
40496597622
40496604153
40496610439
40496617275
40496622158
40496629665
40496634670
40496642055
40496648769
40496655239
40496660427
40496667568
40496674160
40496681423
40496686367
40496693935
40496698879
40496705837
40496711025
40496719265
40496724880
40496731105
40496736354
40496744106
40496749843
40496756008
40496761440
40496769008
40496775173
40496781826
40496789272
40496796718
40496802272
40496808986
40496814418
40496820949
40496828212
40496833217
40496839626
40496846278
40496853053
40496859767
40496865871
40496872279
40496878200
40496884853
40496890407
40496897792
40496904140
40496909755
40496915797
40496921901
40496929713
40496935145
40496941920
40496947475
40496955165
40496961268
40496968287
40496972133
40496980494
40496986659
40496992640
40496998622
40497006129
40497012355
40497019801
40497023707
40497031947
40497039576
40497046717
40497052943
40497059474
40497065699
40497072413
40497078944
40497084132
40497092250
40497097438
40497104151
40497111170
40497117823
40497122645
40497130396
40497135279
40497142420
40497149806
40497157008
40497162806
40497168971
40497174281
40497181666
40497186976
40497192957
40497199488
40497207484
40497210963
40497218165
40497223170
40497231043
40497234583
40497242457
40497249354
40497255701
40497262293
40497268458
40497274988
40497280909
40497285914
40497292139
40497299646
40497304529
40497311182
40497315821
40497323023
40497329554
40497335047
40497341455
40497349268
40497354273
40497360376
40497365381
40497373377
40497378260
40497384729
40497390711
40497398584
40497404627
40497410547
40497416651
40497422571
40497428491
40497434961
40497442713
40497447900
40497455286
40497460046
40497467249
40497471948
40497479211
40497484155
40497492090
40497497522
40497503564
40497510950
40497517175
40497522729
40497529993
40497536828
40497544336
40497548608
40497556726
40497563562
40497568750
40497575158
40497582116
40497588403
40497594690
40497602014
40497609338
40497616723
40497621972
40497628381
40497633813
40497641137
40497646447
40497653161
40497660913
40497667443
40497674279
40497679528
40497686303
40497693017
40497699670
40497704919
40497711633
40497718591
40497724755
40497731896
40497738549
40497745385
40497751489
40497758508
40497764428
40497771386
40497776818
40497784264
40497789941
40497795007
40497801171
40497808312
40497814355
40497820336
40497828271
40497834679
40497840294
40497845971
40497853417
40497859337
40497865624
40497869469
40497878258
40497883080
40497891320
40497897362
40497904625
40497911461
40497917504
40497924096
40497929711
40497937035
40497944176
40497950646
40497958153
40497964257
40497970177
40497976891
40497982445
40497989586
40497995323
40498004173
40498010338
40498016869
40498024010
40498030541
40498035362
40498042931
40498049767
40498056175
40498060936
40498067223
40498073509
40498080955
40498087425
40498093956
40498098534
40498106468
40498112572
40498119224
40498124046
40498130760
40498137169
40498143577
40498149986
40498156578
40498162620
40498169029
40498176231
40498181358
40498189048
40498194725
40498200706
40498207786
40498213646
40498219688
40498227806
40498234764
40498241966
40498246666
40498254112
40498260398
40498267051
40498273155
40498280479
40498286949
40498293296
40498300437
40498305259
40498312583
40498318870
40498324607
40498331016
40498337913
40498344932
40498350913
40498355918
40498362754
40498369834
40498375449
40498383140
40498389671
40498396629
40498403098
40498408652
40498415122
40498421958
40498427756
40498434226
40498442649
40498448630
40498454917
40498459189
40498466697
40498474387
40498480918
40498488181
40498493125
40498499961
40498506308
40498510093
40498519004
40498525168
40498531760
40498538962
40498545615
40498552085
40498558615
40498564109
40498570639
40498576377
40498583029
40498589804
40498596152
40498603354
40498608054
40498615561
40498620261
40498627463
40498634177
40498641013
40498645956
40498653525
40498658530
40498665121
40498671591
40498678061
40498684958
40498692221
40498697897
40498704245
40498709799
40498717795
40498723227
40498731467
40498735678
40498743918
40498747824
40498756064
40498763571
40498769980
40498774740
40498782370
40498788656
40498795187
40498801352
40498807882
40498812399
40498820456
40498825033
40498834311
40498839193
40498845785
40498852560
40498858908
40498865316
40498871542
40498877279
40498896078
40498901022
40498908651
40498915853
40498922323
40498927816
40498935140
40498942526
40498947591
40498954672
40498961263
40498966817
40498973348
40498979879
40498986715
40498993429
40498999837
40499006490
40499011129
40499018392
40499024740
40499031087
40499038656
40499043416
40499050191
40499056478
40499061361
40499068929
40499073873
40499080831
40499086324
40499093770
40499098531
40499105794
40499110616
40499117330
40499122091
40499129781
40499135091
40499141744
40499148214
40499153524
40499160298
40499165608
40499170430
40499177754
40499184285
40499190389
40499195882
40499202840
40499208211
40499213826
40499219197
40499225484
40499231892
40499239278
40499244527
40499250325
40499255635
40499262410
40499267842
40499274312
40499280232
40499285908
40499291402
40499298115
40499303670
40499310689
40499316182
40499322591
40499328145
40499334187
40499339497
40499346882
40499352192
40499357747
40499363057
40499369954
40499375569
40499382710
40499387959
40499395161
40499399067
40499405720
40499411030
40499418049
40499423603
40499430378
40499437153
40499443806
40499448078
40499457417
40499461384
40499469380
40499473164
40499482441
40499486225
40499495564
40499500019
40499508137
40499514912
40499521809
40499527668
40499534138
40499541279
40499547688
40499553913
40499560322
40499565510
40499572041
40499578632
40499585224
40499592426
40499597614
40499604389
40499610920
40499617451
40499622639
40499630268
40499635212
40499642475
40499649067
40499655353
40499661762
40499667255
40499673664
40499680011
40499686481
40499694050
40499698993
40499706073
40499712543
40499718280
40499724872
40499730976
40499737445
40499743793
40499750507
40499755878
40499762470
40499769916
40499777301
40499783161
40499789874
40499795917
40499802509
40499807819
40499814655
40499821674
40499828754
40499834369
40499839801
40499848346
40499853839
40499860980
40499867023
40499874103
40499880634
40499887286
40499895404
40499900287
40499908527
40499914081
40499920611
40499926654
40499933673
40499939410
40499945758
40499951129
40499958880
40499965899
40499971881
40499977862
40499984210
40499989764
40499998065
40500004290
40500010760
40500016864
40500023639
40500030658
40500037432
40500041278
40500049578
40500053179
40500061968
40500069049
40500075701
40500079730
40500088275
40500094866
40500101153
40500106646
40500113055
40500120135
40500125201
40500131609
40500138384
40500144793
40500151385
40500158221
40500163042
40500170061
40500176531
40500182207
40500188433
40500195147
40500201861
40500207964
40500212603
40500219805
40500227556
40500234026
40500239886
40500246966
40500252337
40500259051
40500265398
40500273577
40500280169
40500286516
40500290911
40500298418
40500302263
40500311724
40500318682
40500325823
40500333269
40500338030
40500345781
40500350664
40500358538
40500363481
40500371111
40500377336
40500384538
40500389971
40500397539
40500403520
40500410417
40500414446
40500422807
40500427202
40500435014
40500440447
40500448259
40500454179
40500460344
40500465837
40500472917
40500478532
40500487688
40500493364
40500499773
40500506975
40500513322
40500519975
40500526750
40500532731
40500537614
40500545610
40500551225
40500558915
40500566118
40500571550
40500579240
40500585099
40500592057
40500598222
40500603349
40500611406
40500616594
40500624406
40500628862
40500637101
40500644487
40500650834
40500656510
40500662858
40500666886
40500675675
40500682755
40500689347
40500695329
40500702104
40500707780
40500714555
40500720658
40500727311
40500734330
40500740861
40500747514
40500754350
40500760270
40500765153
40500773148
40500779191
40500786454
40500793534
40500798783
40500805924
