40352595305
40352605498
40352615202
40352623564
40352632231
40352640471
40352648650
40352656157
40352662627
40352674528
40352681547
40352688139
40352695647
40352702421
40352708464
40352717680
40352722929
40352734892
40352742705
40352750883
40352758879
40352764860
40352771696
40352780058
40352787687
40352796843
40352805082
40352812590
40352818144
40352826322
40352835234
40352841154
40352851469
40352857450
40352865934
40352871427
40352880461
40352886076
40352894438
40352903776
40352912321
40352919218
40352928251
40352934599
40352942655
40352947721
40352957548
40352965360
40352973600
40352982328
40352988676
40352996610
40353004606
40353009550
40353019681
40353025174
40353037381
40353045621
40353053312
40353059903
40353067411
40353070340
40353081144
40353090238
40353098539
40353106534
40353112455
40353121854
40353127774
40353136563
40353143094
40353153592
40353163724
40353172879
40353179898
40353188138
40353195279
40353203580
40353211453
40353220059
40353228421
40353236966
40353246121
40353252896
40353259549
40353269192
40353277493
40353286893
40353294339
40353303006
40353310208
40353318204
40353326077
40353334195
40353341946
40353351773
40353359707
40353368313
40353375332
40353383145
40353390530
40353398526
40353404934
40353416226
40353423611
40353431729
40353438870
40353446194
40353455410
40353463528
40353471707
40353482998
40353488552
40353499294
40353504543
40353514431
40353522793
40353531094
40353536892
40353547573
40353552944
40353564053
40353569179
40353579311
40353588100
40353595608
40353603786
40353614284
40353619839
40353631557
40353636867
40353646999
40353653957
40353662075
40353670437
40353681301
40353686794
40353696987
40353704555
40353712856
40353720241
40353729030
40353736476
40353746852
40353754299
40353763454
40353770412
40353778224
40353785671
40353793239
40353800380
40353811366
40353821010
40353827724
40353836696
40353844752
40353851710
40353859645
40353865932
40353877650
40353885585
40353892543
40353901454
40353907496
40353916957
40353925929
40353934108
40353943141
40353950770
40353960109
40353967189
40353974452
40353982875
40353991908
40353999415
40354008143
40354015773
40354024317
40354031642
40354039271
40354046534
40354056239
40354064173
40354074366
40354083521
40354091944
40354097743
40354107935
40354116114
40354122584
40354130274
40354140345
40354145960
40354155909
40354165125
40354171900
40354179163
40354189722
40354199122
40354207789
40354214991
40354223475
40354230921
40354238001
40354246302
40354252955
40354260950
40354271997
40354281153
40354291346
40354301111
40354307764
40354318323
40354327539
40354334741
40354346033
40354354700
40354363184
40354370630
40354380274
40354390100
40354397669
40354407861
40354415552
40354423059
40354433801
40354442407
40354449915
40354457666
40354467126
40354475000
40354484033
40354490808
40354500696
40354508081
40354517358
40354526330
40354534448
40354543420
40354551599
40354560388
40354566797
40354575097
40354582177
40354591760
40354597924
40354609521
40354614892
40354625268
40354632287
40354639428
40354648400
40354654626
40354664269
40354673119
40354680566
40354689416
40354695825
40354703576
40354711938
40354719079
40354727563
40354738488
40354745080
40354752038
40354760644
40354769433
40354775902
40354784447
40354791100
40354798791
40354809594
40354815392
40354825219
40354832116
40354839440
40354845849
40354855187
40354861718
40354874047
40354881127
40354889367
40354897057
40354903771
40354910668
40354918297
40354925560
40354934838
40354941979
40354949242
40354955467
40354963158
40354969628
40354976769
40354984032
40354991356
40354997887
40355004845
40355011742
40355018272
40355025597
40355033409
40355041161
40355049950
40355057030
40355064415
40355072288
40355080833
40355086265
40355095238
40355100364
40355110924
40355119346
40355124840
40355131431
40355139732
40355146629
40355155235
40355163047
40355169639
40355177635
40355185691
40355193504
40355200584
40355208396
40355217552
40355223411
40355230979
40355238670
40355246055
40355253990
40355263145
40355269309
40355278159
40355286460
40355294151
40355302207
40355308799
40355316612
40355326377
40355332969
40355341941
40355350669
40355357566
40355364341
40355372947
40355378928
40355387534
40355391990
40355401511
40355407371
40355413474
40355420310
40355426536
40355432334
40355438743
40355445517
40355452170
40355458091
40355464621
40355471152
40355475791
40355483176
40355490195
40355496604
40355501670
40355508383
40355513205
40355519553
40355526511
40355531821
40355536948
40355544394
40355550192
40355556174
40355562705
40355568808
40355574729
40355580832
40355589804
40355594321
40355600302
40355606162
40355613425
40355617941
40355625449
40355630759
40355638510
40355643881
40355649313
40355656393
40355662192
40355667746
40355673544
40355677450
40355686117
40355692648
40355698569
40355704672
40355710592
40355716513
40355722494
40355729269
40355734030
40355740255
40355746237
40355753195
40355757834
40355764853
40355771444
40355778707
40355784689
40355790121
40355795187
40355801596
40355806478
40355812887
40355818075
40355826254
40355830648
40355837484
40355843771
40355849508
40355855734
40355861471
40355867086
40355873251
40355880087
40355884359
40355892111
40355896383
40355903280
40355909872
40355917379
40355922811
40355929098
40355934103
40355941061
40355946126
40355951620
40355956869
40355965230
40355968954
40355976583
40355982320
40355988485
40355995077
40356000814
40356008626
40356014547
40356019674
40356025594
40356031759
40356037557
40356043721
40356049520
40356056417
40356063131
40356068990
40356075154
40356080403
40356086507
40356092549
40356097554
40356105733
40356110860
40356118123
40356124227
40356130513
40356133992
40356142110
40356150044
40356155904
40356161092
40356166768
40356173116
40356179402
40356185445
40356192037
40356198018
40356204366
40356210225
40356216512
40356221822
40356228413
40356233723
40356238911
40356246785
40356251668
40356258626
40356263386
40356270222
40356274983
40356282246
40356287373
40356295064
40356298359
40356306233
40356311970
40356318013
40356324299
40356330342
40356337361
40356343770
40356349690
40356356038
40356362385
40356368794
40356375630
40356382161
40356388508
40356395222
40356401692
40356406575
40356412190
40356418476
40356423725
40356430317
40356436177
40356442524
40356448567
40356453510
40356460102
40356465046
40356473408
40356478596
40356486347
40356490009
40356497883
40356503681
40356509785
40356515705
40356521687
40356527851
40356533894
40356538959
40356545002
40356550800
40356556843
40356564106
40356568622
40356576252
40356583088
40356588520
40356593097
40356600544
40356605182
40356612568
40356617939
40356624836
40356630329
40356637836
40356641315
40356649250
40356654926
40356660236
40356665851
40356673664
40356677936
40356684284
40356690021
40356695697
40356702899
40356707111
40356713764
40356719562
40356726764
40356732685
40356738117
40356743915
40356750018
40356755817
40356762592
40356768207
40356774310
40356778705
40356786273
40356790607
40356797809
40356804523
40356811053
40356816180
40356822223
40356828387
40356834369
40356839069
40356845843
40356850970
40356859943
40356863544
40356871112
40356875873
40356882525
40356887164
40356893817
40356899371
40356908465
40356914691
40356920611
40356926776
40356932757
40356937640
40356943683
40356951617
40356956256
40356962481
40356968829
40356973956
40356980365
40356985553
40356992449
40356999285
40357004534
40357010699
40357017291
40357022540
40357029925
40357035174
40357040606
40357048052
40357051776
40357059527
40357065203
40357072100
40357078082
40357083941
40357091143
40357097430
40357103411
40357107928
40357114275
40357120135
40357126482
40357132464
40357139056
40357145647
40357151324
40357155840
40357163347
40357168352
40357174395
40357180865
40357187334
40357192583
40357199358
40357204241
40357211077
40357215838
40357222735
40357227800
40357236589
40357242815
40357248674
40357254473
40357260332
40357266008
40357271990
40357278765
40357284929
40357291704
40357296221
40357302935
40357309282
40357314958
40357319536
40357327837
40357333208
40357339556
40357345842
40357351030
40357357378
40357362871
40357368242
40357375871
40357381303
40357387468
40357392473
40357399858
40357405840
40357411638
40357419023
40357425249
40357431963
40357437944
40357442400
40357448259
40357454973
40357460893
40357467119
40357473588
40357479448
40357485856
40357490861
40357496782
40357503251
40357507646
40357516984
40357522294
40357528520
40357533586
40357540483
40357545549
40357552018
40357557512
40357565080
40357571061
40357576738
40357582597
40357588578
40357591874
40357599870
40357607255
40357613481
40357620439
40357626298
40357631547
40357637223
40357643998
40357648454
40357656815
40357663468
40357669084
40357673600
40357680802
40357687028
40357692704
40357699357
40357706071
40357711198
40357718095
40357722977
40357729325
40357734208
40357742203
40357748917
40357755265
40357758927
40357768021
40357773575
40357779618
40357785355
40357791398
40357799393
40357804093
40357811417
40357815812
40357823075
40357827530
40357834488
40357839127
40357847428
40357852677
40357859391
40357864396
40357870987
40357875992
40357882584
40357887833
40357896683
40357900528
40357907425
40357913040
40357919632
40357925308
40357931290
40357938492
40357944901
40357950760
40357956619
40357961868
40357967606
40357972977
40357979691
40357990006
40357997269
40358004837
40358010208
40358017471
40358023514
40358028519
40358034134
40358042435
40358048965
40358055374
40358061050
40358067215
40358073196
40358081924
40358088150
40358093460
40358099502
40358104995
40358112259
40358117813
40358124710
40358131790
40358138260
40358144790
40358151199
40358156875
40358163040
40358169326
40358176651
40358183059
40358188308
40358194656
40358200027
40358207656
40358213760
40358220474
40358227859
40358234329
40358240371
40358246719
40358253311
40358258254
40358264541
40358271682
40358279189
40358284805
40358291824
40358297622
40358305618
40358312392
40358319717
40358327529
40358334121
40358340224
40358346572
40358352431
40358358474
40358366042
40358371352
40358378371
40358383681
40358390822
40358396804
40358402785
40358409377
40358415603
40358422072
40358428542
40358435622
40358441848
40358448134
40358453139
40358461196
40358466506
40358474684
40358478530
40358487197
40358494033
40358500319
40358505385
40358511733
40358518630
40358525221
40358530654
40358537245
40358544020
40358550063
40358557509
40358564955
40358571364
40358577467
40358584059
40358590102
40358596816
40358602431
40358610854
40358617140
40358622633
40358629896
40358635329
40358641859
40358648695
40358654738
40358660170
40358667677
40358673048
40358680617
40358685988
40358693922
40358700392
40358706984
40358711073
40358718336
40358723768
40358731215
40358738295
40358744520
40358748365
40358756605
40358762892
40358769178
40358776503
40358782728
40358787855
40358794142
40358800672
40358807142
40358814344
40358820814
40358826978
40358833326
40358839979
40358846327
40358852857
40358859327
40358865492
40358871961
40358877760
40358884290
40358892042
40358896925
40358903822
40358910291
40358916578
40358923597
40358929578
40358936597
40358942274
40358949110
40358955335
40358962415
40358968519
40358974012
40358981031
40358986463
40358993482
40358998853
40359006238
40359012098
40359019300
40359024854
40359031934
40359037366
40359044507
40359050061
40359057141
40359062818
40359069898
40359075452
40359082532
40359088208
40359095288
40359100843
40359107984
40359114514
40359120862
40359127210
40359133862
40359140576
40359146985
40359153577
40359159924
40359167127
40359173291
40359179639
40359186169
40359192517
40359198804
40359205701
40359211926
40359218762
40359224866
40359231152
40359237317
40359243603
40359249829
40359256787
40359261548
40359269238
40359274121
40359281872
40359286755
40359294507
40359299328
40359307324
40359312207
40359319165
40359326245
40359331982
40359339123
40359345532
40359350537
40359357800
40359364697
40359371472
40359376904
40359384411
40359390515
40359396069
40359401501
40359408459
40359414135
40359421337
40359427136
40359435314
40359439465
40359447827
40359454601
40359460949
40359465221
40359473339
40359479931
40359486095
40359492687
40359498852
40359505444
40359511669
40359518566
40359524914
40359531383
40359537853
40359544323
40359550732
40359558056
40359564464
40359570263
40359576855
40359583385
40359589855
40359596813
40359603283
40359610180
40359616832
40359622997
40359627880
40359636119
40359640941
40359648571
40359653270
40359659801
40359666698
40359673351
40359680309
40359686412
40359691722
40359698741
40359704051
40359710338
40359717540
40359724376
40359729869
40359737377
40359743541
40359749461
40359754955
40359762340
40359768688
40359774974
40359781200
40359787975
40359792003
40359799754
40359805309
40359812450
40359820750
40359827281
40359832103
40359839061
40359846263
40359852611
40359859447
40359865855
40359873240
40359879527
40359885325
40359891612
40359897777
40359904063
40359910655
40359917064
40359925059
40359929942
40359937938
40359942698
40359950755
40359955516
40359962962
40359969920
40359976695
40359981822
40359989634
40359994761
40360001719
40360008860
40360014842
40360021678
40360027842
40360033335
40360040415
40360045908
40360052928
40360058360
40360064890
40360071970
40360078379
40360086436
40360091441
40360099314
40360105784
40360112437
40360117564
40360125742
40360132029
40360138438
40360144785
40360151255
40360157541
40360163767
40360170176
40360176829
40360181833
40360188181
40360194590
40360200632
40360207041
40360213022
40360221079
40360227304
40360232309
40360239939
40360244944
40360252512
40360257395
40360265329
40360270456
40360277292
40360283884
40360290781
40360295725
40360303354
40360310434
40360316660
40360322397
40360328562
40360335825
40360341501
40360348581
40360354135
40360361276
40360366831
40360374399
40360381174
40360386850
40360393198
40360398874
40360406076
40360411752
40360419748
40360425119
40360432260
40360437875
40360445077
40360450754
40360458017
40360463571
40360471506
40360478464
40360484872
40360491708
40360497995
40360504342
40360510568
40360517221
40360523568
40360529733
40360536020
40360542672
40360548837
40360555185
40360561410
40360567880
40360573983
40360580514
40360586923
40360593698
40360600717
40360606759
40360613534
40360620431
40360625436
40360633126
40360637765
40360644357
40360651071
40360657296
40360664132
40360670541
40360675851
40360684274
40360689584
40360696053
40360701363
40360709359
40360714669
40360720589
40360728341
40360733773
40360739327
40360746529
40360752022
40360760201
40360764229
40360772347
40360778512
40360785103
40360791939
40360798165
40360804574
40360810860
40360817330
40360823616
40360829720
40360836129
40360841622
40360847969
40360854927
40360861580
40360866890
40360873116
40360881233
40360886055
40360892769
40360899056
40360906136
40360910835
40360918526
40360925362
40360930733
40360937081
40360944100
40360948921
40360956673
40360961433
40360969490
40360976326
40360982491
40360987251
40360995613
40361000984
40361008797
40361014168
40361020821
40361026253
40361034798
40361040108
40361047066
40361052315
40361059273
40361064461
40361071113
40361076484
40361084663
40361090156
40361097358
40361102730
40361108711
40361115547
40361122566
40361128059
40361134529
40361139961
40361147529
40361153022
40361160835
40361166938
40361173530
40361180427
40361185920
40361191413
40361199104
40361205329
40361210456
40361215949
40361223579
40361229255
40361237251
40361241096
40361249763
40361256049
40361260932
40361266120
40361274116
40361279609
40361287116
40361293159
40361300117
40361303840
40361311530
40361316840
40361325568
40361329352
40361337775
40361344245
40361350837
40361354560
40361362922
40361366584
40361375434
40361382087
40361388740
40361395209
40361401740
40361406134
40361413398
40361419684
40361426093
40361433417
40361439887
40361445014
40361451667
40361458075
40361464667
40361471076
40361477606
40361483344
40361490180
40361494086
40361503729
40361510321
40361517096
40361522772
40361529181
40361536444
40361542853
40361548407
40361554816
40361561957
40361566840
40361574103
40361580450
40361586920
40361591681
40361599249
40361605658
40361610907
40361617132
40361624579
40361630865
40361638129
40361643072
40361649176
40361655462
40361662665
40361668829
40361674139
40361680426
40361687567
40361693792
40361699347
40361705694
40361712347
40361718573
40361725409
40361732244
40361738897
40361743902
40361751287
40361758795
40361765386
40361770086
40361776739
40361783697
40361789862
40361796697
40361802496
40361809332
40361816595
40361822759
40361828985
40361835943
40361843145
40361849127
40361855596
40361862066
40361868536
40361874517
40361881048
40361888311
40361894842
40361902471
40361907476
40361914556
40361921697
40361928045
40361933721
40361940557
40361945745
40361953557
40361959234
40361966619
40361972173
40361979131
40361984990
40361992254
40361997808
40362005803
40362011113
40362016790
40362021856
40362028325
40362033696
40362042119
40362047795
40362053838
40362058904
40362066655
40362072759
40362078435
40362082707
40362091863
40362095464
40362103581
40362110173
40362116155
40362122868
40362127568
40362134648
40362140935
40362147160
40362153020
40362158879
40362164616
40362170476
40362176396
40362184392
40362189030
40362195561
40362202092
40362208012
40362212712
40362220402
40362225102
40362231999
40362238957
40362245976
40362250981
40362257023
40362263432
40362269841
40362275090
40362283146
40362286870
40362295231
40362298649
40362306889
40362313542
40362319706
40362326298
40362331181
40362337345
40362343144
40362349186
40362355046
40362361027
40362367924
40362373478
40362380436
40362385807
40362392277
40362397648
40362402714
40362409733
40362415287
40362421269
40362426884
40362434391
40362440373
40362445622
40362450810
40362458012
40362464176
40362471073
40362474918
40362482548
40362488773
40362494816
40362498905
40362505375
40362512821
40362519047
40362524113
40362530094
40362535770
40362541996
40362547733
40362553898
40362561039
40362567997
40362573978
40362578617
40362584415
40362590458
40362596561
40362601932
40362610172
40362615726
40362622745
40362628666
40362636234
40362643070
40362649295
40362655399
40362661869
40362668704
40362674991
40362681522
40362686466
40362692935
40362702396
40362707645
40362715762
40362720645
40362728214
40362733218
40362739871
40362745975
40362753116
40362759891
40362766422
40362772037
40362778201
40362783084
40362790286
40362797366
40362803653
40362810550
40362815250
40362821719
40362827640
40362833987
40362839602
40362847049
40362852664
40362859622
40362866824
40362872500
40362877932
40362883853
40362891604
40362896182
40362902591
40362908572
40362914859
40362919925
40362926394
40362932193
40362940005
40362946475
40362952700
40362960147
40362964663
40362971316
40362980166
40362986453
40362990115
40362997195
40363004336
40363010317
40363015566
40363021609
40363028811
40363035281
40363041201
40363046694
40363053225
40363058291
40363065005
40363072024
40363078188
40363084536
40363090456
40363097475
40363102541
40363108889
40363115908
40363123354
40363127138
40363134402
40363140200
40363146242
40363152651
40363158693
40363166689
40363171999
40363178286
40363184633
40363189699
40363196413
40363202334
40363207705
40363215151
40363222170
40363227785
40363233034
40363238771
40363245546
40363252504
40363258852
40363264589
40363272097
40363275514
40363283571
40363289369
40363295107
40363302858
40363307558
40363315248
40363320070
40363325929
40363330568
40363337953
40363344728
40363350710
40363357240
40363362917
40363369936
40363374879
40363381715
40363388795
40363395082
40363400514
40363407350
40363410890
40363419130
40363425416
40363431154
40363438966
40363443483
40363450136
40363456239
40363462892
40363468202
40363474000
40363479554
40363488221
40363491884
40363499757
40363503297
40363511171
40363519105
40363524232
40363532228
40363537416
40363544374
40363549989
40363555909
40363559693
40363567323
40363575074
40363581666
40363587159
40363593568
40363599610
40363605103
40363612184
40363618897
40363625123
40363631593
40363637635
40363642945
40363649537
40363656617
40363661866
40363669923
40363673646
40363681092
40363687379
40363693543
40363698792
40363704896
40363713135
40363718445
40363725709
40363731690
40363737427
40363742982
40363748963
40363755982
40363762757
40363767762
40363773865
40363780457
40363786377
40363793091
40363797730
40363805359
40363811463
40363817200
40363822510
40363828003
40363835327
40363840882
40363847779
40363851807
40363859497
40363866638
40363871216
40363878845
40363883362
40363890930
40363897522
40363902893
40363907776
40363915222
40363920166
40363926209
40363930115
40363938294
40363942688
40363950317
40363956787
40363962585
40363968872
40363975647
40363982910
40363988342
40363996033
40363999878
40364007080
40364012878
40364019165
40364027099
40364033874
40364039795
40364044555
40364051574
40364056274
40364062988
40364070862
40364077209
40364083191
40364089416
40364094421
40364100830
40364106323
40364112121
40364120788
40364124450
40364131897
40364137573
40364143493
40364150573
40364156616
40364164306
40364169860
40364175964
40364180908
40364187988
40364194030
40364200073
40364205200
40364213195
40364220825
40364226135
40364233032
40364238708
40364245910
40364252319
40364259093
40364265197
40364272521
40364279479
40364286132
40364293456
40364299682
40364306640
40364313842
40364320800
40364327025
40364335570
40364339293
40364348083
40364352172
40364360717
40364367675
40364373961
40364379271
40364385314
40364392211
40364398986
40364405211
40364409911
40364416991
40364423644
40364430419
40364435668
40364443602
40364449645
40364456176
40364462950
40364469725
40364475402
40364481932
40364488280
40364494811
40364501097
40364507994
40364513854
40364519408
40364528197
40364532286
40364540099
40364546568
40364552855
40364557005
40364565367
40364573180
40364580077
40364585631
40364592467
40364598265
40364603880
40364611204
40364616881
40364625181
40364629454
40364639097
40364644468
40364650816
40364657713
40364664000
40364670347
40364676756
40364683836
40364690245
40364696531
40364702757
40364709654
40364714293
40364722166
40364729124
40364736265
40364741026
40364748899
40364753721
40364761534
40364766294
40364773619
40364780393
40364786924
40364792417
40364798460
40364805479
40364811216
40364816038
40364823911
40364829343
40364836118
40364843015
40364849363
40364854673
40364861753
40364867002
40364873289
40364880186
40364887571
40364893980
40364899534
40364904844
40364912717
40364918821
40364925352
40364931577
40364938108
40364944211
40364950742
40364957151
40364963682
40364969785
40364976255
40364982663
40364989194
40364995908
40365000913
40365007993
40365014463
40365020993
40365027585
40365033628
40365040097
40365046140
40365052671
40365058713
40365065305
40365071408
40365078061
40365084104
40365090695
40365096921
40365103330
40365109372
40365116269
40365122250
40365127255
40365134946
40365140012
40365146787
40365153928
40365159116
40365165585
40365171811
40365178220
40365185483
40365192685
40365199338
40365204892
40365210934
40365217953
40365223813
40365230893
40365237362
40365242917
40365250546
40365256100
40365263791
40365270077
40365275815
40365281430
40365289914
40365294003
40365301876
40365308285
40365314328
40365319699
40365327694
40365334774
40365341000
40365344967
40365353451
40365360165
40365366635
40365373532
40365380001
40365385189
40365391842
40365398739
40365405026
40365412045
40365416805
40365423214
40365429806
40365437923
40365444210
40365450863
40365455685
40365463680
40365468502
40365476131
40365480953
40365488216
40365494930
40365500728
40365507748
40365514217
40365519100
40365526729
40365531734
40365539608
40365544674
40365551815
40365558834
40365565059
40365570675
40365577633
40365583370
40365590511
40365595882
40365603084
40365608760
40365616207
40365621944
40365629085
40365637325
40365643672
40365650203
40365656551
40365660457
40365668270
40365674922
40365681087
40365688533
40365694759
40365700557
40365706966
40365712825
40365719112
40365726497
40365732845
40365739864
40365746822
40365752925
40365759761
40365765010
40365771846
40365777644
40365784480
40365790584
40365797481
40365803401
40365810481
40365816340
40365823115
40365829585
40365837337
40365842891
40365850764
40365855769
40365863582
40365870173
40365876399
40365883052
40365886775
40365894587
40365902278
40365908625
40365913081
40365920039
40365926081
40365934443
40365939814
40365946284
40365953547
40365960261
40365965571
40365972346
40365979426
40365984370
40365991816
40365998347
40366005671
40366010676
40366018733
40366024287
40366030512
40366037348
40366043147
40366048396
40366055293
40366060175
40366067561
40366073115
40366079279
40366086542
40366093073
40366099421
40366105524
40366111994
40366116572
40366123163
40366129816
40366136774
40366142084
40366149042
40366153986
40366160944
40366166071
40366173151
40366178888
40366187067
40366191278
40366198908
40366205194
40366211054
40366214594
40366222101
40366230402
40366235102
40366242609
40366247187
40366253961
40366260370
40366266474
40366270990
40366279901
40366285394
40366292291
40366297479
40366303278
40366308222
40366315302
40366321344
40366329157
40366335443
40366341425
40366347284
40366353265
40366360162
40366366083
40366373224
40366377862
40366385248
40366391595
40366397699
40366402643
40366409112
40366413690
40366423395
40366428460
40366434625
40366439935
40366447625
40366453729
40366460077
40366466180
40366472650
40366478509
40366484613
40366489434
40366496881
40366501825
40366507867
40366516046
40366520745
40366527154
40366533807
40366540521
40366545587
40366551324
40366558099
40366564935
40366570306
40366577935
40366581658
40366589288
40366594964
40366601739
40366607964
40366614251
40366620232
40366626214
40366632073
40366638116
40366644158
40366650262
40366658440
40366663934
40366670647
40366675835
40366682305
40366687432
40366694695
40366701226
40366707513
40366714104
40366720025
40366724419
40366731438
40366737786
40366743706
40366751885
40366756829
40366763360
40366769768
40366775322
40366781853
40366788323
40366795464
40366801995
40366807732
40366813835
40366819268
40366828423
40366832573
40366841118
40366849297
40366855400
40366863030
40366868096
40366874565
40366880425
40366886711
40366893486
40366900261
40366905754
40366912041
40366919121
40366926384
40366931694
40366939751
40366943596
40366953545
40366960991
40366967705
40366973259
40366979790
40366985954
40366991875
40366999321
40367006706
40367013054
40367019707
40367024467
40367032097
40367037163
40367046806
40367052055
40367059990
40367066154
40367072441
40367077995
40367084343
40367091911
40367098625
40367104301
40367111137
40367116813
40367122306
40367130119
40367138786
40367145011
40367151420
40367156120
40367164482
40367169670
40367177055
40367182609
40367190727
40367194755
40367202751
40367209525
40367215812
40367222404
40367229667
40367235526
40367240958
40367248038
40367253959
40367260917
40367267142
40367273551
40367280387
40367287223
40367293143
40367299979
40367306083
40367311271
40367318961
40367326102
40367332328
40367338859
40367343558
40367351005
40367357901
40367363944
40367369559
40367376761
40367383231
40367389151
40367395560
40367401725
40367408194
40367415091
40367422477
40367427909
40367435538
40367442008
40367448172
40367454764
40367461051
40367468680
40367473746
40367481253
40367486319
40367494071
40367500296
40367506522
40367513602
40367519949
40367526358
40367532950
40367540152
40367544974
40367553091
40367559439
40367566031
40367572378
40367578665
40367584952
40367591604
40367597281
40367605887
40367612356
40367618216
40367624380
40367630911
40367637137
40367643911
40367651419
40367658072
40367663443
40367670706
40367677176
40367683340
40367689749
40367696157
40367702932
40367709707
40367715139
40367721914
40367727957
40367733084
40367740652
40367748587
40367754690
40367760732
40367766897
40367773550
40367780264
40367786245
40367791860
40367799246
40367807058
40367813284
40367819326
40367825308
40367831350
40367838308
40367846426
40367851614
40367858816
40367862539
40367870534
40367877553
40367883718
40367891592
40367896108
40367904592
40367909475
40367915822
40367923147
40367929311
40367935598
40367941701
40367947805
40367953969
40367960134
40367966726
40367972829
40367980153
40367985952
40367992543
40367998830
40368004689
40368011037
40368017446
40368024343
40368031850
40368037038
40368044057
40368049062
40368056264
40368062612
40368068776
40368075734
40368082082
40368088124
40368094960
40368100697
40368105946
40368113271
40368121449
40368127675
40368133534
40368139516
40368145985
40368152028
40368158864
40368164357
40368172475
40368177968
40368185048
40368191212
40368197499
40368204701
40368209279
40368218007
40368222706
40368230763
40368235829
40368243214
40368249440
40368255848
40368262684
40368268971
40368275196
40368281483
40368287770
40368294361
40368300343
40368306263
40368313954
40368321522
40368327565
40368332875
40368339222
40368345997
40368353077
40368361073
40368367481
40368373768
40368379444
40368385792
40368392079
40368398365
40368405567
40368412464
40368417591
40368425159
40368431141
40368437550
40368443592
40368450062
40368456287
40368462635
40368469349
40368476246
40368481434
40368489124
40368496570
40368502918
40368509388
40368515430
40368521473
40368527637
40368532947
40368541126
40368548816
40368553882
40368561329
40368565113
40368574512
40368581043
40368585987
40368594532
40368598987
40368605823
40368612354
40368618579
40368623584
40368631641
40368638416
40368645069
40368651905
40368658374
40368664356
40368671131
40368676502
40368683948
40368691760
40368695667
40368705554
40368711719
40368716419
40368723743
40368730823
40368736682
40368742297
40368749255
40368754565
40368761523
40368767749
40368774158
40368782336
40368787341
40368795459
40368800586
40368807361
40368812671
40368819751
40368826098
40368832446
40368839160
40368846972
40368852404
40368859179
40368864978
40368871814
40368878466
40368883838
40368890612
40368896960
40368902941
40368909655
40368915454
40368922656
40368929309
40368935351
40368940295
40368947741
40368952746
40368960131
40368968127
40368974047
40368980639
40368987109
40368992663
40368999255
40369006335
40369012988
40369020373
40369026720
40369033251
40369038317
40369044665
40369050280
40369056811
40369065539
40369070788
40369078173
40369081957
40369089220
40369095263
40369102465
40369111010
40369115954
40369123827
40369129015
40369136278
40369141588
40369147814
40369153673
40369161608
40369168261
40369174425
40369180712
40369187548
40369193590
40369200792
40369207018
40369212328
40369219591
40369226000
40369232225
40369238268
40369244554
40369253588
40369258714
40369265550
40369270799
40369277452
40369283251
40369289964
40369298265
40369303087
40369310045
40369316515
40369322557
40369329210
40369335741
40369341234
40369348009
40369354845
40369361314
40369366807
40369373155
40369380479
40369385301
40369394029
40369399400
40369406968
40369412401
40369420396
40369427171
40369433153
40369440599
40369447252
40369452745
40369459459
40369466417
40369473497
40369480088
40369487535
40369493821
40369500047
40369504930
40369512742
40369517930
40369524339
40369530015
40369537889
40369544175
40369551988
40369558335
40369563035
40369570481
40369577622
40369584214
40369589707
40369597337
40369603501
40369609666
40369616319
40369622422
40369629258
40369635789
40369642014
40369647324
40369655076
40369660874
40369666856
40369674485
40369680894
40369687241
40369693284
40369699692
40369706162
40369713242
40369718674
40369726670
40369733201
40369739731
40369745408
40369751877
40369758347
40369763291
40369772324
40369777634
40369785141
40369790573
40369798203
40369804367
40369810532
40369816941
40369823349
40369829697
40369836472
40369842636
40369848007
40369855576
40369862168
40369868759
40369874985
40369881455
40369887314
40369893601
40369900559
40369906296
40369913986
40369920090
40369926682
40369932907
40369939194
40369945541
40369951523
40369958786
40369964096
40369971725
40369977035
40369984054
40369990585
40369996628
40370004135
40370010177
40370016647
40370021347
40370029342
40370034225
40370040817
40370046188
40370053939
40370057724
40370066513
40370072677
40370078964
40370085556
40370092453
40370098800
40370105575
40370111862
40370117172
40370124618
40370130660
40370136764
40370143722
40370150558
40370157638
40370162765
40370169784
40370175887
40370182174
40370186630
40370195419
40370202682
40370207748
40370214339
40370221297
40370228500
40370232589
40370240035
40370246322
40370253158
40370260177
40370266036
40370271957
40370278792
40370286666
40370291915
40370299544
40370306075
40370312179
40370318587
40370324630
40370331527
40370337691
40370344161
40370350448
40370357711
40370363753
40370371321
40370378829
40370385115
40370391829
40370398909
40370406234
40370411544
40370418563
40370423995
40370430892
40370436446
40370443831
40370449080
40370457015
40370460799
40370469039
40370476424
40370483016
40370489058
40370495772
40370501692
40370507185
40370514388
40370519942
40370529280
40370535628
40370540511
40370547469
40370554610
40370560286
40370568098
40370574812
40370582075
40370588362
40370595686
40370602705
40370609846
40370615217
40370623457
40370627363
40370636335
40370640181
40370647749
40370654829
40370662153
40370668196
40370674604
40370680708
40370687239
40370694014
40370699690
40370706892
40370713728
40370719770
40370725630
40370731977
40370739973
40370744917
40370751814
40370757002
40370766462
40370773115
40370777937
40370785871
40370790632
40370798750
40370804182
40370811506
40370818098
40370824506
40370830915
40370836164
40370844099
40370849775
40370856977
40370862592
40370869611
40370875654
40370883466
40370888471
40370894758
40370902936
40370908307
40370914533
40370922040
40370926862
40370932050
40370939740
40370946943
40370953107
40370960614
40370965314
40370973310
40370978498
40370986066
40370993024
40370999372
40371005658
40371011884
40371017682
40371023969
40371031476
40371036847
40371044599
40371049848
40371057355
40371063947
40371070294
40371076703
40371081586
40371090375
40371097211
40371102765
40371110211
40371116559
40371122601
40371128705
40371135663
40371141827
40371148358
40371155194
40371160931
40371166302
40371173566
40371179181
40371187482
40371194440
40371200360
40371205975
40371212018
40371218854
40371225628
40371232953
40371239300
40371245709
40371251690
40371258038
40371265606
40371270245
40371279095
40371284344
40371291607
40371296917
40371304303
40371310772
40371316876
40371323651
40371330548
40371337383
40371342816
40371349652
40371355145
40371362042
40371370281
40371376507
40371382732
40371389507
40371395123
40371401897
40371407879
40371413433
40371420757
40371427471
40371433575
40371439678
40371445476
40371452190
40371458904
40371466411
40371471477
40371478557
40371484356
40371491070
40371497539
40371503582
40371511455
40371516277
40371524029
40371529278
40371536174
40371541668
40371549175
40371556987
40371563335
40371569927
40371576885
40371581829
40371588665
40371594585
40371600322
40371609966
40371616374
40371622661
40371628520
40371634746
40371640727
40371647930
40371653850
40371661723
40371667705
40371673992
40371680095
40371686076
40371692119
40371699077
40371705302
40371713115
40371718364
40371725261
40371731120
40371737651
40371744792
40371750712
40371758403
40371763042
40371769755
40371776530
40371783610
40371789287
40371796794
40371802653
40371810527
40371815776
40371821940
40371828654
40371836467
40371843913
40371849650
40371856059
40371862468
40371868754
40371874797
40371881022
40371889872
40371895304
40371903056
40371908671
40371915446
40371921549
40371927836
40371936259
40371940898
40371948466
40371955119
40371961039
40371966105
40371973368
40371981059
40371987284
40371994181
40371998698
40372005900
40372012370
40372018473
40372023905
40372033549
40372038004
40372046488
40372052409
40372057108
40372064921
40372071635
40372077799
40372082987
40372090311
40372096293
40372104227
40372109537
40372115763
40372123758
40372128519
40372136942
40372141947
40372148966
40372154459
40372160807
40372168192
40372174540
40372180948
40372187296
40372195047
40372200174
40372207071
40372212625
40372220438
40372227030
40372233255
40372239542
40372246256
40372252115
40372259195
40372265299
40372270792
40372278421
40372284647
40372290567
40372297281
40372303568
40372310648
40372317300
40372323465
40372328775
40372336832
40372340372
40372348550
40372357767
40372363809
40372370828
40372377969
40372384561
40372390054
40372399454
40372405496
40372411844
40372419656
40372426370
40372432596
40372437783
40372445169
40372450662
40372459939
40372466714
40372473184
40372477517
40372486184
40372491555
40372497964
40372504739
40372511331
40372517617
40372524941
40372531106
40372536965
40372543130
40372549600
40372555947
40372561929
40372568826
40372575601
40372581033
40372588052
40372595193
40372603310
40372609170
40372615517
40372621621
40372628396
40372635232
40372640969
40372647378
40372655190
40372661477
40372667763
40372673928
40372680276
40372687844
40372693642
40372701211
40372706521
40372711892
40372719765
40372726723
40372732949
40372739785
40372746499
40372753457
40372758644
40372765969
40372771889
40372777993
40372785073
40372791298
40372798439
40372804848
40372810524
40372816994
40372823830
40372829201
40372836769
40372843483
40372849709
40372856117
40372862099
40372868935
40372875343
40372883034
40372886879
40372894936
40372898476
40372907387
40372915077
40372922279
40372928322
40372933815
40372941688
40372945228
40372955238
40372960670
40372967079
40372974159
40372980690
40372986610
40372993263
40372999183
40373004555
40373011696
40373019996
40373026283
40373031349
40373037697
40373044899
40373050514
40373057472
40373063270
40373070961
40373078102
40373084571
40373090919
40373097877
40373104347
40373112037
40373118446
40373126075
40373133094
40373136878
40373144996
40373152015
40373158363
40373162086
40373170326
40373176917
40373183387
40373190223
40373196632
40373201637
40373207801
40373216712
40373221412
40373228919
40373233497
40373240638
40373245277
40373252540
40373257789
40373265418
40373271338
40373277503
40373283118
40373288978
40373294959
40373300757
40373305030
40373314734
40373321021
40373325477
40373331641
40373337439
40373343970
40373349707
40373355567
40373361792
40373368262
40373374610
40373380225
40373384558
40373392554
40373397071
40373405249
40373410498
40373416175
40373422461
40373428565
40373433447
40373440283
40373445410
40373453589
40373457312
40373465186
40373472449
40373478308
40373482886
40373488928
40373497046
40373501929
40373507971
40373513953
40373519629
40373525610
40373532324
40373539099
40373545080
40373550513
40373557104
40373562231
40373568884
40373573889
40373580969
40373586340
40373593420
40373599707
40373605627
40373611426
40373617346
40373623633
40373629431
40373637060
40373643103
40373649450
40373655920
40373661413
40373667761
40373673742
40373678076
40373686376
40373691503
40373697851
40373702734
40373709448
40373714269
40373721289
40373726476
40373735082
40373738806
40373746618
40373752355
40373758886
40373765417
40373771459
40373775243
40373783849
40373790258
40373796239
40373801061
40373807165
40373813329
40373819372
40373826940
40373833959
40373840612
40373845617
40373852270
40373857336
40373863927
40373869543
40373876684
40373882177
40373889257
40373894994
40373900853
40373906652
40373912633
40373916601
40373926244
40373932225
40373938085
40373943822
40373949804
40373955297
40373961034
40373969152
40373975743
40373982091
40373986608
40373993138
40373999608
40374005712
40374010289
40374018346
40374023778
40374030004
40374034947
40374042088
40374047093
40374054479
40374060643
40374066686
40374072850
40374078954
40374085484
40374091405
40374097264
40374103246
40374110387
40374116551
40374121922
40374127904
40374134312
40374140172
40374145726
40374151646
40374159093
40374165623
40374171727
40374176610
40374183384
40374188389
40374194371
40374201451
40374209019
40374215062
40374220433
40374226048
40374234410
40374238316
40374246373
40374253270
40374259800
40374265232
40374271641
40374277806
40374282994
40374290379
40374298130
40374304661
40374309971
40374317845
40374321507
40374330174
40374336460
40374341648
40374349156
40374354405
40374361973
40374367283
40374373325
40374379856
40374387486
40374394749
40374401096
40374406528
40374413609
40374419285
40374426670
40374432712
40374439976
40374446567
40374454563
40374460361
40374466831
40374471470
40374479893
40374485019
40374491245
40374498752
40374504978
40374510471
40374516758
40374524448
40374529148
40374536106
40374542392
40374549533
40374555820
40374561679
40374567966
40374574375
40374580539
40374587314
40374593540
40374600254
40374605075
40374613376
40374619235
40374626010
40374631198
40374639072
40374644626
40374652194
40374658603
40374665195
40374668979
40374677280
40374683566
40374690158
40374696872
40374703342
40374707675
40374714816
40374718600
40374727695
40374734653
40374741244
40374746432
40374752719
40374759433
40374765658
40374771274
40374778537
40374785373
40374790988
40374798861
40374804294
40374810519
40374818087
40374825656
40374830294
40374837558
40374845126
40374851535
40374857699
40374864108
40374869235
40374875399
40374882113
40374888217
40374895236
40374901583
40374907870
40374914157
40374919589
40374925875
40374932894
40374939059
40374944918
40374950778
40374957613
40374962252
40374969637
40374977084
40374984225
40374990084
40374996249
40375003024
40375010897
40375014681
40375022921
40375028353
40375036288
40375042391
40375049898
40375055880
40375062533
40375068941
40375075472
40375082796
40375089510
40375096346
40375101290
40375109041
40375116060
40375122347
40375127352
40375134737
40375142305
40375147860
40375153536
40375160555
40375165743
40375173494
40375180391
40375186434
40375193209
40375199861
40375206636
40375211946
40375217989
40375223299
40375231539
40375239290
40375245332
40375251985
40375258821
40375264864
40375270235
40375277559
40375283357
40375290804
40375297212
40375303438
40375309724
40375315889
40375322359
40375329317
40375336519
40375341585
40375349397
40375355562
40375361909
40375368074
40375374360
40375380708
40375387727
40375394136
40375401155
40375407258
40375412446
40375419954
40375427522
40375434114
40375440767
40375447725
40375454438
40375459932
40375467012
40375473725
40375480134
40375487825
40375492341
40375499238
40375506135
40375514436
40375520844
40375527192
40375533845
40375540070
40375547089
40375554047
40375559480
40375565034
40375572968
40375579072
40375585664
40375590363
40375597382
40375604584
40375611603
40375618623
40375624055
40375631623
40375635407
40375643281
40375649628
40375655549
40375663422
40375670136
40375675995
40375680817
40375687714
40375692841
40375700898
40375709015
40375715180
40375720734
40375727387
40375733735
40375740143
40375746308
40375751801
40375759858
40375763520
40375771576
40375778412
40375784455
40375790680
40375797821
40375804657
40375810028
40375817536
40375823456
40375829559
40375836517
40375841095
40375849335
40375856232
40375862579
40375867889
40375874725
40375882111
40375888092
40375894562
40375900787
40375908661
40375913849
40375921234
40375926300
40375933624
40375937652
40375947357
40375954559
40375959137
40375965484
40375971649
40375979095
40375984588
40375991607
40375996856
40376004364
40376011932
40376018158
40376024505
40376029144
40376038116
40376043548
40376050262
40376055633
40376062469
40376069610
40376075836
40376082916
40376090118
40376097930
40376103179
40376109405
40376116668
40376122161
40376130035
40376136016
40376142242
40376148345
40376154388
40376161041
40376167632
40376173370
40376181548
40376186858
40376194366
40376200835
40376207061
40376214812
40376219512
40376228240
40376233672
40376240020
40376247283
40376253570
40376261443
40376267425
40376275725
40376282439
40376289458
40376293120
40376301543
40376307402
40376313811
40376320769
40376327300
40376333953
40376340606
40376346892
40376352141
40376360137
40376364165
40376373687
40376380278
40376384978
40376392302
40376399260
40376404387
40376410063
40376417449
40376425200
40376431243
40376437590
40376443877
40376450224
40376457060
40376463347
40376468901
40376476286
40376483244
40376489165
40376495268
40376501006
40376508330
40376515105
40376521574
40376526579
40376533659
40376538664
40376545988
40376554167
40376560148
40376566496
40376573088
40376579069
40376584257
40376591581
40376597258
40376605497
40376611296
40376619230
40376624418
40376630644
40376636869
40376643949
40376651152
40376657194
40376663237
40376669462
40376675749
40376681608
40376687895
40376696684
40376703825
40376710539
40376716520
40376723051
40376729215
40376735319
40376741789
40376748930
40376755277
40376762357
40376769315
40376775602
40376782194
40376786893
40376795499
40376803373
40376809843
40376815519
40376821867
40376825651
40376834012
40376841093
40376847318
40376853605
40376859891
40376866422
40376872953
40376879667
40376884610
40376892179
40376898710
40376905362
40376910245
40376916715
40376923246
40376930509
40376937162
40376942838
40376949491
40376955655
40376962247
40376968534
40376975553
40376981473
40376988492
40376993985
40377001065
40377007291
40377012235
40377018704
40377025784
40377031705
40377036649
40377045316
40377050992
40377056668
40377063687
40377069669
40377076627
40377083218
40377088712
40377096402
40377101956
40377109647
40377114957
40377121609
40377126919
40377134427
40377139737
40377147488
40377152798
40377161038
40377166409
40377173001
40377178372
40377185574
40377190945
40377199063
40377205105
40377210537
40377216031
40377223843
40377229397
40377237088
40377243496
40377249966
40377256314
40377262905
40377266873
40377274746
40377281094
40377287380
40377295986
40377300808
40377307583
40377314114
40377321011
40377327358
40377334683
40377341030
40377347317
40377353603
40377360439
40377366787
40377371914
40377378262
40377384609
40377390957
40377398586
40377404934
40377410488
40377416897
40377423000
40377429531
40377435757
40377442348
40377449367
40377455898
40377462002
40377468471
40377474392
40377480678
40377486782
40377493862
40377499538
40377506618
40377513027
40377518093
40377525173
40377532436
40377537319
40377543911
40377550136
40377557155
40377563930
40377568813
40377575649
40377582668
40377589870
40377595485
40377601528
40377608608
40377614528
40377621608
40377627529
40377634303
40377640163
40377647182
40377653529
40377660487
40377666713
40377672023
40377678981
40377685756
40377691554
40377698573
40377705348
40377710658
40377718227
40377723537
40377729701
40377735316
40377743678
40377749232
40377756679
40377763026
40377769984
40377776149
40377782557
40377788966
40377795558
40377801722
40377808253
40377812220
40377820094
40377827601
40377833949
40377839930
40377846278
40377850734
40377859523
40377863429
40377872218
40377879359
40377885646
40377891261
40377897547
40377905787
40377910426
40377918482
40377923243
40377931239
40377936060
40377943629
40377948512
40377957301
40377962305
40377969813
40377974757
40377982569
40377987513
40377993922
40378000574
40378008631
40378014307
40378022181
40378027857
40378034632
40378040247
40378047754
40378053431
40378060633
40378066248
40378073389
40378078943
40378086023
40378091700
40378097986
40378105494
40378111231
40378116785
40378124353
40378129969
40378136805
40378142237
40378150049
40378155542
40378163111
40378168604
40378176294
40378182642
40378189417
40378193262
40378200952
40378206507
40378214746
40378218530
40378226770
40378232080
40378240076
40378243921
40378252283
40378257654
40378265955
40378272241
40378278955
40378285181
40378291894
40378298303
40378304956
40378311365
40378318201
40378325098
40378330224
40378336816
40378343347
40378350183
40378356775
40378363733
40378368860
40378375940
40378383081
40378389123
40378394006
40378402368
40378407434
40378413964
40378420984
40378427087
40378433923
40378439782
40378446862
40378452722
40378459741
40378467187
40378472680
40378479028
40378485925
40378491784
40378498681
40378504785
40378510156
40378517602
40378522973
40378529565
40378536340
40378542138
40378548974
40378555871
40378561242
40378568444
40378573998
40378580224
40378585778
40378592675
40378598229
40378606225
40378611596
40378618493
40378624047
40378630883
40378636498
40378644005
40378649438
40378656396
40378662255
40378670006
40378675683
40378681969
40378687645
40378694664
40378700219
40378707604
40378713280
40378721154
40378727929
40378734398
40378741173
40378747582
40378751488
40378761742
40378770104
40378774864
40378782860
40378787499
40378794762
40378801659
40378808800
40378814232
40378821800
40378826500
40378833946
40378840477
40378847130
40378852318
40378859459
40378864708
40378870995
40378877769
40378883507
40378890770
40378896263
40378901756
40378908470
40378917015
40378922996
40378928490
40378935753
40378941612
40378947655
40378951195
40378958275
40378963707
40378971214
40378977684
40378983543
40378987755
40378994285
40379000755
40379006736
40379014732
40379020958
40379027061
40379031517
40379038841
40379043296
40379050621
40379054954
40379063194
40379067893
40379075645
40379080039
40379086326
40379093162
40379098899
40379103538
40379112510
40379117637
40379124107
40379128990
40379135398
40379140281
40379148154
40379153220
40379160056
40379165916
40379171348
40379178367
40379182944
40379189902
40379196128
40379200095
40379209251
40379214072
40379220115
40379226096
40379232078
40379238059
40379244102
40379250327
40379256736
40379262839
40379268882
40379273887
40379279868
40379286582
40379292563
40379299582
40379304221
40379310813
40379317038
40379321860
40379329001
40379334616
40379341330
40379348166
40379353659
40379360739
40379366416
40379371359
40379376181
40379383933
40379388083
40379396933
40379400717
40379408774
40379412253
40379420310
40379426718
40379432822
40379436972
40379445822
40379451559
40379457602
40379463889
40379469931
40379475180
40379481039
40379488180
40379492941
40379499838
40379504538
40379511252
40379517416
40379523398
40379530356
40379537314
40379542746
40379548849
40379555319
40379560629
40379565939
40379572836
40379578695
40379584982
40379590658
40379597433
40379602560
40379609152
40379614218
40379621725
40379625753
40379635214
40379641622
40379646200
40379653585
40379658102
40379663961
40379669882
40379677938
40379684103
40379689901
40379695638
40379702413
40379706869
40379713217
40379719076
40379725485
40379732015
40379738058
40379742635
40379750143
40379755209
40379761434
40379766012
40379773519
40379779989
40379785726
40379792318
40379797811
40379802450
40379809896
40379815328
40379822164
40379827596
40379834310
40379839498
40379846883
40379850423
40379858236
40379863485
40379871053
40379874837
40379882711
40379886373
40379894246
40379900411
40379906148
40379910054
40379917562
40379921163
40379929341
40379935262
40379941365
40379944783
40379952901
40379956624
40379965413
40379969625
40379976705
40379980184
40379987935
40379993855
40379999898
40380006612
40380012959
40380018025
40380024068
40380029439
40380035359
40380041097
40380047810
40380055440
40380060201
40380066060
40380072591
40380077718
40380084248
40380090108
40380094685
40380102620
40380107991
40380114461
40380121174
40380127461
40380132649
40380138264
40380145100
40380151936
40380157918
40380163838
40380168904
40380175984
40380181721
40380188130
40380193928
40380202961
40380208516
40380214436
40380218769
40380226216
40380232685
40380238789
40380244953
40380251179
40380258137
40380262715
40380268818
40380274983
40380281025
40380287861
40380295674
40380300739
40380308186
40380313130
40380319965
40380324970
40380330708
40380335468
40380343952
40380349873
40380355610
40380360859
40380367939
40380373798
40380378681
40380384235
40380393207
40380397114
40380405231
40380410969
40380416828
40380421223
40380427814
40380435016
40380440998
40380447407
40380453327
40380458759
40380464557
40380470844
40380476886
40380484333
40380489338
40380496235
40380501239
40380507404
40380513691
40380519123
40380526569
40380532245
40380537189
40380544818
40380549640
40380556415
40380561359
40380566974
40380572284
40380581134
40380584857
40380592548
40380599323
40380605548
40380609027
40380617450
40380621661
40380630634
40380637164
40380643512
40380648822
40380655048
40380661273
40380667743
40380674274
40380679156
40380685931
40380692462
40380697223
40380703570
40380709674
40380714252
40380722308
40380729205
40380734515
40380741107
40380746661
40380751727
40380758807
40380764300
40380771258
40380776629
40380783892
40380790057
40380795916
40380799578
40380806842
40380813311
40380819781
40380826251
40380832110
40380837970
40380843890
40380849749
40380855731
40380863055
40380869158
40380875384
40380879840
40380886920
40380891497
40380898516
40380903155
40380911028
40380918047
40380923480
40380932513
40380937823
40380943072
40380949664
40380955218
40380963824
40380967608
40380975909
40380982683
40380988970
40380994585
40381000811
40381007952
40381012957
40381019121
40381025225
40381030901
40381036883
40381042681
40381048662
40381057207
40381062578
40381068438
40381074907
40381080462
40381085466
40381092180
40381097429
40381105120
40381110552
40381116960
40381122148
40381129839
40381133318
40381141008
40381146990
40381153520
40381160173
40381166155
40381172136
40381178179
40381183855
40381189897
40381196855
40381201616
40381208330
40381214128
40381219682
40381225664
40381231340
40381237566
40381243852
40381250749
40381257219
40381262407
40381268999
40381274248
40381279863
40381286821
40381293962
40381300188
40381305070
40381310014
40381316423
40381321367
40381328264
40381333574
40381340165
40381345537
40381352983
40381356401
40381364885
40381368242
40381376298
40381384050
40381390397
40381396928
40381402848
40381409074
40381414994
40381421037
40381425798
40381433610
40381438615
40381446183
40381450761
40381456681
40381462785
40381468278
40381474626
40381481706
40381488725
40381494767
40381499833
40381506120
40381512834
40381518327
40381525346
40381532243
40381538712
40381543168
40381548356
40381555436
40381560502
40381567582
40381575028
40381581315
40381588395
40381592850
40381599808
40381605668
40381610673
40381616532
40381624283
40381630387
40381635697
40381641617
40381647782
40381653702
40381660172
40381664689
40381672623
40381679398
40381685196
40381690567
40381696305
40381702774
40381708695
40381714066
40381721695
40381727066
40381733963
40381739090
40381745743
40381750931
40381757950
40381763382
40381770767
40381774857
40381782852
40381786453
40381794510
40381800736
40381806595
40381813980
40381820084
40381825882
40381831680
40381837601
40381843399
40381850296
40381854752
40381863113
40381868301
40381874344
40381880630
40381886368
40381892532
40381897598
40381904190
40381911331
40381916519
40381922622
40381927505
40381934646
40381939468
40381945938
40381951065
40381959243
40381965530
40381971817
40381977737
40381983474
40381987747
40381994156
40382001236
40382007522
40382013992
40382020034
40382025711
40382031753
40382037551
40382043533
40382050186
40382056899
40382062149
40382068435
40382073806
40382080215
40382085830
40382092300
40382097854
40382105361
40382111099
40382116103
40382123184
40382128249
40382134231
40382139541
40382147720
40382153152
40382160903
40382164443
40382171401
40382176284
40382184096
40382187697
40382196975
40382202590
40382208633
40382214858
40382220901
40382226943
40382231643
40382239333
40382245681
40382251784
40382257705
40382263076
40382269057
40382275466
40382281630
40382289504
40382294936
40382301223
40382307814
40382313552
40382318679
40382325026
40382331679
40382338759
40382344680
40382349929
40382354872
40382362258
40382366957
40382374159
40382381423
40382387892
40382391554
40382399367
40382405715
40382411879
40382415968
40382422865
40382429640
40382436537
40382442885
40382449171
40382454420
40382460707
40382467238
40382471876
40382480727
40382485792
40382492445
40382499342
40382503981
40382510695
40382516249
40382523085
40382529127
40382534376
40382540297
40382546705
40382552321
40382558790
40382564589
40382570021
40382578566
40382582411
40382590345
40382593885
40382601942
40382607679
40382613783
40382617445
40382625013
40382629835
40382637648
40382640943
40382649366
40382655042
40382661329
40382665418
40382672865
40382678480
40382684461
40382690077
40382696424
40382699903
40382708143
40382714735
40382720655
40382726942
40382731519
40382738233
40382744337
40382747938
40382755567
40382762220
40382767957
40382773511
40382779371
40382785596
40382791456
40382796644
40382802381
40382809461
40382815137
40382821668
40382827344
40382833570
40382837842
40382845044
40382849622
40382856275
40382862256
40382868848
40382873365
40382880445
40382886304
40382892530
40382901014
40382913709
40382923902
40382929700
40382936780
40382942700
40382948682
40382954602
40382962354
40382967053
40382974133
40382978589
40382985730
40382992078
40382997815
40383003003
40383011609
40383017835
40383024609
40383028149
40383036267
40383042249
40383048352
40383055920
40383062268
40383068249
40383074780
40383082837
40383088330
40383096326
40383102551
40383109204
40383116528
40383123181
40383127698
40383134961
40383142102
40383148572
40383154919
40383161511
40383167370
40383173901
40383180493
40383186963
40383193310
40383199780
40383206921
40383211682
40383219555
40383226635
40383232800
40383237622
40383245922
40383251477
40383258068
40383263561
40383271069
40383276318
40383283581
40383288769
40383297070
40383302258
40383310070
40383313671
40383322765
40383330090
40383336620
40383341930
40383348461
40383356579
40383362926
40383368420
40383374523
40383380382
40383386425
40383391918
40383398083
40383406444
40383411693
40383417736
40383422863
40383429943
40383435192
40383441784
40383447582
40383455883
40383459667
40383467113
40383473888
40383479747
40383486156
40383492015
40383498790
40383504894
40383511486
40383516063
40383523265
40383529735
40383535717
40383540111
40383549083
40383554576
40383561595
40383566600
40383574108
40383580211
40383586131
40383590038
40383599254
40383604564
40383610606
40383616954
40383622874
40383628917
40383634959
40383641734
40383648387
40383654002
40383660472
40383666270
40383671336
40383678416
40383684032
40383692149
40383698253
40383705394
40383711192
40383717235
40383721446
40383728648
40383735606
40383742198
40383748912
40383753550
40383759898
40383766002
40383772593
40383779673
40383786387
40383791819
40383799632
40383805369
40383810496
40383815501
40383823313
40383827098
40383835704
40383842600
40383848521
40383853831
40383859751
40383866282
40383872141
40383879221
40383886118
40383891856
40383898264
40383904002
40383910410
40383915659
40383922434
40383929087
40383935130
40383941843
40383945383
40383953318
40383956919
40383964304
40383971567
40383978037
40383984568
40383990793
40383996104
40384002085
40384008555
40384015635
40384021555
40384028452
40384034067
40384039194
40384046396
40384051584
40384057505
40384062876
40384070383
40384077646
40384083445
40384087839
40384094492
40384101511
40384107309
40384114817
40384121775
40384127512
40384133921
40384139536
40384146677
40384151682
40384158212
40384165598
40384169504
40384176950
40384181894
40384189340
40384192697
40384200998
40384208994
40384215402
40384221994
40384226572
40384232797
40384238901
40384245493
40384251657
40384260324
40384265573
40384272043
40384276926
40384284311
40384289865
40384295968
40384302316
40384308725
40384314706
40384321725
40384325387
40384333322
40384339608
40384345712
40384353402
40384360116
40384366037
40384370736
40384378000
40384382638
40384389474
40384396493
40384404000
40384409616
40384416085
40384421945
40384426889
40384432015
40384439462
40384446298
40384453927
40384460580
40384466439
40384471444
40384477303
40384483956
40384489877
40384496285
40384503060
40384509042
40384515206
40384520760
40384527169
40384533150
40384538338
40384545480
40384550851
40384558602
40384562081
40384569955
40384575631
40384581673
40384589425
40384595467
40384601327
40384606026
40384613350
40384618172
40384626046
40384630623
40384638192
40384645638
40384650765
40384655831
40384663216
40384668099
40384675423
40384679207
40384688790
40384694405
40384700508
40384706612
40384712715
40384718331
40384724495
40384730782
40384737862
40384743843
40384748421
40384755867
40384760994
40384767708
40384773140
40384781624
40384785652
40384792793
40384798592
40384804878
40384811104
40384817024
40384825142
40384829597
40384836800
