40741137767
40741144542
40741150096
40741156200
40741160839
40741167858
40741172191
40741177806
40741185314
40741190257
40741196422
40741203563
40741208812
40741215465
40741222667
40741227672
40741236034
40741244029
40741249461
40741257091
40741263622
40741270396
40741278026
40741282909
40741290843
40741298717
40741303966
40741311229
40741318797
40741325145
40741331615
40741338450
40741344310
40741351207
40741359996
40741364818
40741372630
40741380259
40741385692
40741393504
40741398326
40741406688
40741411876
40741419627
40741424937
40741432627
40741440135
40741445689
40741452403
40741459178
40741467356
40741473948
40741480174
40741486338
40741495493
40741501902
40741509776
40741514903
40741523081
40741530467
40741537608
40741546092
40741553233
40741559885
40741566355
40741574900
40741581126
40741589487
40741595896
40741603709
40741610911
40741616282
40741624338
40741631846
40741638498
40741646433
40741652964
40741661142
40741667307
40741674265
40741682322
40741688791
40741696787
40741704844
40741710093
40741718088
40741725473
40741732370
40741738413
40741746775
40741753244
40741761728
40741768076
40741775949
40741782297
40741788767
40741795725
40741803476
40741811411
40741816843
40741824594
40741831552
40741839426
40741845529
40741853647
40741859323
40741867075
40741875253
40741882577
40741890573
40741895822
40741903268
40741911264
40741918100
40741925607
40741932382
40741940561
40741947336
40741955148
40741962838
40741968149
40741976083
40741983285
40741991891
40741999521
40742005990
40742013314
40742021188
40742028817
40742036813
40742044259
40742054696
40742060433
40742066842
40742074655
40742081735
40742089486
40742096078
40742102792
40742109994
40742119027
40742126351
40742133553
40742141732
40742149667
40742157845
40742167489
40742174813
40742182442
40742190743
40742199593
40742207162
40742216134
40742223763
40742230477
40742240975
40742249032
40742256600
40742265511
40742272835
40742280465
40742289681
40742298165
40742305672
40742313240
40742322640
40742329171
40742336373
40742345162
40742354927
40742361763
40742371407
40742381172
40742388008
40742396309
40742406075
40742414375
40742423836
40742430122
40742438728
40742447884
40742458321
40742465034
40742475410
40742484932
40742492073
40742502144
40742509346
40742519234
40742526558
40742535164
40742545418
40742551521
40742561836
40742571785
40742578315
40742588264
40742595222
40742604072
40742612068
40742620979
40742631050
40742641365
40742648139
40742657905
40742664863
40742674079
40742683113
40742691963
40742698860
40742708076
40742715034
40742725837
40742733161
40742742927
40742752509
40742757636
40742767768
40742775458
40742783454
40742793037
40742802131
40742810859
40742817817
40742827094
40742833686
40742844367
40742851386
40742861335
40742871222
40742877692
40742887275
40742895881
40742903083
40742912848
40742922309
40742931098
40742938666
40742947272
40742952094
40742962714
40742972907
40742982184
40742989935
40742998358
40743006842
40743015265
40743023139
40743031867
40743038886
40743048407
40743057745
40743063971
40743070990
40743081427
40743090521
40743099615
40743106756
40743117010
40743124273
40743134710
40743141363
40743150702
40743157843
40743168341
40743175543
40743185492
40743193060
40743201727
40743211981
40743218634
40743228155
40743234625
40743244696
40743255133
40743262213
40743272589
40743281866
40743289373
40743296880
40743304693
40743311407
40743317693
40743325506
40743333440
40743339788
40743346929
40743354681
40743363164
40743372503
40743380193
40743388006
40743395391
40743403326
40743410528
40743418889
40743427129
40743436101
40743443792
40743451787
40743459539
40743468572
40743476629
40743484258
40743493230
40743501714
40743510747
40743519048
40743526250
40743534795
40743541265
40743548406
40743557927
40743565129
40743574162
40743581609
40743586980
40743595403
40743600835
40743607915
40743613347
40743621770
40743627080
40743635503
40743639226
40743648076
40743653630
40743661809
40743670598
40743678227
40743684209
40743691167
40743699345
40743706731
40743712956
40743722783
40743727727
40743738408
40743745854
40743752812
40743759404
40743767704
40743772709
40743781376
40743786137
40743793278
40743799137
40743804325
40743810917
40743817753
40743822697
40743830021
40743835881
40743842594
40743849552
40743853947
40743861271
40743867619
40743874516
40743881230
40743887150
40743892338
40743899601
40743905033
40743910648
40743916386
40743924137
40743929630
40743937016
40743941654
40743949345
40743954899
40743961491
40743967960
40743974735
40743980534
40743987247
40743992802
40743999576
40744005985
40744010685
40744017948
40744024662
40744030765
40744035343
40744043094
40744048282
40744055668
40744061832
40744068424
40744074222
40744081485
40744086124
40744093387
40744099491
40744104923
40744110660
40744118045
40744123477
40744130191
40744136966
40744143009
40744147525
40744154178
40744160892
40744167545
40744173465
40744180362
40744186099
40744192508
40744198245
40744204044
40744212528
40744217349
40744224063
40744229800
40744237491
40744243167
40744248477
40744253604
40744261356
40744266788
40744273379
40744280643
40744286685
40744292178
40744298282
40744305972
40744312991
40744318851
40744324649
40744330386
40744336612
40744342288
40744348391
40744356143
40744361026
40744368289
40744374087
40744379397
40744384341
40744391604
40744396609
40744405154
40744410830
40744417422
40744423465
40744430239
40744436160
40744442324
40744449465
40744456545
40744462527
40744467349
40744474307
40744478945
40744486147
40744490725
40744498171
40744504702
40744510928
40744516482
40744523806
40744526614
40744535586
40744542178
40744547732
40744555056
40744560122
40744567202
40744572451
40744579043
40744584414
40744591250
40744596987
40744602846
40744609804
40744616396
40744622561
40744628786
40744633425
40744641420
40744648378
40744654421
40744660219
40744665896
40744672060
40744679201
40744684450
40744690981
40744698427
40744703981
40744709475
40744716738
40744722597
40744728029
40744735536
40744742678
40744748781
40744755068
40744760927
40744765322
40744771974
40744777956
40744784303
40744791689
40744797426
40744803102
40744808778
40744815553
40744821230
40744826662
40744835756
40744841859
40744848573
40744854066
40744859499
40744865968
40744872682
40744878053
40744885133
40744890810
40744897462
40744904054
40744910036
40744915712
40744921632
40744928224
40744935060
40744940919
40744945558
40744954225
40744959291
40744965028
40744971925
40744978944
40744984620
40744992128
40744997987
40745003358
40745010316
40745015687
40745022645
40745029603
40745035890
40745041688
40745047914
40745052247
40745059327
40745065370
40745073121
40745080079
40745085816
40745091981
40745097840
40745103700
40745109620
40745115662
40745123353
40745130067
40745135316
40745141358
40745148438
40745153199
40745159852
40745166810
40745171571
40745177918
40745184632
40745190919
40745198121
40745203797
40745208436
40745215149
40745222352
40745228455
40745235413
40745241272
40745246521
40745252320
40745258362
40745266236
40745272767
40745279419
40745285035
40745290406
40745297303
40745304505
40745310059
40745317200
40745330323
40745337219
40745342835
40745347656
40745354370
40745361450
40745367615
40745373963
40745380188
40745386597
40745392456
40745398743
40745405701
40745412659
40745417725
40745423950
40745429199
40745436218
40745441650
40745448242
40745456055
40745461365
40745468140
40745474426
40745479065
40745486389
40745493835
40745500427
40745505432
40745514404
40745521606
40745527771
40745531311
40745541687
40745548584
40745554321
40745560180
40745567505
40745574157
40745579773
40745585693
40745592712
40745598877
40745606079
40745612854
40745619262
40745624511
40745631591
40745636657
40745643920
40745651428
40745656433
40745663574
40745670593
40745676757
40745683166
40745689391
40745694213
40745701110
40745708251
40745714477
40745720886
40745726623
40745732787
40745738525
40745744689
40745752441
40745758117
40745763366
40745770202
40745775329
40745780578
40745786498
40745793517
40745799315
40745805297
40745811889
40745817077
40745823729
40745829589
40745836059
40745841979
40745849669
40745856017
40745860656
40745867553
40745872191
40745879638
40745884337
40745890197
40745897155
40745904174
40745910216
40745916136
40745922606
40745928527
40745933043
40745941161
40745947814
40745955443
40745959899
40745967040
40745971800
40745979186
40745984190
40745992308
40745998717
40746004027
40746009764
40746016478
40746022582
40746027953
40746033995
40746041685
40746047728
40746054503
40746059080
40746065794
40746071348
40746078062
40746086119
40746092467
40746098509
40746104796
40746110594
40746115782
40746122923
40746128294
40746134520
40746139830
40746147093
40746152220
40746159422
40746164244
40746171507
40746177061
40746184813
40746190428
40746197325
40746201658
40746208616
40746214476
40746221311
40746227171
40746234190
40746239073
40746246153
40746253477
40746257994
40746264829
40746271726
40746278257
40746284116
40746291746
40746297361
40746303281
40746309568
40746315488
40746320799
40746328489
40746332944
40746340330
40746346311
40746351560
40746357053
40746364316
40746370969
40746377317
40746383298
40746390012
40746395749
40746402524
40746407651
40746414487
40746421323
40746428403
40746434568
40746439084
40746446042
40746452085
40746457944
40746464170
40746470762
40746478330
40746484372
40746489927
40746495786
40746502011
40746507932
40746513730
40746520505
40746527158
40746533139
40746538755
40746546079
40746551145
40746556882
40746564511
40746570126
40746577207
40746582456
40746588254
40746595029
40746600766
40746607663
40746612363
40746619443
40746625424
40746632260
40746637387
40746644223
40746650754
40746655148
40746661374
40746668454
40746674557
40746680966
40746686581
40746691220
40746699154
40746704648
40746710934
40746718014
40746723996
40746729916
40746735775
40746738766
40746748044
40746753537
40746759762
40746767025
40746772274
40746778927
40746784115
40746789181
40746796566
40746801205
40746809079
40746816159
40746821408
40746827816
40746832943
40746839413
40746844662
40746850826
40746857845
40746864559
40746870663
40746875057
40746881832
40746888424
40746894528
40746899349
40746906368
40746913998
40746919369
40746925167
40746931210
40746937191
40746943294
40746950008
40746956112
40746962521
40746969112
40746974789
40746980282
40746987545
40746992611
40747000484
40747006038
40747012813
40747018245
40747024837
40747030208
40747036861
40747043941
40747050472
40747056514
40747061153
40747068782
40747073421
40747079525
40747085628
40747091732
40747098690
40747104915
40747111080
40747117061
40747124263
40747130123
40747136348
40747142757
40747148128
40747155391
40747160884
40747166622
40747171993
40747179256
40747184383
40747192317
40747198360
40747203731
40747209102
40747216426
40747222530
40747227840
40747232845
40747240657
40747245723
40747252498
40747258052
40747264766
40747270320
40747276973
40747282710
40747289668
40747296138
40747303096
40747308772
40747314998
40747320857
40747325496
40747332026
40747338679
40747345027
40747352229
40747358210
40747364009
40747369929
40747375361
40747383601
40747390071
40747395198
40747401423
40747406489
40747411982
40747419306
40747425105
40747432368
40747438349
40747443843
40747449885
40747456599
40747460932
40747467829
40747474421
40747482050
40747486933
40747493586
40747499629
40747505610
40747511652
40747516169
40747522639
40747529963
40747536616
40747541315
40747548090
40747554682
40747560480
40747565119
40747572443
40747579096
40747585383
40747589716
40747598322
40747604426
40747610102
40747612971
40747622980
40747628595
40747635859
40747642084
40747647333
40747653498
40747660456
40747665216
40747672419
40747677729
40747684687
40747691400
40747695978
40747702631
40747709467
40747714838
40747721918
40747728571
40747733209
40747739679
40747746393
40747752130
40747756891
40747763971
40747771295
40747777521
40747782404
40747788263
40747795648
40747801508
40747806879
40747815485
40747820917
40747826532
40747833002
40747839105
40747842096
40747851190
40747857721
40747863458
40747869012
40747876214
40747882257
40747888910
40747894769
40747899896
40747906305
40747914056
40747918939
40747925714
40747931024
40747937799
40747942376
40747949273
40747957208
40747963495
40747969598
40747973931
40747980951
40747987237
40747993035
40747999566
40748004388
40748012200
40748018182
40748023858
40748029595
40748035638
40748041436
40748048089
40748055718
40748062859
40748068353
40748073541
40748080804
40748085381
40748092522
40748096612
40748104363
40748109856
40748116509
40748122308
40748129021
40748134026
40748140984
40748146111
40748153985
40748159417
40748166314
40748172722
40748177361
40748185479
40748190117
40748196892
40748204156
40748210198
40748216301
40748222100
40748227959
40748233757
40748238457
40748246087
40748252861
40748258599
40748264092
40748269768
40748276055
40748281792
40748288140
40748294548
40748300469
40748306450
40748311577
40748318901
40748323784
40748330864
40748336174
40748343010
40748348808
40748356072
40748361015
40748368218
40748373589
40748380486
40748386589
40748393974
40748398979
40748405815
40748410454
40748417107
40748422050
40748428581
40748433403
40748440971
40748446770
40748453483
40748459465
40748465629
40748471306
40748477531
40748484672
40748491569
40748497612
40748503654
40748509575
40748515983
40748521965
40748528068
40748534355
40748540092
40748547416
40748552910
40748558586
40748564384
40748571525
40748576896
40748585685
40748591301
40748596733
40748602531
40748609428
40748615165
40748620536
40748627372
40748634086
40748639640
40748646415
40748650993
40748657768
40748664787
40748670890
40748675468
40748684318
40748690238
40748696647
40748702323
40748708732
40748714591
40748720756
40748725394
40748732474
40748738700
40748745170
40748750968
40748755729
40748762992
40748768058
40748775931
40748781241
40748786979
40748792289
40748799796
40748805594
40748811271
40748817374
40748825370
40748831656
40748838431
40748844046
40748849418
40748855826
40748861014
40748866507
40748873526
40748878775
40748885428
40748891288
40748898001
40748903311
40748910147
40748917349
40748924552
40748930594
40748936698
40748942801
40748947440
40748953909
40748960257
40748966544
40748973502
40748979605
40748985342
40748991141
40748997611
40749003348
40749010001
40749016592
40749022513
40749030264
40749036307
40749042166
40749049002
40749056143
40749062979
40749068045
40749075064
40749080069
40749088919
40749095083
40749101309
40749107779
40749114004
40749119558
40749127005
40749132681
40749140554
40749146658
40749152456
40749158438
40749165457
40749171682
40749177786
40749184011
40749190176
40749196035
40749202017
40749209585
40749215628
40749222341
40749227468
40749233999
40749239004
40749245779
40749249929
40749257070
40749264089
40749270559
40749277578
40749282766
40749288931
40749295339
40749301443
40749308340
40749315481
40749319997
40749326711
40749331716
40749338674
40749347585
40749356863
40749363454
40749368764
40749375905
40749381887
40749388723
40749395009
40749402273
40749409475
40749414357
40749420644
40749427541
40749433522
40749439931
40749448049
40749453481
40749460195
40749465383
40749472463
40749477773
40749484792
40749491445
40749498036
40749504689
40749510793
40749516713
40749523854
40749529897
40749535207
40749542409
40749548818
40749555592
40749561696
40749568288
40749574147
40749580983
40749589162
40749593861
40749600453
40749607472
40749613637
40749619069
40749625355
40749633534
40749639699
40749645009
40749651478
40749657521
40749663869
40749670949
40749677418
40749683522
40749689686
40749694386
40749701771
40749708607
40749715443
40749722523
40749729969
40749736012
40749742054
40749747975
40749752736
40749761097
40749767811
40749774342
40749780384
40749786061
40749792042
40749797657
40749804676
40749810475
40749816639
40749823353
40749829151
40749835682
40749841480
40749847889
40749853748
40749860340
40749867603
40749872913
40749879810
40749885609
40749890858
40749896595
40749905140
40749911671
40749916309
40749923450
40749929920
40749935902
40749942249
40749948353
40749953785
40749960743
40749966907
40749973926
40749979175
40749984791
40749992176
40749999073
40750006641
40750012806
40750018787
40750024097
40750031055
40750036548
40750042469
40750049732
40750056629
40750062244
40750068958
40750074207
40750081043
40750087574
40750093738
40750100757
40750107593
40750113513
40750119800
40750125720
40750130054
40750137378
40750143482
40750150440
40750155200
40750161853
40750169299
40750176074
40750181384
40750186633
40750194690
40750199817
40750206958
40750211963
40750218921
40750223437
40750231067
40750237170
40750243945
40750249988
40750254870
40750260242
40750267261
40750273913
40750280261
40750288440
40750293628
40750300891
40750307116
40750312732
40750320178
40750326342
40750333239
40750338122
40750344775
40750351367
40750357775
40750364611
40750369738
40750374865
40750382800
40750388049
40750394824
40750399890
40750406665
40750411608
40750418383
40750426257
40750431872
40750437670
40750443957
40750451403
40750457263
40750463671
40750469164
40750477648
40750483569
40750489672
40750495531
40750500597
40750508410
40750514696
40750522143
40750528612
40750533434
40750538805
40750545580
40750551745
40750558825
40750563708
40750570543
40750577013
40750583971
40750589525
40750596728
40750601854
40750608141
40750614916
40750622484
40750627794
40750633776
40750640490
40750646959
40750652025
40750659471
40750665392
40750672045
40750677233
40750684008
40750690660
40750696825
40750703112
40750709032
40750716295
40750721178
40750728502
40750734911
40750741991
40750749254
40750753893
40750760790
40750765367
40750773180
40750779588
40750785265
40750790880
40750799730
40750805223
40750812120
40750818407
40750824388
40750830003
40750836351
40750843858
40750850511
40750856431
40750861741
40750869127
40750873826
40750881029
40750887132
40750894334
40750901048
40750907090
40750913316
40750919786
40750924608
40750931749
40750938829
40750946336
40750951890
40750958238
40750964830
40750970628
40750977098
40750981919
40750990892
40750996995
40751003404
40751009141
40751015428
40751020982
40751025926
40751036118
40751041123
40751048570
40751054612
40751059129
40751066697
40751073106
40751080064
40751087693
40751093125
40751098435
40751105393
40751111130
40751117844
40751124680
40751132127
40751137803
40751143174
40751150132
40751155564
40751162034
40751167771
40751175217
40751182175
40751188645
40751195176
40751199692
40751206467
40751212388
40751220017
40751225449
40751231430
40751237351
40751244553
40751250473
40751256394
40751262375
40751269638
40751276535
40751283799
40751289353
40751294663
40751302292
40751307175
40751314743
40751321457
40751328476
40751332810
40751339584
40751345871
40751351914
40751359482
40751366440
40751372665
40751378952
40751384689
40751391586
40751396774
40751403000
40751410812
40751417099
40751423508
40751429062
40751433945
40751441940
40751448288
40751454697
40751460251
40751467453
40751473739
40751479049
40751484848
40751491562
40751497482
40751505111
40751511337
40751517624
40751523544
40751529831
40751535873
40751542099
40751549606
40751554977
40751562240
40751567977
40751573226
40751578659
40751587265
40751593429
40751600509
40751606735
40751611495
40751618698
40751624069
40751631027
40751635482
40751643478
40751650680
40751657150
40751663070
40751667465
40751675277
40751681319
40751688705
40751694320
40751701034
40751705306
40751712081
40751718795
40751726119
40751732345
40751738875
40751744857
40751750472
40751757796
40751763473
40751769942
40751776290
40751782210
40751789290
40751793746
40751802169
40751807357
40751812667
40751818953
40751826644
40751832198
40751838607
40751844588
40751852034
40751858443
40751864730
40751870711
40751877364
40751884444
40751890181
40751895552
40751900740
40751907759
40751914229
40751922225
40751929244
40751934004
40751941206
40751947676
40751953658
40751959761
40751967452
40751971846
40751978438
40751984053
40751991011
40751997542
40752003584
40752011641
40752017012
40752023054
40752028670
40752035994
40752041426
40752048262
40752055159
40752061812
40752067976
40752074263
40752080183
40752086592
40752092390
40752097456
40752105147
40752111555
40752118086
40752123091
40752129744
40752136213
40752142988
40752148787
40752155195
40752161299
40752168196
40752173567
40752180159
40752186994
40752191877
40752199079
40752206648
40752211897
40752218122
40752224165
40752230268
40752237409
40752244489
40752249372
40752256086
40752261152
40752267805
40752274580
40752280622
40752286481
40752292829
40752298994
40752304304
40752311506
40752316999
40752323591
40752331098
40752336713
40752344709
40752350080
40752356122
40752362043
40752368146
40752374494
40752382917
40752389081
40752395978
40752400068
40752406537
40752414655
40752421003
40752428388
40752434736
40752441022
40752446698
40752454267
40752460309
40752467206
40752472821
40752480085
40752486493
40752493085
40752499005
40752505536
40752511945
40752518659
40752526471
40752531598
40752538129
40752543683
40752550458
40752557660
40752562421
40752571149
40752576459
40752583417
40752588910
40752594342
40752601178
40752606549
40752612530
40752619366
40752626141
40752632367
40752638165
40752644696
40752651227
40752658063
40752665265
40752671856
40752677777
40752683636
40752688214
40752696026
40752702313
40752708966
40752716229
40752721417
40752727520
40752734295
40752739056
40752745892
40752753643
40752760479
40752766583
40752773236
40752778973
40752785076
40752790631
40752795391
40752803021
40752810040
40752815960
40752821942
40752828838
40752835247
40752841290
40752848309
40752855755
40752862774
40752868206
40752875042
40752881268
40752887310
40752892742
40752900860
40752906963
40752913006
40752918804
40752924724
40752931805
40752937664
40752945049
40752949810
40752956707
40752963238
40752969097
40752975445
40752981792
40752988567
40752995220
40753002178
40753007732
40753014507
40753020122
40753026714
40753031414
40753040264
40753046245
40753053081
40753058940
40753064189
40753071147
40753077190
40753084453
40753091350
40753095989
40753102519
40753108867
40753114421
40753120952
40753129314
40753135356
40753142192
40753146831
40753153545
40753159099
40753165508
40753174602
40753180827
40753186748
40753192241
40753199199
40753204875
40753211284
40753215739
40753224773
40753231120
40753237468
40753243205
40753249553
40753255534
40753270549
40753292216
40753312358
40753318827
40753325785
40753332072
40753338908
40753346110
40753351359
40753358378
40753364726
40753370646
40753377604
40753384318
40753391459
40753397990
40753405131
40753412516
40753419047
40753424723
40753431803
40753438517
40753444926
40753452982
40753457926
40753464335
40753470560
40753477091
40753483378
40753489848
40753495890
40753503214
40753507975
40753514017
40753520487
40753526774
40753532511
40753540690
40753546793
40753553141
40753559366
40753565043
40753570963
40753578104
40753584147
40753590311
40753595255
40753602396
40753608805
40753614237
40753620401
40753626017
40753631632
40753639078
40753644693
40753651834
40753658304
40753663309
40753669779
40753677347
40753684854
40753691263
40753695841
40753702799
40753708841
40753713907
40753720377
40753727762
40753733988
40753739542
40753745828
40753752115
40753758768
40753763956
40753771951
40753777750
40753784341
40753790384
40753798135
40753802652
40753810281
40753813638
40753822977
40753828958
40753837137
40753843606
40753849344
40753856424
40753862283
40753868020
40753875894
40753881692
40753889383
40753895120
40753902566
40753908670
40753914407
40753920633
40753927957
40753933145
40753940469
40753947549
40753953897
40753958779
40753965798
40753971047
40753978128
40753983926
40753991006
40753997232
40754004373
40754009683
40754016824
40754022317
40754029397
40754036721
40754041482
40754050759
40754055703
40754061868
40754068642
40754074868
40754081704
40754088418
40754095315
40754101479
40754106484
40754114236
40754121010
40754127236
40754132363
40754139443
40754146828
40754153115
40754159890
40754166115
40754171059
40754178078
40754184914
40754191384
40754197854
40754204140
40754208901
40754216408
40754223366
40754229714
40754234536
40754242104
40754249062
40754256203
40754264321
40754270119
40754276650
40754283242
40754289223
40754297402
40754303444
40754308998
40754314003
40754321694
40754327004
40754334755
40754340126
40754347817
40754354897
40754360024
40754366249
40754373268
40754379677
40754385658
40754390419
40754397804
40754405556
40754410255
40754416908
40754423378
40754429115
40754433754
40754443031
40754449867
40754455787
40754461281
40754467018
40754472816
40754480079
40754485267
40754491066
40754497047
40754504860
40754510597
40754517799
40754522560
40754529823
40754536415
40754543922
40754550453
40754555336
40754563148
40754568031
40754575660
40754582252
40754588722
40754594764
40754602455
40754608619
40754614601
40754622291
40754627906
40754633277
40754641029
40754647559
40754654456
40754660560
40754665260
40754672523
40754679115
40754685523
40754691077
40754698280
40754703284
40754710487
40754716712
40754722816
40754730445
40754736976
40754743018
40754749671
40754755591
40754761756
40754768104
40754773597
40754782020
40754788794
40754795508
40754800940
40754808143
40754814673
40754821814
40754828589
40754835669
40754841162
40754846839
40754853858
40754862525
40754868994
40754875647
40754881934
40754888465
40754895850
40754901343
40754907996
40754914160
40754919837
40754927161
40754933936
40754939002
40754946204
40754952612
40754959204
40754965552
40754972083
40754978064
40754985205
40754990393
40754997046
40755003332
40755010046
40755016699
40755023230
40755029394
40755034765
40755040564
40755046484
40755052466
40755059302
40755066565
40755072668
40755079443
40755086401
40755090918
40755098547
40755104712
40755111120
40755118567
40755123938
40755131079
40755136511
40755142248
40755148718
40755155981
40755163122
40755169042
40755175268
40755181372
40755187353
40755194799
40755200842
40755208959
40755215612
40755220739
40755227758
40755232519
40755240698
40755245947
40755253881
40755258520
40755265600
40755271703
40755276952
40755283239
40755290563
40755297033
40755303869
40755310216
40755316869
40755322545
40755328649
40755336095
40755341955
40755350194
40755356359
40755361059
40755368139
40755374730
40755380101
40755386327
40755392492
40755397680
40755405614
40755411901
40755418676
40755422643
40755429784
40755438512
40755445287
40755451329
40755456517
40755463536
40755468724
40755474706
40755481359
40755488927
40755493260
40755499852
40755505589
40755512242
40755518590
40755525121
40755531407
40755539403
40755545140
40755550328
40755557103
40755563268
40755568272
40755574315
40755581212
40755588170
40755594884
40755601170
40755606541
40755612218
40755619908
40755626805
40755633153
40755637913
40755644383
40755652562
40755658421
40755664769
40755670994
40755676915
40755683873
40755688572
40755695713
40755700169
40755706944
40755712986
40755720433
40755728306
40755733860
40755739659
40755744725
40755752842
40755759800
40755767735
40755773777
40755778294
40755784641
40755790623
40755796910
40755803684
40755809727
40755815647
40755822544
40755827793
40755834385
40755839329
40755846775
40755854099
40755860508
40755867283
40755873814
40755879490
40755884434
40755891392
40755896824
40755904880
40755910923
40755917698
40755923496
40755929539
40755935093
40755941135
40755947483
40755954685
40755960666
40755966221
40755973362
40755979343
40755985630
40755993259
40755998020
40756006076
40756012546
40756018467
40756023838
40756030307
40756035678
40756043308
40756048801
40756055454
40756060886
40756067661
40756073215
40756080600
40756086460
40756093112
40756099643
40756104526
40756112033
40756117343
40756124851
40756131137
40756137851
40756145847
40756151157
40756157016
40756163364
40756168979
40756174716
40756181247
40756186557
40756193759
40756200229
40756205356
40756211825
40756220004
40756227084
40756232760
40756239047
40756245822
40756251559
40756257358
40756264621
40756271274
40756277804
40756285190
40756289889
40756295932
40756302096
40756308871
40756314425
40756321261
40756328463
40756333956
40756339999
40756345370
40756350436
40756357272
40756365145
40756371737
40756377902
40756382846
40756390841
40756396456
40756402255
40756407748
40756416171
40756422152
40756427584
40756433138
40756440218
40756446383
40756453036
40756459200
40756466280
40756472201
40756478609
40756484530
40756489657
40756496737
40756503145
40756508700
40756515963
40756520968
40756526522
40756533297
40756540804
40756546847
40756552950
40756559115
40756564974
40756572115
40756579012
40756583956
40756590365
40756597506
40756603731
40756609407
40756616182
40756622164
40756629061
40756635103
40756642488
40756648165
40756653536
40756660311
40756665621
40756672273
40756676912
40756684236
40756692293
40756698152
40756704073
40756708772
40756715852
40756721101
40756727876
40756734651
40756740877
40756747652
40756755403
40756761140
40756766328
40756773531
40756778780
40756787508
40756793672
40756800325
40756805940
40756812715
40756818086
40756824068
40756830720
40756836824
40756842988
40756849580
40756855806
40756861421
40756868867
40756874177
40756883882
40756890046
40756895112
40756902620
40756908113
40756914827
40756920686
40756928559
40756935517
40756940339
40756947419
40756953523
40756959931
40756965913
40756972199
40756979157
40756984712
40756991181
40756996369
40757003083
40757009919
40757014069
40757021943
40757029084
40757035920
40757041962
40757047700
40757054292
40757059174
40757068208
40757073273
40757079865
40757084687
40757091462
40757097321
40757104340
40757110810
40757117219
40757124421
40757129914
40757136445
40757142121
40757149201
40757154816
40757162201
40757169709
40757174836
40757180634
40757187409
40757194001
40757198639
40757207245
40757212433
40757219208
40757224701
40757231476
40757237274
40757244294
40757250641
40757257294
40757263458
40757269379
40757275727
40757281037
40757288971
40757294220
40757302338
40757309906
40757314850
40757322052
40757328522
40757334259
40757340302
40757348724
40757354034
40757361237
40757366669
40757373260
40757378021
40757385895
40757392548
40757398590
40757405792
40757410553
40757418243
40757425079
40757431366
40757438751
40757445099
40757450897
40757458343
40757463958
40757470489
40757475616
40757482208
40757488983
40757495636
40757501556
40757507660
40757513397
40757520111
40757525665
40757531768
40757539398
40757544586
40757551361
40757555450
40757562286
40757569366
40757574554
40757582794
40757588348
40757595733
40757600311
40757607513
40757612640
40757617889
40757625030
40757631805
40757638702
40757643646
40757650603
40757656829
40757662810
40757667327
40757674956
40757681426
40757687286
40757693450
40757699126
40757705352
40757711272
40757716643
40757724273
40757729705
40757736663
40757742034
40757749114
40757755401
40757761687
40757769317
40757775908
40757782012
40757787017
40757794341
40757798919
40757804778
40757810637
40757819060
40757825042
40757831877
40757838835
40757844756
40757850371
40757856902
40757863616
40757870696
40757876860
40757895964
40757902861
40757909575
40757916228
40757922514
40757930205
40757935515
40757942778
40757949858
40757954558
40757963713
40757968474
40757975798
40757981352
40757987089
40757993132
40758000273
40758006193
40758013396
40758019255
40758025297
40758031340
40758037932
40758044218
40758050383
40758058073
40758063017
40758069731
40758074736
40758081450
40758087797
40758092985
40758100248
40758105009
40758114469
40758119596
40758126799
40758132292
40758139311
40758144926
40758151762
40758158048
40758165006
40758170744
40758176786
40758182401
40758187406
40758196012
40758202848
40758208097
40758214079
40758220976
40758225675
40758232206
40758238920
40758245451
40758252958
40758258024
40758265470
40758271390
40758278287
40758284208
40758291471
40758297208
40758301847
40758308195
40758314786
40758321256
40758327848
40758334623
40758339322
40758346708
40758353177
40758358426
40758365323
40758372648
40758378446
40758385587
40758392240
40758399076
40758404752
40758410978
40758416898
40758422086
40758430509
40758436551
40758441922
40758447232
40758454434
40758460477
40758467313
40758472318
40758479154
40758487149
40758491849
40758498258
40758504239
40758510220
40758516263
40758522611
40758528714
40758535916
40758541470
40758548001
40758553006
40758559842
40758567044
40758573697
40758579922
40758586148
40758591885
40758597867
40758603848
40758610318
40758617276
40758622830
40758629727
40758635342
40758642117
40758648587
40758653286
40758659451
40758667141
40758672940
40758677578
40758684292
40758691739
40758699063
40758704007
40758711697
40758718350
40758724087
40758730069
40758735928
40758741787
40758746609
40758755642
40758761868
40758768887
40758774319
40758780911
40758786160
40758792629
40758800259
40758806728
40758813076
40758818264
40758824184
40758830898
40758837063
40758842678
40758851467
40758856411
40758863552
40758870205
40758876308
40758882107
40758888027
40758894253
40758900539
40758907863
40758912441
40758919826
40758924648
40758931667
40758937526
40758944668
40758951137
40758955837
40758963649
40758968288
40758974514
40758981472
40758987880
40758994350
40758999721
40759004665
40759011867
40759017299
40759024196
40759030239
40759036220
40759043483
40759049770
40759055812
40759062587
40759068508
40759073818
40759082240
40759089198
40759094753
40759102138
40759107997
40759113979
40759119350
40759125880
40759133754
40759140102
40759146266
40759151881
40759157497
40759164943
40759170131
40759178737
40759184047
40759190822
40759196803
40759203090
40759208705
40759215602
40759222011
40759227443
40759234584
40759240138
40759246852
40759252528
40759259303
40759263942
40759271815
40759278712
40759285426
40759292018
40759297633
40759305262
40759310511
40759317897
40759324549
40759331568
40759335841
40759342860
40759349330
40759355433
40759361842
40759371119
40759377223
40759383143
40759389796
40759395167
40759401576
40759409083
40759415614
40759421473
40759427210
40759433070
40759438624
40759446131
40759452784
40759459559
40759465662
40759471949
40759477625
40759484278
40759490137
40759496668
40759503077
40759508387
40759515589
40759520899
40759527857
40759534144
40759539637
40759545130
40759552271
40759558924
40759565394
40759571375
40759577601
40759583582
40759589014
40759597376
40759603723
40759608911
40759615564
40759621180
40759628992
40759633692
40759640955
40759648462
40759654260
40759659693
40759665430
40759672144
40759678064
40759683374
40759692590
40759698328
40759705103
40759711572
40759716821
40759723047
40759729822
40759738062
40759743921
40759749902
40759757288
40759762598
40759769739
40759774866
40759780725
40759789697
40759795618
40759800439
40759807764
40759812646
40759818872
40759825464
40759834375
40759840112
40759846582
40759852441
40759859582
40759865625
40759872094
40759878320
40759885705
40759891809
40759896936
40759904199
40759908776
40759915856
40759921411
40759928613
40759934777
40759941186
40759947045
40759954003
40759959985
40759965417
40759973107
40759979089
40759984521
40759991601
40759996972
40760003198
40760010522
40760017663
40760022607
40760030480
40760035729
40760041833
40760048669
40760055260
40760060143
40760067834
40760074609
40760080285
40760086144
40760092858
40760098107
40760104943
40760113061
40760121911
40760130272
40760137414
40760143029
40760148705
40760156212
40760163231
40760169640
40760175744
40760182396
40760187951
40760194420
40760200035
40760205223
40760215416
40760220421
40760227440
40760232811
40760239464
40760246117
40760251488
40760259606
40760265404
40760272606
40760278221
40760284447
40760290306
40760297630
40760303551
40760310631
40760316856
40760323448
40760329124
40760335716
40760341637
40760346642
40760355308
40760361046
40760369408
40760377098
40760382225
40760389366
40760396141
40760402916
40760410240
40760416221
40760422447
40760429710
40760435814
40760442344
40760448570
40760454612
40760461326
40760466209
40760474693
40760480064
40760486045
40760491844
40760499290
40760506553
40760512718
40760518455
40760523643
40760530296
40760536705
40760542869
40760549461
40760555442
40760561851
40760567405
40760574119
40760580100
40760586021
40760593528
40760600852
40760607505
40760613548
40760618919
40760625022
40760630759
40760638633
40760645286
40760651939
40760658347
40760664268
40760669700
40760676536
40760683738
40760689597
40760695640
40760701865
40760707969
40760713096
40760721885
40760728660
40760734336
40760740989
40760747092
40760752952
40760759360
40760765403
40760771628
40760778891
40760786460
40760792075
40760799033
40760804282
40760809958
40760816367
40760823447
40760831015
40760837241
40760843650
40760849509
40760855246
40760861106
40760867087
40760875266
40760880698
40760887412
40760891867
40760898642
40760905356
40760909934
40760915671
40760923178
40760929404
40760936179
40760942465
40760947714
40760954672
40760961081
40760967795
40760973593
40760979819
40760986349
40760991232
40760998373
40761005026
40761012594
40761018149
40761025168
40761030356
40761036886
40761042379
40761049399
40761054709
40761062582
40761068502
40761074972
40761080954
40761086874
40761092550
40761099020
40761106832
40761113363
40761119345
40761125509
40761130087
40761137045
40761144613
40761150900
40761156515
40761163473
40761169088
40761174581
40761180929
40761187582
40761193319
40761201376
40761207784
40761212545
40761219747
40761224935
40761230917
40761237386
40761245382
40761250692
40761257467
40761262228
40761268880
40761275716
40761280599
40761287862
40761295492
40761302755
40761309102
40761314351
40761319967
40761327108
40761332784
40761340169
40761346578
40761351522
40761358907
40761362386
40761369466
40761376790
40761383138
40761390157
40761395833
40761401082
40761408651
40761414266
40761421468
40761425374
40761434346
40761440267
40761444966
40761451863
40761458516
40761464864
40761469747
40761478780
40761483113
40761489827
40761495442
40761502278
40761508870
40761515645
40761523640
40761529561
40761534444
40761540974
40761546834
40761553548
40761560872
40761567036
40761573994
40761580037
40761586262
40761592183
40761597798
40761603352
40761610188
40761618062
40761624043
40761631001
40761636006
40761642720
40761649373
40761653889
40761661396
40761668293
40761674580
40761681965
40761687519
40761692891
40761700215
40761706257
40761713642
40761719441
40761725544
40761731159
40761737141
40761743550
40761749409
40761757771
40761763264
40761769856
40761774983
40761781696
40761786701
40761794026
40761800739
40761808430
40761814594
40761819904
40761825459
40761832417
40761837910
40761845112
40761853229
40761858967
40761863850
40761871235
40761876484
40761882465
40761888874
40761896625
40761902118
40761907673
40761914448
40761919758
40761925495
40761932636
40761939350
40761946491
40761953144
40761958698
40761964618
40761971210
40761978107
40761983966
40761991596
40761998188
40762005268
40762010944
40762017658
40762023273
40762028400
40762036762
40762041583
40762048725
40762053424
40762060932
40762067218
40762074787
40762081744
40762088092
40762095538
40762101093
40762107013
40762112628
40762118854
40762124408
40762133197
40762139606
40762146014
40762151202
40762157916
40762163592
40762170367
40762177081
40762184161
40762190631
40762196063
40762203326
40762209430
40762216388
40762223163
40762229999
40762236346
40762242694
40762248492
40762253619
40762259295
40762265582
40762274493
40762280535
40762287310
40762293963
40762298358
40762305560
40762311846
40762318072
40762325213
40762331072
40762337786
40762343096
40762349688
40762354998
40762360491
40762368487
40762375262
40762379962
40762387957
40762393328
40762398760
40762405352
40762411883
40762418108
40762425066
40762430498
40762437212
40762443072
40762449786
40762455706
40762463518
40762469561
40762474505
40762481524
40762487383
40762493731
40762500323
40762506121
40762513262
40762519610
40762526690
40762531939
40762538225
40762544512
40762552263
40762557268
40762564470
40762569536
40762576189
40762581926
40762587358
40762593401
40762601580
40762607927
40762614275
40762620561
40762626543
40762632768
40762638567
40762646684
40762652849
40762659746
40762666887
40762671648
40762678362
40762685075
40762693437
40762699846
40762705400
40762711443
40762716692
40762722734
40762729265
40762736101
40762742326
40762748552
40762754472
40762760393
40762765581
40762772905
40762778154
40762786882
40762792741
40762799394
40762804948
40762811601
40762818864
40762824968
40762829728
40762837419
40762843950
40762849015
40762856035
40762860856
40762868913
40762875016
40762882096
40762888810
40762895280
40762901017
40762907060
40762913102
40762918107
40762925981
40762930619
40762938066
40762942826
40762949845
40762955583
40762962235
40762966691
40762973832
40762981156
40762988053
40762993729
40762998368
40763005998
40763010758
40763018449
40763023942
40763031022
40763036393
40763043351
40763047745
40763055741
40763061356
40763068253
40763074113
40763080826
40763087357
40763093522
40763099564
40763105790
40763112931
40763120255
40763125992
40763132035
40763138871
40763145524
40763149979
40763157853
40763164505
40763172440
40763178543
40763184159
40763189652
40763197098
40763203018
40763210038
40763216263
40763222428
40763228287
40763234329
40763239884
40763246659
40763253983
40763259720
40763266800
40763273026
40763278214
40763283341
40763290115
40763297379
40763303848
40763310318
40763316971
40763323196
40763328445
40763335831
40763342300
40763349380
40763353714
40763360550
40763367447
40763373367
40763379959
40763386490
40763392654
40763397964
40763405044
40763410293
40763417557
40763422683
40763429458
40763433548
40763443252
40763449173
40763455032
40763460952
40763466018
40763472793
40763478469
40763486465
40763491714
40763498306
40763503555
40763510147
40763516983
40763521499
40763529128
40763535964
40763543472
40763548049
40763555190
40763559829
40763566787
40763572280
40763581313
40763587905
40763592666
40763599319
40763605422
40763612807
40763617690
40763625259
40763630874
40763637527
40763643142
40763650039
40763657790
40763662551
40763671340
40763678237
40763683730
40763690139
40763695510
40763701186
40763707717
40763713149
40763721084
40763727858
40763733596
40763739699
40763745925
40763752272
40763759780
40763766860
40763771804
40763778823
40763785292
40763790053
40763796950
40763803908
40763810317
40763817336
40763822890
40763828505
40763835402
40763841811
40763848097
40763853407
40763862013
40763867873
40763873854
40763879591
40763885695
40763892531
40763898207
40763905592
40763912550
40763917372
40763924940
40763930922
40763938246
40763942946
40763950819
40763957533
40763963026
40763968519
40763975111
40763980726
40763987318
40763994703
40764001661
40764007582
40764014052
40764019789
40764024733
40764031813
40764036879
40764045057
40764051649
40764057997
40764063856
40764070570
40764077162
40764083204
40764090162
40764097303
40764102674
40764109205
40764114576
40764121473
40764127699
40764132704
40764141859
40764147596
40764153211
40764159010
40764164686
40764171339
40764178114
40764185743
40764190870
40764197950
40764203016
40764209852
40764216993
40764222730
40764231275
40764236280
40764243238
40764248487
40764255079
40764259717
40764267042
40764273755
40764280286
40764286695
40764293531
40764299268
40764305494
40764311536
40764317396
40764325330
40764331678
40764338758
40764345227
40764349866
40764356641
40764363477
40764369886
40764376477
40764382459
40764387525
40764394422
40764400403
40764406812
40764411573
40764419019
40764426709
40764431897
40764438367
40764445203
40764451062
40764457410
40764464246
40764469190
40764476331
40764482251
40764487561
40764493298
40764500256
40764508069
40764514661
40764520764
40764526440
40764532056
40764537793
40764545056
40764551037
40764558667
40764563977
40764570691
40764576794
40764581616
40764589001
40764595837
40764602917
40764609570
40764615124
40764621960
40764627209
40764633069
40764639843
40764646618
40764652661
40764660778
40764665783
40764673474
40764679028
40764686169
40764690930
40764698681
40764703991
40764711804
40764718029
40764723400
40764730480
40764735241
40764740795
40764749279
40764755566
40764761059
40764768322
40764774609
40764780468
40764785595
40764793407
40764799511
40764804882
40764811169
40764818066
40764823986
40764828808
40764836437
40764841503
40764847729
40764853832
40764859691
40764866161
40764872753
40764878918
40764886364
40764891857
40764898327
40764904003
40764910656
40764915966
40764923290
40764930004
40764936412
40764942150
40764948314
40764954052
40764960643
40764965953
40764973522
40764981517
40764988048
40764992626
40765000255
40765005321
40765011424
40765018260
40765025035
40765030589
40765036632
40765043590
40765048900
40765055370
40765061778
40765068309
40765074230
40765080028
40765086925
40765093028
40765099925
40765106029
40765111644
40765118175
40765123485
40765130687
40765136668
40765141978
40765147410
40765154307
40765162852
40765167796
40765174815
40765179576
40765186534
40765191234
40765198924
40765202281
40765210338
40765216319
40765222178
40765228160
40765235423
40765240916
40765246287
40765251536
40765258799
40765266063
40765270640
40765277110
40765283702
40765289561
40765295848
40765302195
40765308299
40765315379
40765319773
40765326975
40765332957
40765338389
40765343638
40765350535
40765358103
40765362681
40765369456
40765375376
40765381297
40765387705
40765393809
40765399668
40765407603
40765413523
40765418772
40765424448
40765431101
40765437327
40765442637
40765448069
40765454905
40765461008
40765467539
40765473704
40765478708
40765488413
40765493601
40765500071
40765506968
40765512278
40765518686
40765525400
40765531626
40765536753
40765543528
40765550364
40765556528
40765562876
40765569345
40765575937
40765582895
40765590158
40765596323
40765603220
40765609873
40765616220
40765623178
40765631296
40765636667
40765644602
40765651071
40765658640
40765664865
40765669931
40765678049
40765684335
40765691904
40765698007
40765705881
40765712656
40765720468
40765727060
40765734140
40765739450
40765747323
40765753183
40765759897
40765765695
40765773569
40765780588
40765786691
40765794381
40765799325
40765807565
40765813974
40765821481
40765828439
40765833749
40765841134
40765847482
40765854623
40765862130
40765867807
40765873239
40765880929
40765886666
40765893746
40765899545
40765905282
40765910226
40765917977
40765923043
40765930673
40765938973
40765944100
40765950692
40765957467
40765963815
40765968758
40765975167
40765983895
40765990853
40765996774
40766003304
40766009957
40766018014
40766023141
40766030953
40766037240
40766042977
40766048897
40766055062
40766061776
40766069710
40766074471
40766081307
40766087105
40766092476
40766098458
40766105416
40766111763
40766119515
40766124398
40766131417
40766138131
40766142769
40766148446
40766155159
40766160714
40766167611
40766172310
40766179329
40766185555
40766191780
40766198006
40766204170
40766210274
40766214913
40766220223
40766226937
40766233345
40766239327
40766245247
40766250069
40766256172
40766262886
40766268990
40766275093
40766281441
40766286079
40766292305
40766298470
40766304878
40766309761
40766317451
40766322273
40766328987
40766333687
40766339058
40766346138
40766352730
40766358955
40766364815
40766369392
40766376961
40766381477
40766388984
40766393501
40766401314
40766407722
40766414070
40766420906
40766426643
40766431953
40766437812
40766444221
40766450691
40766457344
40766463081
40766468452
40766475654
40766480659
40766486518
40766492805
40766500984
40766506721
40766512214
40766517158
40766524543
40766530586
40766535957
40766540840
40766549018
40766554572
40766559882
40766565192
40766572578
40766577338
40766584907
40766589729
40766597724
40766603522
40766608833
40766614265
40766622199
40766627875
40766634528
40766639716
40766646918
40766652534
40766658027
40766663520
40766670539
40766675849
40766682746
40766688727
40766694953
40766701423
40766707038
40766712775
40766719550
40766725470
40766732428
40766738105
40766745124
40766751838
40766756415
40766762397
40766769110
40766775214
40766781439
40766788214
40766794928
40766800788
40766805548
40766812262
40766816840
40766822455
40766829291
40766836432
40766843573
40766849494
40766854254
40766860297
40766867194
40766873602
40766880377
40766887030
40766893988
40766899359
40766906073
40766911444
40766918524
40766923773
40766928839
40766936285
40766941595
40766948248
40766954718
40766959967
40766965521
40766972235
40766978216
40766985846
40766990667
40766997564
40767001776
40767008551
40767013922
40767020819
40767026007
40767033636
40767038336
40767045233
40767050421
40767057196
40767062933
40767069647
40767074041
40767081365
40767086981
40767093817
40767098699
40767105474
40767110784
40767117376
40767122869
40767130377
40767135626
40767142523
40767148565
40767155035
40767160589
40767165411
40767171453
40767178533
40767184698
40767190923
40767196783
40767201421
40767209051
40767213689
40767219121
40767226629
40767233221
40767239141
40767245061
40767249517
40767257085
40767261663
40767269353
40767276067
40767282354
40767288213
40767294195
40767298955
40767306463
40767312078
40767318242
40767323003
40767331365
40767336187
40767341985
40767348821
40767355046
40767361943
40767368108
40767373296
40767379277
40767385686
40767391606
40767397954
40767403813
40767409429
40767415715
40767420476
40767427739
40767433537
40767439458
40767444768
40767450627
40767457219
40767463872
40767470525
40767476262
40767481694
40767488774
40767493901
40767499577
40767505376
40767512822
40767517461
40767523198
40767529301
40767535161
40767540776
40767548161
40767552739
40767560979
40767565129
40767572514
40767577092
40767584538
40767589421
40767597050
40767602299
40767609929
40767616032
40767621159
40767626469
40767632145
40767639347
40767644535
40767649968
40767658024
40767664128
40767671025
40767676213
40767683171
40767688236
40767695133
40767700932
40767708012
40767713383
40767720219
40767724919
40767731877
40767738529
40767743290
40767749333
40767756474
40767763554
40767768009
40767774967
40767782108
40767788273
40767792789
40767799686
40767806583
40767812626
40767817814
40767825016
40767830326
40767836063
40767840885
40767849491
40767855411
40767861271
40767866642
40767873905
40767878544
40767885868
40767890934
40767897526
40767903202
40767911441
40767916324
40767923954
40767928043
40767935550
40767940616
40767948490
40767954532
40767961246
40767967289
40767972476
40767978885
40767984073
40767990543
40767998111
40768003665
40768010379
40768015079
40768021854
40768028690
40768033511
40768039371
40768046878
40768053226
40768059451
40768065921
40768070621
40768077762
40768084110
40768092349
40768099124
40768103763
40768110538
40768116519
40768121585
40768128970
40768133670
40768142398
40768147769
40768155032
40768160220
40768166018
40768173160
40768178409
40768183597
40768191409
40768196414
40768203799
40768209781
40768214908
40768222110
40768227420
40768232730
40768240908
40768246524
40768253421
40768258914
40768265750
40768270205
40768277102
40768282778
40768289920
40768296145
40768302249
40768308535
40768315066
40768321230
40768325869
40768331362
40768338748
40768345156
40768352114
40768358096
40768362673
40768369448
40768376040
40768382082
40768388796
40768394961
40768400698
40768406679
40768412539
40768418398
40768425173
40768433596
40768438296
40768445864
40768451662
40768456972
40768462404
40768469912
40768474978
40768481386
40768488649
40768494204
40768499270
40768506777
40768512331
40768517702
40768524538
40768532351
40768538027
40768544741
40768549623
40768556215
40768560976
40768567995
40768572817
40768580446
40768586244
40768593019
40768599489
40768605532
40768609621
40768616335
40768623232
40768629946
40768636232
40768643434
40768649355
40768655641
40768661501
40768666261
40768674257
40768681276
40768685915
40768693666
40768699525
40768705812
40768711732
40768716798
40768723329
40768729249
40768736757
40768741762
40768747682
40768752931
40768760255
40768765077
40768773195
40768779237
40768785829
40768792054
40768797303
40768804139
40768809816
40768816041
40768823365
40768829530
40768835939
40768839845
40768846803
40768852479
40768859254
40768863404
40768872621
40768878846
40768883546
40768889100
40768895997
40768902650
40768907289
40768915101
40768922059
40768928224
40768934022
40768939881
40768944398
40768952027
40768957093
40768963502
40768970399
40768976319
40768983460
40768989320
40768994813
40769000794
40769006837
40769015015
40769021241
40769026795
40769033814
40769039368
40769044373
40769051758
40769056031
40769064148
40769070496
40769077271
40769081666
40769088440
40769094422
40769101014
40769106019
40769114563
40769122010
40769127198
40769133667
40769139832
40769145630
40769151917
40769156617
40769163880
40769170471
40769175232
40769181824
40769188477
40769194641
40769199402
40769206543
40769214844
40769222229
40769228211
40769234375
40769240845
40769246948
40769252503
40769258606
40769265198
40769271545
40769276917
40769283569
40769289734
40769296448
40769302612
40769309875
40769315979
40769323669
40769328979
40769335693
40769341675
40769347839
40769353699
40769361816
40769366394
40769374878
40769381347
40769387756
40769394409
40769399963
40769405639
40769413025
40769418518
40769423889
40769430603
40769438049
40769443481
40769449035
40769454834
40769462463
40769466918
40769473876
40769479309
40769484863
40769491027
40769498046
40769503234
40769509216
40769514953
40769522216
40769527770
40769533447
40769539916
40769545654
40769551574
40769559570
40769564147
40769571227
40769575805
40769582763
40769588439
40769595702
40769601745
40769609862
40769616149
40769622314
40769628417
40769635558
40769642150
40769648498
40769655334
40769661742
40769668517
40769674132
40769680602
40769687865
40769693969
40769699523
40769705626
40769711730
40769717772
40769724181
40769730712
40769737242
40769743041
40769750060
40769756469
40769763304
40769769286
40769774657
40769781859
40769787718
40769794921
40769799925
40769807555
40769812254
40769819457
40769826476
40769831481
40769838377
40769843077
40769850951
40769857420
40769863402
40769869322
40769877013
40769881529
40769889098
40769893675
40769900572
40769906493
40769912657
40769918822
40769925780
40769932554
40769939146
40769946837
40769952635
40769958922
40769966246
40769971373
40769978575
40769985350
40769990965
40769997740
40770005247
40770010740
40770017515
40770023436
40770029661
40770036375
40770041197
40770048643
40770055235
40770061277
40770067564
40770073240
40770079588
40770085386
40770091917
40770098814
40770105833
40770111997
40770117002
40770124632
40770129942
40770135862
40770141538
40770149900
40770156370
40770161985
40770168211
40770175230
40770182005
40770186887
40770195066
40770200254
40770207700
40770214719
40770220884
40770226499
40770232786
40770239561
40770246030
40770252256
40770260434
40770265561
40770273374
40770278806
40770286069
40770292661
40770298093
40770305295
40770309751
40770317991
40770323850
40770329892
40770335447
40770342893
40770348508
40770354612
40770360654
40770367551
40770375302
40770380124
40770387326
40770393979
40770400327
40770403867
40770412290
40770418698
40770425473
40770431271
40770439389
40770445615
40770450497
40770457578
40770464291
40770470334
40770476804
40770483517
40770490170
40770495602
40770501157
40770507809
40770514645
40770519650
40770525998
40770534482
40770540463
40770546567
40770552365
40770559262
40770565548
40770573117
40770580746
40770586972
40770591610
40770597531
40770603695
40770610165
40770617367
40770623898
40770629818
40770635250
40770640499
40770647702
40770653439
40770660153
40770664730
40770672970
40770679684
40770687191
40770693173
40770698116
40770705868
40770710751
40770718563
40770726376
40770731686
40770740353
40770746944
40770754940
40770759823
40770767330
40770775021
40770782711
40770789242
40770795528
40770802914
40770808712
40770816097
40770822201
40770829403
40770835872
40770841183
40770848812
40770853817
40770862179
40770866695
40770873897
40770880062
40770886959
40770892757
40770899654
40770904720
40770912960
40770918941
40770925838
40770931209
40770936885
40770943904
40770949886
40770956966
40770964107
40770969173
40770976436
40770981319
40770988460
40770995296
40771002010
40771008418
40771013790
40771019466
40771026302
40771031184
40771038509
40771045100
40771051936
40771058162
40771063777
40771071346
40771077510
40771083064
40771088924
40771097652
40771103389
40771109920
40771116817
40771122981
40771128352
40771135127
40771141292
40771146724
40771153926
40771159663
40771164973
40771170527
40771177058
40771183711
40771190730
40771196711
40771202266
40771208491
40771215571
40771221186
40771226435
40771234065
40771240351
40771246760
40771252986
40771259150
40771265132
40771269892
40771277766
40771284480
40771290522
40771297358
40771302790
40771309199
40771316340
40771323115
40771328181
40771335688
40771340327
40771348017
40771354182
40771361933
40771366694
40771375117
40771381892
40771389460
40771395930
40771401789
40771409174
40771414728
40771422785
40771430170
40771437006
40771445063
40771451166
40771459101
40771465876
40771470820
40771478571
40771485285
40771492609
40771499140
40771504572
40771512506
40771519159
40771525629
40771532404
40771539423
40771544977
40771551996
40771559137
40771565790
40771572016
40771577509
40771583246
40771590021
40771595941
40771602777
40771608942
40771617059
40771622980
40771630609
40771637262
40771644525
40771649835
40771658197
40771664850
40771670648
40771678461
40771683588
40771690301
40771697137
40771703912
40771710321
40771715082
40771723627
40771728998
40771736078
40771743036
40771750238
40771756585
40771762872
40771768426
40771774957
40771780206
40771786065
40771793695
40771799798
40771806634
40771811639
40771818414
40771824762
40771832086
40771838494
40771843927
40771850335
40771856622
40771862359
40771869073
40771874322
40771881341
40771886834
40771893121
40771899774
40771904901
40771911492
40771917596
40771925286
40771931756
40771936639
40771943780
40771949273
40771956414
40771962212
40771968987
40771973565
40771980828
40771987664
40771993401
40771999505
40772005669
40772011712
40772018059
40772026726
40772032036
40772038506
40772045586
40772050225
40772056634
40772063592
40772070122
40772076470
40772082268
40772087761
40772095147
40772100090
40772107415
40772112236
40772119561
40772126946
40772131584
40772139031
40772143364
40772151787
40772157891
40772164665
40772172173
40772177361
40772183525
40772190117
40772195366
40772201897
40772208794
40772216240
40772222649
40772227959
40772235161
40772240776
40772246025
40772253044
40772260429
40772264824
40772271721
40772278435
40772284538
40772290581
40772297111
40772303337
40772310173
40772315300
40772321586
40772328056
40772333122
40772340019
40772346489
40772351616
40772359367
40772364006
40772370842
40772377128
40772382560
40772388115
40772395622
40772401054
40772407768
40772412590
40772419365
40772425529
40772432426
40772440177
40772445060
40772451896
40772458122
40772463798
40772468925
40772476493
40772482536
40772490775
40772497489
40772502128
40772508354
40772515434
40772520927
40772526481
40772532951
40772538993
40772544425
40772549979
40772556876
40772563163
40772569938
40772576102
40772582084
40772588004
40772594657
40772600516
40772606681
40772613456
40772618217
40772625724
40772630179
40772637382
40772643546
40772648856
40772655570
40772661796
40772668265
40772673026
40772679679
40772687552
40772694815
40772700553
40772705802
40772712638
40772718070
40772726676
40772731925
40772737540
40772744254
40772750174
40772754996
40772762686
40772768363
40772773856
40772779776
40772786795
40772791861
40772799185
40772806571
40772814627
40772820548
40772827445
40772834158
40772839346
40772847647
40772855276
40772861319
40772868094
40772873953
40772881094
40772887320
40772892752
40772902945
40772908987
40772915884
40772922781
40772927481
40772935782
40772941641
40772948172
40772954947
40772962027
40772967947
40772974173
40772982168
40772986990
40772994925
40773000479
40773007254
40773013540
40773020681
40773026480
40773031973
40773042166
40773048696
40773055715
40773061941
40773067678
40773073721
40773082144
40773087881
40773095449
40773102529
40773109304
40773114736
40773122122
40773130605
40773137075
40773143362
40773150015
40773156179
40773161855
40773169485
40773176260
40773183340
40773188772
40773195730
40773203542
40773208242
40773216482
40773222585
40773229177
