41388299502
41388306155
41388312075
41388318056
41388323366
41388328371
41388335573
41388341860
41388347414
41388354067
41388359133
41388364565
41388372133
41388378542
41388383913
41388390017
41388397402
41388403322
41388411074
41388417788
41388425356
41388431093
41388437929
41388444216
41388448793
41388457155
41388464418
41388469301
41388476625
41388481508
41388490724
41388495912
41388503969
41388510439
41388517397
41388522218
41388529115
41388535951
41388542177
41388548586
41388556520
41388562685
41388569398
41388575380
41388581789
41388589174
41388593935
41388603639
41388609376
41388616090
41388622743
41388629091
41388635011
41388641725
41388647890
41388656373
41388662721
41388668458
41388675966
41388681459
41388689515
41388696718
41388705079
41388710389
41388717897
41388724122
41388732667
41388740052
41388745484
41388753663
41388761232
41388768006
41388775758
41388782228
41388789796
41388796388
41388802064
41388810609
41388818543
41388824647
41388830384
41388838685
41388845948
41388851930
41388858033
41388869263
41388874757
41388882813
41388888184
41388895753
41388901856
41388909486
41388916566
41388925049
41388931946
41388939026
41388945618
41388953065
41388959595
41388966370
41388973572
41388980713
41388989319
41388994446
41389002320
41389009339
41389014832
41389021485
41389030213
41389035950
41389043457
41389051148
41389057923
41389064881
41389070008
41389075989
41389086304
41389093140
41389098389
41389106568
41389111694
41389120850
41389126709
41389135498
41389141846
41389150574
41389156799
41389164490
41389170776
41389178406
41389183105
41389191955
41389198791
41389206482
41389211914
41389219604
41389225464
41389233276
41389239563
41389247986
41389257202
41389262390
41389270630
41389277466
41389283874
41389290771
41389297546
41389303833
41389312378
41389319763
41389325866
41389334228
41389340698
41389347229
41389355346
41389365234
41389372009
41389378356
41389387329
41389394653
41389401550
41389408080
41389419006
41389427245
41389434081
41389441772
41389451110
41389458984
41389466247
41389474425
41389482421
41389491149
41389498595
41389505248
41389514953
41389520507
41389530334
41389534545
41389547545
41389555602
41389563537
41389572814
41389581542
41389588073
41389598510
41389605407
41389615783
41389622496
41389630431
41389634764
41389645873
41389654601
41389662963
41389671752
41389678221
41389684874
41389694396
41389700865
41389710509
41389717833
41389727599
41389734618
41389745238
41389752562
41389759520
41389770384
41389777159
41389787413
41389795164
41389803892
41389810240
41389820494
41389826475
41389834471
41389842833
41389851561
41389858641
41389869444
41389876707
41389885191
41389892576
41389901060
41389910154
41389918516
41389927122
41389935789
41389945005
41389954283
41389958860
41389969358
41389975828
41389985533
41389992124
41390002622
41390009092
41390017515
41390026060
41390035459
41390042844
41390050718
41390058469
41390065672
41390073728
41390081358
41390090024
41390099363
41390105405
41390114011
41390122129
41390128721
41390136655
41390144651
41390153135
41390161374
41390170652
41390178708
41390186826
41390195066
41390201902
41390211118
41390219907
41390228757
41390233579
41390243772
41390251584
41390260800
41390267819
41390277402
41390284482
41390291013
41390302976
41390314145
41390321591
41390330380
41390341061
41390349912
41390357053
41390365048
41390373837
41390381955
41390389950
41390397580
41390406369
41390415768
41390424435
41390434506
41390441708
41390449948
41390458371
41390466794
41390474484
41390482357
41390489987
41390497982
41390504940
41390512082
41390519650
41390526791
41390534298
41390541439
41390548336
41390556149
41390563717
41390571346
41390579342
41390587765
41390595028
41390603268
41390611996
41390620419
41390627560
41390635922
41390643002
41390650997
41390657650
41390665462
41390672604
41390680233
41390687069
41390693172
41390700191
41390706478
41390715267
41390723202
41390730465
41390738888
41390746700
41390755611
41390762142
41390768367
41390777950
41390786068
41390794918
41390802852
41390811214
41390819088
41390826473
41390834407
41390840633
41390850704
41390857906
41390866146
41390873836
41390883174
41390892024
41390900203
41390906246
41390915340
41390921260
41390931148
41390936946
41390945430
41390950862
41390958492
41390965816
41390972407
41390978999
41390985103
41390990535
41390998225
41391002986
41391010493
41391015925
41391022578
41391029475
41391035090
41391040828
41391048396
41391052974
41391060420
41391066707
41391072383
41391078120
41391085017
41391090388
41391097407
41391103511
41391110957
41391116267
41391124202
41391131098
41391135859
41391143061
41391150141
41391156367
41391161189
41391168452
41391175044
41391185481
41391197993
41391208552
41391213862
41391221003
41391228693
41391236994
41391243159
41391249873
41391256098
41391262873
41391268854
41391275629
41391281367
41391289118
41391295038
41391301081
41391308039
41391314753
41391321223
41391327509
41391335444
41391341425
41391346125
41391353083
41391359308
41391365290
41391369928
41391379206
41391386347
41391392145
41391398920
41391406061
41391411982
41391417414
41391423029
41391430536
41391436579
41391443598
41391450128
41391456720
41391462580
41391467340
41391474664
41391483026
41391489130
41391495538
41391501337
41391507257
41391513300
41391518854
41391526788
41391533807
41391539728
41391546625
41391552606
41391558466
41391565485
41391571283
41391579217
41391586542
41391591302
41391599176
41391604059
41391610406
41391616510
41391624689
41391631036
41391637445
41391643609
41391649713
41391656366
41391661859
41391669122
41391675592
41391683038
41391688653
41391694329
41391701471
41391707086
41391714166
41391719537
41391726556
41391732171
41391738946
41391745294
41391751519
41391757501
41391764398
41391770684
41391777764
41391784051
41391789727
41391795953
41391801690
41391809380
41391814080
41391821832
41391827935
41391834832
41391841058
41391846307
41391852532
41391859307
41391865166
41391872430
41391880730
41391885369
41391893487
41391898858
41391904900
41391911370
41391917962
41391925286
41391931878
41391936944
41391944268
41391950432
41391955681
41391962517
41391969902
41391975518
41391982293
41391987236
41391994072
41392001152
41392007378
41392012444
41392021233
41392028008
41392033623
41392041619
41392047539
41392053398
41392059807
41392066094
41392073601
41392079277
41392086601
41392091911
41392098076
41392104851
41392110954
41392119072
41392123894
41392130608
41392137505
41392144096
41392150261
41392156548
41392163200
41392170036
41392176262
41392183342
41392189445
41392194755
41392202080
41392207268
41392214958
41392222221
41392227897
41392233696
41392240715
41392246086
41392252800
41392258659
41392265739
41392272697
41392277458
41392284599
41392290886
41392296806
41392303703
41392310173
41392317680
41392323905
41392329093
41392336540
41392341361
41392348930
41392355155
41392363212
41392369254
41392375907
41392380607
41392387504
41392393180
41392400199
41392407340
41392414603
41392420951
41392427421
41392433524
41392439689
41392445670
41392452628
41392459769
41392465507
41392473441
41392480399
41392485831
41392491691
41392498527
41392504752
41392512504
41392519584
41392524161
41392530143
41392537040
41392543570
41392550223
41392556693
41392564261
41392570609
41392577567
41392583670
41392589103
41392595023
41392602225
41392609183
41392616629
41392622122
41392628287
41392635184
41392640982
41392647635
41392652457
41392659964
41392667899
41392672537
41392679312
41392685477
41392692435
41392699027
41392705252
41392713126
41392719229
41392725272
41392731070
41392736502
41392743887
41392749564
41392757132
41392762869
41392769949
41392775320
41392782217
41392787588
41392794546
41392800345
41392808401
41392815664
41392822073
41392827810
41392834646
41392840445
41392847281
41392853384
41392860342
41392866446
41392872427
41392878164
41392884146
41392891470
41392897940
41392906424
41392912161
41392918997
41392925711
41392931936
41392936819
41392944021
41392950674
41392955923
41392963186
41392969656
41392976919
41392980154
41392989187
41392994863
41393001333
41393009268
41393015615
41393021291
41393028677
41393033926
41393041494
41393045705
41393054494
41393060598
41393067922
41393073904
41393081716
41393086904
41393094655
41393103139
41393108449
41393116384
41393123891
41393130300
41393136220
41393142507
41393149465
41393155996
41393162282
41393168874
41393176564
41393183034
41393189138
41393195607
41393202443
41393208974
41393215627
41393222219
41393228688
41393235097
41393241445
41393247975
41393254201
41393260488
41393267690
41393273976
41393280263
41393288136
41393294118
41393300465
41393306386
41393314565
41393319753
41393327809
41393334767
41393340688
41393348134
41393354054
41393359364
41393367848
41393374074
41393379811
41393386281
41393394154
41393400441
41393406056
41393413441
41393420949
41393427723
41393433400
41393439076
41393447072
41393453724
41393459340
41393465382
41393473439
41393479603
41393486866
41393492482
41393500172
41393505970
41393513539
41393519459
41393526051
41393531971
41393539356
41393545887
41393553089
41393560108
41393567799
41393574024
41393581043
41393587513
41393593861
41393600391
41393606434
41393614552
41393617909
41393628590
41393633900
41393641956
41393648548
41393654530
41393661854
41393667835
41393674671
41393682423
41393688099
41393695545
41393701404
41393708851
41393715076
41393722584
41393728260
41393735889
41393741077
41393748768
41393755542
41393762317
41393767322
41393774891
41393780567
41393788196
41393793689
41393801258
41393807849
41393813221
41393819629
41393827503
41393835010
41393840015
41393848621
41393853565
41393861438
41393868457
41393875110
41393881397
41393888355
41393893726
41393902698
41393908374
41393915027
41393920215
41393927966
41393935718
41393942249
41393948230
41393954822
41393962390
41393968860
41393974475
41393981006
41393987292
41393995227
41394002002
41394009570
41394014575
41394022021
41394027575
41394034900
41394040149
41394049487
41394055957
41394063586
41394069568
41394075854
41394081958
41394089770
41394097338
41394104419
41394109118
41394116564
41394123522
41394129870
41394136767
41394144946
41394150134
41394157397
41394163806
41394171069
41394177355
41394185168
41394191393
41394198046
41394204089
41394212023
41394217638
41394225024
41394230639
41394236681
41394244006
41394252428
41394257433
41394264696
41394270922
41394278918
41394284472
41394291125
41394297289
41394304980
41394310961
41394318468
41394325731
41394332384
41394339037
41394345324
41394353502
41394358934
41394366808
41394372240
41394379503
41394385790
41394393541
41394399828
41394407274
41394413134
41394420458
41394426744
41394432299
41394440538
41394447069
41394454454
41394460558
41394466234
41394472460
41394479662
41394486559
41394493639
41394500292
41394507616
41394514818
41394521349
41394528856
41394534715
41394541551
41394549058
41394556016
41394562486
41394569566
41394575670
41394581163
41394589036
41394595750
41394603135
41394608446
41394615770
41394622545
41394627611
41394637315
41394643541
41394649827
41394655320
41394663499
41394669725
41394675584
41394681565
41394689012
41394696397
41394701524
41394709092
41394717088
41394723558
41394728868
41394736985
41394743455
41394750596
41394755357
41394762498
41394770860
41394775498
41394783494
41394791428
41394798020
41394804368
41394812302
41394817674
41394825059
41394830430
41394838120
41394846238
41394851365
41394858506
41394865281
41394871689
41394877610
41394885483
41394892991
41394898545
41394905564
41394912827
41394919175
41394925950
41394933091
41394940232
41394948227
41394953049
41394960617
41394966721
41394974411
41394979111
41394988755
41394994980
41395001999
41395008286
41395015122
41395021347
41395027451
41395035568
41395042160
41395048508
41395054428
41395061875
41395069931
41395075913
41395082565
41395088852
41395097702
41395103684
41395109665
41395116196
41395123825
41395128464
41395136154
41395143722
41395150375
41395156845
41395164413
41395170822
41395176315
41395182968
41395191269
41395197189
41395203354
41395210861
41395217636
41395223068
41395232101
41395239059
41395245590
41395251571
41395259201
41395266464
41395271957
41395278610
41395285873
41395291488
41395298507
41395306625
41395313034
41395319503
41395324752
41395332931
41395339889
41395348068
41395354293
41395361373
41395367660
41395372726
41395381332
41395387374
41395395431
41395401717
41395407150
41395413741
41395421127
41395428573
41395433639
41395441695
41395446700
41395455978
41395461471
41395467879
41395474837
41395483138
41395489364
41395496749
41395504134
41395511031
41395517074
41395524093
41395530501
41395537825
41395543441
41395550826
41395557845
41395562850
41395570174
41395577254
41395585128
41395591475
41395598616
41395604659
41395611006
41395617171
41395623091
41395633040
41395637740
41395644942
41395651473
41395658675
41395664473
41395672347
41395679060
41395685164
41395692732
41395698653
41395706099
41395710677
41395718306
41395726790
41395734297
41395740584
41395746870
41395753218
41395760786
41395766463
41395773421
41395781416
41395786543
41395794050
41395800886
41395805708
41395814253
41395819197
41395826277
41395832991
41395841108
41395847944
41395853743
41395860823
41395866987
41395874128
41395881941
41395889997
41395895857
41395902082
41395908613
41395915022
41395921125
41395929182
41395935652
41395942732
41395948469
41395955488
41395960737
41395967634
41395974653
41395982710
41395989240
41395995588
41396001936
41396007551
41396015607
41396022077
41396028364
41396034284
41396041486
41396047407
41396054548
41396062482
41396068464
41396076520
41396081708
41396089582
41396096540
41396102155
41396108014
41396115217
41396123090
41396130842
41396137433
41396143598
41396150129
41396157636
41396163556
41396170087
41396178510
41396185590
41396193463
41396199384
41396205609
41396211835
41396217755
41396225751
41396233563
41396240582
41396245831
41396253217
41396259747
41396266705
41396273724
41396280805
41396287335
41396293744
41396300275
41396306805
41396314313
41396320172
41396328168
41396335614
41396340985
41396349225
41396356244
41396363385
41396370587
41396378522
41396385785
41396393719
41396400372
41396405438
41396412701
41396420025
41396428326
41396435101
41396441754
41396447186
41396455243
41396460308
41396468487
41396474591
41396480999
41396488018
41396494305
41396500408
41396508648
41396514691
41396521405
41396528790
41396534710
41396542401
41396548138
41396554913
41396560467
41396566143
41396573284
41396578594
41396588238
41396594402
41396600750
41396606731
41396613018
41396618999
41396623821
41396632061
41396638897
41396645245
41396649883
41396657207
41396663860
41396669903
41396674419
41396683147
41396689617
41396696148
41396701824
41396709392
41396715923
41396721538
41396727642
41396736248
41396742717
41396749736
41396754924
41396761943
41396766765
41396773723
41396780681
41396785686
41396794048
41396800640
41396806621
41396812908
41396819133
41396823955
41396831890
41396839092
41396845683
41396852092
41396858135
41396863872
41396871501
41396877422
41396883220
41396890727
41396896648
41396902141
41396909160
41396914287
41396921184
41396926433
41396933940
41396941386
41396948344
41396954448
41396959086
41396965617
41396972209
41396978496
41396983500
41396991557
41396998210
41397004374
41397010539
41397016765
41397023051
41397030864
41397038493
41397044169
41397050334
41397057353
41397062663
41397069438
41397074870
41397082682
41397089884
41397094889
41397103495
41397108744
41397115458
41397122599
41397129557
41397137675
41397144023
41397150858
41397157328
41397163432
41397171183
41397177531
41397183695
41397190287
41397197855
41397203715
41397211039
41397218485
41397223429
41397231669
41397239664
41397246256
41397252909
41397259806
41397265421
41397273539
41397279642
41397287333
41397293680
41397299662
41397306193
41397314005
41397319559
41397325358
41397334635
41397341532
41397347879
41397353678
41397361856
41397367899
41397374186
41397381144
41397387430
41397393656
41397401163
41397408731
41397414163
41397421915
41397427042
41397436075
41397442423
41397448709
41397453958
41397461832
41397469278
41397475443
41397482217
41397488931
41397494669
41397502725
41397511209
41397517679
41397525613
41397533304
41397540140
41397547586
41397554056
41397560403
41397566934
41397574075
41397580606
41397586282
41397594156
41397599588
41397607583
41397612893
41397621133
41397626321
41397633828
41397640054
41397646890
41397654275
41397660196
41397665933
41397673196
41397679055
41397686196
41397691995
41397699868
41397706704
41397711526
41397718423
41397724771
41397730874
41397738320
41397744729
41397751931
41397758218
41397764016
41397770059
41397776589
41397782815
41397788918
41397795327
41397801247
41397809365
41397815041
41397822243
41397828347
41397834023
41397839394
41397847390
41397852883
41397860024
41397866372
41397873452
41397879555
41397886574
41397893410
41397898415
41397905861
41397911965
41397918801
41397923378
41397930092
41397936562
41397943581
41397951271
41397957619
41397963478
41397969338
41397975930
41397981789
41397988930
41397995461
41398003029
41398008644
41398015175
41398022072
41398028481
41398033669
41398038735
41398047035
41398052162
41398059364
41398064491
41398071632
41398077797
41398084877
41398089821
41398098244
41398104286
41398111305
41398117165
41398122169
41398129372
41398134254
41398143532
41398148537
41398157020
41398163002
41398169288
41398176002
41398182167
41398188026
41398194557
41398201088
41398207679
41398214699
41398220253
41398225685
41398233192
41398238258
41398246193
41398252174
41398259132
41398265235
41398270729
41398276771
41398283790
41398289649
41398297340
41398302284
41398309303
41398315895
41398322181
41398328590
41398333473
41398339454
41398347144
41398354041
41398358863
41398366493
41398371253
41398378822
41398385658
41398391944
41398397742
41398405738
41398410499
41398418128
41398422523
41398430152
41398434913
41398443397
41398450416
41398456336
41398462073
41398469398
41398474830
41398481666
41398487586
41398495093
41398501319
41398507544
41398512732
41398519690
41398526709
41398531348
41398538855
41398545874
41398552344
41398558875
41398565039
41398571448
41398577674
41398582373
41398589820
41398597083
41398603308
41398610449
41398616248
41398621497
41398628882
41398634680
41398641211
41398647376
41398655249
41398660193
41398668616
41398674170
41398681189
41398687048
41398694800
41398699927
41398707007
41398712134
41398719275
41398726660
41398731604
41398737768
41398743689
41398750036
41398757056
41398763769
41398768530
41398777441
41398782995
41398789404
41398794226
41398802343
41398808203
41398814245
41398821570
41398827673
41398833899
41398840246
41398845190
41398852697
41398858313
41398864477
41398871618
41398877478
41398883947
41398890661
41398896032
41398903417
41398907995
41398915747
41398920446
41398928076
41398934667
41398940832
41398946264
41398952490
41398958349
41398966039
41398970251
41398977880
41398984594
41398991186
41398997228
41399004552
41399010595
41399016332
41399022619
41399029577
41399035802
41399042638
41399048376
41399055517
41399061254
41399068334
41399074010
41399081090
41399087316
41399094335
41399100622
41399105504
41399112706
41399120031
41399126012
41399131383
41399139318
41399146032
41399153905
41399159948
41399166234
41399171422
41399179235
41399184423
41399192540
41399197911
41399205907
41399211644
41399217320
41399224217
41399229894
41399235143
41399243260
41399249425
41399256749
41399261937
41399268895
41399274571
41399281590
41399287755
41399295323
41399302647
41399308812
41399315099
41399319737
41399327733
41399332310
41399339818
41399348241
41399352879
41399359837
41399365758
41399373082
41399378880
41399385167
41399391392
41399397740
41399403843
41399409520
41399416966
41399422276
41399429600
41399434361
41399443211
41399450108
41399455540
41399462498
41399468174
41399474278
41399481419
41399486363
41399494602
41399500645
41399507847
41399514622
41399519444
41399525669
41399532688
41399537632
41399545139
41399552525
41399557285
41399564732
41399571140
41399577305
41399584019
41399590794
41399598118
41399604588
41399610752
41399618381
41399623630
41399629551
41399636021
41399644688
41399650303
41399657688
41399662998
41399670017
41399675571
41399682468
41399687656
41399695591
41399701633
41399708774
41399714084
41399721225
41399727634
41399732578
41399738681
41399744907
41399752536
41399760105
41399766452
41399772373
41399778232
41399783115
41399791110
41399799350
41399805576
41399811191
41399818881
41399823459
41399831149
41399837192
41399845249
41399851230
41399856784
41399862399
41399869602
41399876743
41399881686
41399887119
41399896457
41399902621
41399907504
41399914523
41399921603
41399927890
41399934787
41399941562
41399949252
41399955600
41399962070
41399968356
41399973544
41399981479
41399987155
41399993808
41400001864
41400007724
41400014010
41400021457
41400027743
41400032565
41400039340
41400047274
41400052462
41400059298
41400066439
41400071139
41400078646
41400085177
41400091708
41400098361
41400104830
41400110079
41400118014
41400123629
41400129672
41400134738
41400142001
41400149996
41400156100
41400161654
41400169161
41400174899
41400180880
41400186556
41400194430
41400202608
41400208346
41400214693
41400220003
41400226229
41400233065
41400239107
41400246737
41400251497
41400258578
41400265108
41400270540
41400278048
41400282931
41400290133
41400295565
41400304232
41400310030
41400315889
41400323031
41400328829
41400334017
41400342196
41400347872
41400355867
41400360933
41400367281
41400373506
41400379793
41400385164
41400392244
41400399263
41400407259
41400413179
41400418978
41400425813
41400431551
41400437593
41400445528
41400451631
41400458711
41400464327
41400471223
41400478120
41400482759
41400491121
41400498506
41400504915
41400511140
41400517305
41400523653
41400529756
41400536531
41400542940
41400549531
41400555574
41400561189
41400568696
41400574861
41400580232
41400586030
41400594209
41400601472
41400609773
41400616914
41400622163
41400630220
41400637422
41400644136
41400651643
41400658113
41400664033
41400670686
41400676972
41400683381
41400690034
41400696504
41400703767
41400710176
41400717683
41400724030
41400731049
41400737397
41400743134
41400751618
41400757417
41400763703
41400770722
41400777009
41400784882
41400790559
41400795930
41400804230
41400810273
41400818146
41400823151
41400830414
41400835786
41400843171
41400848542
41400857026
41400862397
41400869965
41400875702
41400883271
41400889924
41400894990
41400901520
41400909516
41400915863
41400920502
41400929169
41400932343
41400940339
41400945038
41400953156
41400959992
41400967987
41400973419
41400979523
41400986359
41400992401
41400997772
41401005585
41401011200
41401018768
41401024628
41401031525
41401037262
41401042816
41401049591
41401058136
41401063568
41401070831
41401076019
41401085175
41401090179
41401097382
41401103790
41401110687
41401118439
41401124420
41401130585
41401136017
41401142914
41401147919
41401157074
41401162567
41401170746
41401176910
41401183563
41401189422
41401197113
41401202667
41401210907
41401218353
41401225799
41401232208
41401238800
41401245391
41401252410
41401259002
41401265777
41401271698
41401280181
41401287139
41401293609
41401298797
41401307830
41401313934
41401320403
41401327361
41401333831
41401340728
41401347015
41401353423
41401361602
41401367095
41401374419
41401380401
41401388030
41401393279
41401400787
41401407928
41401415618
41401422027
41401427215
41401434112
41401441863
41401448699
41401455779
41401462310
41401469634
41401475249
41401482329
41401489654
41401495269
41401503447
41401510589
41401515654
41401524932
41401530913
41401536895
41401543486
41401550994
41401558013
41401565276
41401571135
41401577300
41401584441
41401590850
41401599028
41401605742
41401613127
41401619292
41401625578
41401632597
41401639311
41401644499
41401654631
41401660796
41401668669
41401674162
41401681487
41401687956
41401696074
41401702483
41401709257
41401715422
41401721159
41401728667
41401734221
41401742094
41401748503
41401756865
41401762175
41401769377
41401776945
41401783781
41401790251
41401795927
41401802763
41401810453
41401817534
41401823698
41401831144
41401835600
41401842741
41401850737
41401858122
41401864592
41401871427
41401877653
41401883146
41401890959
41401897245
41401905180
41401910795
41401918058
41401924528
41401931913
41401937834
41401944608
41401951017
41401958646
41401964445
41401971830
41401979154
41401984708
41401991911
41401999174
41402006132
41402012479
41402019376
41402025297
41402032011
41402038663
41402045865
41402053678
41402058805
41402066251
41402072904
41402080411
41402086332
41402092618
41402099515
41402107694
41402113614
41402120633
41402126554
41402132291
41402139737
41402145658
41402154081
41402160123
41402167752
41402173917
41402181058
41402187161
41402194303
41402200345
41402207730
41402215177
41402222196
41402227261
41402233182
41402240506
41402249112
41402255826
41402262418
41402267911
41402275784
41402281522
41402289334
41402294888
41402302640
41402308865
41402315640
41402323514
41402329556
41402336026
41402342007
41402348904
41402356167
41402363431
41402369412
41402376675
41402383755
41402388638
41402396695
41402403897
41402410183
41402416409
41402423245
41402429959
41402436367
41402443264
41402449795
41402457119
41402464566
41402471096
41402477078
41402483608
41402491177
41402495571
41402503811
41402511013
41402517178
41402523525
41402531155
41402537136
41402543118
41402549221
41402556728
41402563442
41402571011
41402577297
41402583950
41402590176
41402595913
41402604092
41402610073
41402617458
41402622219
41402629421
41402635158
41402642483
41402650722
41402658413
41402664516
41402671108
41402677395
41402685146
41402690639
41402697475
41402705166
41402711635
41402718044
41402724453
41402732631
41402739528
41402745266
41402753505
41402759914
41402767726
41402773464
41402779323
41402785793
41402793239
41402801357
41402806728
41402813381
41402821315
41402829006
41402834438
41402841274
41402849574
41402855922
41402861354
41402868800
41402875880
41402882167
41402888759
41402894984
41402901149
41402907802
41402914699
41402921107
41402926295
41402934352
41402939174
41402946925
41402952113
41402958705
41402966090
41402972072
41402979335
41402985011
41402991603
41402997157
41403003383
41403012538
41403019008
41403023707
41403031398
41403037562
41403043544
41403049830
41403056422
41403063563
41403069728
41403075770
41403081751
41403087794
41403093714
41403100550
41403106715
41403112208
41403120142
41403124964
41403132533
41403137660
41403145350
41403150416
41403158778
41403165064
41403172205
41403177576
41403184901
41403189173
41403196314
41403204005
41403210718
41403216883
41403223536
41403229517
41403235804
41403241846
41403246973
41403253565
41403261255
41403267725
41403274317
41403280481
41403286768
41403292994
41403299280
41403305994
41403312952
41403318995
41403323999
41403331263
41403336573
41403343897
41403349756
41403356348
41403364038
41403371546
41403378687
41403383692
41403392786
41403399683
41403406275
41403412866
41403419519
41403424524
41403432642
41403438623
41403444971
41403452844
41403458765
41403465906
41403471582
41403478113
41403483667
41403491174
41403496912
41403503931
41403511621
41403516809
41403523889
41403531640
41403538904
41403544885
41403550195
41403556726
41403563257
41403569848
41403576074
41403582483
41403588769
41403594995
41403602136
41403609033
41403615625
41403622155
41403627710
41403635339
41403641381
41403646997
41403653894
41403661645
41403669091
41403674096
41403681359
41403688928
41403695642
41403702600
41403709802
41403717309
41403723840
41403729821
41403738061
41403743615
41403751550
41403758019
41403764245
41403770531
41403777550
41403784203
41403790795
41403797326
41403802575
41403810570
41403818078
41403824792
41403830773
41403838830
41403843041
41403851037
41403857873
41403864037
41403871483
41403877648
41403883446
41403890831
41403897057
41403905297
41403913659
41403920311
41403926903
41403932824
41403941185
41403947411
41403954613
41403962120
41403968651
41403975182
41403982994
41403988182
41403995995
41404001183
41404008629
41404017357
41404022301
41404030174
41404036095
41404042748
41404049645
41404056358
41404062462
41404070396
41404077415
41404083275
41404090050
41404097252
41404103477
41404108482
41404117027
41404125084
41404130638
41404137413
41404144249
41404150841
41404159569
41404166404
41404172203
41404179771
41404186058
41404192344
41404200096
41404207115
41404214012
41404223228
41404228782
41404235862
41404241478
41404249534
41404254356
41404261741
41404269737
41404276023
41404283164
41404289329
41404294883
41404302818
41404307884
41404316184
41404322349
41404329734
41404336570
41404341819
41404349754
41404357444
41404363731
41404369956
41404377952
41404383994
41404391196
41404395652
41404402915
41404411277
41404419028
41404425254
41404430320
41404438132
41404443870
41404451987
41404458762
41404465354
41404471274
41404478476
41404485434
41404491965
41404498008
41404504844
41404513388
41404519797
41404526877
41404533225
41404540427
41404546836
41404552146
41404559226
41404566794
41404574729
41404579917
41404587485
41404592734
41404600424
41404606894
41404614401
41404621481
41404626425
41404632163
41404639548
41404646689
41404653586
41404660727
41404667136
41404675436
41404681052
41404686728
41404693564
41404701132
41404706503
41404715048
41404721091
41404728293
41404734457
41404740622
41404746725
41404753805
41404759848
41404767416
41404773214
41404778769
41404786337
41404792685
41404799948
41404806479
41404814535
41404821066
41404826803
41404833151
41404841329
41404847128
41404852560
41404860494
41404866659
41404873678
41404880392
41404888265
41404894430
41404900900
41404907552
41404914877
41404920919
41404927450
41404935140
41404941549
41404946798
41404953817
41404962240
41404968404
41404975484
41404981222
41404986166
41404993978
41405001485
41405009420
41405014120
41405021261
41405028829
41405035726
41405042074
41405048543
41405055318
41405061300
41405069661
41405075643
41405081502
41405088155
41405093831
41405101522
41405110189
41405116475
41405122579
41405128926
41405135518
41405141805
41405148213
41405156453
41405162801
41405170247
41405175191
41405182454
41405188436
41405196797
41405203572
41405210774
41405216939
41405223775
41405231038
41405237080
41405242696
41405248616
41405257588
41405263875
41405270100
41405276509
41405283345
41405289632
41405295796
41405302754
41405309956
41405317586
41405322896
41405330037
41405336629
41405343525
41405350056
41405357319
41405363606
41405370625
41405376729
41405384297
41405389729
41405396321
41405404194
41405411763
41405418415
41405424580
41405431782
41405437825
41405444233
41405452351
41405458637
41405465962
41405471821
41405478657
41405485493
41405493122
41405499531
41405506733
41405513203
41405521137
41405526997
41405534260
41405540241
41405546101
41405554035
41405559589
41405567951
41405573872
41405580952
41405587116
41405593769
41405600117
41405608356
41405613911
41405620014
41405627216
41405634540
41405639484
41405647175
41405655720
41405662006
41405668476
41405674884
41405680500
41405688190
41405694355
41405702167
41405708088
41405715290
41405721881
41405729145
41405734943
41405741535
41405748310
41405755695
41405761676
41405766986
41405775104
41405781207
41405788654
41405794696
41405802081
41405808246
41405813739
41405823566
41405828510
41405836322
41405840900
41405849323
41405856464
41405863849
41405868488
41405875812
41405882587
41405890460
41405897235
41405903216
41405909747
41405917438
41405923480
41405930072
41405937640
41405943438
41405951190
41405959002
41405963885
41405971148
41405978473
41405984881
41405990374
41405997577
41406005389
41406011187
41406017779
41406025103
41406031634
41406036822
41406044268
41406052996
41406059344
41406065875
41406072161
41406079363
41406084918
41406091448
41406099566
41406105303
41406112444
41406119586
41406124529
41406132342
41406140398
41406146990
41406154192
41406160174
41406166033
41406173846
41406179583
41406186724
41406194170
41406200030
41406206682
41406214190
41406220598
41406226763
41406233172
41406239641
41406247759
41406252947
41406260210
41406267778
41406272844
41406279924
41406287127
41406293718
41406301470
41406307512
41406312944
41406321245
41406327715
41406333330
41406340166
41406348162
41406355059
41406359880
41406367449
41406372392
41406381792
41406387468
41406395036
41406402605
41406409990
41406415117
41406422563
41406429582
41406434648
41406442522
41406448076
41406455522
41406460344
41406469926
41406475053
41406482744
41406489519
41406496782
41406502153
41406509599
41406514604
41406522294
41406529069
41406534257
41406541704
41406549638
41406555864
41406563737
41406569413
41406576371
41406582048
41406587968
41406595231
41406602555
41406609147
41406615312
41406622453
41406628434
41406634355
41406642533
41406649064
41406656388
41406660905
41406668168
41406675309
41406680375
41406686479
41406696061
41406702165
41406708146
41406715836
41406721696
41406728288
41406733964
41406742387
41406748612
41406755936
41406761430
41406768815
41406776078
41406781022
41406788712
41406796464
41406802689
41406808427
41406815995
41406822831
41406829789
41406836014
41406844193
41406850541
41406857499
41406864151
41406869706
41406877640
41406883866
41406891312
41406896927
41406904312
41406911148
41406918290
41406924332
41406929581
41406937149
41406944046
41406950516
41406956192
41406964188
41406970535
41406976456
41406983658
41406991348
41406998001
41407004654
41407011124
41407017654
41407024002
41407031387
41407037979
41407044876
41407052322
41407058548
41407064346
41407070023
41407077286
41407084305
41407091263
41407099319
41407104874
41407111282
41407117325
41407125198
41407130630
41407138260
41407143631
41407151138
41407158218
41407163406
41407171951
41407178177
41407184646
41407192154
41407197952
41407204666
41407211929
41407217361
41407224685
41407231643
41407238723
41407246902
41407251724
41407259719
41407266189
41407271804
41407278335
41407285598
41407293166
41407297866
41407304824
41407312820
41407318801
41407325332
41407332534
41407340347
41407346145
41407351760
41407359145
41407365310
41407372512
41407379287
41407386916
41407393020
41407399856
41407405898
41407412368
41407419875
41407426772
41407434463
41407441726
41407446303
41407453444
41407460402
41407466811
41407472792
41407481032
41407485549
41407493178
41407499282
41407506972
41407515639
41407522597
41407529128
41407537062
41407543166
41407550063
41407557692
41407565261
41407570204
41407576613
41407584364
41407591567
41407596938
41407603346
41407610915
41407617873
41407623122
41407632338
41407638625
41407645033
41407652541
41407657545
41407664259
41407670363
41407675001
41407682692
41407690871
41407697340
41407700453
41407710524
41407715773
41407721754
41407727980
41407735792
41407743055
41407748732
41407755018
41407760511
41407767653
41407773024
41407779738
41407787733
41407794081
41407800856
41407806349
41407813246
41407817457
41407824659
41407830152
41407838270
41407843702
41407850843
41407856153
41407863355
41407869947
41407874891
41407880934
41407890516
41407896681
41407902418
41407908643
41407915601
41407921644
41407926893
41407935560
41407942091
41407948499
41407954847
41407961011
41407966627
41407974622
41407979810
41407987684
41407994092
41408001661
41408008375
41408013502
41408019361
41408026929
41408035413
41408041944
41408048536
41408054761
41408063123
41408068433
41408076551
41408081617
41408089734
41408096387
41408102613
41408109449
41408116895
41408123242
41408128614
41408138074
41408144727
41408151013
41408157361
41408164380
41408171826
41408178479
41408185925
41408192212
41408198010
41408205823
41408211865
41408219617
41408224439
41408232434
41408240552
41408247632
41408253857
41408261182
41408267285
41408272656
41408281079
41408286145
41408294873
41408300671
41408309460
41408314221
41408322156
41408329907
41408336560
41408343091
41408348828
41408356274
41408363415
41408369763
41408375073
41408382397
41408387280
41408396923
41408403088
41408409619
41408415173
41408423107
41408429211
41408435131
41408441723
41408449414
41408455883
41408463268
41408469677
41408476940
41408483227
41408489147
41408497265
41408504040
41408509594
41408516552
41408523632
41408529003
41408534679
41408542858
41408549511
41408557812
41408563671
41408570019
41408576305
41408582592
41408589855
41408597484
41408603832
41408610302
41408616527
41408623607
41408629955
41408635998
41408644054
41408651317
41408657421
41408662792
41408669994
41408676281
41408683483
41408690868
41408699047
41408705516
41408712719
41408718700
41408724254
41408731945
41408736949
41408745128
41408751048
41408758190
41408766063
41408770702
41408777965
41408784923
41408791759
41408798839
41408805431
41408812328
41408820140
41408825023
41408832469
41408838939
41408846690
41408852977
41408859508
41408865733
41408873241
41408879344
41408885570
41408892161
41408899913
41408907115
41408912425
41408919688
41408925975
41408932506
41408939097
41408946422
41408954356
41408960765
41408966441
41408974131
41408979625
41408986094
41408993174
41409000376
41409007457
41409013682
41409020640
41409026805
41409033518
41409040293
41409048045
41409053965
41409059397
41409066783
41409074717
41409080088
41409088572
41409096079
41409102305
41409107981
41409115733
41409120737
41409128428
41409134287
41409141795
41409147471
41409154856
41409161082
41409167857
41409173777
41409180979
41409187876
41409194895
41409201121
41409208506
41409215769
41409221811
41409227732
41409235849
41409243296
41409249582
41409254587
41409262034
41409269236
41409275583
41409281076
41409289438
41409295481
41409302805
41409308908
41409316172
41409322519
41409329660
41409336191
41409343698
41409349863
41409356577
41409362985
41409368356
41409376169
41409381723
41409389597
41409395700
41409403269
41409410165
41409415414
41409422495
41409429880
41409436349
41409442819
41409450815
41409457162
41409462839
41409469125
41409476266
41409483591
41409491037
41409497629
41409504159
41409510568
41409516610
41409524728
41409531503
41409537973
41409544259
41409551645
41409558786
41409563913
41409570871
41409578012
41409584970
41409592721
41409598642
41409605477
41409612741
41409617929
41409625436
41409633004
41409640817
41409646981
41409654305
41409660714
41409666451
41409672799
41409678903
41409686837
41409693490
41409700387
41409705819
41409713448
41409719796
41409726266
41409733224
41409739877
41409747994
41409752877
41409760873
41409766488
41409773690
41409779305
41409787057
41409793709
41409800667
41409807015
41409813668
41409819893
41409826912
41409833504
41409841195
41409846932
41409854073
41409861580
41409866280
41409873543
41409881050
41409887825
41409894356
41409900948
41409908821
41409914803
41409921944
41409927376
41409934883
41409943001
41409947762
41409954842
41409961800
41409968025
41409973885
41409982308
41409989021
41409994820
41410000801
41410008003
41410013557
41410020821
41410027779
41410035225
41410043098
41410048653
41410054512
41410061897
41410067696
41410075020
41410082832
41410089180
41410095772
41410102241
41410108650
41410115242
41410121040
41410129280
41410136177
41410143623
41410148018
41410155220
41410160957
41410168098
41410173835
41410182869
41410190742
41410196418
41410202827
41410208259
41410216011
41410221626
41410229499
41410235115
41410242805
41410249092
41410254951
41410263252
41410268684
41410277778
41410284126
41410290473
41410297858
41410304206
41410309943
41410316291
41410322700
41410330756
41410336921
41410343452
41410349921
41410356513
41410363654
41410370185
41410376227
41410384406
41410389655
41410397712
41410403266
41410411384
41410416022
41410423530
41410428840
41410436896
41410442939
41410449836
41410456061
41410462958
41410469245
41410475714
41410480048
41410487372
41410493659
41410500067
41410506720
41410511542
41410518439
41410525336
41410531562
41410537299
41410544257
41410551398
41410557318
41410563056
41410569159
41410576605
41410583502
41410588629
41410594977
41410602240
41410608466
41410614447
41410620551
41410627386
41410634161
41410641180
41410647589
41410653387
41410660773
41410666693
41410673407
41410679083
41410687811
41410693793
41410701056
41410706183
41410713324
41410719610
41410725897
41410730597
41410738104
41410744207
41410750982
41410756720
41410761541
41410768194
41410775274
41410781439
41410786261
41410793096
41410799993
41410806341
41410810980
41410818731
41410825811
41410832464
41410838140
41410844183
41410851568
41410857672
41410863531
41410869451
41410875616
41410882147
41410888067
41410895574
41410901006
41410907171
41410913580
41410919744
41410925603
41410932134
41410937872
41410945623
41410950872
41410958623
41410964239
41410969854
41410976873
41410984075
41410990056
41410997747
41411003423
41411010503
41411016485
41411023504
41411031255
41411036382
41411044622
41411052068
41411058843
41411066228
41411073796
41411079412
41411087224
41411092900
41411100347
41411107488
41411114263
41411120549
41411125615
41411132207
41411139897
41411147588
41411152959
41411160954
41411166081
41411175359
41411180303
41411187383
41411194463
41411201176
41411207402
41411213628
41411220097
41411226384
41411233403
41411240178
41411245671
41411253667
41411259831
41411265690
41411271489
41411278813
41411284978
41411290593
41411298222
41411305302
41411310612
41411317570
41411322514
41411329472
41411336735
41411344182
41411350285
41411355046
41411361271
41411367497
41411374699
41411379460
41411386662
41411393559
41411399906
41411406864
41411412846
41411418156
41411425846
41411430729
41411439335
41411444401
41411452458
41411458500
41411464176
41411471195
41411476872
41411483463
41411491459
41411497929
41411504826
41411510136
41411516972
41411521976
41411528873
41411536747
41411542362
41411550541
41411556766
41411562992
41411568973
41411575260
41411582584
41411589603
41411597050
41411602970
41411608341
41411615726
41411621402
41411628788
41411634952
41411642582
41411649357
41411655765
41411662052
41411668155
41411672794
41411679691
41411686832
41411694156
41411700382
41411705387
41411711978
41411718997
41411724857
41411732181
41411738346
41411744571
41411750736
41411756229
41411763553
41411768741
41411776004
41411780826
41411788821
41411794681
41411802188
41411808536
41411814090
41411820316
41411825992
41411832584
41411840457
41411847415
41411852420
41411859439
41411866153
41411872073
41411878848
41411885074
41411892581
41411899234
41411905765
41411912051
41411918277
41411924502
41411930789
41411937503
41411944400
41411952517
41411956485
41411964236
41411970706
41411976443
41411983340
41411989871
41411996096
41412003054
41412008609
41412015505
41412021304
41412028384
41412035159
41412042849
41412049441
41412056094
41412062197
41412068911
41412075015
41412081728
41412088076
41412091555
41412101504
41412107058
41412113100
41412119326
41412126772
41412132876
41412138918
41412145754
41412153017
41412157839
41412165041
41412170901
41412178042
41412183962
41412192202
41412198549
41412205019
41412210940
41412215822
41412223269
41412228457
41412235964
41412242861
41412249514
41412255678
41412263308
41412269167
41412275209
41412281496
41412287966
41412293215
41412301393
41412306642
41412314394
41412320070
41412325807
41412332521
41412339845
41412345705
41412352602
41412357301
41412364198
41412370424
41412377260
41412383119
41412390932
41412396120
41412403078
41412410097
41412414735
41412423402
41412428407
41412436403
41412442628
41412450136
41412455263
41412462892
41412468629
41412475221
41412481386
41412489442
41412495668
41412501344
41412507814
41412515809
41412520814
41412528749
41412535157
41412543153
41412549257
41412556398
41412560975
41412568971
41412576173
41412581849
41412588075
41412594850
41412603150
41412608338
41412617494
41412622865
41412631410
41412636842
41412645875
41412652650
41412659120
41412664246
41412670777
41412676209
41412682435
41412688905
41412695252
41412702576
41412708985
41412715333
41412721497
41412728516
41412734864
41412739930
41412748048
41412753602
41412759949
41412766663
41412772401
41412778016
41412786683
41412790894
41412798585
41412804200
41412812012
41412818177
41412824341
41412831849
41412837159
41412843445
41412853028
41412859253
41412865357
41412871765
41412878723
41412885315
41412892517
41412899170
41412906250
41412912537
41412918091
41412924500
41412931336
41412937134
41412942749
41412951599
41412958618
41412966614
41412972839
41412979004
41412986328
41412992554
41412998840
41413006653
41413011963
41413019836
41413026367
41413032043
41413039734
41413045288
41413053345
41413058960
41413066223
41413074463
41413080993
41413084595
41413092712
41413098266
41413106628
41413114807
41413120971
41413127075
41413133239
41413139770
41413146057
41413151184
41413158996
41413165344
41413171508
41413177734
41413185974
41413192077
41413200012
41413205017
41413212768
41413220275
41413225463
41413232360
41413239562
41413246581
41413252990
41413260314
41413266723
41413273803
41413280273
41413287048
41413292968
41413301574
41413307067
41413313964
41413319823
41413326659
41413332763
41413340880
41413346984
41413354674
41413361815
41413368651
41413375121
41413382018
41413388366
41413394530
41413400634
41413406066
41413412719
41413419310
41413427550
41413433410
41413439818
41413445067
41413452636
41413458434
41413464843
41413470519
41413478026
41413483092
41413490660
41413495421
41413502928
41413507628
41413516112
41413521178
41413528502
41413534484
41413541686
41413547423
41413554747
41413558714
41413566588
41413573790
41413578734
41413587340
41413593016
41413600768
41413607298
41413613829
41413620909
41413627318
41413634154
41413640684
41413646055
41413653807
41413657957
41413666319
41413673460
41413679442
41413685606
41413692930
41413698362
41413705259
41413710020
41413717650
41413725035
41413729796
41413737730
41413744322
41413750425
41413755308
41413763731
41413767515
41413776487
41413781980
41413788084
41413793089
41413800108
41413807310
41413813963
41413819700
41413825926
41413832701
41413840818
41413847227
41413852720
41413858152
41413867002
41413871824
41413879514
41413883970
41413891966
41413897520
41413903135
41413909971
41413916318
41413923215
41413928587
41413935972
41413941343
41413947568
41413954282
41413958799
41413966794
41413972654
41413979734
41413984739
41413991880
41413997556
41414004636
41414009519
41414017148
41414021543
41414028562
41414034116
41414041135
41414047116
41414054136
41414060361
41414067380
41414071836
41414078672
41414084592
41414091428
41414096860
41414103879
41414111569
41414116696
41414124021
41414128781
41414135617
41414143063
41414148923
41414155759
41414161984
41414168759
41414174802
41414181271
41414187314
41414193295
41414199155
41414203854
41414211606
41414219235
41414225461
41414231015
41414237118
41414242428
41414250119
41414255124
41414261593
41414268735
41414274716
41414281430
41414287411
41414294430
41414300290
41414306515
41414314572
41414321591
41414328976
41414336239
41414341549
41414349728
41414354855
41414363766
41414370358
41414378781
41414385006
41414391537
41414395138
41414405209
41414411495
41414417965
41414425167
41414431454
41414439266
41414445187
41414453304
41414459042
41414464474
41414473019
41414479672
41414486996
41414491940
41414499264
41414504635
41414511898
41414517391
41414523495
41414532772
41414539791
41414546322
41414554134
41414559933
41414566524
41414572994
41414579525
41414584835
41414591793
41414597530
41414604305
41414609981
41414614681
41414622615
41414628658
41414634334
41414640010
41414647701
41414653377
41414658870
41414664547
41414673397
41414679378
41414687068
41414694820
41414700130
41414710018
41414716609
41414723750
41414730159
41414736995
41414742915
41414749568
41414756404
41414764522
41414770137
41414776912
41414784419
41414790462
41414796748
41414804805
41414811153
41414817073
41414824641
41414830745
41414837581
41414844600
41414849910
41414857112
41414862178
41414869441
41414876887
41414882197
41414889277
41414894038
41414902827
41414907771
41414914180
41414922114
41414928645
41414935054
41414941401
41414946894
41414953181
41414960566
41414967219
41414972712
41414979243
41414985469
41414991999
41414999324
41415005122
41415009822
41415017573
41415023921
41415030512
41415037592
41415044673
41415050715
41415056208
41415062495
41415069331
41415074030
41415081416
41415087702
41415094660
41415101435
41415107844
41415114863
41415119685
41415127314
41415135187
41415141718
41415148005
41415154047
41415158930
41415166987
41415172968
41415179743
41415185846
41415193903
41415199579
41415205744
41415211969
41415218012
41415223139
41415231379
41415238459
41415244440
41415250544
41415256159
41415263239
41415268488
41415274408
41415283075
41415289484
41415296259
41415302179
41415308893
41415313959
41415320856
41415325800
41415333429
41415341058
41415345758
41415353082
41415357904
41415365656
41415372614
41415378717
41415383905
41415391718
41415398614
41415404535
41415410211
41415417718
41415423517
41415429742
41415436517
41415442865
41415448541
41415456048
41415460809
41415468255
41415473504
41415480157
41415486444
41415494317
41415498895
41415506463
41415512933
41415518731
41415523553
41415531671
41415538385
41415545221
41415550409
41415557305
41415563104
41415569940
41415574578
41415582574
41415589776
41415596612
41415602532
41415607537
41415615716
41415620599
41415627618
41415634881
41415641107
41415647576
41415653558
41415658318
41415666009
41415670770
41415678948
41415685174
41415693108
41415698113
41415706048
41415711114
41415717278
41415723260
41415730218
41415738640
41415744500
41415750664
41415756280
41415763604
41415769158
41415774956
41415782525
41415788811
41415796074
41415802605
41415807427
41415813836
41415820855
41415827874
41415834649
41415840813
41415845757
41415852471
41415857354
41415865959
41415871697
41415877922
41415885552
41415891899
41415897331
41415903130
41415909233
41415916680
41415922966
41415929436
41415935295
41415943413
41415947991
41415955681
41415960075
41415967766
41415973442
41415981377
41415987236
41415994499
41416001152
41416006035
41416012871
41416019401
41416024345
41416033378
41416039909
41416044914
41416053276
41416058769
41416064873
41416071464
41416078361
41416085319
41416091789
41416096733
41416104362
41416110038
41416116020
41416121696
41416127922
41416134697
41416142631
41416148796
41416154350
41416159294
41416166984
41416171623
41416180534
41416187309
41416195182
41416203727
41416207328
41416217704
41416224174
41416230705
41416234184
41416244499
41416250297
41416257926
41416263053
41416271110
41416276725
41416283256
41416289603
41416297721
41416302604
41416310233
41416316215
41416321891
41416327445
41416335563
41416341544
41416348929
41416354178
41416361442
41416366263
41416373160
41416378592
41416386161
41416394339
41416402152
41416409049
41416417228
41416423392
41416430777
41416438895
41416443473
41416451957
41416457572
41416465445
41416470816
41416478568
41416484000
41416491507
41416498587
41416505484
41416511527
41416516165
41416523551
41416528128
41416536368
41416544425
41416550772
41416555838
41416563040
41416569632
41416575858
41416580985
41416589224
41416596548
41416604056
41416609793
41416617239
41416624197
41416631827
41416638357
41416645376
41416652090
41416658133
41416666311
41416672171
41416678702
41416684073
41416692679
41416698477
41416704886
41416710989
41416716787
41416722586
41416729910
41416735098
41416741384
41416750051
41416755789
41416762869
41416768301
41416774649
41416781607
41416785879
41416793936
41416800466
41416807424
41416813162
41416820120
41416825979
41416832449
41416839529
41416844717
41416852468
41416858083
41416865652
41416871816
41416877859
41416883169
41416889700
41416897878
41416904287
41416910024
41416916006
41416921499
41416929067
41416934499
41416941335
41416948415
41416954152
41416960927
41416967946
41416973806
41416979238
41416984792
41416993337
41416999135
41417005971
41417012380
41417019094
41417025624
41417031728
41417036489
41417044973
41417052419
41417057424
41417064199
41417069448
41417076955
41417084218
41417090505
41417097402
41417103566
41417109181
41417115041
41417122426
41417128285
41417134877
41417141164
41417147450
41417153737
41417160634
41417166310
41417172292
41417178395
41417185292
41417191579
41417198292
41417205678
41417210988
41417218129
41417223561
41417230641
41417236867
41417242909
41417249135
41417256215
41417263600
41417268422
41417275258
41417281727
41417288319
41417295582
41417301747
41417306691
41417313832
41417319020
41417326649
41417332508
41417338795
41417347035
41417353260
41417359425
41417365345
41417372242
41417378346
41417384205
41417390736
41417398731
41417404591
41417410694
41417416493
41417423390
41417429066
41417435169
41417443836
41417448780
41417455982
41417462391
41417469532
41417474415
41417481739
41417486866
41417495045
41417501392
41417506214
41417513660
41417518543
41417526111
41417531177
41417539173
41417546863
41417553333
41417560291
41417566578
41417573108
41417579151
41417585560
41417591968
41417599537
41417605274
41417610584
41417618213
41417623584
41417630909
41417637317
41417645130
41417651722
41417656665
41417662281
41417669361
41417676563
41417681385
41417689075
41417695850
41417702197
41417707263
41417714038
41417721485
41417727832
41417733203
41417741321
41417744678
41417754382
41417759753
41417765918
41417772998
41417778735
41417784228
41417791003
41417798450
41417804309
41417811084
41417816638
41417824084
41417829455
41417835742
41417843005
41417849048
41417855945
41417861621
41417868579
41417874133
41417879565
41417886401
41417894824
41417901111
41417905810
41417911792
41417917773
41417925158
41417930407
41417937854
41417945788
41417952319
41417957080
41417964587
41417971179
41417977343
41417983630
41417990100
41417997790
41418004260
41418010302
41418016589
41418021655
41418029528
41418034899
41418041308
41418049059
41418054797
41418060168
41418067492
41418072009
41418079455
41418084093
41418091967
41418098864
41418104662
41418111803
41418117296
41418123156
41418130114
41418135912
41418143847
41418151537
41418156481
41418163927
41418168749
41418176073
41418180895
41418188219
41418196032
41418202135
41418208239
41418214342
41418220079
41418226366
41418232836
41418239489
41418245653
41418252245
41418258470
41418264391
41418270983
41418276842
41418283129
41418290941
41418296739
41418304552
41418309191
41418316576
41418322618
41418329454
41418335558
41418341966
41418348375
41418355638
41418360521
41418367662
41418374315
41418381517
41418386766
41418395128
41418401292
41418406175
41418414171
41418419054
41418426073
41418430833
41418437059
41418446031
41418452562
41418457872
41418464219
41418471422
41418477586
41418483629
41418490342
41418498277
41418504441
41418510301
41418516282
41418523240
41418529222
41418534715
41418542405
41418549729
41418555406
41418562242
41418569139
41418574632
41418581834
41418586656
41418594224
41418601121
41418607530
41418612046
41418619370
41418624192
41418631394
41418636582
41418644273
41418651475
41418658006
41418663926
41418668870
41418676377
41418681138
41418688279
41418697007
41418703599
41418709702
41418716050
41418723191
41418730332
41418737046
41418745713
41418751572
41418759080
41418764206
41418771897
41418778611
41418783860
41418790452
41418799546
41418805832
41418813218
41418819870
41418826096
41418833115
41418838974
41418848374
41418855027
41418860947
41418867234
41418874985
41418880234
41418888230
41418895981
41418901230
41418908798
41418916367
41418922226
41418928452
41418934860
41418940231
41418950424
41418956589
41418962570
41418968918
41418976547
41418982590
41418990280
41418994858
41419002609
41419008957
41419016769
41419021835
41419029465
41419037094
41419042282
41419048507
41419056015
41419062912
41419069626
41419076767
41419081955
41419089340
41419096237
41419103866
41419109054
41419116195
41419123947
41419130416
41419137680
41419144149
41419150253
41419159103
41419165939
41419171676
41419179794
41419185287
41419192916
41419197616
41419205673
41419212814
41419219100
41419225753
41419232284
41419238754
41419246871
41419252975
41419260604
41419265731
41419273177
41419280563
41419285384
41419293075
41419299544
41419306441
41419312667
41419320907
41419328109
41419333785
41419340743
41419346602
41419352340
41419361800
41419368087
41419375594
41419381820
41419388167
41419396102
41419401168
41419409468
41419415572
41419422591
41419429549
41419434249
41419441817
41419446761
41419456710
41419463851
41419469771
41419475569
41419482955
41419489058
41419495955
41419502913
41419509810
41419516097
41419522383
41419528731
41419534712
41419542525
41419547652
41419555769
41419562117
41419569136
41419576216
41419582869
41419589644
41419597395
41419603865
41419609785
41419617415
41419623152
41419630781
41419637068
41419643965
41419650557
41419658552
41419664961
41419671003
41419677290
41419683210
41419691084
41419697432
41419705488
41419711409
41419718611
41419724104
41419731611
41419738264
41419743391
41419751387
41419759504
41419765791
41419771833
41419779463
41419785871
41419791364
41419798383
41419805769
41419812544
41419817243
41419826643
41419831648
41419839338
41419845136
41419852094
41419860273
41419865949
41419872785
41419880170
41419886030
41419892988
41419899457
41419906293
41419912824
41419919843
41419926191
41419933149
41419939008
41419946271
41419954206
41419960553
41419968427
41419974958
41419981427
41419989484
41419996015
41420002423
41420009015
41420015363
41420020917
41420028485
41420035627
41420041120
41420047895
41420055646
41420061322
41420068646
41420076032
41420082196
41420088483
41420095685
41420103070
41420110272
41420117536
41420123578
41420130841
41420137982
41420143231
41420150739
41420158795
41420167035
41420172528
41420180463
41420186383
41420193951
41420200604
41420208050
41420214459
41420219708
41420226727
41420231732
41420239789
41420247296
41420253705
41420260296
41420268292
41420274701
41420280316
41420286969
41420294232
41420299176
41420307354
41420314862
41420319928
41420327557
41420335125
41420341656
41420347149
41420355572
41420361676
41420369183
41420374371
41420381512
41420387982
41420395367
41420402203
41420409527
41420415936
41420422161
41420429913
41420435772
41420442791
41420450054
41420455486
41420463177
41420468121
41420476421
41420482891
41420490948
41420497723
41420503521
41420509991
41420516949
41420524700
41420529461
41420537090
41420541973
41420551311
41420556438
41420564739
41420571453
41420577495
41420583477
41420590923
41420596599
41420604839
41420611797
41420616863
41420624309
41420629131
41420638713
41420644573
41420651103
41420659221
41420664775
41420673015
41420679424
41420685832
41420690532
41420698222
41420705303
41420711711
41420717876
41420725871
41420732036
41420739116
41420744365
41420751750
41420760417
41420765849
41420772197
41420779521
41420785930
41420791484
41420799541
41420806315
41420813518
41420818400
41420825725
41420832744
41420837993
41420847087
41420855571
41420861125
41420868205
41420875407
41420881389
41420887004
41420894389
41420899577
41420907634
41420915080
41420921305
41420927714
41420934062
41420940043
41420948344
41420955180
41420961161
41420967570
41420975321
41420979655
41420987162
41420994120
41421000407
41421009379
41421015727
41421022074
41421028483
41421036295
41421042765
41421049357
41421055460
41421062540
41421069193
41421074503
41421083048
41421089152
41421097269
41421104166
41421109965
41421116617
41421124308
41421128458
41421135843
41421144022
41421150492
41421156901
41421160074
41421170145
41421174784
41421182657
41421189371
41421197367
41421202066
41421209574
41421217020
41421222269
41421229776
41421237955
41421244608
41421250589
41421256998
41421265299
41421270792
41421277384
41421284647
41421290140
41421297769
41421304605
41421311136
41421317667
41421324197
41421332254
41421337503
41421344461
41421350565
41421358865
41421363931
41421372293
41421378885
41421384561
41421389993
41421397317
41421405801
41421410867
41421419046
41421425699
41421432107
41421437539
41421446267
41421451822
41421459207
41421465677
41421473062
41421479593
41421487100
41421493753
41421501199
41421507302
41421513650
41421519815
41421526284
41421534036
41421540383
41421545877
41421553018
41421560098
41421566934
41421571694
41421579873
41421585549
41421592446
41421599526
41421607583
41421612527
41421620278
41421626077
41421633462
41421639443
41421647317
41421653420
41421660622
41421666848
41421673562
41421679665
