41494901768
41494908177
41494915379
41494921116
41494927464
41494933872
41494939793
41494944981
41494949802
41494956577
41494961704
41494968662
41494974705
41494980747
41494986851
41494992161
41495000095
41495006321
41495013950
41495020054
41495026768
41495033848
41495040500
41495046665
41495055881
41495059665
41495068454
41495076206
41495082615
41495089634
41495097019
41495104404
41495108738
41495117405
41495123935
41495130649
41495138706
41495144809
41495151950
41495157810
41495165683
41495171543
41495179721
41495183505
41495191867
41495199008
41495204624
41495212802
41495218051
41495224765
41495230869
41495237766
41495244663
41495252658
41495258151
41495265048
41495270663
41495277805
41495283847
41495291415
41495298617
41495307162
41495313022
41495320407
41495326510
41495334018
41495340426
41495347812
41495354587
41495362033
41495367892
41495376315
41495380587
41495390048
41495394564
41495404635
41495409518
41495418856
41495426181
41495431674
41495439669
41495447421
41495454196
41495462619
41495469515
41495476840
41495483615
41495489108
41495496676
41495503756
41495512423
41495519564
41495527377
41495533785
41495541293
41495547945
41495555575
41495561251
41495568331
41495574862
41495582430
41495588106
41495595370
41495601229
41495608065
41495614352
41495622774
41495628756
41495635592
41495641390
41495648470
41495654207
41495662630
41495666842
41495674837
41495681429
41495688509
41495694674
41495702608
41495709383
41495716951
41495721285
41495728670
41495735140
41495743135
41495747408
41495756014
41495762606
41495770113
41495774385
41495783663
41495788606
41495797884
41495802339
41495813081
41495821077
41495827058
41495834016
41495841585
41495849153
41495856355
41495861909
41495869112
41495873445
41495882722
41495890047
41495897493
41495904634
41495913423
41495922029
41495928193
41495937593
41495944734
41495953462
41495960481
41495966218
41495976350
41495981965
41495991731
41495999116
41496007173
41496013765
41496022920
41496029451
41496039765
41496046174
41496054536
41496061494
41496070161
41496077607
41496088166
41496095307
41496105439
41496112397
41496117707
41496127107
41496135835
41496142976
41496152009
41496161591
41496168732
41496179353
41496184846
41496194367
41496201813
41496212372
41496217316
41496229218
41496234711
41496245514
41496252656
41496261261
41496268097
41496275116
41496284028
41496291108
41496297821
41496309845
41496317902
41496326325
41496332978
41496342011
41496350861
41496358612
41496368012
41496377472
41496384857
41496390106
41496403412
41496408539
41496419586
41496424835
41496435944
41496442413
41496454132
41496461395
41496468048
41496478058
41496485809
41496492157
41496501373
41496508575
41496518829
41496528229
41496535736
41496545074
41496553497
41496562103
41496568145
41496578827
41496584747
41496596832
41496602020
41496612579
41496617645
41496628021
41496635284
41496642608
41496652435
41496660797
41496667999
41496676177
41496682464
41496691253
41496700042
41496707916
41496716827
41496724090
41496733062
41496741912
41496748870
41496757232
41496765350
41496770599
41496780852
41496788726
41496798858
41496807281
41496815215
41496822661
41496832122
41496839202
41496845611
41496855376
41496863494
41496870452
41496880828
41496887481
41496895781
41496904509
41496912139
41496921416
41496930083
41496939788
41496947722
41496954192
41496961760
41496971099
41496978606
41496987883
41496996916
41497007903
41497015288
41497022551
41497032072
41497040068
41497046904
41497055327
41497065764
41497075346
41497081938
41497089628
41497097136
41497104826
41497112211
41497118803
41497127226
41497133513
41497140532
41497147734
41497154204
41497161345
41497168303
41497175200
41497182951
41497190092
41497197172
41497203947
41497211088
41497219572
41497226835
41497235380
41497243742
41497251127
41497259733
41497268217
41497275053
41497281584
41497288847
41497296110
41497303068
41497310575
41497316862
41497323637
41497331083
41497336515
41497345914
41497354032
41497359464
41497366972
41497372526
41497379606
41497383695
41497393156
41497401823
41497406644
41497414335
41497421781
41497430265
41497435697
41497444425
41497452726
41497459745
41497467984
41497472745
41497480985
41497487394
41497496305
41497504483
41497511502
41497516385
41497524686
41497532376
41497537564
41497544889
41497552701
41497558988
41497565946
41497572659
41497579190
41497584561
41497590909
41497597745
41497604947
41497610745
41497617886
41497624234
41497628995
41497637051
41497642300
41497648953
41497655484
41497663235
41497668484
41497674893
41497680508
41497687588
41497693997
41497701138
41497709439
41497715664
41497720120
41497727139
41497733426
41497739773
41497745511
41497752469
41497758572
41497765164
41497771939
41497776761
41497784085
41497790310
41497795437
41497802029
41497808743
41497813870
41497822048
41497826748
41497834378
41497838955
41497846157
41497853359
41497859463
41497866238
41497872158
41497877529
41497884365
41497889675
41497896450
41497902737
41497910976
41497916958
41497923061
41497929226
41497935879
41497939968
41497947903
41497955044
41497961758
41497967983
41497974453
41497981472
41497988125
41497992946
41498000149
41498007473
41498014248
41498019680
41498025905
41498033046
41498037807
41498045253
41498050380
41498058315
41498063381
41498071438
41498076564
41498083828
41498089199
41498096340
41498102138
41498110134
41498113857
41498121364
41498126613
41498133510
41498138942
41498146694
41498153408
41498159999
41498163661
41498171657
41498177822
41498184169
41498187709
41498197170
41498204494
41498209621
41498216213
41498222499
41498227809
41498234035
41498240627
41498245937
41498254054
41498259120
41498266627
41498271449
41498279079
41498283778
41498291652
41498297328
41498305568
41498310817
41498316737
41498323512
41498330531
41498335658
41498342067
41498348109
41498355800
41498359523
41498367579
41498372950
41498379359
41498384608
41498392176
41498399623
41498406337
41498413050
41498419398
41498425624
41498430384
41498437281
41498442958
41498451136
41498457789
41498463160
41498469630
41498475489
41498481898
41498488184
41498494776
41498502894
41498508143
41498514552
41498519190
41498527308
41498531947
41498539515
41498545191
41498552210
41498557520
41498564051
41498571009
41498577296
41498582545
41498589808
41498595667
41498603358
41498609400
41498614466
41498619471
41498626612
41498631739
41498640284
41498644251
41498652613
41498658899
41498665369
41498671961
41498676722
41498681726
41498689661
41498698572
41498703760
41498710596
41498717066
41498723108
41498729212
41498735620
41498741907
41498748377
41498753382
41498761194
41498765955
41498772241
41498778467
41498784754
41498792383
41498799524
41498805078
41498811365
41498816614
41498824121
41498831018
41498836511
41498845056
41498850244
41498855554
41498863611
41498867212
41498875452
41498880517
41498888208
41498895227
41498902124
41498905725
41498914331
41498917871
41498926172
41498933008
41498939843
41498947046
41498953454
41498959619
41498966089
41498972497
41498978601
41498984643
41498991296
41498999292
41499004785
41499010949
41499017663
41499024011
41499029382
41499036035
41499041833
41499049768
41499055139
41499061303
41499066796
41499073205
41499078332
41499086205
41499091638
41499099572
41499105370
41499111840
41499117577
41499123925
41499130517
41499137353
41499144433
41499151147
41499156029
41499162377
41499169396
41499175378
41499181420
41499187951
41499193810
41499200341
41499207238
41499211938
41499219018
41499225243
41499231286
41499238549
41499245690
41499252892
41499258080
41499264977
41499271141
41499275841
41499282921
41499288781
41499296837
41499302086
41499308373
41499313561
41499321801
41499326866
41499334130
41499339867
41499347740
41499351219
41499359154
41499364342
41499372276
41499376000
41499383690
41499391991
41499398460
41499404564
41499410729
41499416893
41499422936
41499428673
41499435081
41499441612
41499448082
41499454185
41499460533
41499466515
41499472801
41499479088
41499485741
41499492149
41499499351
41499505028
41499509727
41499517601
41499522239
41499528648
41499535423
41499542869
41499548118
41499554466
41499560997
41499566673
41499573326
41499579429
41499588157
41499593284
41499598411
41499606834
41499612815
41499618980
41499625328
41499629905
41499635826
41499644248
41499647849
41499655967
41499661888
41499668052
41499674949
41499681785
41499688987
41499695640
41499701682
41499707969
41499714683
41499719505
41499726402
41499731773
41499739341
41499746177
41499752402
41499757102
41499764121
41499770713
41499775901
41499783103
41499790000
41499796836
41499802817
41499807883
41499814841
41499821372
41499827353
41499832847
41499839927
41499845237
41499852866
41499858847
41499865378
41499871543
41499877951
41499884665
41499891257
41499897483
41499903830
41499910056
41499916342
41499922629
41499929282
41499936423
41499941611
41499947837
41499954062
41499960227
41499966330
41499973166
41499978110
41499985556
41499991660
41499996787
41500002829
41500009604
41500015585
41500021994
41500029074
41500036703
41500041464
41500047934
41500054587
41500060873
41500066122
41500072592
41500080099
41500086325
41500093466
41500098898
41500105551
41500111044
41500117636
41500124106
41500130453
41500137838
41500143026
41500149740
41500154867
41500162802
41500167807
41500175985
41500183798
41500190573
41500195150
41500201925
41500208395
41500214498
41500220663
41500227011
41500233847
41500240194
41500247274
41500251791
41500258016
41500264181
41500270590
41500277059
41500283712
41500291036
41500297018
41500301901
41500309835
41500315450
41500321493
41500326620
41500334371
41500341390
41500346822
41500353658
41500359090
41500365804
41500372579
41500378805
41500385824
41500390706
41500398214
41500403524
41500410299
41500415609
41500422017
41500427938
41500434896
41500441549
41500448446
41500452291
41500460653
41500467183
41500473470
41500481404
41500487813
41500493673
41500499715
41500506063
41500512410
41500518514
41500525594
41500530904
41500537557
41500543172
41500549581
41500555684
41500561971
41500569356
41500576314
41500584126
41500589253
41500596822
41500601582
41500609151
41500613728
41500620198
41500628072
41500633992
41500641133
41500646565
41500653584
41500659138
41500666218
41500672200
41500678181
41500686116
41500690266
41500697346
41500702656
41500709553
41500714863
41500721821
41500727314
41500735310
41500741169
41500747517
41500753499
41500759785
41500766499
41500772969
41500780354
41500787068
41500792195
41500798359
41500804585
41500810810
41500817707
41500822834
41500829670
41500835896
41500842365
41500848774
41500855244
41500861591
41500866230
41500873005
41500879414
41500885822
41500891743
41500898212
41500904133
41500910358
41500916584
41500923664
41500929890
41500936054
41500942036
41500948017
41500954548
41500959370
41500966755
41500974995
41500980854
41500987934
41500994160
41500999592
41501005512
41501012531
41501018390
41501024372
41501032367
41501037922
41501043964
41501049396
41501057209
41501062458
41501068622
41501075031
41501082904
41501088031
41501096088
41501099689
41501108112
41501111774
41501119770
41501123981
41501132953
41501136615
41501145038
41501151874
41501158100
41501164386
41501170734
41501177692
41501182880
41501189044
41501195697
41501202106
41501208453
41501213519
41501220111
41501227924
41501233051
41501239642
41501245990
41501252277
41501259173
41501265033
41501272784
41501279315
41501284686
41501290668
41501297137
41501302691
41501309405
41501316485
41501322955
41501331256
41501337726
41501344622
41501348346
41501356707
41501362994
41501369769
41501375994
41501382708
41501389300
41501395526
41501402423
41501407244
41501413958
41501420977
41501428424
41501433673
41501440570
41501448016
41501453997
41501460772
41501465777
41501473101
41501479876
41501485613
41501492754
41501498187
41501504595
41501511309
41501517596
41501523638
41501531878
41501538103
41501543047
41501548296
41501556292
41501561480
41501569109
41501575823
41501582659
41501586199
41501594439
41501600603
41501607012
41501613299
41501619524
41501627031
41501633379
41501638262
41501644365
41501651506
41501657610
41501663103
41501669634
41501678057
41501683611
41501689409
41501696428
41501702410
41501707415
41501715288
41501721758
41501729448
41501734819
41501740801
41501745928
41501753862
41501759172
41501765825
41501771440
41501779924
41501785722
41501792375
41501798296
41501805437
41501811662
41501818315
41501825578
41501832353
41501837480
41501843767
41501850358
41501856462
41501862993
41501870073
41501877092
41501883684
41501890275
41501895280
41501903032
41501907792
41501914506
41501921098
41501928544
41501935502
41501940629
41501947709
41501953813
41501960527
41501966264
41501971330
41501979509
41501984758
41501991471
41501998185
41502004655
41502009782
41502016984
41502022721
41502030961
41502037126
41502043595
41502049394
41502055802
41502061662
41502066239
41502072038
41502080766
41502084672
41502093278
41502100236
41502106461
41502112565
41502119096
41502125932
41502132523
41502138200
41502144608
41502150040
41502156571
41502163590
41502170670
41502176896
41502184037
41502190079
41502194840
41502201798
41502207963
41502215165
41502220780
41502229020
41502234391
41502240738
41502247330
41502252701
41502259232
41502265641
41502271622
41502279557
41502284500
41502292069
41502297440
41502303726
41502309159
41502315506
41502321793
41502329178
41502334488
41502341446
41502346634
41502353836
41502359085
41502366837
41502373184
41502379288
41502384476
41502392288
41502398514
41502404617
41502408524
41502415970
41502422623
41502428787
41502434891
41502441177
41502444839
41502452896
41502458389
41502465896
41502469803
41502477920
41502483841
41502490188
41502495437
41502503616
41502507339
41502515396
41502521621
41502527908
41502534134
41502540237
41502543960
41502551773
41502555618
41502563919
41502568130
41502576736
41502583572
41502589736
41502593521
41502601333
41502605056
41502613601
41502621475
41502628005
41502633987
41502640457
41502646682
41502653091
41502657913
41502666641
41502671951
41502678237
41502685378
41502691848
41502698379
41502703445
41502709670
41502716140
41502723281
41502729507
41502735549
41502741897
41502748366
41502753249
41502760329
41502765945
41502774795
41502779922
41502787856
41502793288
41502799087
41502805983
41502812331
41502818129
41502826125
41502831679
41502837294
41502844436
41502849990
41502855239
41502863112
41502870131
41502876723
41502880446
41502888198
41502894057
41502900344
41502906325
41502912795
41502920790
41502925673
41502932387
41502938552
41502945632
41502951796
41502958815
41502966200
41502972426
41502979079
41502984694
41502991042
41502996657
41503002943
41503009535
41503017165
41503023207
41503030531
41503036085
41503043166
41503048415
41503055434
41503061415
41503066847
41503074415
41503080214
41503088148
41503093397
41503099501
41503104628
41503112013
41503118239
41503124098
41503129530
41503136976
41503142408
41503149611
41503154982
41503161818
41503167616
41503174269
41503179335
41503186171
41503191297
41503199171
41503205335
41503210707
41503219190
41503224073
41503229261
41503236646
41503241956
41503250135
41503253858
41503263685
41503270216
41503276930
41503283338
41503289503
41503295911
41503302015
41503307508
41503314283
41503321668
41503326978
41503334669
41503339612
41503346387
41503352979
41503359510
41503364637
41503372388
41503379712
41503385450
41503392408
41503397779
41503404493
41503410474
41503418653
41503425184
41503431287
41503437696
41503443494
41503449964
41503456189
41503460950
41503469556
41503474683
41503481153
41503487500
41503491223
41503499341
41503506116
41503512586
41503519361
41503525952
41503533093
41503537793
41503544019
41503550244
41503556165
41503563306
41503570752
41503577832
41503583936
41503588757
41503595654
41503602368
41503608533
41503615674
41503621838
41503627331
41503634595
41503639844
41503646313
41503652905
41503659497
41503665356
41503672680
41503677624
41503684949
41503690014
41503697156
41503702282
41503709607
41503716504
41503723889
41503727734
41503736889
41503742260
41503748364
41503755261
41503761608
41503767834
41503774426
41503781262
41503787426
41503793652
41503799755
41503806103
41503813000
41503820202
41503825695
41503832043
41503839367
41503845593
41503851147
41503857189
41503864575
41503872448
41503876965
41503885204
41503891247
41503897900
41503903210
41503910229
41503916332
41503923901
41503930675
41503938671
41503942516
41503951794
41503958141
41503964550
41503971691
41503976879
41503983105
41503989391
41503993419
41504001232
41504007885
41504014599
41504019420
41504027294
41504033580
41504039989
41504046215
41504051220
41504057750
41504064830
41504071727
41504077709
41504084728
41504091259
41504098461
41504105113
41504111461
41504118114
41504125194
41504131786
41504138255
41504144847
41504152599
41504157543
41504165233
41504172374
41504178233
41504185436
41504191844
41504197093
41504204478
41504211314
41504218578
41504223888
41504231395
41504238719
41504245494
41504250560
41504258128
41504263255
41504270640
41504278270
41504285350
41504292491
41504299144
41504304759
41504311290
41504318614
41504324717
41504332408
41504338816
41504344493
41504352488
41504358165
41504364756
41504370921
41504379161
41504386912
41504391673
41504398875
41504405162
41504412120
41504418650
41504424571
41504431651
41504438242
41504444895
41504450205
41504456614
41504462046
41504468455
41504475169
41504482188
41504489512
41504494456
41504501536
41504506602
41504513987
41504518992
41504526865
41504532420
41504539194
41504544749
41504552683
41504558420
41504565806
41504571360
41504579172
41504584910
41504590525
41504597727
41504602976
41504610239
41504616526
41504622202
41504628489
41504634226
41504640818
41504646433
41504653574
41504659311
41504666086
41504673777
41504680185
41504686838
41504693369
41504701120
41504707590
41504713266
41504719980
41504725839
41504732797
41504739145
41504745981
41504752451
41504759531
41504765573
41504772531
41504780832
41504786752
41504790720
41504800424
41504804514
41504813852
41504819894
41504825021
41504832895
41504840341
41504846506
41504853769
41504860238
41504867319
41504873178
41504880258
41504886545
41504893747
41504901376
41504907480
41504913949
41504921212
41504926767
41504934396
41504941415
41504947702
41504954232
41504961862
41504968270
41504974557
41504981149
41504986764
41504993356
41504999276
41505005685
41505011056
41505019235
41505024484
41505031442
41505038094
41505045175
41505049203
41505058663
41505063973
41505071114
41505078133
41505083993
41505090951
41505097848
41505105294
41505110299
41505117440
41505123910
41505129342
41505135934
41505143563
41505149117
41505157296
41505162789
41505168587
41505175545
41505181710
41505187264
41505193001
41505200387
41505204964
41505212410
41505218209
41505224068
41505230111
41505234932
41505243172
41505248909
41505255928
41505261422
41505267891
41505273506
41505281136
41505286629
41505293099
41505299446
41505305916
41505311592
41505317818
41505323372
41505330269
41505335762
41505341683
41505351143
41505357063
41505363106
41505370979
41505377083
41505383919
41505389290
41505396675
41505403389
41505409737
41505415962
41505421760
41505427376
41505434517
41505441170
41505446113
41505452156
41505459541
41505465523
41505473884
41505477852
41505486763
41505493110
41505500313
41505506660
41505514900
41505522102
41505527290
41505531196
41505539863
41505547859
41505555671
41505561225
41505567817
41505573982
41505578987
41505586067
41505591072
41505599494
41505605171
41505612922
41505618537
41505626716
41505632331
41505639533
41505646797
41505653388
41505661384
41505666511
41505673469
41505678596
41505685737
41505691596
41505698554
41505704292
41505710090
41505716621
41505722114
41505728950
41505734382
41505741950
41505747382
41505752814
41505761054
41505766913
41505772590
41505778876
41505784614
41505791144
41505796698
41505803656
41505809882
41505817328
41505822760
41505830146
41505834113
41505841864
41505847297
41505853888
41505859809
41505867133
41505873236
41505878668
41505884223
41505891608
41505895758
41505903388
41505909247
41505915595
41505920966
41505928107
41505933417
41505940863
41505946173
41505953131
41505957221
41505965521
41505969428
41505977423
41505983221
41505991034
41505995306
41506003607
41506009894
41506017523
41506021857
41506029303
41506034735
41506042120
41506046088
41506054877
41506058844
41506066290
41506070135
41506078253
41506083441
41506090277
41506095709
41506103827
41506110846
41506117621
41506122686
41506129339
41506133856
41506143316
41506147955
41506157415
41506164434
41506171759
41506179449
41506184881
41506191900
41506197454
41506203802
41506210394
41506218939
41506223028
41506232305
41506239568
41506246771
41506250738
41506258856
41506265691
41506270757
41506278875
41506285589
41506293157
41506298650
41506305547
41506312505
41506319829
41506326971
41506333196
41506338140
41506345281
41506352300
41506357244
41506364568
41506371343
41506378301
41506383916
41506390569
41506396550
41506401983
41506408941
41506414190
41506421331
41506426397
41506433599
41506438726
41506446233
41506451360
41506459233
41506466313
41506474004
41506477788
41506486394
41506493047
41506499333
41506505437
41506511968
41506519048
41506524419
41506530766
41506537053
41506545598
41506553349
41506560368
41506566655
41506572942
41506580632
41506586491
41506593388
41506598332
41506605046
41506611821
41506617375
41506623967
41506629216
41506635930
41506641179
41506648503
41506653813
41506660405
41506666569
41506673771
41506679326
41506685673
41506691472
41506699223
41506703373
41506711369
41506717717
41506725102
41506731633
41506739079
41506743229
41506752385
41506759526
41506766850
41506773442
41506778935
41506788090
41506793949
41506799992
41506805912
41506814213
41506820866
41506828495
41506835148
41506840214
41506846806
41506853336
41506858830
41506865971
41506871403
41506878117
41506884708
41506891544
41506897282
41506903873
41506910770
41506916263
41506923283
41506930668
41506937321
41506942997
41506950199
41506956119
41506963321
41506971317
41506977298
41506982670
41506990482
41506995914
41507003055
41507008854
41507016056
41507024356
41507030704
41507036441
41507044925
41507048709
41507056522
41507062809
41507070011
41507074466
41507083072
41507087528
41507095706
41507099979
41507107669
41507111820
41507120426
41507127384
41507133792
41507139530
41507146671
41507152469
41507159305
41507164798
41507171878
41507178409
41507185428
41507191837
41507198795
41507204959
41507211856
41507220462
41507226138
41507233340
41507238956
41507247073
41507253055
41507260013
41507266055
41507274051
41507281253
41507288455
41507293216
41507301883
41507306216
41507314578
41507319949
41507326541
41507333316
41507339968
41507347537
41507354129
41507360171
41507366824
41507372988
41507379885
41507387820
41507392947
41507400027
41507404727
41507412234
41507416934
41507424929
41507430300
41507437258
41507444216
41507450198
41507454775
41507462527
41507467165
41507475405
41507481509
41507489260
41507494509
41507501406
41507506838
41507514223
41507519717
41507525759
41507532534
41507540529
41507547426
41507552370
41507557741
41507565432
41507572817
41507577883
41507585940
41507592470
41507597658
41507604189
41507610109
41507616518
41507622805
41507629519
41507638369
41507643251
41507650392
41507656374
41507666445
41507671450
41507679872
41507685304
41507693056
41507700319
41507705873
41507712770
41507720278
41507725588
41507731996
41507739992
41507747072
41507752870
41507759523
41507764711
41507771303
41507777834
41507783937
41507789491
41507796938
41507802248
41507810792
41507814455
41507822084
41507827211
41507835451
41507840150
41507848695
41507856386
41507862611
41507867738
41507874147
41507881288
41507888185
41507894838
41507901490
41507906617
41507913026
41507918458
41507925111
41507931520
41507938417
41507945253
41507952638
41507958375
41507965272
41507971315
41507976014
41507983888
41507990235
41507998292
41508003541
41508011415
41508017396
41508024171
41508027894
41508038331
41508042237
41508049928
41508056275
41508062928
41508066712
41508074647
41508081971
41508086976
41508094666
41508101380
41508108216
41508114503
41508119507
41508126038
41508132386
41508139161
41508145814
41508152711
41508159119
41508166138
41508171631
41508178650
41508184937
41508190003
41508198060
41508203492
41508210022
41508216675
41508222657
41508227478
41508234681
41508242066
41508249146
41508254334
41508261170
41508266541
41508273621
41508278870
41508285523
41508292053
41508299561
41508305603
41508313233
41508322693
41508334107
41508344421
41508351257
41508359192
41508366150
41508373169
41508380554
41508387207
41508393005
41508399780
41508407532
41508414184
41508420105
41508427063
41508432678
41508439514
41508446411
41508453979
41508460998
41508468323
41508474670
41508479797
41508487060
41508491943
41508500061
41508505188
41508512329
41508519226
41508524597
41508531555
41508537292
41508545044
41508552063
41508559143
41508566162
41508573852
41508580505
41508586669
41508593322
41508600524
41508607299
41508614501
41508621032
41508627441
41508634094
41508641540
41508646667
41508653381
41508660339
41508667114
41508674438
41508681091
41508686462
41508693481
41508700866
41508707030
41508714599
41508721313
41508726989
41508733275
41508740722
41508747741
41508753417
41508760009
41508766478
41508774474
41508780883
41508788512
41508795653
41508802245
41508806640
41508815429
41508821959
41508830687
41508837645
41508844237
41508848387
41508856932
41508864440
41508869628
41508876891
41508883849
41508890380
41508895568
41508903075
41508909789
41508916869
41508922179
41508928893
41508935423
41508942076
41508948729
41508955809
41508962340
41508968565
41508975279
41508981749
41508988524
41508995665
41509002684
41509008848
41509015318
41509021483
41509028685
41509035826
41509041258
41509048582
41509053343
41509061217
41509065977
41509072691
41509079649
41509087217
41509092772
41509099974
41509105101
41509111021
41509117796
41509123228
41509131529
41509137815
41509144041
41509149595
41509154966
41509162474
41509167784
41509174009
41509180235
41509188291
41509194273
41509200559
41509206663
41509213133
41509216551
41509225279
41509229673
41509241758
41509247495
41509254270
41509260740
41509267027
41509273191
41509278257
41509286985
41509293943
41509299131
41509306943
41509313413
41509318357
41509325010
41509332761
41509338315
41509343748
41509350583
41509357297
41509363401
41509368528
41509375547
41509382200
41509390683
41509396543
41509402341
41509407590
41509415586
41509419492
41509428708
41509432492
41509441465
41509447568
41509453794
41509460263
41509466550
41509472592
41509479184
41509486630
41509491696
41509497678
41509504147
41509510556
41509517148
41509523496
41509528745
41509537106
41509542844
41509549191
41509554135
41509561704
41509566525
41509574399
41509579892
41509587888
41509593991
41509602048
41509609128
41509614377
41509619870
41509626340
41509632626
41509640805
41509644833
41509653317
41509657406
41509665158
41509669186
41509677792
41509685116
41509692440
41509699276
41509706540
41509712643
41509719906
41509725338
41509732663
41509738583
41509745358
41509751766
41509758419
41509763851
41509770748
41509776852
41509783749
41509790402
41509797238
41509802303
41509809139
41509814755
41509822018
41509828915
41509836361
41509838863
41509849117
41509856808
41509862545
41509870419
41509877315
41509883358
41509890865
41509896725
41509901485
41509909115
41509917415
41509924007
41509929684
41509937069
41509943477
41509950496
41509959041
41509964962
41509970821
41509978084
41509984981
41509992122
41509999508
41510006527
41510010372
41510018489
41510023983
41510032405
41510038936
41510045772
41510050045
41510058589
41510066280
41510071407
41510078914
41510083919
41510090694
41510095943
41510103267
41510109981
41510117183
41510122676
41510129390
41510134578
41510140865
41510147884
41510154903
41510162105
41510168391
41510175777
41510181758
41510188350
41510192378
41510201106
41510206721
41510213435
41510220820
41510227290
41510233272
41510239924
41510245784
41510251155
41510258479
41510263728
41510271785
41510279170
41510285518
41510292415
41510297419
41510304255
41510311152
41510318476
41510324763
41510331599
41510337275
41510343806
41510350947
41510358393
41510364741
41510372309
41510377558
41510384638
41510390376
41510396723
41510404597
41510411494
41510417902
41510425654
41510431086
41510435114
41510444392
41510451533
41510459040
41510465388
41510472285
41510479487
41510484980
41510492792
41510498286
41510505305
41510511591
41510519526
41510526179
41510533014
41510538813
41510546137
41510552790
41510559015
41510565790
41510573664
41510580683
41510588068
41510592157
41510600824
41510607477
41510613459
41510622004
41510628595
41510630854
41510640741
41510647821
41510654535
41510660334
41510667291
41510674494
41510679743
41510683588
41510692865
41510700372
41510706049
41510712579
41510719598
41510726618
41510731744
41510739435
41510746576
41510753168
41510758051
41510765802
41510770990
41510778558
41510785150
41510791803
41510798700
41510805170
41510809991
41510817804
41510823480
41510831354
41510837030
41510843744
41510849054
41510856256
41510861566
41510868829
41510875360
41510882135
41510885736
41510894403
41510900689
41510907159
41510910760
41510917901
41510924005
41510932672
41510939324
41510945733
41510950250
41510957086
41510960809
41510969598
41510976739
41510983331
41510990594
41510995294
41511002007
41511008477
41511015069
41511022454
41511029595
41511034966
41511042229
41511047601
41511053887
41511060662
41511066582
41511074151
41511080010
41511087029
41511093133
41511099847
41511106194
41511111382
41511118218
41511124077
41511131707
41511136956
41511144707
41511150078
41511156060
41511161370
41511168816
41511175225
41511183159
41511188530
41511195061
41511200310
41511208184
41511213433
41511219597
41511227654
41511234307
41511240288
41511245232
41511250420
41511258049
41511264031
41511271599
41511275688
41511284172
41511287956
41511296074
41511299980
41511308952
41511312676
41511322258
41511329033
41511335686
41511342155
41511347221
41511353691
41511360222
41511366569
41511374382
41511380485
41511387688
41511393486
41511398369
41511405632
41511412407
41511418449
41511424919
41511431389
41511438041
41511443779
41511450554
41511456291
41511463127
41511469291
41511475822
41511482780
41511488334
41511495964
41511501335
41511508781
41511514824
41511519523
41511525566
41511533866
41511539848
41511545829
41511551506
41511559013
41511565177
41511572074
41511579399
41511586357
41511591544
41511598136
41511605216
41511610160
41511617606
41511622855
41511630729
41511635856
41511642509
41511648978
41511656058
41511660819
41511668449
41511673637
41511681571
41511686698
41511692985
41511699882
41511705802
41511712882
41511718741
41511726554
41511732230
41511739249
41511745353
41511750602
41511756644
41511763358
41511769339
41511775138
41511782767
41511787894
41511795279
41511800834
41511806754
41511812247
41511819876
41511826590
41511834037
41511840140
41511846793
41511864310
41511873160
41511880118
41511886832
41511893241
41511899832
41511906241
41511911185
41511917105
41511923880
41511930960
41511937735
41511946097
41511952139
41511960440
41511967154
41511975088
41511980032
41511987540
41511994925
41512001883
41512009146
41512016043
41512018240
41512028250
41512035452
41512042593
41512049612
41512054922
41512063223
41512068655
41512075918
41512083365
41512089468
41512094473
41512102041
41512106863
41512114370
41512121206
41512125906
41512133230
41512140005
41512145864
41512152883
41512158438
41512164846
41512171926
41512177847
41512184194
41512190725
41512196279
41512203970
41512209158
41512215322
41512220510
41512228079
41512233816
41512241750
41512248464
41512253408
41512258962
41512266775
41512273489
41512280263
41512288320
41512293447
41512299917
41512306020
41512312551
41512318960
41512324819
41512331899
41512338186
41512344961
41512350881
41512357473
41512362661
41512369191
41512375722
41512382558
41512389272
41512394338
41512400563
41512406850
41512413076
41512419362
41512425649
41512433156
41512441091
41512446218
41512452809
41512459645
41512464650
41512471669
41512477956
41512483815
41512491750
41512497548
41512504079
41512509694
41512516164
41512521413
41512528249
41512536855
41512543507
41512549916
41512554860
41512560780
41512568654
41512572316
41512580739
41512587453
41512594289
41512600941
41512605885
41512612416
41512618703
41512623219
41512631093
41512639088
41512645802
41512652760
41512657643
41512664357
41512670887
41512677479
41512682850
41512690480
41512695668
41512702015
41512709034
41512714650
41512721791
41512727528
41512735707
41512740773
41512747792
41512754505
41512759999
41512765797
41512772511
41512778797
41512785145
41512793446
41512799488
41512804798
41512810352
41512817616
41512823536
41512830982
41512838245
41512844593
41512851368
41512857777
41512861622
41512869434
41512875721
41512882740
41512890919
41512897632
41512903004
41512909656
41512916248
41512922779
41512929004
41512934131
41512942432
41512947864
41512955738
41512961231
41512967151
41512974170
41512980274
41512985584
41512994251
41512999805
41513007007
41513012378
41513018055
41513024951
41513030567
41513036365
41513044422
41513049915
41513056140
41513061634
41513068653
41513074756
41513080982
41513087390
41513095630
41513099292
41513108142
41513114002
41513121509
41513125842
41513133411
41513141589
41513148242
41513152087
41513160144
41513166919
41513173144
41513179553
41513186267
41513193164
41513198352
41513205859
41513210559
41513218127
41513224719
41513230945
41513236621
41513245044
41513250232
41513257129
41513262011
41513269030
41513276660
41513282641
41513288745
41513296435
41513301989
41513308398
41513313830
41513320971
41513326709
41513332812
41513338977
41513346667
41513351977
41513360156
41513364062
41513371874
41513377978
41513384997
41513391528
41513398058
41513404955
41513411303
41513417590
41513422289
41513429003
41513435412
41513442126
41513449450
41513457018
41513461962
41513469652
41513474657
41513482104
41513487353
41513495348
41513500658
41513508776
41513514391
41513521044
41513525927
41513532763
41513541124
41513547899
41513553270
41513561022
41513566332
41513572680
41513577990
41513586229
41513592638
41513600145
41513605822
41513613024
41513619249
41513625719
41513631945
41513638903
41513645738
41513652391
41513656236
41513664232
41513671556
41513677904
41513683153
41513690477
41513697313
41513704027
41513710680
41513717333
41513722215
41513728685
41513735155
41513741808
41513749620
41513755479
41513761705
41513768724
41513775194
41513780687
41513787218
41513793260
41513801805
41513806993
41513813402
41513819139
41513826585
41513832139
41513838670
41513844713
41513852830
41513859483
41513865648
41513869554
41513877305
41513882982
41513891099
41513898851
41513905564
41513910997
41513917649
41513924058
41513930650
41513935472
41513942552
41513949754
41513956773
41513963792
41513969163
41513975388
41513981736
41513987901
41513995103
41514002305
41514007615
41514014695
41514021653
41514028184
41514033067
41514039353
41514047227
41514053757
41514059067
41514066148
41514073228
41514078965
41514083909
41514090989
41514099595
41514107041
41514114304
41514120713
41514125168
41514132187
41514135788
41514145005
41514152573
41514159348
41514164658
41514171128
41514177353
41514183762
41514190537
41514195786
41514202866
41514209641
41514216904
41514222519
41514230271
41514235031
41514242966
41514248093
41514255966
41514261582
41514268784
41514274216
41514280747
41514286240
41514292770
41514298813
41514306076
41514311569
41514319199
41514324692
41514331345
41514336716
41514342941
41514351547
41514358200
41514364426
41514369369
41514374618
41514382126
41514388595
41514395126
41514402145
41514408920
41514415329
41514420273
41514426620
41514432968
41514439438
41514446029
41514453598
41514460373
41514466598
41514473190
41514479354
41514485763
41514491195
41514498642
41514505355
41514512619
41514518905
41514523788
41514531112
41514536117
41514543075
41514548385
41514556991
41514562728
41514569015
41514574325
41514581710
41514586715
41514594405
41514600936
41514609115
41514612777
41514620773
41514625961
41514633407
41514637374
41514645309
41514651961
41514660018
41514664596
41514671737
41514678512
41514684676
41514689193
41514697188
41514704452
41514711104
41514716475
41514723128
41514729049
41514735518
41514741805
41514747298
41514755477
41514760665
41514767745
41514772750
41514780318
41514785262
41514792159
41514800399
41514808028
41514813521
41514819930
41514826644
41514832625
41514837874
41514845381
41514851485
41514859236
41514864607
41514871626
41514876936
41514883040
41514888655
41514895613
41514902205
41514909956
41514916365
41514922713
41514926375
41514934309
41514940108
41514947249
41514954695
41514961531
41514968123
41514974715
41514980269
41514986799
41514993574
41514998823
41515006026
41515012861
41515019636
41515024519
41515031843
41515037947
41515044844
41515049971
41515057112
41515064192
41515070601
41515075361
41515082991
41515087934
41515094587
41515102156
41515108198
41515113691
41515121504
41515126875
41515134199
41515139631
41515145979
41515151777
41515159651
41515165571
41515172773
41515179060
41515184126
41515189314
41515196516
41515203901
41515210737
41515214277
41515223432
41515228498
41515235517
41515241926
41515248579
41515256635
41515263227
41515268781
41515275007
41515281232
41515287519
41515293928
41515300825
41515307660
41515314985
41515320173
41515326948
41515333112
41515339765
41515345502
41515353071
41515359540
41515365155
41515372419
41515377729
41515385663
41515390973
41515397565
41515403974
41515412091
41515418561
41515423505
41515428571
41515436505
41515442426
41515449994
41515456952
41515462201
41515468793
41515475507
41515481488
41515488141
41515493390
41515499982
41515507001
41515513715
41515521100
41515525922
41515532208
41515538678
41515545026
41515551495
41515558148
41515563275
41515570050
41515577130
41515582989
41515590008
41515595746
41515600690
41515609418
41515614789
41515621075
41515627789
41515633648
41515639325
41515645916
41515654156
41515660260
41515665570
41515672833
41515678143
41515685345
41515690716
41515698468
41515706219
41515712872
41515719464
41515725750
41515730694
41515738018
41515744305
41515751263
41515758770
41515763897
41515771160
41515777630
41515782574
41515789227
41515796124
41515801312
41515808941
41515814312
41515821575
41515827801
41515835430
41515840069
41515847149
41515852581
41515861370
41515866985
41515875042
41515880291
41515887005
41515893841
41515900188
41515905803
41515913921
41515917766
41515925579
41515931011
41515938335
41515944866
41515949688
41515955425
41515963237
41515969646
41515976116
41515979839
41515988018
41515994304
41516001567
41516007549
41516014080
41516017864
41516026103
41516029766
41516037944
41516044109
41516050578
41516057353
41516063640
41516070476
41516076885
41516082805
41516089153
41516095195
41516102214
41516108012
41516114726
41516119609
41516126262
41516132426
41516139018
41516145366
41516152202
41516158977
41516163615
41516169963
41516176433
41516182963
41516189250
41516196086
41516203227
41516208842
41516215312
41516220988
41516227214
41516232707
41516239299
41516243205
41516252421
41516258464
41516265055
41516270793
41516277018
41516283732
41516289836
41516295634
41516302287
41516308818
41516315165
41516321696
41516328044
41516333842
41516340190
41516346476
41516353312
41516359660
41516366801
41516372904
41516377848
41516384379
41516390482
41516397135
41516404276
41516410441
41516415141
41516422831
41516427470
41516434733
41516441386
41516447245
41516454386
41516461588
41516466776
41516473978
41516479288
41516485148
41516492289
41516499735
41516505716
41516513651
41516520426
41516525492
41516533121
41516538065
41516543436
41516550760
41516558512
41516565104
41516571146
41516577372
41516582804
41516589151
41516595804
41516602335
41516609537
41516616434
41516623270
41516628214
41516634867
41516641336
41516647928
41516653665
41516661783
41516669107
41516674661
41516681741
41516687662
41516693216
41516699625
41516707132
41516713235
41516718729
41516727151
41516732400
41516739236
41516744485
41516752481
41516760293
41516765481
41516771585
41516778909
41516782632
41516790506
41516796548
41516802835
41516810098
41516816690
41516822854
41516829263
41516835855
41516842202
41516847390
41516854104
41516861062
41516867715
41516873819
41516878701
41516886148
41516891153
41516898477
41516903909
41516912271
41516917520
41516924600
41516931802
41516937844
41516942544
41516949258
41516956460
41516964028
41516969277
41516975259
41516982644
41516987954
41516993264
41517000100
41517006692
41517014687
41517021218
41517027688
41517031533
41517039162
41517044472
41517051919
41517060342
41517065530
41517072426
41517078835
41517083901
41517090310
41517096901
41517103982
41517111489
41517116677
41517123452
41517128823
41517135109
41517141518
41517148537
41517153725
41517161538
41517166665
41517173134
41517179360
41517186013
41517192665
41517199135
41517204140
41517211464
41517218727
41517225319
41517230690
41517236977
41517242409
41517248696
41517257057
41517264870
41517271401
41517277687
41517283791
41517290138
41517293739
41517302162
41517309059
41517316017
41517322609
41517329323
41517334328
41517340980
41517347694
41517354774
41517361427
41517368873
41517374733
41517380165
41517386268
41517392677
41517399208
41517406166
41517412513
41517419594
41517425941
41517430946
41517438209
41517445045
41517450233
41517458595
41517465187
41517470680
41517477272
41517482704
41517489601
41517495094
41517503517
41517507911
41517516212
41517522254
41517529640
41517533180
41517540870
41517545936
41517554603
41517561012
41517567970
41517571632
41517579627
41517585975
41517592506
41517599464
41517606300
41517613319
41517618507
41517625526
41517630592
41517639503
41517644385
41517651282
41517656409
41517664771
41517671912
41517677527
41517684485
41517689979
41517694983
41517702918
41517709144
41517716468
41517721839
41517729529
41517733313
41517741431
41517746741
41517754615
41517758826
41517767859
41517773719
41517781531
41517785254
41517793189
41517799414
41517806311
41517814307
41517819617
41517826026
41517832556
41517838538
41517844885
41517851416
41517856665
41517864050
41517870764
41517877356
41517883521
41517890112
41517894995
41517901770
41517909216
41517916541
41517923682
41517928992
41517935950
41517941870
41517947180
41517953528
41517961035
41517967444
41517972693
41517981665
41517988440
41517994970
41518001440
41518008398
41518014868
41518021643
41518026953
41518033300
41518040319
41518046789
41518053198
41518058386
41518066381
41518071386
41518079321
41518084204
41518090856
41518097753
41518103979
41518109106
41518117163
41518122900
41518129186
41518136083
41518141516
41518147131
41518154516
41518160558
41518168249
41518173925
41518181921
41518188085
41518193090
41518198339
41518206335
41518213476
41518220190
41518225195
41518231603
41518237829
41518244176
41518250768
41518256383
41518263463
41518270482
41518277318
41518283788
41518289525
41518295751
41518302221
41518307714
41518315404
41518320714
41518327123
41518333654
41518339574
41518346044
41518352208
41518359838
41518366796
41518374059
41518378820
41518385961
41518392064
41518399144
41518404943
41518410863
41518418492
41518423741
41518430943
41518436193
41518443883
41518449010
41518456700
41518463597
41518470189
41518473912
41518481419
41518487523
41518493932
41518500890
41518505589
41518514195
41518519322
41518526036
41518532506
41518538853
41518545262
41518550694
41518557347
41518565465
41518570653
41518576634
41518583226
41518589818
41518596837
41518602940
41518608555
41518614964
41518622410
41518628392
41518633336
41518641697
41518646946
41518652928
41518660252
41518667698
41518673680
41518678868
41518684056
41518691380
41518696751
41518703892
41518710362
41518717137
41518722630
41518730747
41518734532
41518742161
41518747776
41518756687
41518764011
41518769566
41518776524
41518781651
41518787937
41518794529
41518800449
41518807346
41518815281
41518820469
41518826939
41518833530
41518839634
41518846165
41518852085
41518859714
41518866123
41518873020
41518879185
41518883823
41518890293
41518898105
41518904331
41518910251
41518918247
41518923557
41518929844
41518935276
41518942722
41518948154
41518956455
41518963413
41518970188
41518973972
41518981601
41518987583
41518994968
41518998691
41519006504
41519013584
41519020297
41519025180
41519032565
41519038486
41519045139
41519052036
41519059177
41519065585
41519072543
41519077976
41519084506
41519091892
41519096652
41519103610
41519110141
41519117648
41519122775
41519131564
41519137424
41519146030
41519149997
41519159152
41519166598
41519173373
41519180026
41519186923
41519194308
41519199191
41519206210
41519213168
41519220675
41519225924
41519234530
41519239657
41519247409
41519252597
41519259799
41519267123
41519274081
41519279269
41519287142
41519292636
41519300814
41519306185
41519313998
41519321444
41519328097
41519333285
41519339877
41519345187
41519352450
41519357699
41519364840
41519370516
41519378512
41519383822
41519389864
41519395235
41519402743
41519408480
41519414400
41519423067
41519428133
41519433443
41519441256
41519447359
41519453890
41519460482
41519467257
41519473849
41519480562
41519485567
41519492098
41519498751
41519505221
41519511507
41519516817
41519524447
41519531344
41519537325
41519543245
41519549471
41519555758
41519561800
41519568636
41519574922
41519582125
41519588350
41519593294
41519600191
41519607149
41519612703
41519620943
41519626497
41519634920
41519641390
41519649507
41519656099
41519661958
41519669222
41519677095
41519682588
41519689973
41519696931
41519703767
41519709016
41519716524
41519723665
41519729341
41519736360
41519743684
41519748811
41519756013
41519762788
41519769685
41519774995
41519784028
41519789033
41519796357
41519801179
41519808320
41519813142
41519820588
41519825898
41519834626
41519840181
41519845918
41519852998
41519859101
41519864656
41519871186
41519877473
41519885285
41519888948
41519897248
41519902436
41519909761
41519915620
41519922456
41519926484
41519935334
41519939118
41519947785
41519954560
41519960969
41519964875
41519972382
41519980317
41519987031
41519993745
41519999909
41520006135
41520011079
41520017182
41520024018
41520030793
41520037629
41520043610
41520050995
41520056122
41520062714
41520068818
41520075715
41520083710
41520091523
41520099091
41520104950
41520112885
41520119965
41520127289
41520134736
41520140168
41520146881
41520153717
41520160797
41520167755
41520173859
41520181183
41520187348
41520194245
41520200470
41520207428
41520213349
41520220123
41520226471
41520233124
41520239594
41520246430
41520252899
41520259735
41520265106
41520272247
41520277802
41520283051
41520291534
41520297394
41520305206
41520313385
41520319916
41520326630
41520331268
41520340118
41520346771
41520351288
41520359344
41520363739
41520371551
41520375397
41520384857
41520391998
41520399322
41520405365
41520413116
41520419769
41520425750
41520434051
41520441864
41520448333
41520456451
41520461395
41520469085
41520476287
41520482757
41520490631
41520496490
41520502471
41520510833
41520516448
41520523467
41520532073
41520538909
41520544463
41520550933
41520558379
41520565154
41520572479
41520579620
41520585967
41520593536
41520599822
41520605560
41520612273
41520619659
41520626433
41520632293
41520639617
41520645476
41520652495
41520657867
41520665130
41520670684
41520676726
41520683074
41520690154
41520696135
41520704558
41520710784
41520717131
41520720855
41520728606
41520733977
41520740996
41520749053
41520755645
41520761687
41520767974
41520773711
41520779875
41520785613
41520792388
41520799529
41520806182
41520812224
41520819182
41520825286
41520832121
41520838164
41520844084
41520850615
41520856230
41520866484
41520873930
41520879607
41520886565
41520892607
41520900969
41520908720
41520915251
41520922758
41520929777
41520936735
41520941801
41520949858
41520958647
41520966276
41520971708
41520978972
41520985014
41520990629
41520998259
41521005156
41521011686
41521018705
41521025175
41521032438
41521037931
41521046598
41521052275
41521058683
41521064482
41521072294
41521079496
41521086515
41521094267
41521099577
41521107450
41521113127
41521121671
41521128568
41521135343
41521142057
41521148893
41521155180
41521161894
41521168058
41521175260
41521181242
41521187467
41521195829
41521203031
41521209440
41521216093
41521222257
41521228483
41521235685
41521243070
41521250089
41521256376
41521262113
41521269193
41521274930
41521283597
41521291288
41521297818
41521304227
41521311429
41521319547
41521325650
41521333890
41521340909
41521348111
41521356534
41521361539
41521369535
41521374845
41521382596
41521390958
41521397183
41521403287
41521410489
41521418057
41521424710
41521430509
41521438016
41521444119
41521451810
41521457242
41521464017
41521469205
41521476834
41521482022
41521488187
41521494229
41521501370
41521506802
41521514432
41521521085
41521527249
41521531277
41521538785
41521545987
41521552518
41521559292
41521565457
41521571438
41521576138
41521582852
41521589566
41521596402
41521603177
41521610196
41521616665
41521621975
41521628262
41521634793
41521641384
41521648159
41521653103
41521660794
41521665432
41521672634
41521679226
41521685635
41521691067
41521698208
41521705166
41521711758
41521717495
41521723660
41521730679
41521735867
41521744167
41521750271
41521755764
41521763821
41521769131
41521775478
41521780727
41521788235
41521794338
41521801846
41521808193
41521814602
41521820888
41521827297
41521834560
41521841946
41521847744
41521853969
41521859951
41521866298
41521872585
41521878811
41521885097
41521891689
41521899563
41521904873
41521912624
41521917812
41521923854
41521930263
41521937526
41521942775
41521951442
41521957119
41521963222
41521969997
41521976161
41521982814
41521988491
41521995754
41522002407
41522007533
41522014491
41522019496
41522026821
41522031947
41522039943
41522047633
41522054103
41522057826
41522065944
41522072108
41522078517
41522082484
41522091396
41522098476
41522104945
41522111232
41522117641
41522123927
41522130946
41522137721
41522145045
41522151515
41522158656
41522164577
41522169887
41522177150
41522182338
41522189845
41522196193
41522204127
41522210475
41522216822
41522220301
41522228846
41522235438
41522242274
41522248072
41522255091
41522260890
41522267359
41522274378
41522279017
41522286341
41522293116
41522299098
41522305628
41522312953
41522317652
41522325404
41522330470
41522337000
41522343897
41522350062
41522357203
41522362391
41522369288
41522375452
41522380946
41522387476
41522393336
41522402369
41522409083
41522414454
41522419947
41522428614
41522432642
41522441492
41522449122
41522455958
41522462061
41522468836
41522476099
41522480921
41522488550
41522495569
41522503260
41522508936
41522516321
41522523340
41522529993
41522536524
41522544092
41522549952
41522556665
41522563929
41522568933
41522576563
41522584680
41522590418
41522596399
41522606470
41522612024
41522619470
41522627039
41522632837
41522641138
41522646265
41522654810
41522660364
41522668970
41522672815
41522682031
41522685999
41522695154
41522699304
41522708459
41522715539
41522722192
41522728052
41522734949
41522739099
41522747766
41522755700
41522762536
41522767785
41522774377
41522781457
41522786340
41522792627
41522799463
41522806665
41522812036
41522819482
41522824487
41522831567
41522838098
41522844079
41522849145
41522857934
41522863122
41522870202
41522877160
41522882958
41522889794
41522895776
41522901574
41522909142
41522914941
41522921838
41522927392
41522933801
41522939294
41522947167
41522955041
41522961755
41522965539
41522975060
41522981103
41522987878
41522994042
41523001244
41523008568
41523016076
41523021508
41523029381
41523035729
41523043175
41523048363
41523055932
41523062768
41523068627
41523075951
41523079857
41523089867
41523094017
41523102013
41523106896
41523116723
41523123925
41523130944
41523136620
41523143822
41523150597
41523158165
41523164940
41523171166
41523176903
41523184471
41523190941
41523196556
41523203636
41523209557
41523218590
41523222740
41523231590
41523235558
41523244530
41523251183
41523258141
41523262413
41523270836
41523278221
41523283409
41523289329
41523296654
41523302574
41523310936
41523314720
41523323936
41523331016
41523338035
41523342613
41523350364
41523357811
41523365440
41523370872
41523377586
41523384849
41523390403
41523398521
41523403770
41523411094
41523418785
41523426597
41523430503
41523438194
41523442222
41523451622
41523458580
41523466087
41523473533
41523478843
41523486778
41523492210
41523498863
41523504844
41523512290
41523519065
41523525413
41523532371
41523539024
41523545615
41523552085
41523558799
41523564414
41523572898
41523578513
41523584983
41523593040
41523599631
41523605918
41523612754
41523619834
41523626487
41523632896
41523639426
41523647117
41523652244
41523660300
41523665854
41523674094
41523678122
41523686789
41523691001
41523698691
41523706076
41523713279
41523719992
41523725241
41523732993
41523740073
41523745993
41523751670
41523759421
41523766379
41523773154
41523776938
41523785971
41523792807
41523799521
41523805258
41523813559
41523820090
41523827536
41523834189
41523839926
41523847311
41523854147
41523861105
41523867880
41523874533
41523880698
41523888144
41523894553
41523899435
41523906760
41523912985
41523920859
41523926596
41523934714
41523938681
41523946737
41523953940
41523960592
41523967734
41523974997
41523980429
41523987753
41523994284
41524000082
41524008017
41524015585
41524022116
41524028707
41524035299
41524041647
41524048056
41524055624
41524061483
41524068502
41524074056
41524082296
41524087606
41524095419
41524102194
41524109152
41524116598
41524124105
41524130697
41524136312
41524142660
41524148397
41524155843
41524161520
41524168417
41524175497
41524182821
41524190145
41524196310
41524201986
41524209249
41524217977
41524223836
41524231161
41524235311
41524242940
41524248800
41524256978
41524264608
41524271200
41524277242
41524283834
41524291097
41524295980
41524303609
41524310750
41524318074
41524323568
41524331685
41524335836
41524343465
41524349935
41524356771
41524364766
41524372090
41524377278
41524383748
41524391744
41524397237
41524403523
41524409139
41524417623
41524423848
41524430684
41524434834
41524443501
41524447652
41524456563
41524463460
41524470113
41524477559
41524482625
41524490803
41524496297
41524504048
41524511128
41524517598
41524525349
41524529927
41524537007
41524543721
41524550129
41524557637
41524564717
41524570454
41524577229
41524582722
41524590291
41524596028
41524603535
41524612080
41524618489
41524624836
41524631489
41524638020
41524644978
41524652119
41524658100
41524666706
41524670857
41524678425
41524685688
41524692158
41524698994
41524706074
41524713398
41524718403
41524726032
41524732807
41524739277
41524744831
41524751972
41524757587
41524765949
41524770161
41524778828
41524785725
41524792255
41524798542
41524805500
41524812946
41524820087
41524826191
41524831684
41524839802
41524843891
41524853901
41524860248
41524866840
41524874225
41524879352
41524886493
41524893634
41524899372
41524907123
41524913227
41524918903
41524926593
41524932270
41524940387
41524944416
41524954303
41524961750
41524966693
41524973346
41524980304
41524986774
41524992572
41525000141
41525008441
41525014850
41525019061
41525026874
41525034564
41525041034
41525047443
41525055072
41525060992
41525068011
41525075214
41525080585
41525087604
41525093097
41525100909
41525109332
41525114398
41525121295
41525128070
41525135699
41525140521
41525147357
41525154803
41525162616
41525168170
41525175555
41525179278
41525188128
41525195269
41525202166
41525208819
41525215655
41525223101
41525228045
41525235247
41525242144
41525248065
41525253802
41525262286
41525269366
41525275897
41525282977
41525289324
41525296160
41525301470
41525309954
41525315447
41525322527
41525328265
41525335284
41525341082
41525349627
41525353960
41525362322
41525370379
41525376726
41525383562
41525388262
41525394793
41525402178
41525409563
41525415240
41525423784
41525430376
41525437151
41525441240
41525449053
41525457720
41525462847
41525470537
41525475237
41525483110
41525489397
41525497515
41525503679
41525511614
41525518389
41525525164
41525532000
41525538591
41525544634
41525551287
41525558733
41525566057
41525571672
41525577288
41525584551
41525590227
41525597002
41525606157
41525612810
41525618486
41525625139
41525632036
41525639299
41525646196
41525651811
41525659929
41525665666
41525672563
41525678239
41525685686
41525689714
41525699968
41525707902
41525714555
41525720781
41525727189
41525734208
41525739213
41525747880
41525753496
41525761247
41525766679
41525775102
41525779069
41525788285
41525794511
41525801225
41525808915
41525813798
41525821122
41525828263
41525834855
41525840287
41525847612
41525853654
41525862016
41525868547
41525875321
41525881547
41525888139
41525895341
41525900529
41525909257
41525915055
41525922135
41525927689
41525934647
41525939896
41525948380
41525955766
41525962540
41525969498
41525976823
41525982865
41525988053
41525996110
41526002030
41526010697
41526017411
41526023942
41526031083
41526037613
41526044327
41526049515
41526058121
41526063126
41526070267
41526077408
41526083573
41526088883
41526097184
41526102982
41526111405
41526115677
41526123795
41526130814
41526137284
41526144242
41526149308
41526158463
41526164017
41526170181
41526177262
41526184220
41526189591
41526196366
41526202225
41526210281
41526217239
41526223770
41526230728
41526237320
41526243546
41526250809
41526258377
41526263748
41526270340
41526275833
41526283768
41526291092
41526298477
41526304764
41526311600
41526318680
41526323746
41526330581
41526337906
41526344864
41526350662
41526357376
41526362747
41526371231
41526378250
41526384781
41526391311
41526398330
41526405838
41526411026
41526418899
41526424514
41526430618
41526437759
41526443985
41526449783
41526458267
41526464675
41526471206
41526476150
41526484023
41526491348
41526496658
41526505020
41526512100
41526518997
41526524429
41526532119
41526536086
41526544692
41526551833
41526558608
41526564773
41526571304
41526579116
41526583999
41526591567
41526598952
41526605239
41526610549
41526618300
41526623611
41526632339
41526637099
41526646254
41526652846
41526660232
41526665358
41526672927
41526679396
41526684829
41526691848
41526697707
41526706130
41526713942
41526720290
41526727004
41526732070
41526740004
41526745558
41526753127
41526760390
41526767470
41526773451
41526781935
41526786208
41526794570
41526802809
41526809279
41526816298
41526821181
41526828505
41526835341
41526841444
41526847365
41526854872
41526860548
41526869154
41526873000
41526881544
41526885573
41526894789
41526902357
41526909437
41526916090
41526921034
41526928114
41526935011
41526943007
41526949415
41526956434
41526960463
41526969435
41526974073
41526981642
41526988478
41526995375
41527002699
41527010145
41527016737
41527022230
41527030348
41527034254
41527043470
41527050550
41527057386
41527062513
41527069166
41527076185
41527083021
41527089124
41527097547
41527104139
41527109754
41527116590
41527122999
41527130018
41527133802
41527142591
41527150953
41527156141
41527163343
41527170423
41527177381
41527182752
41527190259
41527198682
41527205579
41527211927
41527218885
41527224317
41527230970
41527237806
41527245374
41527252393
41527259473
41527265332
41527270765
41527278516
41527283948
41527292554
41527300550
41527307447
41527313062
41527319715
41527326795
41527331983
41527340589
41527346570
41527353284
41527358594
41527366834
41527372998
41527379773
41527383496
41527393018
41527399793
41527406506
41527412854
41527420300
41527427014
41527432690
41527440137
41527446179
41527453015
41527458752
41527466443
41527472851
41527479626
41527486706
41527493603
41527501355
41527506360
41527513989
41527519543
41527527295
41527532910
41527540539
41527547741
41527554333
41527560986
41527567700
41527573559
41527579968
41527587780
41527593090
41527601696
41527607190
41527613598
41527620617
41527627209
41527632763
41527641003
41527648205
41527655041
41527662487
41527667248
41527674572
41527679760
41527687084
41527694714
41527702831
41527708080
41527714916
41527720165
41527729198
41527735241
41527742321
41527749340
41527754528
41527762341
41527767712
41527775280
41527782665
41527788341
