82419674381
82419680301
82419685367
82419691715
82419697330
82419703250
82419709048
82419716067
82419722293
82419727298
82419732852
82419738834
82419744144
82419749820
82419754764
82419760928
82419766727
82419771182
82419778628
82419784549
82419789859
82419794925
82419802371
82419809573
82419815493
82419822451
82419828555
82419834231
82419840945
82419849307
82419854922
82419860293
82419867862
82419874453
82419879702
82419886782
82419893496
82419901370
82419908389
82419915591
82419924990
82419932070
82419939211
82419946719
82419952395
82419959963
82419965395
82419973330
82419980288
82419988772
82419995425
82420003237
82420009035
82420016848
82420023257
82420028994
82420036318
82420046023
82420053774
82420059450
82420067019
82420073794
82420080507
82420087526
82420094607
82420102419
82420108767
82420117189
82420122866
82420130983
82420139345
82420146608
82420154299
82420161074
82420169374
82420175356
82420183412
82420190554
82420199831
82420205202
82420213930
82420221254
82420228334
82420234255
82420242128
82420252077
82420260072
82420269167
82420279665
82420287233
82420297792
82420304689
82420316408
82420324831
82420333620
82420340883
82420348512
82420356630
82420365907
82420372987
82420380189
82420387147
82420395997
82420404847
82420411928
82420418763
82420429384
82420436708
82420445131
82420452516
82420460145
82420468568
82420474855
82420485170
82420491944
82420499696
82420507325
82420514771
82420521668
82420528260
82420538270
82420544190
82420553529
82420559815
82420566407
82420574220
82420582459
82420590333
82420598756
82420603883
82420611512
82420620179
82420626282
82420633790
82420642640
82420652344
82420659669
82420666871
82420673524
82420683472
82420692994
82420699158
82420706421
82420715210
82420722840
82420732666
82420740296
82420745972
82420755188
82420763672
82420770508
82420776734
82420784668
82420791138
82420800476
82420808106
82420816345
82420824463
82420831848
82420838745
82420845032
82420851990
82420858887
82420867310
82420873291
82420881531
82420889343
82420895325
82420903503
82420910339
82420918762
82420926330
82420936157
82420942627
82420949768
82420958374
82420964477
82420973205
82420983093
82420991394
82421001709
82421009582
82421017151
82421024780
82421033508
82421042846
82421051696
82421058471
82421064697
82421073425
82421080322
82421089172
82421096557
82421104370
82421111267
82421117492
82421124633
82421133422
82421141418
82421147521
82421154907
82421162597
82421171203
82421177428
82421186584
82421195617
82421203796
82421208984
82421219787
82421227538
82421235229
82421244872
82421251952
82421260192
82421267821
82421274779
82421282042
82421290770
82421300170
82421305663
82421313414
82421321105
82421328490
82421336974
82421345641
82421355407
82421363341
82421371459
82421379027
82421387206
82421395751
82421405028
82421412108
82421419188
82421426329
82421434447
82421441893
82421448973
82421458312
82421464903
82421473143
82421481688
82421488280
82421496764
82421503355
82421510558
82421518370
82421526366
82421534239
82421540770
82421549742
82421556639
82421564146
82421571776
82421579100
82421585997
82421593321
82421601683
82421609251
82421617552
82421625853
82421636900
82421644957
82421650145
82421658689
82421667540
82421678282
82421687254
82421700376
82421711302
82421730833
82421746519
82421757871
82421766355
82421773191
82421778135
82421782774
82421788206
82421792722
82421797483
82421803281
82421807981
82421811826
82421816831
82421825498
82421830015
82421834836
82421839902
82421845029
82421849607
82421854978
82421859556
82421864866
82421869993
82421875730
82421879270
82421884336
82421888242
82421894407
82421899717
82421905149
82421912351
82421919370
82421927304
82421935056
82421942319
82421952512
82421959348
82421966245
82421973813
82421979489
82421988645
82421995786
82422001767
82422011289
82422018796
82422025876
82422033017
82422039975
82422049252
82422055905
82422063962
82422073544
82422080502
82422086789
82422094907
82422102902
82422111691
82422120480
82422128903
82422137204
82422145871
82422153561
82422161191
82422169247
82422179684
82422187130
82422197751
82422204464
82422212826
82422221249
82422230282
82422238461
82422245968
82422255062
82422263424
82422271359
82422279415
82422285336
82422293331
82422298764
82422304928
82422313961
82422320980
82422328182
82422337216
82422345333
82422351009
82422360531
82422367306
82422375179
82422383114
82422389156
82422396175
82422402828
82422409542
82422414669
82422421261
82422428402
82422434383
82422441158
82422447079
82422452450
82422458553
82422464229
82422470821
82422477413
82422483028
82422488521
82422493770
82422500972
82422507381
82422512386
82422519527
82422526180
82422531978
82422537471
82422543941
82422549800
82422556087
82422562618
82422567440
82422574459
82422579891
82422586238
82422591487
82422598384
82422605525
82422611568
82422618709
82422624080
82422631526
82422637081
82422643062
82422649349
82422655696
82422662227
82422668452
82422673885
82422681941
82422688350
82422694270
82422700191
82422706905
82422713130
82422718745
82422724971
82422730891
82422737300
82422744075
82422750606
82422755610
82422762568
82422769465
82422776057
82422781062
82422787532
82422792842
82422798884
82422804622
82422812129
82422817561
82422824702
82422830928
82422837275
82422843501
82422849604
82422858699
82422863948
82422871943
82422876887
82422885615
82422893611
82422900141
82422905940
82422912348
82422918879
82422925044
82422930842
82422936823
82422943537
82422950434
82422954951
82422961726
82422967585
82422974360
82422980341
82422985834
82422992792
82422997736
82423004328
82423010371
82423015742
82423021357
82423029963
82423034724
82423041193
82423047968
82423053766
82423059443
82423065668
82423073725
82423078486
82423085505
82423092280
82423097895
82423103083
82423108576
82423116266
82423120844
82423128168
82423133417
82423138178
82423144403
82423149469
82423155207
82423161188
82423165155
82423172785
82423178705
82423184931
82423191095
82423196832
82423202448
82423208795
82423214716
82423220819
82423225397
82423231745
82423237238
82423244196
82423249872
82423256342
82423261408
82423267633
82423272333
82423279535
82423285333
82423291376
82423297235
82423302179
82423308038
82423314203
82423318964
82423326105
82423331171
82423337335
82423341669
82423348993
82423354425
82423359125
82423367059
82423372003
82423377069
82423384820
82423394098
82423403680
82423409662
82423417901
82423427301
82423432000
82423441827
82423447625
82423452569
82423459161
82423464837
82423470086
82423476495
82423483087
82423488580
82423492364
82423498773
82423506097
82423510125
82423517632
82423522210
82423528680
82423534051
82423540460
82423545648
82423551568
82423557061
82423562066
82423569146
82423574883
82423581780
82423586846
82423592583
82423598504
82423604363
82423609490
82423615166
82423621453
82423626092
82423632867
82423638421
82423644524
82423649651
82423655572
82423662224
82423666741
82423672844
82423678155
82423685235
82423690484
82423696831
82423702263
82423708001
82423712761
82423718438
82423724053
82423729424
82423735955
82423740960
82423746880
82423752617
82423758416
82423763787
82423769158
82423776543
82423782402
82423788567
82423793694
82423799675
82423803642
82423809685
82423815788
82423821709
82423828056
82423833794
82423839958
82423844902
82423850761
82423858208
82423862907
82423870232
82423875298
82423881096
82423886833
82423892754
82423899345
82423908134
82423915398
82423921196
82423931084
82423938957
82423946220
82423954887
82423960319
82423965263
82423970573
82423977409
82423981621
82423987907
82423993828
82423999504
82424003471
82424009758
82424017021
82424023552
82424028740
82424034172
82424039848
82424046257
82424052421
82424058891
82424064811
82424069816
82424076408
82424082389
82424087882
82424093559
82424098930
82424103507
82424110404
82424116874
82424121269
82424128043
82424133048
82424138969
82424145805
82424152152
82424156669
82424162956
82424169425
82424174735
82424181449
82424185477
82424192374
82424196403
82424203483
82424208793
82424215263
82424220695
82424226615
82424232657
82424238456
82424243644
82424248954
82424255240
82424261100
82424266898
82424271720
82424279532
82424284659
82424290275
82424295462
82424300956
82424308158
82424313285
82424320670
82424325858
82424331595
82424337027
82424343741
82424350760
82424357413
82424363028
82424369925
82424376700
82424382865
82424387076
82424394034
82424401541
82424406607
82424414053
82424421256
82424428275
82424438529
82424447012
82424453665
82424463736
82424470328
82424476736
82424482352
82424489371
82424495840
82424501700
82424506766
82424513235
82424519583
82424525687
82424532583
82424538321
82424544546
82424552664
82424558645
82424565115
82424571524
82424577810
82424584158
82424590017
82424596182
82424602530
82424608816
82424616385
82424622244
82424626699
82424634878
82424640310
82424646414
82424652578
82424658438
82424665274
82424670217
82424677114
82424682974
82424692312
82424697988
82424704824
82424710623
82424715872
82424721731
82424728933
82424734731
82424741689
82424746877
82424752554
82424759206
82424765859
82424771719
82424777578
82424783315
82424789358
82424795705
82424801626
82424807607
82424812978
82424819936
82424826345
82424831960
82424837514
82424843313
82424851003
82424855825
82424862783
82424868398
82424874257
82424880910
82424887685
82424893605
82424899526
82424905263
82424911550
82424915761
82424923269
82424928029
82424935537
82424944692
82424953298
82424962331
82424971913
82424977773
82424985158
82424992543
82424998342
82425004201
82425009938
82425017507
82425023793
82425029408
82425035756
82425040151
82425048024
82425051747
82425059010
82425065907
82425072133
82425078053
82425083485
82425089162
82425095814
82425102040
82425107899
82425114491
82425119862
82425126149
82425131154
82425137013
82425142323
82425148121
82425155385
82425161122
82425166920
82425172291
82425179921
82425185719
82425191273
82425197316
82425203663
82425209217
82425215016
82425222584
82425228871
82425235096
82425241810
82425248280
82425253956
82425261280
82425267994
82425273670
82425280140
82425286671
82425293629
82425299183
82425305531
82425313282
82425318897
82425325306
82425330616
82425336109
82425343494
82425349537
82425354359
82425360157
82425365772
82425370289
82425376881
82425382191
82425396229
82425401783
82425410450
82425415699
82425421924
82425427051
82425432178
82425438038
82425443836
82425451038
82425459095
82425468311
82425474231
82425481983
82425491016
82425498157
82425501758
82425509510
82425514942
82425520801
82425526111
82425531543
82425537159
82425542530
82425549060
82425555469
82425560413
82425566761
82425572925
82425578357
82425584094
82425589038
82425595142
82425601184
82425605335
82425611438
82425618030
82425624317
82425629871
82425636524
82425641101
82425647449
82425653430
82425660083
82425665515
82425671863
82425679492
82425686450
82425691028
82425698047
82425703357
82425709033
82425714709
82425721240
82425727893
82425734118
82425738635
82425745166
82425751147
82425757373
82425763171
82425768969
82425774096
82425779406
82425785144
82425791552
82425797351
82425802295
82425808215
82425813769
82425818652
82425823230
82425829516
82425836535
82425842089
82425848376
82425855761
82425862231
82425867114
82425874072
82425878466
82425885546
82425890917
82425897570
82425902026
82425907702
82425912280
82425919665
82425925524
82425930773
82425937182
82425942126
82425949450
82425954089
82425960741
82425965197
82425970263
82425976366
82425985155
82425994067
82426002001
82426007494
82426017565
82426023974
82426030810
82426035631
82426043993
82426048144
82426053148
82426060839
82426067003
82426072252
82426077929
82426083056
82426088427
82426093798
82426099718
82426108995
82426114000
82426122179
82426129198
82426134996
82426140978
82426146959
82426153002
82426159654
82426165148
82426172045
82426177477
82426183397
82426189440
82426196275
82426201341
82426208116
82426214342
82426221300
82426227770
82426233934
82426240709
82426245470
82426252977
82426258348
82426264268
82426269823
82426275438
82426283006
82426287950
82426294969
82426300340
82426306505
82426313219
82426320116
82426326707
82426331834
82426338975
82426344530
82426351488
82426356981
82426362047
82426370225
82426375413
82426380967
82426386216
82426392198
82426397874
82426403733
82426411119
82426416429
82426422410
82426427720
82426433763
82426440354
82426445237
82426453721
82426458970
82426464402
82426471604
82426477281
82426481797
82426488694
82426494554
82426501145
82426507798
82426512742
82426518907
82426525742
82426533738
82426540635
82426546861
82426552842
82426559251
82426566758
82426574204
82426579575
82426587266
82426594102
82426599656
82426606675
82426611802
82426618760
82426624192
82426630478
82426636582
82426640183
82426648179
82426653916
82426660080
82426666489
82426671250
82426678025
82426683823
82426690476
82426695664
82426702317
82426707932
82426713425
82426719406
82426725571
82426731552
82426738022
82426743576
82426748154
82426754868
82426759629
82426767685
82426773422
82426779221
82426784470
82426790390
82426797409
82426801499
82426808640
82426814987
82426820664
82426827072
82426832565
82426838059
82426845078
82426851059
82426857590
82426861679
82426868881
82426874924
82426880722
82426886459
82426893600
82426898544
82426904709
82426912521
82426919906
82426923996
82426931625
82426936508
82426943893
82426949203
82426956161
82426963180
82426969467
82426976791
82426982101
82426988144
82426995529
82426999496
82427006027
82427011642
82427017196
82427021713
82427029830
82427035202
82427041000
82427046310
82427052291
82427058639
82427064193
82427070785
82427077682
82427084152
82427092330
82427100143
82427107833
82427115157
82427124496
82427131942
82427136520
82427143417
82427149764
82427156600
82427160506
82427166915
82427172774
82427177474
82427184981
82427189437
82427198104
82427202987
82427209884
82427215865
82427221175
82427226668
82427234115
82427241134
82427247176
82427254256
82427258773
82427265181
82427270247
82427275435
82427280867
82427287581
82427293380
82427299788
82427305281
82427309798
82427316939
82427323104
82427330489
82427336592
82427342574
82427346724
82427353133
82427356917
82427363570
82427369612
82427374373
82427382247
82427387435
82427393416
82427397872
82427403914
82427409590
82427415755
82427421065
82427428023
82427432723
82427439986
82427446272
82427450667
82427457259
82427461714
82427468611
82427473738
82427480391
82427485335
82427491072
82427497664
82427504072
82427508467
82427514509
82427520552
82427525435
82427531416
82427537214
82427542952
82427549299
82427555281
82427562544
82427567549
82427573835
82427579390
82427585005
82427591291
82427596052
82427602522
82427608625
82427614668
82427622053
82427631330
82427638349
82427644453
82427652510
82427661726
82427667951
82427676435
82427681623
82427686994
82427692915
82427698469
82427705854
82427710981
82427718733
82427724836
82427730695
82427735212
82427743635
82427749250
82427754682
82427761396
82427765913
82427772504
82427777814
82427783857
82427789838
82427795881
82427801557
82427807416
82427811445
82427817670
82427824201
82427829816
82427834638
82427840558
82427847883
82427853315
82427859357
82427865400
82427871747
82427877485
82427882978
82427888288
82427894208
82427897870
82427905927
82427912213
82427917218
82427923444
82427928022
82427934308
82427939435
82427944318
82427950666
82427957196
82427961957
82427968610
82427974530
82427980451
82427986676
82427992230
82427999310
82428004254
82428010236
82428015729
82428022138
82428027387
82428034222
82428039044
82428045697
82428051801
82428057843
82428063763
82428068524
82428074383
82428080975
82428085980
82428091473
82428096783
82428102887
82428108868
82428113995
82428119610
82428125531
82428129864
82428136517
82428140606
82428147748
82428154828
82428163678
82428172589
82428181073
82428187481
82428193768
82428202374
82428209881
82428214825
82428222332
82428227520
82428234051
82428239483
82428244976
82428250225
82428255718
82428260296
82428267864
82428272991
82428279217
82428283734
82428288616
82428295208
82428300213
82428305340
82428312176
82428319439
82428324688
82428328594
82428335125
82428340984
82428344952
82428350933
82428355144
82428362041
82428368389
82428374126
82428380413
82428386516
82428392132
82428399700
82428407635
82428412639
82428420208
82428426250
82428431560
82428439068
82428445415
82428451763
82428457927
82428461956
82428470073
82428477153
82428483501
82428489360
82428494121
82428501262
82428508770
82428513591
82428520122
82428526226
82428532146
82428537700
82428543987
82428550640
82428557231
82428563579
82428569377
82428574077
82428580669
82428585430
82428592632
82428598430
82428604656
82428610393
82428617046
82428622417
82428629070
82428635478
82428641521
82428645671
82428653239
82428660075
82428665446
82428672099
82428676921
82428684184
82428688884
82428696269
82428701945
82428707561
82428715312
82428720378
82428726665
82428735270
82428741862
82428746501
82428754985
82428760234
82428767680
82428774516
82428781291
82428789286
82428794596
82428799357
82428806071
82428811503
82428817912
82428823893
82428831340
82428836772
82428843241
82428847270
82428853556
82428859721
82428865946
82428873332
82428878153
82428883891
82428891032
82428896586
82428903483
82428908061
82428914774
82428920939
82428926493
82428932169
82428936564
82428944315
82428950663
82428956644
82428962077
82428968302
82428974406
82428979410
82428987284
82428992045
82428999430
82429005350
82429011088
82429016581
82429022318
82429027811
82429034098
82429041300
82429047953
82429053507
82429059549
82429065592
82429072428
82429078653
82429084269
82429090555
82429096048
82429102823
82429109476
82429115519
82429121378
82429126017
82429132791
82429138529
82429145426
82429151834
82429158426
82429164285
82429169657
82429175333
82429183573
82429190286
82429196573
82429201883
82429207987
82429214945
82429219461
82429227274
82429232462
82429239542
82429245340
82429251504
82429257730
82429263589
82429269815
82429275552
82429283609
82429290262
82429297403
82429304117
82429310159
82429319131
82429326089
82429331704
82429339700
82429343728
82429350625
82429357888
82429364114
82429369912
82429376565
82429382974
82429388406
82429394326
82429401101
82429407205
82429414285
82429418923
82429427346
82429431436
82429438088
82429444192
82429450357
82429456155
82429463113
82429468606
82429473794
82429480325
82429487039
82429493874
82429498208
82429505288
82429511880
82429518411
82429524087
82429530251
82429536050
82429540871
82429547585
82429554787
82429559914
82429566689
82429571877
82429577492
82429584756
82429590798
82429595559
82429601845
82429608254
82429613076
82429619729
82429626198
82429631630
82429637673
82429643532
82429650063
82429655922
82429662941
82429669106
82429674904
82429679726
82429686196
82429692604
82429698891
82429703469
82429710366
82429717568
82429722267
82429729409
82429734535
82429740212
82429746559
82429753639
82429759743
82429765480
82429772377
82429777626
82429783547
82429787880
82429796486
82429801308
82429807655
82429814186
82429819679
82429824806
82429832375
82429839516
82429847389
82429854469
82429861732
82429866432
82429874550
82429881203
82429888283
82429894630
82429899757
82429907265
82429911964
82429918373
82429923866
82429931617
82429936928
82429942299
82429947609
82429954689
82429958900
82429966591
82429974952
82429981727
82429987526
82429994606
82430001442
82430005409
82430011695
82430020240
82430024940
82430032203
82430036903
82430043861
82430048866
82430054847
82430061622
82430067298
82430072608
82430079078
82430084876
82430091956
82430095863
82430102454
82430109412
82430115760
82430121803
82430126624
82430132789
82430139503
82430144752
82430149573
82430156165
82430162757
82430168555
82430172767
82430179481
82430185279
82430191199
82430199622
82430204627
82430210731
82430216102
82430222388
82430227454
82430233619
82430241370
82430246741
82430254676
82430259864
82430265967
82430271338
82430278540
82430285315
82430290137
82430297522
82430302771
82430309668
82430315039
82430321448
82430325598
82430333045
82430338599
82430344580
82430351843
82430356787
82430363074
82430369055
82430374793
82430382422
82430390967
82430396887
82430403357
82430414160
82430423193
82430427771
82430437781
82430444067
82430448645
82430455054
82430460425
82430466894
82430472937
82430476965
82430484106
82430490698
82430496618
82430501929
82430508154
82430513281
82430519324
82430526892
82430532690
82430538855
82430545202
82430549963
82430555212
82430562048
82430567968
82430573706
82430579626
82430586096
82430591650
82430599218
82430603552
82430609777
82430615515
82430622106
82430626745
82430634313
82430639501
82430646276
82430652014
82430656774
82430664587
82430669531
82430676244
82430682775
82430687841
82430693090
82430699499
82430705053
82430712194
82430720190
82430727819
82430735571
82430744299
82430750463
82430760473
82430766637
82430772436
82430779943
82430785070
82430791357
82430798131
82430804052
82430809972
82430816686
82430821386
82430828100
82430833532
82430839879
82430847753
82430852819
82430858495
82430864843
82430870275
82430876989
82430881932
82430888585
82430893590
82430898961
82430906652
82430913243
82430919164
82430925878
82430934789
82430941381
82430949010
82430957128
82430965123
82430969579
82430975011
82430981236
82430987401
82430993626
82430999486
82431004430
82431010289
82431015965
82431020848
82431027623
82431032872
82431038914
82431044835
82431049901
82431056615
82431062230
82431067845
82431075230
82431080174
82431085484
82431091832
82431097264
82431102879
82431111119
82431116368
82431122471
82431128453
82431133824
82431140294
82431146641
82431153904
82431160618
82431166722
82431174473
82431181187
82431189183
82431195896
82431202671
82431208103
82431213536
82431220921
82431228672
82431234226
82431241490
82431247837
82431254063
82431259312
82431266636
82431272679
82431277317
82431285557
82431290745
82431296421
82431301792
82431308384
82431316074
82431320896
82431328587
82431334141
82431340244
82431346531
82431352940
82431359836
82431366550
82431372532
82431378574
82431384922
82431391575
82431396274
82431404453
82431409763
82431416355
82431420444
82431428745
82431435459
82431442295
82431450290
82431459446
82431464512
82431472385
82431478977
82431485874
82431493320
82431499240
82431505832
82431511447
82431517795
82431523105
82431529270
82431537448
82431542331
82431549594
82431555637
82431562045
82431570041
82431576816
82431582675
82431587924
82431595798
82431601169
82431608066
82431613376
82431619968
82431626132
82431632724
82431638827
82431644199
82431648959
82431656222
82431661166
82431668307
82431673801
82431680331
82431685641
82431692355
82431698215
82431702670
82431710483
82431716586
82431721896
82431728122
82431734347
82431739352
82431745578
82431752658
82431757785
82431763156
82431769687
82431775119
82431780856
82431788180
82431792819
82431800631
82431805392
82431812106
82431817111
82431824801
82431830233
82431835787
82431842623
82431847994
82431853060
82431859286
82431863436
82431869906
82431876986
82431883456
82431889132
82431893893
82431900118
82431906771
82431912814
82431918551
82431924044
82431930758
82431935580
82431941561
82431948092
82431953951
82431960604
82431967562
82431972079
82431980807
82431990023
82431998263
82432004671
82432011751
82432019991
82432027315
82432034090
82432040621
82432046785
82432051851
82432056368
82432062532
82432067110
82432074129
82432080111
82432086153
82432091463
82432096468
82432103853
82432108736
82432116365
82432122042
82432128023
82432133821
82432139620
82432143465
82432149629
82432156221
82432162996
82432169344
82432174410
82432180391
82432186434
82432192171
82432197786
82432204378
82432210603
82432215120
82432220918
82432225435
82432232088
82432238008
82432244295
82432249300
82432253999
82432259676
82432265779
82432271638
82432276643
82432283357
82432287996
82432294893
82432300508
82432306733
82432312410
82432317232
82432322358
82432329866
82432335298
82432340852
82432347871
82432354829
82432360627
82432366853
82432372651
82432378205
82432384492
82432389436
82432394990
82432400727
82432407930
82432413179
82432418489
82432424348
82432430207
82432437898
82432445466
82432451203
82432457978
82432463044
82432468965
82432474336
82432479585
82432489228
82432495271
82432502473
82432509919
82432515595
82432521516
82432528779
82432537080
82432548920
82432558076
82432566559
82432571931
82432577973
82432585480
82432590180
82432597870
82432603242
82432609589
82432616242
82432622345
82432628327
82432635163
82432640595
82432645783
82432652436
82432658783
82432664887
82432671479
82432675934
82432681916
82432686249
82432693634
82432699494
82432705963
82432712311
82432718109
82432724030
82432730377
82432735504
82432740814
82432747040
82432753327
82432759064
82432764313
82432770294
82432776215
82432782990
82432789520
82432795624
82432801239
82432806061
82432811676
82432817047
82432823700
82432829681
82432834991
82432840362
82432846222
82432852081
82432858734
82432863068
82432871490
82432877167
82432882721
82432887665
82432893463
82432899566
82432903839
82432910736
82432917694
82432923004
82432928619
82432934234
82432939361
82432944915
82432952240
82432957611
82432963653
82432970306
82432975921
82432980987
82432986846
82432994049
82432999420
82433004913
82433009796
82433015411
82433022064
82433027923
82433036407
82433042449
82433052154
82433059783
82433066863
82433073760
82433081329
82433089263
82433096038
82433102203
82433108428
82433115447
82433123077
82433128570
82433134185
82433140350
82433147552
82433152251
82433159087
82433165923
82433172088
82433178069
82433184356
82433189849
82433195952
82433202483
82433208159
82433215056
82433220488
82433226287
82433231719
82433238799
82433244414
82433250762
82433258452
82433263945
82433270232
82433275603
82433282012
82433287505
82433293975
82433300627
82433306853
82433312651
82433319365
82433326079
82433331389
82433337493
82433343596
82433349639
82433355559
82433362151
82433367461
82433374053
82433379424
82433384856
82433392973
82433397856
82433403716
82433410063
82433415129
82433421721
82433427641
82433432951
82433440214
82433444487
82433450590
82433457060
82433462492
82433467619
82433473295
82433480070
82433485625
82433491728
82433496367
82433502592
82433508879
82433514738
82433521574
82433526579
82433532682
82433539274
82433544767
82433550444
82433557585
82433561979
82433568815
82433576750
82433582792
82433590055
82433599516
82433605192
82433613188
82433623686
82433629545
82433636564
82433642301
82433647733
82433654203
82433660734
82433666776
82433673429
82433679166
82433685819
82433691129
82433697416
82433703703
82433709867
82433714750
82433721037
82433728239
82433733915
82433739469
82433745451
82433751127
82433757474
82433763700
82433770719
82433776517
82433782194
82433788236
82433795743
82433801664
82433808317
82433814786
82433820279
82433825589
82433830777
82433837064
82433843290
82433848050
82433855680
82433860501
82433866727
82433873685
82433878629
82433883695
82433890226
82433895536
82433901761
82433907804
82433913785
82433919644
82433923734
82433929715
82433935697
82433942960
82433948575
82433953458
82433959927
82433964566
82433970120
82433977200
82433983731
82433989529
82433994717
82433999356
82434006436
82434011929
82434017667
82434022244
82434028958
82434034756
82434041226
82434047208
82434052640
82434056485
82434063321
82434070401
82434075467
82434081936
82434087857
82434093716
82434098904
82434105008
82434110989
82434119107
82434127285
82434134793
82434142300
82434151577
82434160000
82434166775
82434172573
82434178189
82434184658
82434190274
82434195828
82434201138
82434207363
82434214260
82434218899
82434224575
82434230252
82434237698
82434242886
82434250332
82434255459
82434261318
82434266445
82434271389
82434277371
82434283840
82434287563
82434294643
82434301907
82434306606
82434312283
82434318020
82434324795
82434330044
82434337490
82434342800
82434347744
82434352749
82434358547
82434364590
82434369594
82434375393
82434381862
82434386928
82434392727
82434397609
82434404262
82434409572
82434416408
82434420742
82434425869
82434431911
82434438259
82434442958
82434449672
82434455349
82434461391
82434466274
82434472988
82434478420
82434485134
82434490993
82434496913
82434502223
82434506801
82434511928
82434518154
82434522487
82434528896
82434535610
82434541713
82434546840
82434552516
82434557399
82434562099
82434569118
82434574245
82434582301
82434587428
82434592128
82434597621
82434603114
82434608180
82434613307
82434620876
82434625636
82434631496
82434637233
82434645717
82434654079
82434661342
82434666713
82434675929
82434682338
82434688930
82434696559
82434703883
82434709559
82434714747
82434720729
82434725490
82434732386
82434738307
82434743861
82434748866
82434755091
82434761805
82434766383
82434773158
82434778773
82434784388
82434790431
82434796107
82434801661
82434806727
82434814051
82434819850
82434825465
82434830836
82434838038
82434843287
82434849207
82434854945
82434861720
82434866969
82434872279
82434878443
82434883326
82434890162
82434897059
82434902796
82434908839
82434913477
82434919093
82434925257
82434930384
82434935328
82434942164
82434946619
82434953272
82434959803
82434965540
82434969996
82434975977
82434981043
82434986536
82434992457
82434999170
82435005030
82435010767
82435017298
82435021509
82435028162
82435033411
82435039087
82435045618
82435051416
82435064295
82435069666
82435074854
82435079981
82435088159
82435092737
82435098780
82435103845
82435110315
82435117517
82435122400
82435129480
82435135828
82435141260
82435145838
82435153345
82435159326
82435164880
82435171472
82435179163
82435187036
82435193933
82435202661
82435210962
82435216638
82435222986
82435231714
82435237146
82435242395
82435248315
82435254541
82435260583
82435267236
82435272851
82435279199
82435284387
82435293542
82435301111
82435307458
82435313134
82435320947
82435325647
82435332055
82435338281
82435346460
82435352197
82435358972
82435365197
82435372583
82435377587
82435385949
82435392968
82435399682
82435406884
82435415185
82435420312
82435428857
82435435571
82435443383
82435450219
82435456872
82435463220
82435467370
82435474511
82435479455
82435485619
82435491662
82435495507
82435502404
82435509118
82435514367
82435519250
82435525170
82435530785
82435536584
82435542077
82435547875
82435553551
82435558800
82435564599
82435571251
82435576623
82435581444
82435588097
82435593590
82435600304
82435606286
82435612145
82435616051
82435621666
82435627526
82435633873
82435638024
82435645714
82435652733
82435658348
82435662926
82435668236
82435674218
82435680626
82435685936
82435691002
82435696739
82435704064
82435710411
82435717064
82435723961
82435734337
82435743187
82435751488
82435757835
82435763451
82435770348
82435776146
82435782494
82435788780
82435793297
82435799767
82435803795
82435810570
82435817345
82435822349
82435827537
82435832909
82435837974
82435843651
82435848167
82435854942
82435859093
82435866173
82435872398
82435877281
82435882835
82435888756
82435896202
82435900963
82435907676
82435913047
82435919212
82435924461
82435931907
82435939537
82435944175
82435951316
82435956688
82435963584
82435969505
82435975303
82435981590
82435987632
82435994285
82436000816
82436006370
82436011741
82436017661
82436024681
82436030540
82436037010
82436041831
82436047386
82436053428
82436061668
82436069480
82436076499
82436081504
82436088157
82436094016
82436100486
82436106467
82436113181
82436118735
82436124595
82436129417
82436135398
82436141318
82436147178
82436153037
82436159751
82436165122
82436170127
82436178245
82436188865
82436195090
82436205222
82436212302
82436223899
82436235434
82436242392
82436247947
82436258322
82436266135
82436275107
82436284384
82436290854
82436297995
82436306357
82436312216
82436318015
82436323447
82436330161
82436336936
82436343588
82436349387
82436355856
82436361044
82436367575
82436374472
82436381064
82436386374
82436391257
82436397421
82436404257
82436408835
82436416342
82436421835
82436428610
82436434897
82436440878
82436446432
82436452719
82436459921
82436465780
82436471701
82436477072
82436483603
82436489096
82436494711
82436501547
82436508078
82436514853
82436520346
82436526449
82436532064
82436538290
82436544271
82436550070
82436555868
82436561178
82436567587
82436574240
82436580587
82436586752
82436591818
82436598593
82436604391
82436610372
82436616049
82436622030
82436629293
82436634054
82436641012
82436646627
82436652181
82436657552
82436664266
82436671407
82436676351
82436683004
82436688375
82436694234
82436699667
82436706808
82436714010
82436719686
82436724996
82436730733
82436736715
82436742147
82436748495
82436755025
82436760457
82436766866
82436772603
82436779317
82436784994
82436794942
82436802877
82436810506
82436818502
82436826864
82436833760
82436839254
82436845662
82436852315
82436857930
82436863240
82436869466
82436876302
82436884236
82436890157
82436897359
82436904500
82436911885
82436917867
82436926473
82436931600
82436936482
82436942769
82436949300
82436955892
82436963033
82436968160
82436973897
82436979756
82436984456
82436991109
82436995930
82437001973
82437009053
82437014363
82437019307
82437025593
82437031331
82437035420
82437043904
82437048848
82437055134
82437062642
82437067158
82437072529
82437080586
82437086445
82437092061
82437096760
82437104207
82437108845
82437114888
82437120930
82437126240
82437131306
82437138020
82437143269
82437149922
82437154988
82437161457
82437168537
82437174275
82437179951
82437186299
82437192280
82437197651
82437204304
82437209004
82437215473
82437222187
82437228169
82437234150
82437238545
82437245319
82437251240
82437258137
82437263325
82437268879
82437275898
82437281818
82437287006
82437293232
82437300556
82437306232
82437312519
82437318378
82437326679
82437331379
82437339619
82437349689
82437355305
82437362995
82437369892
82437374592
82437381977
82437387043
82437394245
82437398945
82437405597
82437412555
82437418415
82437423786
82437429401
82437436908
82437441181
82437448932
82437453754
82437459491
82437465473
82437471454
82437478290
82437483661
82437490314
82437496234
82437501972
82437507953
82437511859
82437519428
82437525958
82437531818
82437538471
82437543353
82437550433
82437555743
82437562701
82437566913
82437574237
82437581073
82437587238
82437593097
82437597858
82437605609
82437611285
82437617755
82437624103
82437629840
82437634540
82437640155
82437646503
82437652179
82437659747
82437663898
82437670367
82437675982
82437681598
82437687274
82437693744
82437699847
82437705157
82437711200
82437717791
82437723285
82437729205
82437733661
82437741351
82437747760
82437751727
82437758136
82437763934
82437770037
82437774249
82437781207
82437786639
82437792498
82437798968
82437802996
82437809649
82437815447
82437822955
82437827899
82437834185
82437841021
82437848101
82437854144
82437862689
82437870318
82437879656
82437886248
82437895953
82437903155
82437908648
82437914873
82437919512
82437926348
82437932696
82437938006
82437946490
82437952105
82437958391
82437965716
82437971453
82437978411
82437986773
82437993792
82437998369
82438006182
82438011858
82438017046
82438023882
82438029253
82438035662
82438041582
82438048296
82438053972
82438058855
82438068865
82438075945
82438081804
82438087236
82438093706
82438098772
82438105791
82438111345
82438116655
82438123491
82438129350
82438133440
82438139787
82438146440
82438152300
82438156877
82438163286
82438169145
82438175554
82438180803
82438186235
82438190324
82438197282
82438204668
82438210710
82438216936
82438222185
82438229875
82438234697
82438241411
82438249101
82438253618
82438260087
82438266069
82438271623
82438276933
82438283647
82438290178
82438294755
82438301408
82438307878
82438313554
82438318803
82438324479
82438329728
82438335710
82438342424
82438346879
82438353166
82438359208
82438364701
82438372453
82438380326
82438389665
82438396928
82438406510
82438414689
82438424027
82438430497
82438436601
82438442033
82438449052
82438454057
82438461503
82438465958
82438472367
82438478288
82438484452
82438491044
82438496964
82438504960
82438510819
82438515763
82438521928
82438528275
82438534440
82438540909
82438546158
82438552689
82438559037
82438565262
82438570756
82438577836
82438583329
82438588883
82438595658
82438602799
82438609147
82438613968
82438620133
82438628006
82438633744
82438639908
82438645157
82438651444
82438656754
82438662552
82438668045
82438673966
82438680924
82438687088
82438693741
82438698563
82438704788
82438711502
82438717362
82438722794
82438728897
82438734573
82438741104
82438747452
82438753433
82438759842
82438765030
82438771866
82438778458
82438783768
82438789139
82438794815
82438801712
82438807449
82438812637
82438819290
82438823257
82438831009
82438836258
82438842422
82438848526
82438853714
82438860611
82438865799
82438873428
82438878677
82438884292
82438891617
82438899124
82438905044
82438911087
82438918045
82438923050
82438931289
82438937088
82438946487
82438952774
82438958511
82438966323
82438972549
82438978408
82438985794
82438991348
82438996719
82439003189
82439007339
82439015029
82439021682
82439027908
82439035110
82439040786
82439046829
82439052261
82439059524
82439066177
82439071365
82439075637
82439081435
82439085525
82439089553
82439094741
82439098220
82439103286
82439109267
82439113357
82439118728
82439123672
82439127883
82439132155
82439138076
82439144790
82439149062
82439153945
82439159194
82439164931
82439169265
82439173964
82439178542
82439184279
82439189589
82439193007
82439198439
82439202102
82439208693
82439216384
82439222182
82439227797
82439231215
82439236220
82439239943
82439246596
82439251296
82439256972
82439260207
82439265212
82439268264
82439274367
82439279006
82439282729
82439289137
82439293227
82439298842
82439303115
82439308119
82439312880
82439317702
82439322524
82439328017
82439332594
82439336989
82439340407
82439346327
82439352065
82439355971
82439363661
82439367812
82439373305
82439377211
82439382826
82439387648
82439392165
82439395705
82439403273
82439411085
82439415968
82439422194
82439427138
82439432936
82439437392
82439443556
82439449171
82439454970
82439459974
82439464918
82439469557
82439474928
82439480482
82439485670
82439489943
82439495192
82439499403
82439504408
82439508741
82439512465
82439520582
82439526381
82439530958
82439535841
82439541334
82439546095
82439550245
82439555433
82439561415
82439566969
82439572523
82439577345
82439582350
82439587110
82439590528
82439596693
82439601087
82439606886
82439610975
82439616956
82439621534
82439626356
82439631056
82439636732
82439641309
82439645826
82439650221
82439655653
82439660291
82439665723
82439671156
82439676344
82439680799
82439684217
82439690076
82439693922
82439698072
82439702833
82439708753
82439713575
82439718336
82439722852
82439728956
82439733655
82439738477
82439741529
82439748853
82439754163
82439758558
82439763440
82439768506
82439773267
82439779188
82439782972
82439789808
82439794751
82439799390
82439804090
82439809766
82439814771
82439819471
82439825879
82439833265
82439839734
82439845105
82439850598
82439855420
82439860547
82439866956
82439871778
82439879285
82439884595
82439890576
82439895154
82439901746
82439907300
82439915479
82439923840
82439931104
82439936475
82439942090
82439948621
82439953198
82439959668
82439964673
82439970654
82439976147
82439981885
82439986218
82439990185
82439994336
82439999829
82440004224
82440011426
82440016492
82440020825
82440025525
82440031018
82440035596
82440039990
82440044812
82440049878
82440055005
82440060315
82440065442
82440071057
82440077221
82440082959
82440087109
82440095654
82440101574
82440107190
82440112988
82440118237
82440125134
82440130261
82440135205
82440143017
82440146984
82440153759
82440159252
82440164196
82440170605
82440176098
82440180615
82440188610
82440193981
82440198986
82440203442
82440209362
82440215771
82440221264
82440225720
82440232678
82440237438
82440242443
82440248791
82440254223
82440259716
82440265331
82440269848
82440278027
82440283520
82440290600
82440294933
82440300793
82440307079
82440311291
82440317272
82440324047
82440330456
82440335338
82440341808
82440347423
82440352184
82440358227
82440363903
82440368725
82440374889
82440380138
82440385997
82440390941
82440398266
82440403637
82440409374
82440414318
82440421276
82440428356
82440433727
82440438121
82440444103
82440450206
82440454967
82440460521
82440466808
82440474559
82440479503
82440487621
82440492381
82440501476
82440508800
82440515453
82440521922
82440528148
82440534374
82440539989
82440547435
82440552867
82440557689
82440561412
82440569774
82440575267
82440580272
82440585460
82440591991
82440596690
82440602244
82440607432
82440614146
82440619151
82440626109
82440629466
82440636180
82440641063
82440645823
82440650889
82440658092
82440663890
82440669078
82440673961
82440679942
82440684459
82440689525
82440695872
82440701854
82440707408
82440712779
82440718272
82440723216
82440728343
82440732798
82440738230
82440748179
82440752207
82440759654
82440765269
82440771006
82440775401
82440781504
82440786021
82440790965
82440798655
82440803294
82440810679
82440815074
82440821360
82440827464
82440833018
82440838938
82440845774
82440850352
82440855967
82440861460
82440868540
82440873972
82440879893
82440884837
82440893198
82440899302
82440904124
82440908945
82440915232
82440919688
82440925974
82440932688
82440938608
82440946055
82440951975
82440957041
82440961496
82440970286
82440975657
82440980539
82440985239
82440993296
82440997751
82441004892
82441009775
82441016733
82441020761
82441035715
82441040659
82441047922
82441053842
82441059214
82441065561
82441072885
82441079599
82441086130
82441094187
82441101145
82441108469
82441114755
82441122263
82441128732
82441133493
82441141611
82441149179
82441155710
82441162180
82441168466
82441174509
82441180673
82441186899
82441193552
82441199899
82441205698
82441211740
82441217538
82441222909
82441228342
82441232370
82441238473
82441244272
82441250375
82441255990
82441260507
82441267099
82441271676
82441276742
82441284616
82441289132
82441297128
82441302316
82441306894
82441312997
82441318612
82441323251
82441329354
82441335580
82441340890
82441346749
82441351510
82441357614
82441362496
82441369210
82441374459
82441381051
82441386483
82441393136
82441398751
82441404672
82441409371
82441416207
82441421456
82441427071
82441436532
82441442696
82441447030
82441454049
82441458688
82441462716
82441469613
82441474190
82441481332
82441488351
82441493539
82441497018
82441503915
82441507638
82441513070
82441520089
82441527962
82441534554
82441539986
82441546883
82441551156
82441556222
82441561837
82441566231
82441573800
82441578011
82441585885
82441589791
82441596627
82441601754
82441606942
82441612374
82441619332
82441625374
82441629830
82441636238
82441640450
82441646004
82441651924
82441655953
82441662544
82441669258
82441676888
82441683663
82441689522
82441698250
82441703865
82441711067
82441716438
82441724312
82441731392
82441736824
82441742500
82441747810
82441752266
82441760872
82441764900
82441771248
82441777901
82441782539
82441789864
82441794502
82441801338
82441807197
82441812630
82441817390
82441823494
82441828499
82441833320
82441839180
82441845466
82441851265
82441856697
82441863472
82441868355
82441873665
82441879585
82441885811
82441893135
82441898201
82441903877
82441909431
82441915229
82441921516
82441926155
82441932441
82441939949
82441945625
82441949958
82441955757
82441961860
82441967231
82441972358
82441978828
82441984809
82441990730
82441996040
82442001899
82442007453
82442014106
82442020088
82442025520
82442031806
82442036811
82442042915
82442048530
82442055122
82442059821
82442065864
82442070991
82442078437
82442084907
82442089545
82442095954
82442100226
82442104438
82442111030
82442118659
82442123725
82442129767
82442134223
82442140510
82442146430
82442150763
82442157294
82442162787
82442170356
82442176520
82442181220
82442187079
82442191474
82442197944
82442202887
82442208625
82442215033
82442220282
82442225104
82442230780
82442235236
82442241584
82442248175
82442253119
82442260321
82442267584
82442274542
82442281439
82442286139
82442293646
82442299872
82442304511
82442311102
82442317816
82442322760
82442328619
82442334662
82442338873
82442345526
82442352423
82442358282
82442366034
82442372687
82442377631
82442386969
82442392218
82442399115
82442404730
82442413214
82442417670
82442423407
82442429327
82442435980
82442442206
82442447821
82442453802
82442459540
82442463385
82442469244
82442475103
82442480963
82442487249
82442495916
82442500006
82442509283
82442515692
82442523199
82442530096
82442536077
82442541143
82442545233
82442552984
82442559820
82442564764
82442570806
82442575323
82442582220
82442586492
82442592230
82442597296
82442604437
82442609869
82442613897
82442621404
82442626470
82442632330
82442638189
82442643255
82442649358
82442656255
82442662054
82442668035
82442672491
82442679388
82442684576
82442689886
82442695806
82442704778
82442710576
82442717046
82442721990
82442728582
82442733282
82442739812
82442745733
82442751470
82442759710
82442764165
82442770452
82442774968
82442781621
82442788518
82442794011
82442797612
82442805059
82442809270
82442816350
82442821782
82442825505
82442834416
82442840032
82442845037
82442854131
82442860784
82442866399
82442872869
82442878728
82442885137
82442892644
82442897710
82442902837
82442912175
82442918401
82442924870
82442931889
82442937566
82442942204
82442949406
82442954716
82442962285
82442966862
82442974431
82442979314
82442984685
82442990544
82442996953
82443000981
82443008610
82443013676
82443019902
82443025761
82443031132
82443037297
82443044133
82443049504
82443055607
82443060246
82443067143
82443072819
82443077397
82443086003
82443091679
82443097721
82443104924
82443110356
82443116215
82443121525
82443128788
82443133732
82443139591
82443145512
82443153019
82443159001
82443163212
82443170597
82443176335
82443182194
82443187382
82443193730
82443200199
82443204105
82443211796
82443217289
82443222172
82443228153
82443233707
82443240238
82443246220
82443253788
82443258488
82443264103
82443269413
82443275516
82443281376
82443286625
82443292118
82443299808
82443306461
82443312260
82443319340
82443324222
82443330509
82443335453
82443339786
82443347233
82443352909
82443359012
82443365055
82443370060
82443376407
82443383060
82443389591
82443393924
82443398929
82443407352
82443412479
82443420108
82443424686
82443430484
82443435672
82443440616
82443444156
82443453250
82443458499
82443464908
82443470828
82443477909
82443482913
82443489505
82443495303
82443505740
82443512759
82443518741
82443526004
82443531680
82443538577
82443545291
82443551151
82443556216
82443560184
82443568240
82443574344
82443579532
82443583865
82443590579
82443594668
82443601504
82443607486
82443615176
82443621036
82443626407
82443631900
82443636661
82443645266
82443651187
82443655948
82443660769
82443666140
82443670962
82443677188
82443682193
82443687564
82443692630
82443698611
82443704715
82443710452
82443715213
82443720401
82443726870
82443732302
82443740908
82443747012
82443752993
82443760317
82443765261
82443769839
82443776919
82443782351
82443788638
82443794802
82443801455
82443807559
82443813113
82443820071
82443826601
82443833010
82443837954
82443843569
82443849184
82443854922
82443859927
82443866274
82443872134
82443877688
82443883974
82443889468
82443895205
82443901430
82443906496
82443913698
82443919985
82443924868
82443929445
82443937624
82443947512
82443955385
82443960878
82443966555
82443974367
82443978151
82443985964
82443991213
82443997805
82444003298
82444008242
82444013491
82444021120
82444024843
82444033998
82444040895
82444046083
82444051271
82444056581
82444060854
82444066530
82444071230
82444078493
82444086366
82444091676
82444099733
82444105043
82444111391
82444117555
82444125063
82444132509
82444141725
82444147951
82444153444
82444158937
82444164674
82444169801
82444177614
82444183717
82444188966
82444193971
82444198732
82444205629
82444210939
82444217286
82444222597
82444229493
82444234010
82444240297
82444244020
82444250001
82444256044
82444261598
82444268068
82444275697
82444280092
82444286317
82444292299
82444298768
82444303041
82444308473
82444314454
82444321107
82444325624
82444332276
82444338441
82444343751
82444349549
82444355165
82444361085
82444368653
82444374940
82444380494
82444386781
82444392701
82444398194
82444403748
82444408692
82444416749
82444422791
82444428284
82444433656
82444439088
82444445069
82444450623
82444455262
82444463013
82444469178
82444475220
82444480408
82444485291
82444491028
82444496766
82444500428
82444510377
82444514954
82444522339
82444525635
82444532288
82444537171
82444541016
82444548340
82444553711
82444560669
82444565674
82444570618
82444575562
82444580017
82444585633
82444590332
82444596558
82444603943
82444608643
82444616028
82444621094
82444628723
82444634705
82444644654
82444652466
82444659180
82444666077
82444672913
82444679016
82444688233
82444697449
82444706482
82444721802
82444728455
82444735107
82444743408
82444751343
82444760071
82444767334
82444776306
82444789123
82444793762
82444801880
82444807007
82444813843
82444820434
82444826721
82444833801
82444839538
82444845703
82444852050
82444858276
82444864380
82444869873
82444875061
82444879943
82444887451
82444893554
82444898620
82444903503
82444908996
82444915283
82444921386
82444926330
82444934020
82444939758
82444945251
82444951599
82444956054
82444962036
82444969421
82444974365
82444979553
82444988525
82444992248
82445000182
82445003845
82445010864
82445017394
82445022033
82445028014
82445035033
82445040893
82445045348
82445050903
82445057616
82445063842
82445068603
82445074584
82445081847
82445085448
82445092223
82445097472
82445104308
82445109191
82445114013
82445120360
82445127990
82445133544
82445136962
82445145141
82445150634
82445155578
82445161986
82445166381
82445173217
82445179808
82445183959
82445190856
82445197081
82445202025
82445207579
82445213561
82445219481
82445223937
82445230040
82445236449
82445239928
82445246581
82445251891
82445259337
82445264830
82445271361
82445277220
82445283080
82445288390
82445295653
82445300597
82445308043
82445313475
82445318541
82445326842
82445333800
82445339171
82445346983
82445353880
82445359862
82445366087
82445373472
82445381529
82445388365
82445393980
82445400877
82445407347
82445413450
82445419615
82445423033
82445431944
82445438048
82445443541
82445448851
82445455198
82445460142
82445466978
82445472044
82445479185
82445485228
82445491026
82445496397
82445502928
82445507933
82445513304
82445517820
82445526365
82445531553
82445537718
82445543638
82445550901
82445556883
82445564390
82445571226
82445577024
82445583677
82445589414
82445595640
82445602598
82445608274
82445614011
82445619627
82445628355
82445633604
82445640256
82445647031
82445651121
82445658567
82445663023
82445670835
82445675901
82445684263
82445690122
82445695920
82445700071
82445706968
82445711728
82445717161
82445723386
82445730161
82445736631
82445741391
82445746213
82445753415
82445756894
82445764768
82445770322
82445778135
82445783628
82445791379
82445795102
82445802610
82445807553
82445812375
82445819211
82445826047
82445831479
82445837094
82445843137
82445848996
82445853879
82445857968
82445865354
82445872739
82445877377
82445881589
82445888852
82445893002
82445900449
82445906247
82445911984
82445918393
82445924496
82445931271
82445937253
82445943356
82445948605
82445954221
82445961179
82445966489
82445976071
82445980466
82445987851
82445992917
82445999386
82446007016
82446012692
82446017880
82446026547
82446032345
82446038937
82446043942
82446049496
82446054196
82446061459
82446065976
82446072812
82446077694
82446083798
82446090573
82446094662
82446101315
82446105770
82446112667
82446119870
82446126644
82446132687
82446138607
82446144772
82446150814
82446156368
82446161434
82446165280
82446173336
82446179684
82446185177
82446189999
82446196957
82446201840
82446207394
82446212277
82446218990
82446224361
82446230587
82446235775
82446242855
82446247982
82446251644
82446259273
82446264645
82446271419
82446275875
82446282406
82446287960
82446293026
82446296993
82446304256
82446311153
82446317928
82446322628
82446330379
82446335079
82446341060
82446346615
82446352047
82446359188
82446366817
82446371273
82446377376
82446383052
82446389461
82446395382
82446400508
82446406429
82446412166
82446418087
82446423336
82446429012
82446434017
82446438960
82446444881
82446450374
82446459651
82446465572
82446470149
82446475337
82446482967
82446486507
82446493831
82446498653
82446504756
82446510188
82446517207
82446522701
82446528560
82446532832
82446539180
82446543513
82446549861
82446556636
82446561030
82446568660
82446574519
82446583674
82446588801
82446596614
82446604915
82446611384
82446615474
82446622249
82446628779
82446636714
82446641719
82446648188
82446652705
82446661677
82446667781
82446673701
82446679255
82446684626
82446690730
82446700251
82446706416
82446715022
82446719355
82446725154
82446730281
82446735957
82446741084
82446746028
82446753352
82446760615
82446766474
82446772273
82446776667
82446784235
82446787898
82446795405
82446803339
82446808833
82446814509
82446820673
82446824519
82446831416
82446837397
82446843195
82446849848
82446856623
82446861018
82446868037
82446872248
82446879511
82446885065
82446890070
82446895502
82446902521
82446906916
82446912653
82446918757
82446923945
82446929011
82446934198
82446939692
82446946405
82446950495
82446957087
82446961054
82446967279
82446972467
82446977167
82446983454
82446991022
82446995233
82447001276
82447006891
82447012079
82447017572
82447024103
82447027765
82447036859
82447043085
82447049799
82447053278
82447060053
82447065607
82447071954
82447075678
82447085260
82447091364
82447096124
82447100946
82447107721
82447112604
82447118829
82447123468
82447132928
82447138055
82447141717
82447148431
82447155267
82447159662
82447165277
82447172967
82447180475
82447188409
82447192865
82447200128
82447204950
82447214105
82447218988
82447226190
82447231012
82447237237
82447243219
82447249810
82447254022
82447260553
82447266046
82447271783
82447275872
82447282281
82447287774
82447293267
82447297235
82447302911
82447308038
82447313653
82447320489
82447327813
82447334222
82447340020
82447345635
82447350396
82447355279
82447361810
82447365411
82447374017
82447379937
82447384576
82447390130
82447396050
82447402398
82447407220
82447414300
82447422478
82447427850
82447434502
82447439385
82447446038
82447450677
82447456841
82447461297
82447465752
82447474053
82447478448
82447485833
82447490044
82447496209
82447502251
82447507378
82447513176
82447519829
82447525628
82447530327
82447536126
82447541985
82447546868
82447552483
82447559685
82447566033
82447571709
82447576592
82447583306
82447588127
82447593132
82447598809
82447603691
82447611809
82447617241
82447624077
82447629143
82447634880
82447639336
82447643486
82447651177
82447666008
82447674614
82447684502
82447689201
82447695793
82447702446
82447708244
82447712090
82447717522
82447721367
82447727592
82447733635
82447739616
82447745903
82447750786
82447758171
82447763176
82447769523
82447775871
82447781730
82447787895
82447794792
82447799125
82447804802
82447809379
82447814506
82447819145
82447823601
82447828727
82447833976
82447838981
82447844413
82447849662
82447853752
82447858513
82447862663
82447869926
82447875785
82447880607
82447885124
82447890861
82447895378
82447901603
82447906364
82447913322
82447917045
82447923393
82447927909
82447934379
82447939506
82447944877
82447950309
82447958366
82447964408
82447971488
82447976371
82447982475
82447986869
82447993522
82447998161
82448005729
82448010429
82448017875
82448022575
82448027091
82448034965
82448039115
82448045585
82448050895
82448058890
82448063529
82448069816
82448075919
82448081901
82448087455
82448093070
82448096732
82448105460
82448111564
82448116874
82448121756
82448128959
82448133048
82448139212
82448146232
82448152762
82448158561
82448165397
82448169730
82448175284
82448180655
82448185660
82448191581
82448197623
82448202506
82448208487
82448215384
82448219962
82448227164
82448231986
82448241263
82448246512
82448252493
82448257742
82448263602
82448267203
82448273306
82448279410
82448287283
82448291678
82448298392
82448302115
82448307730
82448311636
82448319937
82448329092
82448336722
82448341177
82448348257
82448354117
82448360586
82448366690
82448374075
82448381399
82448386526
82448392935
82448399100
82448404104
82448409537
82448415396
82448421072
82448428030
82448432669
82448441946
82448446524
82448453543
82448460562
82448466848
82448472830
82448480276
82448486196
82448492849
82448498403
82448504324
82448509512
82448514761
82448520864
82448527639
82448532339
82448539541
82448543081
82448550100
82448555654
82448561025
82448566335
82448575613
82448580984
82448587515
82448592458
82448598928
82448604421
82448609792
82448614248
82448623464
82448628713
82448633596
82448639944
82448645620
82448650442
82448654653
82448662405
82448667104
82448674367
82448680776
82448685232
82448692922
82448701284
82448706350
82448714345
82448720632
82448726003
82448733815
82448739431
82448745473
82448750844
82448757802
82448763723
82448770070
82448775380
82448782277
82448788137
82448795644
82448799672
82448806813
82448812490
82448819448
82448824758
82448831227
82448836965
82448842397
82448848012
82448854909
82448860585
82448869069
82448875478
82448882497
82448888295
82448893971
82448899464
82448907094
82448913075
82448921620
82448927418
82448934987
82448941579
82448948109
82448956349
82448962514
82448970875
82448979298
82448986806
82448992177
82449000294
82449006215
82449013600
82449018055
82449025013
82449031300
82449036244
82449042530
82449047535
82449052296
82449059620
82449064320
82449071522
82449077504
82449083119
82449088734
82449093678
82449099598
82449105702
82449112355
82449118092
82449122608
82449130543
82449136524
82449142201
82449148304
82449154835
82449159474
82449167225
82449174244
82449178394
82449185352
82449189930
82449198536
82449205006
82449209949
82449216175
82449221790
82449228077
82449234608
82449241199
82449246509
82449252369
82449258655
82449264881
82449273243
82449279041
82449285755
82449291736
82449298939
82449303760
82449310352
82449316333
82449324207
82449332142
82449337207
82449344043
82449349842
82449354847
82449360401
82449366077
82449370227
82449377735
82449383655
82449387867
82449393238
82449399646
82449404407
82449411121
82449416614
82449424426
82449428333
82449435047
82449440235
82449446643
82449451587
82449456775
82449463672
82449470142
82449475513
82449481250
82449488391
82449494128
82449499927
82449504199
82449512927
82449520068
82449526111
82449532642
82449538501
82449545520
82449551990
82449557971
82449565051
82449576037
82449584033
82449591968
82449596789
82449607043
82449613757
82449619555
82449629016
82449635363
82449642077
82449647082
82449653918
82449662097
82449667224
82449671557
82449679187
82449684130
82449688830
82449695849
82449701464
82449706591
82449714404
82449719653
82449725878
82449732714
82449737292
82449742053
82449750292
82449756457
82449762560
82449768542
82449773852
82449780199
82449785815
82449791064
82449797045
82449803210
82449809496
82449813097
82449820727
82449826098
82449832751
82449837756
82449843554
82449848620
82449855028
82449862475
82449869127
82449874743
82449880419
82449884936
82449891955
82449897387
82449903856
82449908373
82449914599
82449920580
82449927050
82449933947
82449938585
82449945848
82449951097
82449958666
82449962877
82449972887
82449978563
82449985887
82449991869
82449997789
82450003343
82450009142
82450015428
82450021410
82450027269
82450033861
82450039720
82450046434
82450051927
82450056566
82450063646
82450068529
82450076097
82450082262
82450086717
82450092332
82450098314
82450104478
82450110765
82450116624
82450122911
82450127306
82450134202
82450138414
82450144884
82450150133
82450155626
82450162279
82450169115
82450175096
82450180528
82450187303
82450193406
82450200181
82450206956
82450214097
82450220384
82450227586
82450234788
82450241441
82450246507
82450253648
82450259935
82450264878
82450272447
82450278794
82450284654
82450288743
82450295762
82450301988
82450307847
82450313096
82450321763
82450326524
82450333116
82450338548
82450344224
82450347825
82450354478
82450359666
82450366990
82450372544
82450378892
82450383836
82450391465
82450396836
82450402940
82450408006
82450416550
82450420457
82450427598
82450432542
82450437913
82450442612
82450446641
82450455674
82450463364
82450468796
82450475022
82450479600
82450486802
82450491746
82450495408
82450502610
82450508530
