82199021625
82199027484
82199033222
82199039142
82199045246
82199051288
82199057453
82199063983
82199072223
82199078083
82199085956
82199092426
82199098590
82199102435
82199109821
82199117084
82199123859
82199131732
82199139118
82199146259
82199153400
82199157428
82199168475
82199178241
82199187701
82199194354
82199201984
82199210773
82199217181
82199224750
82199232379
82199239825
82199246844
82199253741
82199260150
82199267779
82199275714
82199282977
82199290240
82199297259
82199303363
82199312884
82199320941
82199328448
82199336383
82199343463
82199349627
82199356585
82199363116
82199370318
82199377459
82199383563
82199389056
82199396502
82199401812
82199409319
82199417986
82199424822
82199433001
82199437884
82199446001
82199451434
82199457598
82199464495
82199475054
82199481036
82199488116
82199496722
82199503496
82199509478
82199516192
82199524248
82199532122
82199539507
82199546953
82199552385
82199559832
82199566179
82199573626
82199582720
82199591936
82199599810
82199606890
82199614397
82199621416
82199627153
82199637529
82199645098
82199651873
82199658647
82199665361
82199670976
82199677812
82199686296
82199694048
82199701372
82199709062
82199715105
82199722673
82199729692
82199738237
82199745989
82199754594
82199761247
82199767656
82199774492
82199781023
82199792558
82199802995
82199812700
82199822160
82199830705
82199835710
82199846025
82199852983
82199861711
82199870805
82199878190
82199886247
82199892167
82199900041
82199907365
82199916276
82199924089
82199931352
82199938310
82199948930
82199955705
82199964311
82199973771
82199980241
82199988786
82199995011
82200003983
82200010209
82200018510
82200024979
82200035844
82200042252
82200049516
82200057328
82200064469
82200071549
82200078934
82200086381
82200094437
82200100541
82200107865
82200114091
82200119767
82200128800
82200134720
82200145829
82200152726
82200160477
82200166276
82200173172
82200181290
82200186295
82200195572
82200203751
82200211808
82200217667
82200225479
82200231644
82200240250
82200245865
82200255631
82200263626
82200270462
82200278641
82200286148
82200292984
82200301163
82200308426
82200316788
82200323624
82200327713
82200338516
82200344559
82200351639
82200360916
82200368729
82200376175
82200381485
82200390274
82200395950
82200404983
82200411331
82200421341
82200428604
82200436416
82200441177
82200451309
82200457840
82200466202
82200472549
82200482803
82200487503
82200497512
82200506729
82200515030
82200522171
82200530410
82200539932
82200549392
82200557449
82200564651
82200571975
82200580642
82200588394
82200594192
82200603286
82200607681
82200616531
82200621230
82200630813
82200635207
82200644485
82200648513
82200658889
82200665969
82200672683
82200679153
82200686050
82200692397
82200699294
82200705398
82200712600
82200719375
82200726516
82200733840
82200741164
82200747756
82200755324
82200763930
82200770705
82200778640
82200785170
82200792983
82200800124
82200808547
82200815383
82200825454
82200832350
82200840346
82200846938
82200855910
82200862624
82200870070
82200876540
82200885878
82200892714
82200900466
82200907301
82200916335
82200924330
82200931715
82200938857
82200948561
82200953200
82200962782
82200967787
82200976942
82200985243
82200993605
82200998427
82201009535
82201018202
82201026076
82201036818
82201046889
82201058546
82201068434
82201080275
82201088392
82201097670
82201105299
82201110853
82201116041
82201121351
82201126905
82201131483
82201136183
82201140882
82201145643
82201150038
82201154371
82201160292
82201165113
82201169752
82201173719
82201178480
82201182630
82201187391
82201191541
82201207105
82201221327
82201227003
82201236341
82201241834
82201250806
82201259107
82201265577
82201271864
82201279676
82201285169
82201289564
82201294630
82201298719
82201303602
82201310743
82201317335
82201323072
82201331251
82201339368
82201346387
82201354932
82201362745
82201370923
82201377515
82201384778
82201391797
82201398755
82201407117
82201415296
82201422803
82201430493
82201437513
82201445203
82201451856
82201459363
82201468701
82201475781
82201483045
82201489636
82201497571
82201506421
82201515759
82201523999
82201531934
82201539197
82201547986
82201555554
82201563916
82201573376
82201581555
82201588330
82201594311
82201604443
82201608716
82201619031
82201623364
82201634350
82201643384
82201651074
82201659009
82201666699
82201673962
82201681469
82201690136
82201699109
82201707165
82201715466
82201721875
82201728649
82201735607
82201741650
82201749096
82201755993
82201762341
82201768017
82201774121
82201781323
82201788037
82201794689
82201799755
82201806835
82201813488
82201819164
82201824169
82201832714
82201839489
82201848278
82201855541
82201862438
82201868847
82201876110
82201883068
82201889233
82201894054
82201901195
82201908581
82201913891
82201919445
82201924877
82201932689
82201938488
82201944896
82201950695
82201956920
82201962047
82201967113
82201973034
82201978283
82201984569
82201990612
82201996166
82202002147
82202007579
82202011852
82202019481
82202024913
82202029979
82202035594
82202040782
82202046703
82202051830
82202056713
82202062511
82202068553
82202074657
82202079723
82202085338
82202091014
82202095287
82202101756
82202108348
82202113475
82202118724
82202124095
82202129161
82202134349
82202140880
82202147350
82202152110
82202157787
82202162913
82202168773
82202173350
82202177623
82202184642
82202190135
82202195506
82202201243
82202206309
82202210948
82202217296
82202223521
82202229442
82202234874
82202240367
82202244945
82202250438
82202256541
82202260875
82202268016
82202273570
82202278697
82202284861
82202289988
82202295054
82202300181
82202306163
82202312022
82202317576
82202321849
82202328624
82202333628
82202338877
82202345103
82202351634
82202357310
82202362620
82202367808
82202372935
82202378733
82202382762
82202389842
82202395884
82202401133
82202405650
82202412058
82202418406
82202424021
82202430308
82202435984
82202442759
82202447276
82202454356
82202458262
82202464793
82202470713
82202475840
82202480601
82202487253
82202492319
82202497996
82202503428
82202510264
82202515635
82202521006
82202526621
82202531931
82202537851
82202542002
82202548716
82202554697
82202560495
82202566660
82202571909
82202576975
82202582224
82202587778
82202593271
82202599985
82202605783
82202611582
82202616770
82202621103
82202626291
82202631784
82202637216
82202643747
82202649668
82202655527
82202660471
82202667063
82202670420
82202676645
82202683420
82202689157
82202695261
82202700815
82202706369
82202710214
82202716928
82202720956
82202727976
82202732675
82202738962
82202743173
82202749338
82202755258
82202760507
82202765634
82202772409
82202778024
82202782358
82202789011
82202792856
82202799081
82202805002
82202811960
82202817209
82202823495
82202829172
82202834726
82202840524
82202845712
82202851632
82202857431
82202863778
82202869394
82202874398
82202878854
82202885324
82202890146
82202898446
82202904489
82202909799
82202915292
82202921273
82202926950
82202932382
82202940133
82202944650
82202950631
82202956796
82202962899
82202967721
82202974801
82202980660
82202986215
82202991891
82202997140
82203002877
82203008553
82203015756
82203019967
82203026742
82203032784
82203037606
82203043832
82203048959
82203054452
82203059579
82203062630
82203071175
82203076241
82203081612
82203086983
82203092049
82203098336
82203102242
82203109444
82203114327
82203120919
82203126168
82203131295
82203134408
82203141243
82203147713
82203153328
82203159432
82203165047
82203169564
82203175179
82203180977
82203185433
82203194649
82203212960
82203219796
82203227242
82203232735
82203238594
82203245369
82203251290
82203258675
82203263313
82203272041
82203278755
82203283943
82203290779
82203295418
82203301949
82203307137
82203313240
82203319771
82203324104
82203330696
82203334114
82203342110
82203347481
82203353096
82203358955
82203364082
82203369820
82203375496
82203381355
82203388008
82203392952
82203399422
82203405403
82203411201
82203417610
82203422310
82203429878
82203436775
82203441536
82203448860
82203454292
82203463020
82203469124
82203475471
82203481514
82203486396
82203493599
82203500007
82203506050
82203512153
82203516487
82203522224
82203528877
82203534431
82203538825
82203546943
82203552986
82203558174
82203563484
82203569892
82203575630
82203580329
82203587348
82203590949
82203599067
82203604804
82203610542
82203615669
82203622871
82203629157
82203635688
82203641364
82203646430
82203652351
82203658027
82203663398
82203669135
82203674323
82203681769
82203683662
82203691474
82203698737
82203703498
82203709846
82203714728
82203721259
82203726630
82203733161
82203736274
82203744391
82203751532
82203756354
82203762763
82203766364
82203773444
82203780768
82203786811
82203793219
82203796698
82203804572
82203808600
82203816169
82203821723
82203827155
82203834967
82203840888
82203846259
82203851874
82203857001
82203863715
82203869147
82203875678
82203883063
82203887152
82203893622
82203898200
82203905768
82203912360
82203917548
82203924017
82203928473
82203936102
82203941901
82203948737
82203954352
82203961371
82203967474
82203972601
82203977850
82203984381
82203990423
82203996588
82204002081
82204007269
82204012762
82204018255
82204024481
82204031256
82204036383
82204042853
82204048468
82204055182
82204059881
82204066229
82204072638
82204079046
82204083685
82204090033
82204096441
82204101690
82204106817
82204113104
82204118536
82204124700
82204129156
82204136480
82204142156
82204147589
82204154241
82204159674
82204166265
82204171514
82204176763
82204182806
82204187505
82204195013
82204200872
82204205572
82204212286
82204216741
82204223211
82204229681
82204235845
82204240972
82204245855
82204251836
82204256963
82204265020
82204270086
82204275762
82204282598
82204286870
82204292913
82204300786
82204306524
82204312810
82204319036
82204324712
82204329961
82204335393
82204341436
82204344854
82204352666
82204359746
82204365239
82204371160
82204375615
82204383306
82204388555
82204393987
82204400029
82204404790
82204412175
82204417852
82204423589
82204430059
82204436467
82204442327
82204448064
82204452703
82204460576
82204468572
82204473088
82204479741
82204486089
82204491155
82204497441
82204501958
82204508916
82204515385
82204521672
82204526616
82204530705
82204538091
82204544194
82204548405
82204555669
82204561650
82204567143
82204573003
82204577336
82204583684
82204589543
82204595891
82204601262
82204606755
82204612309
82204619938
82204625248
82204631230
82204635685
82204643742
82204648564
82204654484
82204662846
82204668889
82204673893
82204679936
82204685368
82204692509
82204697941
82204703739
82204708744
82204714543
82204719670
82204723881
82204730961
82204736881
82204742131
82204747868
82204753361
82204758976
82204764225
82204769901
82204776493
82204780338
82204786747
82204791447
82204798344
82204803288
82204809330
82204816105
82204821354
82204827885
82204834782
82204839970
82204845341
82204851932
82204858402
82204864017
82204870548
82204876102
82204881473
82204887394
82204892216
82204900516
82204905399
82204911442
82204919071
82204922489
82204929996
82204937015
82204941776
82204950565
82204956241
82204961368
82204967411
82204973575
82204979496
82204985477
82204991886
82204997074
82205003116
82205009342
82205013858
82205021305
82205026737
82205032535
82205037845
82205042789
82205048770
82205054508
82205060184
82205066043
82205072086
82205077640
82205084598
82205090091
82205096500
82205102054
82205107303
82205113590
82205119693
82205124942
82205130313
82205137393
82205143985
82205148135
82205153751
82205159976
82205165835
82205171817
82205177310
82205183780
82205188296
82205194278
82205198794
82205206363
82205213382
82205217410
82205224673
82205229190
82205235782
82205242373
82205247256
82205254092
82205260745
82205266848
82205272342
82205278018
82205282473
82205287539
82205295474
82205300906
82205306094
82205312564
82205318118
82205323489
82205330081
82205336184
82205341677
82205348269
82205353335
82205358096
82205364565
82205372073
82205377810
82205383730
82205387209
82205395937
82205401675
82205408022
82205416506
82205423464
82205435549
82205446658
82205452944
82205460573
82205467959
82205473940
82205479983
82205486391
82205492922
82205499392
82205507693
82205515017
82205521853
82205527102
82205534731
82205538149
82205546572
82205551210
82205557436
82205563295
82205570681
82205576845
82205581240
82205594057
82205600649
82205606020
82205612551
82205618532
82205623537
82205630190
82205635317
82205642275
82205647646
82205653078
82205659548
82205664125
82205669985
82205674318
82205682314
82205687929
82205694093
82205699770
82205704530
82205712038
82205716432
82205723878
82205727480
82205733888
82205739992
82205745607
82205750978
82205756349
82205762575
82205767702
82205773439
82205778688
82205785585
82205790285
82205795839
82205802003
82205806520
82205812806
82205819093
82205824037
82205830201
82205835511
82205844056
82205848939
82205855775
82205859315
82205866761
82205870607
82205878175
82205885377
82205889711
82205896546
82205900331
82205907228
82205914674
82205919374
82205926759
82205932313
82205938722
82205944886
82205951112
82205955811
82205962037
82205970094
82205976746
82205981263
82205989076
82205993836
82206001405
82206004945
82206012818
82206019471
82206023804
82206030396
82206036256
82206041749
82206046693
82206054017
82206060487
82206065674
82206070435
82206076905
82206082703
82206086487
82206093690
82206098878
82206105103
82206110474
82206115845
82206122315
82206129212
82206135376
82206140137
82206145874
82206152466
82206158081
82206163697
82206168885
82206177063
82206182434
82206187989
82206193848
82206199829
82206206665
82206213257
82206217285
82206224671
82206229248
82206235230
82206240296
82206247132
82206253113
82206258545
82206263916
82206269714
82206275330
82206281006
82206287537
82206291931
82206299927
82206306763
82206313293
82206317993
82206322937
82206330444
82206337097
82206341553
82206347107
82206354126
82206359497
82206364868
82206372192
82206377319
82206383301
82206388611
82206394897
82206399475
82206404480
82206412231
82206419128
82206424377
82206430725
82206436340
82206441589
82206445861
82206454284
82206460022
82206465637
82206472046
82206477172
82206483886
82206489502
82206496154
82206502563
82206508972
82206514709
82206520263
82206526428
82206531249
82206538757
82206543823
82206550598
82206555297
82206561828
82206567138
82206573730
82206579650
82206584106
82206592590
82206597717
82206603454
82206609130
82206614379
82206619750
82206626525
82206631835
82206635558
82206642821
82206648681
82206653930
82206659362
82206665893
82206671569
82206676452
82206684020
82206688781
82206694457
82206700438
82206705993
82206712218
82206718627
82206723693
82206729674
82206735228
82206740355
82206744933
82206752135
82206757811
82206763915
82206769530
82206774840
82206780638
82206785826
82206793761
82206799376
82206807250
82206813536
82206816893
82206825072
82206831908
82206836608
82206843505
82206848754
82206853758
82206859984
82206864256
82206871703
82206877135
82206882140
82206889403
82206893797
82206900145
82206905638
82206910704
82206916808
82206922057
82206928221
82206934874
82206940184
82206946471
82206951964
82206957945
82206962279
82206968565
82206974669
82206980833
82206987974
82206993590
82206999388
82207005980
82207010435
82207017393
82207024656
82207029966
82207035887
82207040281
82207046629
82207049986
82207056822
82207064390
82207069883
82207075376
82207079893
82207085936
82207092894
82207098814
82207105406
82207110166
82207118345
82207123533
82207130064
82207135679
82207142881
82207150205
82207155943
82207162351
82207168333
82207172971
82207180174
82207187071
82207193784
82207200620
82207203916
82207212156
82207216611
82207222776
82207229124
82207233701
82207239683
82207247312
82207252256
82207258665
82207263853
82207270383
82207276548
82207282224
82207286985
82207291257
82207298826
82207302060
82207310056
82207317869
82207322385
82207329709
82207335691
82207341611
82207348447
82207354673
82207360776
82207365903
82207371518
82207378110
82207381345
82207389768
82207394345
82207399472
82207406919
82207411557
82207418637
82207424497
82207430600
82207437070
82207442197
82207448178
82207454709
82207460141
82207465756
82207470883
82207477414
82207484128
82207489926
82207494748
82207501157
82207508420
82207514890
82207520200
82207527219
82207531979
82207539792
82207545346
82207550595
82207556637
82207562192
82207567074
82207572201
82207578122
82207585568
82207591244
82207596737
82207602902
82207609005
82207614071
82207620785
82207626217
82207631955
82207637631
82207643551
82207648617
82207654904
82207661557
82207667904
82207673336
82207678585
82207685238
82207691159
82207697140
82207704220
82207709225
82207714718
82207720211
82207725643
82207731564
82207737728
82207744625
82207749325
82207755795
82207760861
82207767513
82207773312
82207780148
82207785641
82207791134
82207797237
82207802975
82207808956
82207814266
82207820248
82207825436
82207831722
82207837032
82207842770
82207846981
82207853939
82207858272
82207865047
82207870540
82207877010
82207881771
82207887203
82207893551
82207900387
82207905575
82207911983
82207917598
82207924679
82207929195
82207935970
82207941890
82207948543
82207953426
82207957943
82207965084
82207969356
82207975093
82207983089
82207990291
82207995723
82208002376
82208008052
82208014888
82208021175
82208027217
82208033321
82208039363
82208045162
82208049739
82208057124
82208063838
82208069209
82208075740
82208081355
82208086604
82208092769
82208098567
82208105708
82208110774
82208116695
82208122798
82208128474
82208135371
82208141170
82208146480
82208152766
82208158443
82208164241
82208168880
82208175654
82208181026
82208186030
82208192805
82208197383
82208205012
82208210933
82208216670
82208221614
82208228328
82208234431
82208240535
82208245723
82208251887
82208256282
82208264094
82208269343
82208276423
82208283381
82208287532
82208293818
82208298274
82208305293
82208312678
82208318782
82208325434
82208330866
82208336726
82208343257
82208348261
82208354975
82208360407
82208366450
82208372004
82208378657
82208383418
82208389338
82208395075
82208399592
82208405939
82208411433
82208416499
82208423029
82208429865
82208435480
82208440546
82208445551
82208452997
82208457453
82208464411
82208471430
82208476069
82208482172
82208489191
82208495966
82208502802
82208507929
82208516047
82208520990
82208529047
82208534357
82208540461
82208546747
82208552546
82208558588
82208564753
82208570307
82208574884
82208581598
82208588068
82208593500
82208598505
82208604853
82208610956
82208617060
82208624750
82208628961
82208635492
82208640741
82208646051
82208651666
82208656671
82208662775
82208667597
82208674432
82208680414
82208685541
82208692194
82208697748
82208704462
82208711359
82208715326
82208722589
82208726923
82208734735
82208737909
82208746210
82208752008
82208757440
82208762750
82208767023
82208773981
82208780206
82208785394
82208792901
82208797418
82208803277
82208808893
82208815362
82208822076
82208827508
82208833917
82208839959
82208845208
82208849786
82208855462
82208862909
82208869073
82208875604
82208881158
82208886468
82208893182
82208900750
82208905938
82208911675
82208916497
82208922967
82208927484
82208935174
82208942010
82208946465
82208953057
82208958917
82208964959
82208971673
82208976556
82208984490
82208990899
82208996453
82209003289
82209009209
82209016106
82209022088
82209039849
82209046014
82209050530
82209057610
82209064141
82209069268
82209076104
82209081414
82209088128
82209094658
82209097710
82209105828
82209112053
82209116509
82209123894
82209129265
82209135674
82209142815
82209146721
82209153374
82209160149
82209164544
82209170159
82209177056
82209183281
82209189202
82209195549
82209201531
82209207024
82209212517
82209217034
82209225212
82209230583
82209237175
82209243218
82209248100
82209255303
82209260491
82209266777
82209272392
82209277214
82209284233
82209287468
82209297356
82209304558
82209309135
82209317314
82209322929
82209329582
82209335930
82209343254
82209348320
82209354668
82209359001
82209366081
82209371452
82209377373
82209382927
82209387382
82209394829
82209400505
82209404594
82209411186
82209415703
82209423759
82209431389
82209436821
82209443534
82209448417
82209453910
82209457145
82209465751
82209471672
82209476127
82209484428
82209490715
82209496940
82209504447
82209509574
82209515068
82209520927
82209526664
82209532829
82209540336
82209545524
82209551566
82209557182
82209562919
82209567680
82209575065
82209580192
82209586417
82209591666
82209596915
82209603873
82209609550
82209615043
82209621940
82209626823
82209632499
82209638724
82209644706
82209649222
82209654044
82209661735
82209668143
82209672355
82209679496
82209684257
82209690970
82209698478
82209703910
82209708915
82209716422
82209721610
82209726920
82209733146
82209739737
82209744132
82209751212
82209757071
82209762809
82209767997
82209773246
82209781729
82209787833
82209794547
82209800406
82209805106
82209813346
82209819205
82209825980
82209831168
82209836783
82209842886
82209849478
82209854605
82209861746
82209866080
82209872427
82209879752
82209883902
82209890616
82209895804
82209903128
82209909476
82209914542
82209920950
82209926565
82209933096
82209938895
82209945364
82209951346
82209958060
82209962942
82209967215
82209974234
82209980765
82209985037
82209992117
82209996878
82210003775
82210009451
82210015005
82210022146
82210028189
82210033560
82210040518
82210044607
82210051138
82210055593
82210063528
82210068899
82210074087
82210079641
82210085806
82210091848
82210099722
82210105093
82210111685
82210115957
82210122122
82210127310
82210133413
82210139639
82210145315
82210152090
82210155386
82210163015
82210169607
82210175283
82210183401
82210189321
82210194509
82210200735
82210206472
82210212820
82210218862
82210224966
82210231374
82210236013
82210243642
82210246938
82210253774
82210260793
82210266469
82210273061
82210278676
82210283925
82210291128
82210295766
82210302968
82210306569
82210314504
82210319509
82210325063
82210331716
82210336965
82210343923
82210350454
82210355214
82210361562
82210367910
82210372914
82210379262
82210383901
82210390431
82210393849
82210401540
82210407399
82210413014
82210420278
82210426198
82210432424
82210437489
82210443776
82210449880
82210458791
82210463673
82210470387
82210477712
82210483876
82210490468
82210496510
82210502980
82210508839
82210514455
82210521596
82210526540
82210533314
82210538930
82210548146
82210556630
82210560780
82210569752
82210575184
82210581410
82210586598
82210592824
82210598561
82210604725
82210612111
82210617543
82210624562
82210628956
82210637806
82210642689
82210649952
82210653614
82210661244
82210667652
82210673695
82210679432
82210684620
82210690724
82210693959
82210701161
82210704396
82210713124
82210720448
82210727162
82210731983
82210737232
82210743702
82210750904
82210756458
82210762135
82210768421
82210773914
82210780750
82210785816
82210793690
82210800098
82210805408
82210811939
82210817982
82210822987
82210829883
82210835987
82210841236
82210846363
82210852344
82210857105
82210863270
82210867664
82210875110
82210878711
82210886341
82210891407
82210897022
82210902881
82210908741
82210914844
82210919178
82210925464
82210928882
82210937061
82210942066
82210947132
82210954456
82210958728
82210965442
82210970447
82210976123
82210981678
82210987659
82210994983
82211002368
82211008655
82211014697
82211019824
82211027210
82211034412
82211040698
82211045886
82211051624
82211057849
82211063770
82211067676
82211074023
82211080249
82211085742
82211092517
82211097644
82211102588
82211108142
82211114490
82211119861
82211126208
82211132495
82211137683
82211144092
82211150134
82211156055
82211161914
82211168262
82211171679
82211177966
82211185107
82211190417
82211197558
82211202502
82211209094
82211215136
82211220507
82211225940
82211231555
82211238330
82211243090
82211250170
82211253772
82211261157
82211268176
82211272876
82211282031
82211287158
82211292590
82211298754
82211303820
82211308459
82211314318
82211320910
82211327868
82211334277
82211337939
82211344470
82211347826
82211356738
82211364184
82211370409
82211376452
82211382494
82211387255
82211393359
82211398363
82211407030
82211412707
82211418383
82211423693
82211428759
82211436266
82211441576
82211447985
82211455065
82211461168
82211466662
82211473009
82211477587
82211483812
82211489916
82211495897
82211501940
82211508349
82211513659
82211519030
82211526964
82211531298
82211538927
82211545824
82211551744
82211558519
82211564562
82211570055
82211576708
82211582201
82211588976
82211595018
82211601366
82211607164
82211612535
82211618883
82211625170
82211630602
82211636766
82211641771
82211649645
82211654466
82211662096
82211668504
82211672472
82211679063
82211683763
82211692735
82211697374
82211703050
82211709337
82211715196
82211720628
82211727098
82211735338
82211740770
82211745897
82211750963
82211757005
82211761644
82211767869
82211775255
82211780931
82211787950
82211792894
82211797777
82211804979
82211809434
82211816514
82211821946
82211826097
82211832017
82211837877
82211843064
82211847581
82211854478
82211859117
82211865098
82211871324
82211876512
82211882188
82211887498
82211893235
82211898728
82211905015
82211908433
82211915574
82211921494
82211926743
82211934190
82211939134
82211945786
82211951646
82211958421
82211963548
82211968613
82211976243
82211982529
82211987534
82211993699
82211998948
82212005479
82212011521
82212019028
82212025376
82212032273
82212038743
82212043442
82212051316
82212057480
82212062913
82212069993
82212075669
82212080796
82212087876
82212092515
82212100083
82212105393
82212111741
82212117051
82212123032
82212128586
82212133164
82212140305
82212143540
82212150864
82212156601
82212162155
82212169358
82212175217
82212181259
82212186508
82212192551
82212197495
82212202316
82212210068
82212217026
82212222641
82212228562
82212233139
82212239548
82212245651
82212252365
82212257492
82212262009
82212270309
82212274765
82212280075
82212286545
82212291122
82212299240
82212303329
82212311264
82212316696
82212321091
82212328110
82212332443
82212340317
82212346786
82212352279
82212358505
82212363144
82212370041
82212376266
82212381149
82212387192
82212392685
82212399887
82212403122
82212411544
82212418502
82212425033
82212430221
82212436752
82212444381
82212450119
82212456893
82212462692
82212468978
82212473495
82212480209
82212486556
82212491683
82212497787
82212503280
82212509262
82212516219
82212522262
82212527572
82212534042
82212541000
82212546737
82212553207
82212561019
82212566024
82212572799
82212579208
82212584151
82212590499
82212595809
82212601730
82212607772
82212613448
82212619430
82212625350
82212632979
82212638351
82212643844
82212650496
82212657027
82212662032
82212668014
82212673934
82212678756
82212683211
82212689559
82212695845
82212701827
82212707198
82212712142
82212717330
82212724044
82212729537
82212736434
82212740218
82212746932
82212752791
82212759017
82212764998
82212768294
82212775496
82212781661
82212786849
82212793196
82212798628
82212804549
82212810042
82212815840
82212821394
82212827132
82212833479
82212838912
82212843855
82212850386
82212855452
82212861800
82212868025
82212873091
82212879683
82212884383
82212891768
82212897505
82212902632
82212908919
82212913740
82212919661
82212925215
82212931929
82212937788
82212943037
82212949324
82212955061
82212961653
82212966963
82212972334
82212979353
82212983442
82212990095
82212995649
82213001631
82213008101
82213014936
82213020185
82213025618
82213032331
82213039412
82213045088
82213052961
82213056684
82213064497
82213070173
82213076582
82213083296
82213087202
82213094648
82213100813
82213106001
82213112104
82213117292
82213122907
82213130659
82213136213
82213141706
82213146223
82213153242
82213156416
82213163068
82213169538
82213174665
82213182172
82213187360
82213193586
82213199384
82213203779
82213210920
82213217512
82213223859
82213228803
82213234662
82213239789
82213247236
82213252912
82213259199
82213263837
82213269330
82213275434
82213281110
82213285688
82213291852
82213296918
82213303998
82213307416
82213314618
82213321576
82213327069
82213332196
82213337567
82213344098
82213352399
82213358136
82213363080
82213368512
82213375470
82213381635
82213386273
82213391400
82213398725
82213404706
82213410321
82213417096
82213423139
82213429181
82213434125
82213440778
82213447308
82213452557
82213457684
82213465436
82213468793
82213476483
82213482709
82213488629
82213494305
82213498517
82213504803
82213510113
82213514874
82213520672
82213528363
82213533734
82213540326
82213548321
82213556195
82213562054
82213569256
82213575665
82213582013
82213587811
82213593365
82213600018
82213606488
82213611493
82213617474
82213622479
82213626873
82213634442
82213637616
82213646283
82213652081
82213657635
82213664410
82213670269
82213675701
82213681439
82213687481
82213693035
82213699383
82213705670
82213711163
82213714581
82213721539
82213728008
82213733440
82213739544
82213745037
82213750835
82213755169
82213761028
82213765301
82213773540
82213779583
82213785076
82213790203
82213795391
82213801311
82213806560
82213814312
82213818645
82213825481
82213829815
82213835430
82213839825
82213845806
82213850323
82213859051
82213864361
82213869549
82213874492
82213879619
82213884807
82213890911
82213898418
82213903118
82213909649
82213914531
82213920757
82213925029
82213931743
82213938152
82213944500
82213949443
82213955120
82213960430
82213966228
82213971538
82213977031
82213983318
82213989604
82213994731
82213999187
82214005596
82214010478
82214015910
82214022868
82214027019
82214032817
82214038371
82214043926
82214048564
82214055034
82214059795
82214067668
82214074077
82214079814
82214085918
82214090312
82214097697
82214103862
82214111857
82214117412
82214123088
82214128459
82214133647
82214140361
82214146037
82214151957
82214157573
82214162944
82214168132
82214173991
82214179423
82214184672
82214189067
82214197490
82214200969
82214207682
82214214457
82214220073
82214225383
82214230571
82214237162
82214242106
82214247782
82214253764
82214258891
82214264933
82214270243
82214276347
82214281840
82214288005
82214294108
82214300089
82214305705
82214310648
82214316325
82214323710
82214329325
82214334635
82214339884
82214345499
82214351664
82214357218
82214363261
82214368876
82214374918
82214380473
82214385416
82214390971
82214396464
82214401469
82214408976
82214415018
82214420695
82214426310
82214431986
82214438029
82214443400
82214448343
82214453715
82214460917
82214465250
82214473124
82214477762
82214484598
82214489481
82214498026
82214505716
82214512430
82214518595
82214524942
82214531046
82214535440
82214542520
82214545938
82214554300
82214559793
82214565470
82214570291
82214576395
82214583292
82214587930
82214593729
82214598551
82214606058
82214609293
82214618082
82214623697
82214629434
82214635416
82214640909
82214646341
82214652017
82214658060
82214662576
82214671609
82214675699
82214681497
82214687234
82214692544
82214698282
82214703897
82214710123
82214715982
82214721719
82214726114
82214731790
82214736307
82214742715
82214747415
82214756265
82214761697
82214767129
82214772928
82214778238
82214783670
82214789224
82214796975
82214802774
82214807718
82214812051
82214818765
82214823098
82214829690
82214832925
82214841592
82214848611
82214854165
82214859170
82214864968
82214870095
82214876138
82214882302
82214887002
82214893472
82214898293
82214904885
82214910928
82214916116
82214921853
82214927285
82214933450
82214937783
82214944497
82214949990
82214954507
82214960183
82214967751
82214973244
82214980019
82214985757
82214991128
82214996682
82215002358
82215008401
82215014504
82215020669
82215025429
82215031716
82215035988
82215042458
82215049416
82215055275
82215061623
82215065529
82215071694
82215075783
82215082558
82215087014
82215094094
82215098793
82215105141
82215110756
82215116249
82215122963
82215128151
82215134499
82215141152
82215146096
82215152016
82215158119
82215162758
82215169960
82215176796
82215182778
82215189675
82215193764
82215201088
82215205849
82215211464
82215215859
82215223610
82215229408
82215234718
82215237770
82215244667
82215249916
82215255104
82215261147
82215266457
82215272682
82215278664
82215284889
82215289528
82215295631
82215298805
82215306740
82215312782
82215317909
82215323341
82215328529
82215333168
82215338356
82215344948
82215350868
82215356300
82215362343
82215368507
82215373146
82215379677
82215385597
82215391029
82215396949
82215402565
82215408851
82215414650
82215419654
82215425209
82215431495
82215436561
82215442543
82215446876
82215453163
82215459388
82215464820
82215472206
82215478248
82215483802
82215489540
82215495033
82215499610
82215505836
82215510230
82215519264
82215523841
82215529090
82215534400
82215539771
82215545692
82215551368
82215559303
82215564490
82215569984
82215575721
82215580665
82215585426
82215591773
82215596900
82215604041
82215610023
82215616126
82215621985
82215627784
82215635047
82215641456
82215649451
82215657142
82215663978
82215670203
82215676612
82215682898
82215687842
82215695472
82215702063
82215707679
82215713538
82215718909
82215725257
82215731238
82215738318
82215743018
82215749488
82215753577
82215762793
82215766150
82215774634
82215782385
82215788184
82215792822
82215798560
82215804724
82215809546
82215816199
82215821753
82215827246
82215833228
82215838782
82215844824
82215849890
82215855261
82215859595
82215868445
82215873022
82215879431
82215884863
82215890784
82215896277
82215901465
82215904516
82215912939
82215919043
82215923376
82215930090
82215933874
82215940527
82215944433
82215951819
82215956579
82215962866
82215967627
82215974768
82215977942
82215984900
82215990576
82215997290
82216002844
82216008947
82216013281
82216018469
82216024206
82216029638
82216035864
82216040625
82216047888
82216052160
82216057958
82216064672
82216070227
82216076635
82216083776
82216089025
82216094641
82216100134
82216104528
82216109777
82216115392
82216122411
82216128271
82216133398
82216138708
82216143896
82216148534
82216154699
82216160986
82216166540
82216173742
82216178319
82216183385
82216188879
82216194860
82216199377
82216207555
82216212743
82216218419
82216224218
82216230199
82216236608
82216242650
82216249853
82216254613
82216261449
82216265905
82216272191
82216276952
82216284581
82216289708
82216295140
82216301061
82216306554
82216312719
82216316625
82216323278
82216327672
82216336156
82216341832
82216346715
82216352391
82216357518
82216362767
82216368199
82216374181
82216380284
82216385167
82216390721
82216396764
82216401158
82216407872
82216412694
82216420506
82216426122
82216431493
82216437108
82216442723
82216447850
82216453038
82216459630
82216465733
82216471837
82216476414
82216481419
82216487096
82216492406
82216496922
82216505101
82216510350
82216515843
82216521702
82216527379
82216532872
82216537938
82216544163
82216550511
82216557286
82216561863
82216568150
82216573399
82216579014
82216585728
82216591343
82216597569
82216602696
82216608128
82216613804
82216619542
82216624913
82216631260
82216637303
82216642674
82216647251
82216653965
82216657078
82216664646
82216670811
82216677464
82216681797
82216687779
82216694798
82216698765
82216705540
82216709873
82216718235
82216724888
82216730076
82216735630
82216741184
82216746555
82216751987
82216757786
82216763401
82216769871
82216775974
82216781101
82216786838
82216792820
82216800144
82216805759
82216812046
82216817234
82216822788
82216826755
82216833469
82216839451
82216845249
82216851230
82216857212
82216862034
82216869114
82216874607
82216879795
82216885410
82216891086
82216897007
82216900974
82216906711
82216911838
82216917514
82216923130
82216929843
82216934421
82216941074
82216946750
82216952304
82216957431
82216962680
82216968357
82216973972
82216980258
82216985752
82216990756
82216996372
82217001926
82217006503
82217014987
82217020908
82217025729
82217030612
82217035678
82217041476
82217046603
82217052341
82217058200
82217064914
82217069369
82217075717
82217080356
82217086825
82217091647
82217099948
82217106174
82217111484
82217116305
82217122043
82217128390
82217132724
82217140597
82217146518
82217151767
82217156344
82217162631
82217167392
82217174106
82217178683
82217185885
82217192477
82217198031
82217203036
82217208163
82217214511
82217218539
82217226290
82217230990
82217236849
82217241610
82217248812
82217253817
82217258883
82217264681
82217270846
82217277011
82217282504
82217289218
82217294039
82217301119
82217306063
82217312960
82217317843
82217324740
82217329806
82217335238
82217340853
82217345980
82217352084
82217357943
82217364046
82217369723
82217374605
82217380465
82217386019
82217390780
82217399630
82217406344
82217411898
82217417818
82217423739
82217429537
82217435396
82217442049
82217448275
82217454805
82217459505
82217465181
82217469881
82217476046
82217482027
82217488314
82217494051
82217499300
82217505037
82217510164
82217515474
82217521273
82217529024
82217534517
82217539400
82217544100
82217551485
82217556246
82217561861
82217567903
82217575167
82217580477
82217584383
82217591402
82217596163
82217602327
82217606905
82217613496
82217618257
82217626192
82217633089
82217639925
82217645540
82217649507
82217657320
82217661958
82217668306
82217672700
82217679536
82217685762
82217691133
82217698579
82217704927
82217710847
82217717317
82217723115
82217730440
82217735200
82217743135
82217746248
82217754609
82217760652
82217766755
82217772249
82217776765
82217784089
82217789460
82217796174
82217799226
82217808442
82217814363
82217820527
82217828950
82217833955
82217841828
82217847566
82217853059
82217856111
82217862885
82217868989
82217876863
82217882295
82217887910
82217893586
82217899506
82217905061
82217909699
82217917634
82217923737
82217928864
82217932038
82217938569
82217945039
82217950532
82217955659
82217962800
82217968110
82217972810
82217979035
82217983796
82217990143
82217996979
82218002473
82218008637
82218014191
82218020112
82218024262
82218029816
82218034882
82218042206
82218047028
82218053010
82218057465
82218064850
82218067963
82218074921
82218082550
82218087922
82218094025
82218100068
82218104584
82218110260
82218115448
82218121369
82218129181
82218134735
82218140045
82218145355
82218150543
82218156342
82218161957
82218168183
82218173554
82218179413
82218185211
82218190399
82218196503
82218202301
82218207062
82218215607
82218219025
82218225800
82218231049
82218236542
82218242218
82218247955
82218254547
82218260406
82218265167
82218270966
82218276947
82218282989
82218288177
82218292389
82218300629
82218305878
82218311249
82218316620
82218322296
82218328033
82218333526
82218339447
82218345245
82218350982
82218355560
82218360382
82218365692
82218369903
82218376251
82218380523
82218386200
82218390350
82218395660
82218400238
82218404327
82218410553
82218414215
82218419464
82218424102
82218428436
82218433990
82218438995
82218444915
82218447418
82218453582
82218457916
82218461883
82218466522
82218470916
82218476714
82218480377
82218485320
82218488677
82218494170
82218496856
82218504485
82218508453
82218514373
82218519012
82218522735
82218527984
82218532378
82218537749
82218542266
82218546905
82218552215
82218556426
82218560577
82218564849
82218569610
82218575347
82218579375
82218585174
82218589080
82218593230
82218597503
82218601653
82218608245
82218612395
82218618011
82218622649
82218626922
82218632110
82218635833
82218641753
82218646026
82218650725
82218655059
82218659209
82218663848
82218667510
82218675200
82218680083
82218684295
82218688994
82218693755
82218698638
82218701079
82218708403
82218713469
82218718413
82218723601
82218727324
82218733000
82218735869
82218743498
82218748870
82218752898
82218757598
82218763030
82218767974
82218773284
82218778960
82218785796
82218792815
82218798125
82218806181
82218810820
82218816313
82218819792
82218827055
82218831877
82218837370
82218842436
82218847624
82218852690
82218856291
82218861235
82218865752
82218870390
82218874602
82218881499
82218886565
82218891508
82218896635
82218901152
82218905607
82218909208
82218914335
82218919340
82218923552
82218927153
82218933928
82218938383
82218944548
82218949125
82218953520
82218957426
82218962370
82218966765
82218972563
82218977140
82218982206
82218988615
82218994047
82218999357
82219005400
82219010038
82219016691
82219021330
82219026091
82219030851
82219037626
82219041899
82219047026
82219053007
82219058744
82219064726
82219069670
82219075041
82219080106
82219086454
82219091337
82219095670
82219101286
82219107328
82219112760
82219117155
82219123014
82219127287
82219130460
82219137968
82219141386
82219148283
82219153410
82219160917
82219165250
82219171476
82219176298
82219182096
82219186857
82219194242
82219199613
82219206327
82219210843
82219217130
82219222989
82219228177
82219232755
82219239530
82219247403
82219251066
82219258878
82219263273
82219270841
82219275846
82219281339
82219287564
82219294034
82219299100
82219304532
82219310331
82219317777
82219322843
82219331632
82219337064
82219343289
82219347928
82219358304
82219364346
82219368741
82219374906
82219380094
82219386197
82219390958
82219397122
82219403043
82219408841
82219412869
82219418668
82219422940
82219428555
82219432950
82219439420
82219445157
82219448880
82219456753
82219460660
82219468289
82219472073
82219481656
82219487698
82219493985
82219498929
82219505276
82219510830
82219517850
82219522427
82219528592
82219533230
82219539639
82219544644
82219550747
82219556118
82219562954
82219567532
82219571011
82219579922
82219583889
82219591214
82219595913
82219602139
82219607388
82219613552
82219619595
82219624844
82219629605
82219635647
82219641812
82219648464
82219653347
82219658413
82219663479
82219666897
82219676785
82219680386
82219686916
82219692654
82219698391
82219703518
82219709377
82219714138
82219720974
82219727139
82219732327
82219738186
82219743679
82219749721
82219754360
82219761623
82219765530
82219774624
82219778408
82219786220
82219792080
82219799892
82219805446
82219811977
82219818020
82219825710
82219831569
82219839504
82219845546
82219851101
82219856716
82219858669
82219867763
82219871242
82219879116
82219885463
82219890346
82219896755
82219902187
82219907680
82219914455
82219921657
82219930507
82219938075
82219944606
82219950649
82219955470
82219961879
82219967189
82219973659
82219980495
82219984279
82219991908
82219995448
82220002284
82220007777
82220013698
82220018031
82220025722
82220030482
82220037318
82220042262
82220047755
82220053554
82220059779
82220064418
82220068141
82220075954
82220081264
82220086940
82220090602
82220098353
82220101710
82220107875
82220113063
82220121547
82220126918
82220135096
82220140407
82220145350
82220149623
82220157130
82220161952
82220168910
82220175135
82220181178
82220185572
82220192042
82220196376
82220199794
82220208461
82220218592
82220225733
82220232264
82220237025
82220240809
82220248500
82220252467
82220260157
82220267970
82220273646
82220277918
82220286280
82220290064
82220297694
82220301417
82220308192
82220314173
82220320338
82220325953
82220332117
82220338404
82220344202
82220348841
82220353846
82220360255
82220366724
82220371424
82220378016
82220383570
82220387232
82220393824
82220399378
82220405665
82220411158
82220416773
82220421961
82220428858
82220433375
82220435450
82220445826
82220449976
82220456263
82220462610
82220468897
82220475306
82220479456
82220484949
82220489222
82220492517
82220499048
82220506067
82220512537
82220519068
82220524744
82220532862
82220537500
82220545679
82220550318
82220558924
82220563501
82220571619
82220579614
82220585352
82220589075
82220598962
82220606470
82220611597
82220615564
82220623254
82220629541
82220633874
82220638635
82220645227
82220649377
82220656824
82220662073
82220667932
82220673974
82220680017
82220684656
82220690271
82220695703
82220699365
82220708398
82220713403
82220718408
82220722131
82220728723
82220733178
82220740808
82220746545
82220752710
82220757592
82220763635
82220768884
82220776269
82220780847
82220786035
82220793359
82220795312
82220805688
82220811364
82220816613
82220820092
82220827844
82220831872
82220839501
82220843408
82220850060
82220855065
82220861291
82220867578
82220873376
82220878320
82220883447
82220888940
82220895593
82220901574
82220903771
82220911584
82220915246
82220922875
82220927880
82220933556
82220940270
82220945336
82220950585
82220957421
82220963586
82220968285
82220973107
82220979760
82220985192
82220991784
82220996178
82221001732
82221008874
82221014428
82221018883
82221022362
82221030114
82221035790
82221042443
82221047142
82221053612
82221058922
82221064293
82221072106
82221076805
82221081505
82221088280
82221097374
82221103722
82221108239
82221117089
82221123986
82221134423
82221144066
82221149681
82221159081
82221167320
82221172753
82221179588
82221186546
82221190147
82221195702
82221199791
82221204308
82221209251
82221215477
82221219994
82221227440
82221232750
82221237999
82221242393
82221247887
82221251793
82221258324
82221262718
82221269859
82221275841
82221281395
82221287071
82221290916
82221297020
82221302208
82221306602
82221314964
82221321007
82221327354
82221333030
82221338401
82221343284
82221351219
82221355919
82221363975
82221368553
82221374351
82221379600
82221383689
82221391075
82221394737
82221402671
82221407310
82221414695
82221419700
82221425010
82221430747
82221435508
82221442466
82221447105
82221452598
82221456260
82221465965
82221472068
82221478904
82221480979
82221490318
82221494407
82221502769
82221508811
82221514854
82221521018
82221528953
82221533897
82221540733
82221546409
82221553306
82221558494
82221562461
82221573081
82221577292
82221586265
82221589622
82221597495
82221601096
82221607261
82221612449
82221619773
82221625144
82221630515
82221635398
82221642539
82221647300
82221652915
82221659140
82221666037
82221673484
82221679587
82221684104
82221689475
82221695822
82221701010
82221706992
82221718039
82221725669
82221730307
82221738974
82221743979
82221751792
82221757895
82221765585
82221772360
82221778159
82221784873
82221791159
82221798544
82221805441
82221811118
82221818198
82221823752
82221830344
82221834982
82221840414
82221845541
82221852133
82221857687
82221863547
82221870627
82221875815
82221882406
82221887289
82221893637
82221899130
82221904196
82221910727
82221915732
82221922934
82221927328
82221933981
82221937521
82221943991
82221948996
82221955099
82221961691
82221967916
82221974203
82221978781
82221984701
82221989279
82221994345
82221999472
82222005514
82222012350
82222018820
82222023214
82222030172
82222034994
82222040792
82222045614
82222048971
82222058370
82222062032
82222068136
82222072897
82222078329
82222083456
82222091085
82222095174
82222104025
82222108358
82222116048
82222119894
82222127279
82222130880
82222138265
82222144063
82222150350
82222155599
82222162740
82222168783
82222175558
82222179708
82222188314
82222193136
82222198324
82222204976
82222207113
82222217550
82222221395
82222227987
82222235250
82222239766
82222244954
82222250570
82222258260
82222263753
82222268453
82222276570
82222282918
82222290364
82222296102
82222303182
82222310933
82222315450
82222321675
82222327107
82222332173
82222339742
82222345540
82222353291
82222361165
82222368489
82222373738
82222382222
82222388203
82222393880
82222401021
82222407124
82222412434
82222418477
82222423787
82222429890
82222434834
82222439412
82222445882
82222453816
82222459492
82222465718
82222470540
82222476582
82222482747
82222487874
82222494099
82222496419
82222506672
82222510518
82222516804
82222521809
82222528462
82222534382
82222539692
82222544819
82222551289
82222556721
82222563374
82222567952
82222573017
82222579548
82222584797
82222591084
82222595478
82222603169
82222606953
82222612751
82222617268
82222623005
82222628315
82222634846
82222639973
82222646076
82222651020
82222657429
82222663349
82222668415
82222672993
82222679585
82222684650
82222693073
82222697590
82222701191
82222709003
82222714314
82222719501
82222723469
82222730976
82222736103
82222741962
82222747517
82222752521
82222759296
82222764179
82222769245
82222775654
82222782123
82222784199
82222794086
82222799274
82222806110
82222809894
82222816486
82222822162
82222828876
82222833149
82222841571
82222847370
82222853107
82222858295
82222863483
82222868610
82222875568
82222880268
82222886737
82222891132
82222897846
82222903522
82222910663
82222916278
82222920551
82222928607
82222932758
82222944904
82222952899
82222959369
82222967182
82222974750
82222980670
82222986896
82222994220
82223002032
82223006488
82223010699
82223020282
82223025470
82223031390
82223037067
82223043719
82223049090
82223054462
82223059588
82223066302
82223070697
82223075763
82223081256
82223083148
82223094134
82223096209
82223105060
82223110736
82223114947
82223118304
82223125750
82223128802
82223139117
82223142840
82223149676
82223155902
82223160968
82223166034
82223172930
82223178485
82223183734
82223188800
82223195025
82223201312
82223206744
82223212176
82223216204
82223223956
82223227557
82223236163
82223239825
82223246905
82223250933
82223257647
82223262957
82223269732
82223278521
82223285845
82223290667
82223295611
82223300555
82223307330
82223311602
82223317156
82223323382
82223326800
82223335467
82223342120
82223347796
82223352984
82223357622
82223363604
82223369707
82223373614
82223381304
82223387224
82223393877
82223399676
82223405352
82223410174
82223416948
82223423357
82223429155
82223435259
82223440447
82223446184
82223450274
82223457293
82223460711
82223467058
82223471941
82223480120
82223486162
82223491594
82223498613
82223504656
82223510210
82223515642
82223521807
82223526079
82223537798
82223545183
82223551775
82223559526
82223565202
82223572038
82223583025
82223592302
82223604814
82223615800
82223624284
82223631303
82223640825
82223649675
82223657365
82223667802
82223676286
82223680437
82223697343
82223700456
82223710527
82223715532
82223724931
82223731950
82223737565
82223744340
82223749040
82223759599
82223767717
82223773942
82223780839
82223789018
82223796342
82223799150
82223808610
82223816361
82223825212
82223831864
82223835160
82223845719
82223851212
82223861283
82223869279
82223876420
82223881974
82223891801
82223898820
82223904130
82223913163
82223919755
82223922684
82223934464
82223937699
82223946244
82223954240
82223962968
82223969437
82223976884
82223983658
82223988785
82223997819
82224004899
82224011918
82224018265
82224025834
82224032242
82224041092
82224047318
82224055497
82224061173
82224068375
82224073624
82224082108
82224089432
82224099747
82224104264
82224112503
82224121109
82224128494
82224135575
82224141251
82224149185
82224155716
82224164627
82224171219
82224176773
82224186539
82224192642
82224198929
82224205948
82224213760
82224221756
82224227188
82224236710
82224244705
82224255081
82224261978
82224265213
82224276626
82224285415
82224294754
82224302139
82224305252
82224317398
82224325454
82224334121
82224342056
82224351699
82224360550
82224366775
82224375625
82224384353
82224395828
82224403762
82224407302
82224420303
82224428970
82224437148
82224445449
82224448928
82224460769
82224470229
82224476821
82224484817
82224491531
82224504653
82224515090
82224522658
82224533767
82224537429
82224548293
82224557876
82224566909
82224575088
82224585158
82224592421
82224600478
82224608535
82224615432
82224623366
82224629653
82224636306
82224642409
82224649367
82224655898
82224660903
82224666945
82224671523
82224677748
82224682936
82224689772
82224695021
82224701369
82224706130
82224713637
82224718398
82224725783
82224730483
82224738051
82224747695
82224753432
82224759779
82224761855
82224771010
82224777419
82224783339
82224785658
82224797316
82224801649
82224810194
82224814040
82224823073
82224827711
82224835524
82224841383
82224847670
82224855604
82224861708
82224866591
82224873121
82224878431
82224885084
82224892164
82224898939
82224904310
82224911024
82224917311
82224921156
82224929701
82224933973
82224941298
82224947096
82224955641
82224959486
82224966139
82224971937
82224980848
82224984754
82224991651
82224997145
82225003980
82225009596
82225014845
82225019300
82225026441
82225030775
82225037245
82225041883
82225048170
82225054456
82225060682
82225066236
82225071180
82225076856
82225080396
82225088514
82225091749
82225102674
82225106336
82225114820
82225119093
82225126417
82225130506
82225139234
82225143140
82225151136
82225154615
82225162855
82225168897
82225175367
82225177747
82225187513
82225198621
82225205335
82225212537
82225219983
82225227185
82225232862
82225241163
82225246778
82225253186
82225258435
82225264173
82225269971
82225275830
82225280042
82225286878
82225291089
82225299512
82225305066
82225311414
82225316480
82225322400
82225328870
82225333020
82225339002
82225344312
82225349622
82225354382
82225359570
82225365491
82225371411
82225376782
82225383984
82225389050
82225393506
82225398511
82225403821
82225408215
82225413892
82225417981
82225425488
82225430188
82225435559
82225439892
82225445508
82225450696
82225455762
82225461560
82225467236
82225472363
82225477795
82225482556
82225487439
82225491223
82225496960
82225501904
82225511670
82225516613
82225522046
82225526318
82225531872
82225537793
82225543713
82225550549
82225556652
82225562023
82225567700
82225572216
82225578259
82225583081
82225589306
82225594982
82225601208
82225607006
82225612011
82225615124
82225624279
82225628796
82225634472
82225640331
82225646740
82225652538
82225657238
82225662853
82225667614
82225673412
82225678356
82225684765
82225690746
82225696911
82225701672
82225707714
82225712170
82225715832
82225722423
82225725964
82225734325
82225741527
82225747936
82225754589
82225759716
82225766979
82225773266
82225779613
82225786266
82225792125
82225798046
82225801525
82225810985
82225818248
82225824108
82225827160
82225835643
82225839122
82225846386
82225849681
82225856212
82225859447
82225866649
82225871593
82225878673
82225884227
82225891185
82225895946
82225900951
82225907360
82225911937
82225917674
82225923839
82225929942
82225934825
82225941112
82225946483
82225950939
82225956371
82225962474
82225967235
82225974742
82225978648
82225985057
82225991954
82225996776
82226002269
82226008678
82226013438
82226019481
82226024730
82226030040
82226036815
82226040782
82226046641
82226051707
82226057811
82226062999
82226068980
82226074534
82226080333
82226085521
82226089976
82226095530
82226101695
82226106639
82226112986
82226118174
82226123423
82226128978
82226135447
82226141185
82226146983
82226153270
82226160960
82226166209
82226171885
82226179270
82226186473
82226191783
82226197703
82226204539
82226211985
82226217723
82226223887
82226229136
82226235423
82226242381
82226248667
82226253733
82226261973
82226269236
82226274485
82226279246
82226286448
82226291209
82226298655
82226304209
82226313547
82226320689
82226327402
82226332651
82226338022
82226342356
82226349985
82226355601
82226364878
82226372141
82226378855
82226385264
82226392222
82226396921
82226403452
82226409800
82226411814
82226421030
82226426462
82226432688
82226437998
82226443979
82226446054
82226454843
82226461252
82226467661
82226473215
82226478830
82226484506
82226489328
82226495798
82226500437
82226506235
82226512522
82226518259
82226522775
82226528757
82226533457
82226540354
82226545419
82226550913
82226556833
82226561227
82226567148
82226573251
82226577646
82226582590
82226590524
82226596017
82226602426
82226607797
82226614877
82226619394
82226626108
82226630624
82226636362
82226642404
82226648080
82226654184
82226659860
82226665780
82226670297
82226676584
82226679941
82226687204
82226690744
82226698678
82226703561
82226709359
82226714547
82226720590
82226724801
82226730722
82226737008
82226742135
82226747750
82226752877
82226757272
82226762155
82226768319
82226773202
82226780099
82226784982
82226792001
82226797250
82226802743
82226808236
82226813790
82226818246
82226823373
82226829781
82226834908
82226840768
82226846566
82226852609
82226857736
82226863595
82226867013
82226873727
82226878732
82226886361
82226890389
82226897164
82226903023
82226909432
82226915719
82226921517
82226927071
82226932748
82226939339
82226945809
82226950875
82226959481
82226963631
82226970284
82226976815
82226983468
82226990426
82226997262
82227002572
82227008614
82227016304
82227021798
82227027596
82227033577
82227040413
82227045784
82227052254
82227055550
82227062142
82227067208
82227073983
82227078804
82227086128
82227091866
82227097542
82227103829
82227108834
82227113899
82227119087
82227124825
82227131233
82227136482
82227140267
82227148506
82227152046
82227159126
82227162911
82227170113
82227175056
82227181038
82227186348
82227192268
82227197212
82227203316
82227208015
82227214119
82227218513
82227225593
82227231026
82227238167
82227243172
82227248909
82227254646
82227259834
82227264473
82227269478
82227276558
82227281868
82227287849
82227293281
82227298713
82227303352
82227309272
82227313667
82227320869
82227325264
82227332283
82227338081
82227343330
82227349128
82227350959
82227359443
82227362861
82227371528
82227376899
82227382637
82227388984
82227393318
82227397773
82227404060
82227410652
82227417426
82227422065
82227430427
82227435493
82227442695
82227448982
82227453437
82227461921
82227468147
82227478522
82227485419
82227488227
82227499091
82227507209
82227517524
82227524848
82227527839
82227540229
82227545783
82227558051
82227565070
82227573615
82227580329
82227590156
82227596747
82227603888
82227611701
82227619208
82227627021
82227634162
82227643805
82227649970
82227655280
82227666022
82227671027
82227679694
82227688117
82227696356
82227703070
82227711310
82227716559
82227722724
82227729132
82227735114
82227739630
82227743292
82227751532
82227755560
82227763556
82227767157
82227773932
82227779486
82227784186
82227788702
82227796820
82227801581
82227808600
82227813238
82227818243
82227824042
82227829657
82227834112
82227837591
82227845831
82227852301
82227858038
82227861639
82227868109
82227873419
82227879645
82227884100
82227891668
82227896551
82227903692
82227908575
82227914190
82227919989
82227925665
82227930426
82227937139
82227943548
82227949530
82227953924
82227959356
82227965643
82227970526
82227975958
82227981146
82227988226
82227993597
82228000006
82228004583
82228010748
82228016363
82228021978
82228026373
82228029791
82228037786
82228041570
82228050787
82228057073
82228061468
82228066656
82228073675
82228078436
82228084539
82228089849
82228094793
82228101690
82228106451
82228110723
82228117193
82228121953
82228125677
82228134405
82228141546
82228145818
82228150884
82228156621
82228160222
82228168462
82228172368
82228180852
82228184636
82228191655
82228197149
82228203191
82228208074
82228213567
82228217962
82228225896
82228229985
82228236455
82228242864
82228248418
82228255315
82228261174
82228265813
82228275579
82228281926
82228289250
82228295415
82228301396
82228308965
82228314946
82228320195
82228323796
82228333135
82228336858
82228343572
82228347661
82228355351
82228360661
82228366826
82228372502
82228377629
82228383000
82228390507
82228395451
82228401250
82228406377
82228413579
82228418339
82228422063
82228430485
82228434819
82228442265
82228447819
82228453312
82228458806
82228461003
82228471135
82228473271
82228484013
82228489750
82228493718
82228497075
82228503849
82228507878
82228514042
82228519841
82228527531
82228531803
82228537480
82228542240
82228547917
82228553044
82228559330
82228563969
82228570866
82228576603
82228581730
82228586125
82228591252
82228596867
82228601017
82228606693
82228612553
82228617558
82228624394
82228629459
82228634525
82228639835
82228645451
82228650517
82228656986
82228664310
82228670475
82228675297
82228681950
82228686405
82228689823
82228698002
82228701237
82228709476
82228714786
82228721439
82228726749
82228732120
82228736881
82228744633
82228749393
82228755924
82228762943
82228765507
82228774967
82228781376
82228786564
82228793644
82228799503
82228806217
82228813236
82228820438
82228829471
82228836063
82228838871
82228849674
82228857669
82228865299
82228872684
82228878177
82228892032
82228899112
82228909000
82228916385
82228925723
82228933536
82228939212
82228951602
82228961856
82228969058
82228977908
82228988284
82228994632
82229005069
82229010989
82229017764
82229027713
82229034427
82229043094
82229050540
82229058413
82229064456
82229071658
82229077762
82229082400
82229093142
82229100406
82229110720
82229115359
82229123843
82229130252
82229134768
82229143313
82229150027
82229157839
82229164370
82229172183
82229178713
82229187808
82229193911
82229201296
82229208499
82229216006
82229223696
82229230654
82229235842
82229248354
82229253542
82229262209
82229268801
82229273379
82229284609
82229292544
82229298281
82229304568
82229313174
