82513231209
82513237435
82513242622
82513248360
82513253487
82513259834
82513265205
82513271126
82513275642
82513282295
82513287849
82513294868
82513299324
82513304390
82513311226
82513318733
82513325203
82513331917
82513338508
82513344002
82513352363
82513359505
82513364204
82513372261
82513379341
82513384956
82513393745
82513400764
82513406196
82513416267
82513421760
82513428352
82513435981
82513442146
82513449714
82513456672
82513463996
82513471076
82513479316
82513486579
82513492011
82513501716
82513508796
82513515510
82513522956
82513528144
82513536994
82513544013
82513550849
82513557197
82513563483
82513571845
82513579719
82513587165
82513593452
82513600043
82513608222
82513613654
82513621284
82513628547
82513636481
82513646674
82513653449
82513666266
82513675910
82513687446
82513700751
82513707892
82513715827
82513723578
82513731513
82513740180
82513744818
82513753974
82513762213
82513770026
82513778815
82513785407
82513795233
82513799689
82513807868
82513812689
82513822699
82513830328
82513839972
82513846747
82513852728
82513861090
82513867865
82513877386
82513882697
82513890143
82513898383
82513904547
82513912237
82513919684
82513926214
82513932745
82513940191
82513950201
82513958197
82513965887
82513972540
82513981451
82513989019
82513998663
82514007513
82514014898
82514023932
82514030828
82514040533
82514049017
82514058416
82514065374
82514071478
82514080206
82514084783
82514094183
82514102972
82514111028
82514120245
82514127874
82514133733
82514141241
82514148870
82514156927
82514164739
82514172918
82514179876
82514186163
82514194646
82514200933
82514209356
82514216436
82514224309
82514231512
82514240667
82514245305
82514255254
82514263311
82514268926
82514275884
82514283025
82514290288
82514298284
82514306340
82514313421
82514318792
82514326360
82514337041
82514344854
82514352666
82514359380
82514369756
82514377324
82514387761
82514396245
82514404057
82514411626
82514420171
82514427007
82514433293
82514441167
82514449895
82514456731
82514463200
82514471745
82514481389
82514490544
82514497624
82514505009
82514512578
82514520512
82514530522
82514536687
82514543034
82514550786
82514557072
82514564946
82514573124
82514583073
82514591313
82514599064
82514608586
82514616093
82514623478
82514626591
82514637028
82514646427
82514652409
82514660771
82514669071
82514676884
82514683232
82514691166
82514697575
82514706791
82514711308
82514719975
82514724491
82514734013
82514741825
82514748844
82514753422
82514762882
82514769901
82514776981
82514783329
82514791752
82514798893
82514806888
82514815922
82514824528
82514832401
82514838566
82514847843
82514854191
82514863285
82514869449
82514879947
82514886417
82514892887
82514901188
82514912052
82514919376
82514929325
82514939029
82514947818
82514954227
82514962589
82514971134
82514977909
82514985538
82514994266
82515004520
82515012943
82515021243
82515026737
82515036502
82515044742
82515052799
82515060794
82515069217
82515078616
82515085635
82515095401
82515105106
82515112918
82515120486
82515131412
82515139590
82515147952
82515155459
82515163089
82515170474
82515176577
82515187014
82515193240
82515200747
82515209292
82515217105
82515222049
82515231997
82515241641
82515248904
82515257571
82515268008
82515275942
82515283694
82515291140
82515299990
82515307742
82515316531
82515324465
82515332156
82515339907
82515347109
82515355837
82515363650
82515371218
82515378237
82515387148
82515394228
82515402834
82515411623
82515419314
82515425661
82515434633
82515442080
82515449160
82515456545
82515463625
82515472231
82515478945
82515485598
82515492800
82515499209
82515506655
82515514650
82515522158
82515531130
82515537538
82515545412
82515552858
82515560121
82515567079
82515574770
82515581911
82515588625
82515596193
82515602052
82515611757
82515617677
82515626100
82515634645
82515643434
82515652162
82515660219
82515668398
82515675783
82515685121
82515693544
82515699831
82515706789
82515714113
82515724611
82515731447
82515739992
82515746217
82515752015
82515758302
82515766176
82515772340
82515779481
82515787965
82515797975
82515805909
82515813050
82515820802
82515826661
82515836915
82515844239
82515851075
82515859010
82515864869
82515872010
82515878968
82515885011
82515894349
82515897767
82515905702
82515911744
82515917603
82515924622
82515931397
82515939515
82515945191
82515951051
82515957093
82515963075
82515969788
82515975037
82515982423
82515988526
82515994324
82516000123
82516006531
82516011536
82516016297
82516024415
82516030091
82516037049
82516042481
82516048218
82516054444
82516059693
82516068055
82516073853
82516079468
82516082886
82516091736
82516097474
82516101929
82516109436
82516114502
82516120606
82516125550
82516132752
82516139771
82516144471
82516151673
82516157776
82516163758
82516168579
82516175293
82516181702
82516187378
82516194031
82516198975
82516205994
82516211670
82516218506
82516223511
82516228272
82516234375
82516239441
82516246216
82516252014
82516256897
82516263306
82516269653
82516275207
82516279663
82516287353
82516293396
82516298340
82516304932
82516311523
82516317200
82516322449
82516331360
82516341492
82516347534
82516355163
82516365600
82516372619
82516378601
82516383728
82516389404
82516396484
82516402588
82516408081
82516414734
82516420776
82516426757
82516432312
82516437561
82516442077
82516448913
82516455261
82516460876
82516466613
82516472351
82516480407
82516485534
82516490844
82516497009
82516501159
82516509094
82516516601
82516521667
82516527526
82516533813
82516538818
82516543884
82516550414
82516562255
82516573241
82516579467
82516587157
82516595153
82516602904
82516609679
82516615905
82516620788
82516626647
82516632079
82516638671
82516644347
82516651671
82516658141
82516664184
82516670226
82516675780
82516682921
82516690429
82516695617
82516702452
82516707518
82516714171
82516720824
82516726928
82516733580
82516739012
82516744689
82516750609
82516756957
82516761901
82516768920
82516774901
82516779906
82516786009
82516790953
82516796263
82516802184
82516808714
82516815367
82516821471
82516824828
82516831603
82516842040
82516851134
82516865233
82516869994
82516877989
82516884093
82516890623
82516897459
82516902647
82516908507
82516913512
82516920286
82516925780
82516932066
82516938963
82516943480
82516950133
82516954771
82516960875
82516968809
82516973448
82516980528
82516986692
82516992735
82517001097
82517005857
82517012693
82517019651
82517026548
82517032469
82517037413
82517043760
82517051084
82517056639
82517061827
82517067808
82517073179
82517078245
82517083738
82517090635
82517096617
82517102598
82517107481
82517114500
82517120176
82517125303
82517128599
82517136961
82517142942
82517148374
82517154295
82517160276
82517165891
82517172178
82517179502
82517182981
82517190427
82517195798
82517201047
82517207029
82517212644
82517218625
82517224607
82517230649
82517235349
82517241880
82517246274
82517251706
82517256833
82517265256
82517270871
82517276487
82517282590
82517286557
82517292783
82517298581
82517306211
82517311887
82517317075
82517320066
82517327634
82517334348
82517339841
82517346311
82517354795
82517360715
82517369504
82517374204
82517387570
82517393369
82517403012
82517408444
82517413571
82517421445
82517427365
82517433469
82517439633
82517445004
82517451169
82517455807
82517461850
82517468014
82517473874
82517479428
82517484982
82517489621
82517496152
82517501340
82517506955
82517512265
82517520688
82517523862
82517530575
82517533871
82517540829
82517545834
82517551388
82517559628
82517564572
82517570858
82517577145
82517582394
82517586972
82517593075
82517597897
82517604550
82517610836
82517617428
82517621945
82517628598
82517634030
82517639401
82517645687
82517650204
82517656552
82517663204
82517668576
82517675106
82517680233
82517686947
82517692440
82517698177
82517704159
82517709286
82517715572
82517721493
82517727474
82517734432
82517742001
82517747250
82517754269
82517760067
82517766354
82517772274
82517779598
82517784359
82517790707
82517795711
82517803219
82517809139
82517814632
82517820980
82517826717
82517832638
82517838497
82517844173
82517850094
82517855282
82517859981
82517867244
82517873470
82517879207
82517884884
82517890010
82517897030
82517902523
82517910396
82517917476
82517930599
82517935726
82517943904
82517947505
82517957149
82517963558
82517967830
82517974239
82517980403
82517986751
82517991695
82517999202
82518004085
82518010616
82518016353
82518022090
82518025447
82518033260
82518041255
82518045589
82518052058
82518057979
82518063594
82518068233
82518074763
82518079646
82518086970
82518092708
82518097896
82518103816
82518107844
82518114131
82518120112
82518127254
82518132930
82518138484
82518141902
82518148799
82518155330
82518160701
82518167048
82518173091
82518178340
82518184016
82518188777
82518194453
82518200251
82518205012
82518213130
82518218501
82518223811
82518229121
82518234736
82518240290
82518245661
82518253169
82518257991
82518264216
82518268550
82518276362
82518282160
82518287776
82518294184
82518300227
82518305476
82518311396
82518316950
82518321345
82518327692
82518336298
82518341853
82518347895
82518353938
82518359248
82518365656
82518371882
82518378535
82518384516
82518390131
82518395685
82518401789
82518407526
82518413874
82518418879
82518427057
82518433893
82518441034
82518448298
82518454035
82518462153
82518469965
82518476435
82518484186
82518491205
82518497553
82518502253
82518509211
82518512751
82518520563
82518527643
82518533441
82518539545
82518544001
82518550104
82518555963
82518564203
82518569025
82518574823
82518579340
82518586908
82518592340
82518598139
82518605402
82518611505
82518617670
82518622614
82518630182
82518633600
82518641779
82518648615
82518654535
82518659845
82518665704
82518670892
82518676507
82518682489
82518688165
82518694574
82518700983
82518706537
82518711847
82518717523
82518724603
82518729608
82518737542
82518741632
82518748834
82518754266
82518759637
82518766778
82518771905
82518778558
82518783380
82518790094
82518793084
82518800714
82518807794
82518814019
82518819635
82518825921
82518831781
82518836175
82518843072
82518846185
82518855401
82518861321
82518867242
82518872857
82518878839
82518883782
82518890069
82518895867
82518902032
82518908013
82518913995
82518919610
82518924859
82518930169
82518936333
82518943536
82518949456
82518954888
82518960198
82518965691
82518972710
82518978692
82518985467
82518993340
82519000237
82519006402
82519019707
82519025994
82519031487
82519040825
82519044243
82519052483
82519057732
82519063714
82519070733
82519077202
82519084343
82519090630
82519096428
82519102166
82519107842
82519113213
82519118950
82519125603
82519131951
82519137810
82519142815
82519149285
82519153862
82519162407
82519168999
82519175286
82519181328
82519186150
82519193047
82519199516
82519205132
82519212212
82519218254
82519224114
82519228874
82519236259
82519242241
82519249809
82519256340
82519262382
82519269279
82519275627
82519281120
82519287468
82519293144
82519299858
82519304680
82519311394
82519316215
82519323478
82519329643
82519335258
82519342094
82519348320
82519353813
82519359733
82519365349
82519370109
82519377311
82519380790
82519389763
82519394706
82519400322
82519406486
82519412284
82519419059
82519423698
82519431083
82519437614
82519443046
82519449577
82519454215
82519461540
82519466361
82519472709
82519478752
82519484245
82519490836
82519496818
82519502860
82519507011
82519515067
82519519889
82519527396
82519535148
82519541373
82519547721
82519554313
82519564323
82519573112
82519578483
82519586356
82519592643
82519598929
82519604972
82519609489
82519617118
82519624503
82519631034
82519636710
82519643485
82519651542
82519656791
82519664115
82519668204
82519676688
82519683341
82519689139
82519696524
82519702384
82519710929
82519717643
82519723563
82519729972
82519736441
82519743399
82519748465
82519756034
82519762259
82519767813
82519773429
82519779593
82519785758
82519793143
82519798087
82519803458
82519811820
82519818228
82519824942
82519832083
82519836966
82519844778
82519850333
82519856009
82519864004
82519869253
82519877188
82519883658
82519887930
82519895132
82519899405
82519906729
82519913199
82519919180
82519924063
82519930777
82519933767
82519942679
82519946402
82519952749
82519958609
82519963980
82519970633
82519975271
82519982290
82519989187
82519993643
82520001516
82520006094
82520012930
82520018667
82520023977
82520030752
82520036672
82520042532
82520047048
82520054739
82520061209
82520065176
82520071890
82520078481
82520084890
82520090017
82520098501
82520102102
82520111501
82520116689
82520124014
82520131643
82520136770
82520143728
82520149343
82520155019
82520160146
82520166311
82520172842
82520178640
82520184011
82520188772
82520194631
82520199636
82520206838
82520212087
82520218862
82520222158
82520229482
82520234853
82520240835
82520246755
82520252736
82520258718
82520265065
82520270253
82520276052
82520281484
82520286184
82520293142
82520296926
82520304555
82520310414
82520316152
82520319631
82520326161
82520331777
82520338185
82520343984
82520350026
82520355702
82520361806
82520366506
82520373097
82520378407
82520384694
82520390859
82520396840
82520401723
82520407948
82520413625
82520419301
82520424977
82520431386
82520435597
82520441273
82520447987
82520454457
82520458974
82520466237
82520471547
82520478200
82520483082
82520490040
82520496388
82520502125
82520506032
82520513478
82520519948
82520526112
82520531361
82520537648
82520543507
82520549611
82520555165
82520560109
82520567921
82520574025
82520579213
82520585072
82520590748
82520596363
82520602284
82520609303
82520614125
82520621632
82520628163
82520635914
82520643543
82520650868
82520658131
82520665516
82520673939
82520679737
82520687000
82520691883
82520699757
82520705738
82520711170
82520717945
82520722828
82520729603
82520736317
82520742725
82520749256
82520755787
82520761951
82520765613
82520773853
82520780445
82520785938
82520791187
82520797535
82520803455
82520809192
82520813648
82520822315
82520827625
82520832752
82520840564
82520848438
82520854786
82520861499
82520867420
82520873584
82520879078
82520884754
82520892688
82520898731
82520905689
82520912464
82520918689
82520925647
82520932788
82520938343
82520945178
82520951343
82520957446
82520964527
82520970081
82520974902
82520981433
82520987903
82520994922
82521000415
82521006152
82521012805
82521017383
82521024097
82521030322
82521037280
82521042834
82521048389
82521053516
82521059619
82521062793
82521070788
82521076526
82521081653
82521087207
82521093005
82521097766
82521104602
82521111438
82521118213
82521123767
82521130969
82521135302
82521141955
82521148669
82521154651
82521164721
82521168017
82521178271
82521184619
82521191211
82521199633
82521205065
82521212634
82521218310
82521225634
82521230700
82521236560
82521242907
82521248889
82521256396
82521261157
82521266528
82521273120
82521278246
82521282702
82521289416
82521296374
82521302050
82521308032
82521313464
82521318896
82521324084
82521329638
82521335741
82521343371
82521346850
82521353442
82521358507
82521364794
82521370653
82521375963
82521382372
82521386767
82521392382
82521397570
82521403124
82521408617
82521413805
82521419970
82521427477
82521430773
82521438158
82521443590
82521448839
82521453905
82521459459
82521465990
82521471972
82521477282
82521481859
82521489672
82521493151
82521500841
82521507616
82521513475
82521519518
82521525255
82521530382
82521536302
82521541674
82521546373
82521554064
82521559923
82521565477
82521571703
82521577501
82521582750
82521588915
82521596361
82521601915
82521607103
82521612169
82521618883
82521624071
82521629747
82521637682
82521642442
82521648790
82521653307
82521660203
82521664598
82521671434
82521678453
82521682725
82521688341
82521694566
82521701097
82521709764
82521720445
82521726976
82521734971
82521744554
82521749131
82521755357
82521758958
82521766954
82521772752
82521778184
82521783555
82521789048
82521794419
82521798570
82521805589
82521811692
82521816819
82521823289
82521828660
82521835008
82521841050
82521847093
82521853196
82521858933
82521864610
82521870225
82521874436
82521880113
82521885606
82521892808
82521897324
82521904282
82521908555
82521915635
82521920396
82521925889
82521932725
82521938462
82521943833
82521951035
82521956284
82521961716
82521967026
82521971360
82521979111
82521983506
82521989426
82521995225
82522000352
82522004685
82522010911
82522017441
82522022446
82522026963
82522033799
82522039048
82522045945
82522051743
82522057419
82522062912
82522068345
82522073532
82522079148
82522084702
82522090195
82522095627
82522100327
82522108017
82522112534
82522118576
82522123276
82522128342
82522135056
82522140549
82522146103
82522152085
82522155686
82522164231
82522168686
82522174240
82522180344
82522184372
82522192490
82522197373
82522203598
82522208359
82522214401
82522218979
82522223984
82522229172
82522238083
82522248642
82522254867
82522266159
82522275375
82522280014
82522286423
82522291061
82522297897
82522304123
82522309799
82522313400
82522320846
82522326462
82522332199
82522337448
82522343429
82522349716
82522355331
82522361374
82522365646
82522372604
82522377792
82522383834
82522388778
82522395004
82522400009
82522406784
82522410141
82522417770
82522423690
82522429611
82522435348
82522440658
82522446578
82522451034
82522458114
82522462448
82522468124
82522474227
82522479354
82522486068
82522491561
82522496688
82522504195
82522507613
82522514693
82522519942
82522525314
82522530868
82522536971
82522542220
82522547652
82522553023
82522559127
82522565719
82522570479
82522576644
82522582564
82522587691
82522592391
82522599227
82522603866
82522609908
82522617049
82522622420
82522627242
82522632857
82522638106
82522643782
82522649520
82522653792
82522660079
82522665999
82522671431
82522676558
82522682479
82522687484
82522694381
82522699752
82522706588
82522712203
82522717696
82522721114
82522727645
82522733565
82522739485
82522743697
82522749190
82522756758
82522762679
82522771834
82522776717
82522783309
82522796431
82522803633
82522810591
82522817061
82522824263
82522829634
82522836348
82522842390
82522848250
82522851729
82522860701
82522866194
82522872725
82522879317
82522884627
82522891646
82522895125
82522902632
82522907942
82522913801
82522920027
82522926558
82522931929
82522936689
82522943770
82522949873
82522956953
82522962202
82522968000
82522974775
82522980818
82522986555
82522992231
82522996687
82523004072
82523008955
82523015669
82523018965
82523026228
82523032575
82523037824
82523044966
82523051008
82523056501
82523062971
82523068647
82523073896
82523079084
82523086164
82523091596
82523097395
82523102888
82523110151
82523114606
82523120710
82523125471
82523132856
82523139082
82523144758
82523151411
82523155439
82523163068
82523168134
82523175580
82523180890
82523186140
82523191694
82523196882
82523202802
82523208173
82523214521
82523220563
82523226606
82523231427
82523238080
82523243207
82523250409
82523258100
82523262189
82523268781
82523274579
82523280988
82523285566
82523291547
82523297528
82523305768
82523312665
82523321576
82523327802
82523336408
82523343610
82523352582
82523359113
82523365338
82523372174
82523375653
82523383771
82523391644
82523397748
82523403119
82523408978
82523414655
82523418988
82523425458
82523430157
82523437909
82523443097
82523448346
82523453534
82523458966
82523466290
82523470746
82523478497
82523483380
82523489728
82523496625
82523502057
82523507489
82523512738
82523518963
82523525311
82523531048
82523538006
82523543622
82523550152
82523555523
82523561749
82523568646
82523575543
82523580609
82523587567
82523593426
82523599224
82523605694
82523611065
82523616131
82523621685
82523627300
82523633099
82523637921
82523643902
82523651409
82523654766
82523663311
82523669293
82523673687
82523681377
82523686504
82523693890
82523699200
82523705120
82523710735
82523715984
82523721050
82523726665
82523733684
82523737957
82523744305
82523750164
82523755413
82523759869
82523766277
82523771099
82523778911
82523784649
82523790935
82523796551
82523802349
82523808269
82523813213
82523820537
82523823955
82523832012
82523837444
82523843975
82523851970
82523858074
82523865764
82523873577
82523879985
82523885967
82523892314
82523899211
82523905864
82523912029
82523916851
82523922710
82523928935
82523936138
82523941936
82523947612
82523953838
82523959514
82523966106
82523972392
82523977580
82523983318
82523988689
82523995158
82524001994
82524005412
82524013103
82524016399
82524022990
82524030009
82524035503
82524042583
82524047343
82524054729
82524060893
82524066081
82524071147
82524076640
82524083781
82524088237
82524093913
82524099956
82524106425
82524112956
82524118510
82524124980
82524130961
82524135783
82524141765
82524147746
82524152263
82524160746
82524166606
82524172160
82524178630
82524183085
82524190409
82524194743
82524201274
82524208293
82524213420
82524218119
82524224162
82524228922
82524235575
82524241984
82524247965
82524255839
82524260844
82524267375
82524273539
82524278544
82524283244
82524289591
82524294718
82524301859
82524305216
82524312418
82524318888
82524324992
82524330546
82524336222
82524342570
82524348917
82524354838
82524359720
82524365214
82524369791
82524376993
82524383158
82524389445
82524397684
82524402323
82524410685
82524421732
82524428873
82524434000
82524440653
82524446573
82524452250
82524458536
82524462809
82524469461
82524475443
82524481974
82524486368
82524492960
82524497599
82524503092
82524508463
82524515543
82524518961
82524526712
82524530130
82524538187
82524544473
82524550150
82524556253
82524561807
82524568521
82524573282
82524579569
82524584329
82524590921
82524597513
82524602029
82524605508
82524613382
82524619608
82524623819
82524630472
82524637125
82524641702
82524646341
82524652627
82524657327
82524662881
82524669595
82524674173
82524680948
82524686380
82524691568
82524697122
82524701578
82524707254
82524712564
82524717996
82524724527
82524730874
82524736917
82524741861
82524747415
82524752298
82524759195
82524762613
82524770303
82524776223
82524780862
82524787576
82524793618
82524799295
82524804971
82524810769
82524814981
82524821633
82524825967
82524832253
82524836831
82524843301
82524848367
82524854958
82524860757
82524866555
82524872048
82524876748
82524883340
82524888894
82524894692
82524900796
82524905984
82524911904
82524919961
82524923989
82524936074
82524943459
82524954384
82524963540
82524968423
82524974648
82524980569
82524985329
82524991555
82524997109
82525003090
82525009194
82525015114
82525020852
82525026955
82525031960
82525038247
82525043557
82525048317
82525054909
82525058510
82525067055
82525072731
82525078163
82525083962
82525088967
82525094948
82525101479
82525107338
82525113320
82525118325
82525123451
82525130043
82525135353
82525140114
82525144875
82525151772
82525157997
82525163857
82525170631
82525177284
82525182411
82525188942
82525195534
82525203285
82525209511
82525216103
82525220863
82525227089
82525231972
82525238991
82525245521
82525251137
82525256996
82525262672
82525268165
82525274147
82525280739
82525286842
82525292213
82525298439
82525304176
82525309364
82525316993
82525320533
82525329139
82525332679
82525341835
82525347633
82525353492
82525359230
82525364967
82525372291
82525377052
82525382972
82525389503
82525394569
82525399086
82525405189
82525411537
82525418617
82525423316
82525428504
82525434120
82525440223
82525446815
82525451820
82525459388
82525467323
82525473487
82525480689
82525487342
82525494727
82525500343
82525509010
82525516029
82525520728
82525527198
82525533485
82525539588
82525546058
82525552711
82525558387
82525564673
82525570777
82525576270
82525580237
82525587134
82525593604
82525599463
82525606605
82525610877
82525617774
82525622535
82525629615
82525634925
82525643042
82525649085
82525654761
82525660315
82525665747
82525671180
82525677100
82525685523
82525689063
82525695655
82525702002
82525707495
82525712500
82525717871
82525725684
82525731909
82525736731
82525742407
82525748328
82525753150
82525760352
82525766638
82525772070
82525779028
82525785071
82525790137
82525795691
82525801306
82525806128
82525812842
82525818274
82525823462
82525830359
82525834814
82525842016
82525848242
82525854101
82525858984
82525866247
82525869482
82525876135
82525881506
82525888037
82525894140
82525900122
82525906653
82525911413
82525918066
82525924109
82525929846
82525937536
82525943701
82525948828
82525954870
82525961462
82525966406
82525971411
82525976416
82525985083
82525991308
82525997595
82526003210
82526009008
82526016882
82526024145
82526030309
82526038793
82526046240
82526053503
82526061437
82526067297
82526074682
82526081213
82526087011
82526091955
82526099462
82526105810
82526111486
82526114904
82526123388
82526128820
82526135290
82526142492
82526147375
82526155675
82526161901
82526168737
82526174108
82526179967
82526185155
82526191320
82526197118
82526201818
82526210607
82526215673
82526221227
82526228490
82526233373
82526240514
82526245397
82526254186
82526259008
82526264257
82526270299
82526275853
82526284886
82526290258
82526298925
82526304845
82526311437
82526318456
82526323583
82526330358
82526337743
82526344884
82526350438
82526354466
82526361363
82526365392
82526374059
82526381017
82526388280
82526396214
82526402074
82526407994
82526414220
82526420018
82526427098
82526433690
82526438756
82526445897
82526449132
82526456883
82526463902
82526469578
82526475865
82526481602
82526486180
82526493138
82526498875
82526507847
82526513951
82526520115
82526524693
82526532566
82526536961
82526543919
82526549351
82526556126
82526562168
82526569859
82526577000
82526582981
82526589451
82526596714
82526604161
82526610264
82526618138
82526625340
82526631565
82526637913
82526644810
82526650974
82526656101
82526665745
82526672031
82526677708
82526683445
82526689182
82526695347
82526701328
82526707371
82526712925
82526719822
82526726108
82526730808
82526736851
82526742832
82526747593
82526754551
82526762241
82526767917
82526773716
82526779453
82526785312
82526791355
82526797214
82526803013
82526809238
82526814182
82526821140
82526825962
82526833286
82526839084
82526846042
82526851352
82526857151
82526863376
82526869846
82526874790
82526882480
82526888401
82526893405
82526900241
82526905979
82526911716
82526918552
82526924472
82526930393
82526936008
82526942417
82526948581
82526953891
82526958530
82526966403
82526970126
82526977695
82526986545
82526991733
82526999057
82527004733
82527010410
82527016574
82527022800
82527029391
82527034152
82527042514
82527047092
82527054477
82527059970
82527065707
82527073031
82527077670
82527084445
82527090182
82527096103
82527102145
82527107882
82527115085
82527119906
82527129428
82527136142
82527141269
82527149691
82527163851
82527170932
82527176669
82527183566
82527188693
82527196200
82527199679
82527207308
82527214388
82527220431
82527225863
82527231356
82527237948
82527244051
82527250033
82527255221
82527261996
82527267001
82527274142
82527279391
82527287569
82527292757
82527298617
82527301974
82527310702
82527317293
82527323763
82527330538
82527336520
82527342257
82527345492
82527353060
82527360995
82527365938
82527372713
82527377718
82527386202
82527391146
82527397127
82527404207
82527409151
82527415987
82527422518
82527428133
82527434114
82527440157
82527447298
82527451998
82527459322
82527465792
82527471346
82527477327
82527483370
82527489778
82527495272
82527502657
82527509310
82527514986
82527520967
82527526827
82527532442
82527537325
82527545625
82527552034
82527557832
82527564546
82527568880
82527576265
82527581392
82527587556
82527593294
82527598970
82527605501
82527611665
82527618318
82527623140
82527631013
82527636751
82527642366
82527648897
82527655000
82527660615
82527665437
82527672883
82527681611
82527689058
82527696138
82527710237
82527717378
82527723970
82527729951
82527735017
82527740754
82527746858
82527752534
82527760896
82527765535
82527772920
82527777742
82527783784
82527788667
82527795625
82527802094
82527808747
82527815644
82527821504
82527831391
82527836030
82527843049
82527850556
82527855988
82527862763
82527868378
82527874482
82527880830
82527886628
82527892609
82527898164
82527902985
82527911103
82527916901
82527922639
82527928620
82527934663
82527940949
82527947602
82527952851
82527957612
82527964753
82527970063
82527976349
82527983674
82527988434
82527995087
82527999421
82528005463
82528010407
82528017243
82528024262
82528028473
82528034943
82528040680
82528046112
82528050385
82528057282
82528065033
82528071137
82528076508
82528082062
82528088593
82528091583
82528099701
82528106049
82528111542
82528116913
82528122406
82528129181
82528133820
82528140778
82528146332
82528153046
82528158966
82528164764
82528171051
82528175751
82528181671
82528188202
82528194000
82528199676
82528205658
82528211639
82528217926
82528224762
82528230255
82528237579
82528243500
82528251983
82528258758
82528265228
82528271942
82528278534
82528284576
82528289642
82528296661
82528302032
82528308380
82528311981
82528320221
82528325164
82528330841
82528337555
82528343536
82528349090
82528354034
82528360443
82528367950
82528373870
82528380462
82528385162
82528391937
82528398345
82528404205
82528409759
82528415801
82528421234
82528427032
82528433746
82528438506
82528445342
82528451934
82528458526
82528461944
82528469207
82528476104
82528482085
82528488006
82528494659
82528500091
82528505279
82528511504
82528516448
82528524688
82528530791
82528535613
82528541839
82528548308
82528553802
82528560088
82528565459
82528572478
82528578338
82528584136
82528589812
82528596526
82528601287
82528607329
82528615020
82528621001
82528626983
82528633025
82528638945
82528644805
82528652190
82528656584
82528663115
82528669707
82528676177
82528681792
82528687834
82528693694
82528699858
82528705290
82528710784
82528716887
82528722563
82528728362
82528734038
82528740386
82528746062
82528751799
82528757903
82528764128
82528769255
82528776274
82528783659
82528790007
82528796172
82528802458
82528808989
82528817534
82528823637
82528828947
82528836027
82528841093
82528848540
82528851958
82528860991
82528865629
82528872587
82528877714
82528883330
82528889006
82528894865
82528901152
82528907194
82528912993
82528918974
82528924589
82528929411
82528935942
82528940886
82528948942
82528952482
82528960295
82528966642
82528972563
82528978178
82528984037
82528990629
82528996366
82529003446
82529007963
82529015653
82529020658
82529027311
82529032011
82529038603
82529043363
82529049284
82529054044
82529061247
82529067289
82529072660
82529079130
82529085111
82529092069
82529096342
82529102567
82529108732
82529114286
82529120634
82529126310
82529132719
82529139005
82529144437
82529150113
82529155546
82529161222
82529169095
82529174650
82529180875
82529186979
82529192960
82529198636
82529204618
82529210904
82529217557
82529222379
82529228055
82529232999
82529240689
82529245816
82529252713
82529258695
82529264493
82529270536
82529276700
82529282926
82529288663
82529294827
82529301114
82529307401
82529313992
82529320035
82529325040
82529331693
82529336575
82529344327
82529349515
82529356900
82529369412
82529376675
82529383633
82529390836
82529394253
82529401578
82529406644
82529414090
82529419461
82529425198
82529431729
82529437466
82529443387
82529449368
82529455166
82529460843
82529467740
82529472439
82529478970
82529483853
82529491726
82529497464
82529503262
82529509243
82529515103
82529518704
82529526822
82529532376
82529539273
82529544033
82529549710
82529556057
82529562405
82529568020
82529574734
82529581143
82529585964
82529591885
82529596707
82529604763
82529611233
82529616848
82529624233
82529628445
82529635464
82529641567
82529646633
82529653042
82529658962
82529665310
82529672451
82529678249
82529683926
82529689541
82529695095
82529701504
82529707058
82529713161
82529718777
82529723965
82529729519
82529736538
82529740810
82529747585
82529753994
82529759975
82529765041
82529771999
82529777309
82529783352
82529789333
82529795009
82529801906
82529807827
82529813625
82529819301
82529824794
82529830471
82529836757
82529843044
82529850612
82529854091
82529862514
82529868312
82529874416
82529881008
82529887111
82529894618
82529900295
82529908168
82529915126
82529920009
82529927516
82529934657
82529940883
82529947597
82529954433
82529959560
82529966640
82529970058
82529978664
82529983485
82529990443
82529996669
82530001430
82530008388
82530014308
82530019313
82530025539
82530031581
82530036464
82530043239
82530048366
82530055629
82530060878
82530066432
82530071437
82530078456
82530085719
82530091334
82530096095
82530101771
82530108790
82530115016
82530122157
82530127101
82530133754
82530138880
82530146083
82530151576
82530157130
82530162745
82530168910
82530174647
82530181544
82530187159
82530191493
82530198390
82530204737
82530210536
82530216883
82530222621
82530227442
82530234034
82530238856
82530245387
82530252467
82530258021
82530263514
82530269007
82530274622
82530280299
82530287379
82530291712
82530299036
82530304102
82530310938
82530316187
82530323023
82530327662
82530334681
82530338160
82530345484
82530351954
82530357935
82530363917
82530369593
82530375513
82530381434
82530387903
82530393763
82530398706
82530404688
82530410913
82530415674
82530421778
82530429651
82530436182
82530439844
82530446985
82530452845
82530458582
82530462061
82530473596
82530480860
82530486353
82530492639
82530496729
82530506738
82530512781
82530519739
82530526087
82530531763
82530537805
82530544824
82530551172
82530556665
82530563989
82530571008
82530579980
82530587244
82530592493
82530599268
82530604455
82530611780
82530615564
82530624231
82530633935
82530637597
82530645898
82530649560
82530657617
82530664514
82530669275
82530676721
82530683191
82530688867
82530693567
82530699975
82530704919
82530712548
82530718713
82530724450
82530730554
82530737512
82530743554
82530750207
82530758203
82530761926
82530768457
82530773034
82530779565
82530785974
82530792138
82530798791
82530802819
82530809228
82530814660
82530820031
82530825036
82530831323
82530836205
82530844079
82530849938
82530855492
82530861657
82530867577
82530873559
82530877953
82530884118
82530890038
82530895714
82530902489
82530908349
82530913354
82530920251
82530925133
82530932274
82530937585
82530943383
82530949181
82530954979
82530961022
82530965294
82530971154
82530977257
82530983971
82530989159
82530996239
82531002099
82531007775
82531014611
82531019799
82531026879
82531031762
82531039574
82531043724
82531054222
82531061730
82531068566
82531075279
82531080834
82531086876
82531092064
82531097923
82531104698
82531110497
82531117027
82531121178
82531127342
82531133324
82531138634
82531144676
82531151390
82531157188
82531163353
82531168602
82531173790
82531180138
82531186485
82531195457
82531209434
82531220177
82531230247
82531238243
82531245994
82531252708
82531258873
82531264793
82531270530
82531275779
82531281517
82531287071
82531292564
82531299156
82531305381
82531311241
82531317772
82531323753
82531330650
82531338462
82531344078
82531347312
82531355430
82531361412
82531366844
82531371787
82531379661
82531385459
82531390525
82531396751
82531401145
82531407615
82531413658
82531419151
82531426414
82531432395
82531437156
82531443015
82531449302
82531454063
82531460899
82531464561
82531472495
82531477683
82531485374
82531490989
82531496360
82531501670
82531507468
82531513877
82531519980
82531525474
82531529868
82531536521
82531541587
82531548484
82531555503
82531559958
82531567099
82531571982
82531578269
82531582602
82531591819
82531597129
82531603843
82531610923
82531617209
82531625144
82531630210
82531638266
82531645774
82531651938
82531658225
82531664389
82531669394
82531674521
82531681479
82531688132
82531694174
82531699301
82531704550
82531709799
82531715292
82531721396
82531727866
82531735556
82531741354
82531746909
82531752463
82531757773
82531763205
82531768698
82531775168
82531781515
82531788596
82531793234
82531799338
82531803732
82531810446
82531816244
82531821676
82531827475
82531832968
82531841940
82531848349
82531859091
82531868979
82531877524
82531884115
82531890646
82531896383
82531903769
82531908529
82531915915
82531922262
82531928060
82531935507
82531940145
82531947225
82531954794
82531960531
82531966757
82531972433
82531978475
82531982870
82531989095
82531993978
82532001241
82532008505
82532014242
82532019003
82532024740
82532031332
82532037923
82532043539
82532050558
82532056295
82532062826
82532070516
82532077047
82532082540
82532089498
82532095174
82532102132
82532108175
82532114217
82532119588
82532127035
82532135213
82532142660
82532149251
82532156576
82532162679
82532171285
82532178731
82532185811
82532193074
82532198018
82532204549
82532211324
82532216085
82532222982
82532226277
82532235189
82532240560
82532246297
82532253743
82532258443
82532264485
82532270101
82532275411
82532281331
82532287435
82532293599
82532298482
82532305013
82532310811
82532316121
82532322835
82532327229
82532335347
82532340413
82532346272
82532352559
82532357747
82532362691
82532368733
82532375142
82532380574
82532386922
82532391682
82532396992
82532403462
82532409627
82532416463
82532421956
82532427266
82532433003
82532438374
82532444661
82532449482
82532455952
82532461995
82532467183
82532473347
82532478962
82532484150
82532489216
82532496174
82532502644
82532508137
82532514058
82532519856
82532525166
82532530171
82532537739
82532542805
82532548298
82532554035
82532559345
82532565144
82532571369
82532578327
82532584004
82532589436
82532595112
82532600544
82532606098
82532613484
82532619892
82532624775
82532631916
82532637592
82532642963
82532648701
82532655720
82532663715
82532672932
82532681782
82532687763
82532696430
82532704792
82532710712
82532717548
82532723102
82532729267
82532737995
82532742878
82532749592
82532756122
82532762653
82532768879
82532773517
82532779194
82532787372
82532793476
82532801105
82532805683
82532815021
82532821674
82532829486
82532835773
82532841693
82532848468
82532851947
82532859394
82532865985
82532872516
82532879413
82532883991
82532889911
82532894611
82532900836
82532905170
82532909381
82532914813
82532919696
82532923724
82532927814
82532931476
82532936298
82532940387
82532945941
82532948505
82532953387
82532957294
82532962421
82532966266
82532970477
82532978046
82532982562
82532986590
82532990131
82532995257
82532998920
82533003680
82533008380
82533011371
82533016864
82533021136
82533024554
82533028949
82533034747
82533040423
82533044513
82533048785
82533051898
82533057940
82533060870
82533066485
82533071978
82533075702
82533080584
82533084308
82533089129
82533093646
82533097674
82533104205
82533108660
82533113910
82533119403
82533125140
82533131671
82533137591
82533144976
82533151019
82533157061
82533161944
82533166033
82533171160
82533176592
82533180926
82533185381
82533189288
82533194293
82533197100
82533202532
82533207476
82533211932
82533216387
82533219927
82533225237
82533230303
82533234576
82533238726
82533244158
82533248064
82533253008
82533257525
82533262713
82533266375
82533271075
82533276690
82533279620
82533284624
82533289629
82533293902
82533299395
82533304461
82533309771
82533312945
82533317461
82533321367
82533326861
82533329424
82533335650
82533343096
82533347368
82533352312
82533355974
82533361467
82533365740
82533369036
82533376360
82533382280
82533386309
82533390215
82533395281
82533399492
82533405535
82533410906
82533416216
82533421099
82533425005
82533430132
82533433611
82533438188
82533442156
82533448625
82533453142
82533459429
82533463152
82533469866
82533473406
82533479875
82533485063
82533490129
82533494890
82533500322
82533505693
82533509905
82533516191
82533521745
82533528825
82533533769
82533538469
82533542925
82533548418
82533553239
82533558733
82533563493
82533571001
82533577104
82533583757
82533591814
82533596452
82533605668
82533613115
82533616289
82533623002
82533629594
82533633561
82533639848
82533644182
82533650651
82533656022
82533659807
82533664018
82533670366
82533674455
82533682084
82533686052
82533693376
82533699662
82533704789
82533711503
82533717118
82533723466
82533729631
82533735185
82533740251
82533746842
82533750444
82533756242
82533760881
82533766679
82533772355
82533778581
82533781938
82533787797
82533792863
82533797868
82533803666
82533808488
82533812821
82533821671
82533826737
82533831437
82533837907
82533842606
82533848161
82533852982
82533857560
82533864030
82533870011
82533874955
82533879533
82533885514
82533890580
82533896134
82533900345
82533905778
82533912797
82533916581
82533923356
82533928605
82533933854
82533938614
82533944718
82533950272
82533956437
82533961747
82533967972
82533972550
82533977372
82533984085
82533989151
82533993241
82533999710
82534004288
82534009659
82534015030
82534020706
82534025711
82534030899
82534036576
82534042740
82534048050
82534054276
82534059220
82534066300
82534071060
82534074784
82534081253
82534086746
82534093643
82534099564
82534107742
82534112869
82534119278
82534124222
82534132889
82534141739
82534149429
82534156387
82534163284
82534169510
82534175613
82534181778
82534185684
82534194656
82534198868
82534206070
82534209732
82534217972
82534221634
82534229385
82534233536
82534240616
82534244400
82534251541
82534256241
82534261306
82534266433
82534272293
82534276687
82534283584
82534288955
82534294387
82534299026
82534304397
82534308853
82534315261
82534319473
82534325515
82534331863
82534335647
82534341445
82534347122
82534351821
82534355239
82534361892
82534368118
82534374526
82534376724
82534385085
82534388259
82534395095
82534399734
82534406020
82534411575
82534418777
82534422744
82534429641
82534433120
82534440261
82534443618
82534450515
82534456802
82534463576
82534469314
82534475356
82534480056
82534485305
82534490432
82534496474
82534501052
82534509048
82534513808
82534521010
82534525588
82534531142
82534537307
82534541945
82534547378
82534555007
82534560073
82534565993
82534572890
82534578566
82534583266
82534587233
82534594619
82534600356
82534607253
82534611220
82534619521
82534623427
82534630141
82534634719
82534640334
82534646498
82534653273
82534658278
82534664015
82534670912
82534673232
82534681471
82534688185
82534693373
82534697463
82534707839
82534714430
82534723341
82534728774
82534735060
82534743544
82534749342
82534757826
82534762404
82534768385
82534773451
82534779494
82534784498
82534790480
82534795851
82534802870
82534808180
82534813490
82534816786
82534822951
82534827955
82534834120
82534839369
82534847120
82534851088
82534858290
82534861586
82534869215
82534874464
82534880018
82534886366
82534892408
82534899916
82534904493
82534910109
82534914686
82534919081
82534925245
82534930189
82534935438
82534940748
82534946974
82534951246
82534957716
82534963392
82534968580
82534972608
82534980421
82534985548
82534990919
82534995252
82535001417
82535006300
82535011427
82535015638
82535022230
82535029432
82535034986
82535039930
82535045118
82535049573
82535055372
82535060499
82535068189
82535074659
82535080030
82535084363
82535089918
82535094007
82535100110
82535104810
82535112012
82535119153
82535124402
82535128797
82535134961
82535139295
82535144910
82535150708
82535157972
82535164930
82535170667
82535177137
82535182203
82535187940
82535192029
82535198072
82535205152
82535212232
82535219312
82535225537
82535229138
82535235669
82535240979
82535248548
82535253858
82535260449
82535265576
82535272107
82535277966
82535286267
82535290051
82535299207
82535306653
82535317456
82535323621
82535331433
82535337781
82535342969
82535347607
82535354687
82535359326
82535364819
82535369336
82535374707
82535380444
82535385205
82535389538
82535396985
82535403210
82535409314
82535413952
82535418896
82535424389
82535429028
82535435803
82535440991
82535445813
82535452282
82535456555
82535461865
82535466320
82535472363
82535476696
82535484021
82535490857
82535496716
82535501660
82535506970
82535511059
82535516186
82535521557
82535527355
82535533947
82535539318
82535543957
82535550244
82535554150
82535560314
82535564526
82535570812
82535577221
82535581860
82535587536
82535592419
82535597057
82535603161
82535608349
82535613354
82535619213
82535625683
82535629650
82535634899
82535640636
82535646252
82535650280
82535656628
82535662426
82535668407
82535672314
82535677380
82535682690
82535687145
82535693004
82535700878
82535706432
82535712353
82535717602
82535720836
82535729137
82535732555
82535739574
82535745067
82535752392
82535758678
82535763561
82535769054
82535775341
82535780162
82535786205
82535792003
82535799999
82535807506
82535813121
82535818614
82535823314
82535830150
82535835887
82535840648
82535848705
82535857006
82535863170
82535868785
82535876170
82535881175
82535889598
82535896617
82535902293
82535907604
82535913097
82535917796
82535922984
82535927318
82535933482
82535936839
82535944225
82535949840
82535955699
82535960643
82535964671
82535969127
82535975108
82535978587
82535986583
82535990245
82535997264
82536000499
82536006969
82536011668
82536017467
82536022532
82536029979
82536034984
82536041209
82536045848
82536052073
82536056590
82536061656
82536066478
82536073436
82536078624
82536085215
82536089793
82536094126
82536101634
82536108287
82536113780
82536121409
82536127024
82536133555
82536139231
82536144724
82536149119
82536155039
82536159922
82536165660
82536171763
82536177378
82536180552
82536186045
82536190501
82536196055
82536202647
82536208018
82536213267
82536218821
82536223338
82536229319
82536233958
82536240183
82536245432
82536251292
82536256358
82536262766
82536267527
82536272410
82536278086
82536283213
82536288279
82536296580
82536301645
82536308115
82536312937
82536318125
82536322153
82536327768
82536332041
82536340342
82536346994
82536352305
82536357126
82536364023
82536368357
82536373789
82536380259
82536386789
82536393503
82536399668
82536407236
82536413217
82536420053
82536426523
82536431162
82536439707
82536446054
82536454172
82536460825
82536467294
82536472482
82536478342
82536484506
82536490610
82536494211
82536499521
82536504831
82536510202
82536515756
82536519235
82536526437
82536531503
82536537485
82536541696
82536547067
82536551279
82536557382
82536562692
82536569040
82536575693
82536581247
82536585824
82536592172
82536596078
82536601083
82536606149
82536614450
82536619089
82536624887
82536630197
82536635873
82536639901
82536645273
82536651193
82536659066
82536665353
82536670663
82536675302
82536681161
82536686288
82536690072
82536694955
82536700387
82536707101
82536713449
82536719186
82536722482
82536729928
82536735055
82536739572
82536744332
82536753121
82536759286
82536764047
82536768929
82536774239
82536778695
82536784310
82536789742
82536796517
82536801705
82536807504
82536811898
82536818063
82536823251
82536828316
82536835030
82536841683
82536847543
82536854928
82536860299
82536865304
82536869820
82536876229
82536882821
82536890572
82536897042
82536902962
82536907479
82536910897
82536919503
82536923043
82536930123
82536934151
82536945137
82536949288
82536957650
82536961129
82536968697
82536974068
82536978524
82536986824
82536993538
82536999764
82537006600
82537012337
82537021736
82537030037
82537035591
82537043526
82537047554
82537055611
82537059212
82537067207
82537070564
82537078011
82537081429
82537089668
82537096138
82537100655
82537104744
82537112556
82537116280
82537123665
82537128365
82537135750
82537140938
82537146797
82537151253
82537157356
82537162788
82537167488
82537171638
82537182808
82537224006
82537230415
82537235359
82537240120
82537244941
82537248848
82537254341
82537260383
82537264717
82537269539
82537272895
82537278511
82537283516
82537289070
82537293953
82537298774
82537302375
82537307380
82537313362
82537320014
82537324775
82537331733
82537337409
82537343879
82537351203
82537355842
82537363410
82537368049
82537372932
82537378608
82537384773
82537390693
82537394477
82537400214
82537404609
82537410774
82537416389
82537422187
82537426948
82537431098
82537436713
82537440009
82537445991
82537451545
82537456245
82537462287
82537467170
82537471686
82537478034
82537482490
82537487861
82537492316
82537497077
82537501899
82537506598
82537511786
82537515815
82537522468
82537527167
82537530768
82537536506
82537540595
82537545478
82537551947
82537556586
82537561652
82537566352
82537570990
82537577643
82537585150
82537589484
82537593146
82537598212
82537602851
82537608344
82537612982
82537619452
82537624152
82537629157
82537633795
82537637946
82537642890
82537648017
82537652045
82537656073
82537661994
82537665534
82537670722
82537677130
82537681159
82537687262
82537691290
82537696661
82537700812
82537706244
82537711493
82537717841
82537723822
82537727301
82537734198
82537739081
82537745367
82537753790
82537758856
82537765326
82537771124
82537776984
82537783331
82537792242
82537799811
82537805304
82537810126
82537817145
82537822821
82537827520
82537832281
82537837347
82537842840
82537847662
82537853582
82537859869
82537865545
82537870245
82537877325
82537882086
82537889654
82537892523
82537900274
82537903082
82537911077
82537916021
82537921148
82537927252
82537933172
82537937994
82537945135
82537950506
82537956976
82537963079
82537969671
82537976080
82537985723
82537992925
82537999517
82538006048
82538011602
82538017095
82538024175
82538028020
82538034795
82538041021
82538044683
82538051031
82538057256
82538063055
82538067083
82538073003
82538078924
82538083013
82538089361
82538096746
82538101629
82538106939
82538112127
82538117437
82538121526
82538127019
82538135442
82538140874
82538147588
82538152044
82538158513
82538164067
82538170415
82538175176
82538183538
82538188359
82538194524
82538200872
82538206975
82538212346
82538217778
82538222905
82538231206
82538236333
82538243413
82538249394
82538253789
82538259770
82538264653
82538271245
82538276311
82538283940
82538289006
82538298772
82538302800
82538312810
82538316350
82538325444
82538331059
82538336980
82538345647
82538351140
82538356389
82538361211
82538368474
82538373295
82538379582
82538384831
82538391240
82538396306
82538402287
82538408574
82538412907
82538418400
82538424138
82538430119
82538434758
82538441044
82538446354
82538454960
82538461857
82538467228
82538474247
82538478764
82538485356
82538489567
82538496220
82538502446
82538507023
82538512760
82538518803
82538524845
82538529667
82538533268
82538543156
82538549626
82538555851
82538561466
82538567814
82538574101
82538578739
82538585148
82538591435
82538597111
82538602177
82538608402
82538613529
82538620060
82538626102
82538630558
82538639286
82538643803
82538650638
82538656254
82538661747
82538666874
82538672916
82538681400
82538687198
82538693668
82538699100
82538705753
82538710453
82538716007
82538720890
82538728214
82538733402
82538741031
82538746891
82538751835
82538758670
82538765262
82538771488
82538776187
82538782352
82538786747
82538792423
82538798099
82538804142
82538810306
82538819156
82538824832
82538830509
82538836063
82538840579
82538847354
82538853397
82538860416
82538865299
82538871768
82538881229
82538888309
82538894901
82538899844
82538905582
82538913455
82538919131
82538924808
82538929568
82538934329
82538939334
82538944461
82538951785
82538955447
82538962833
82538968387
82538973514
82538978519
82538986636
82538992984
82538998843
82539004886
82539009280
82539014895
82539020816
82539027285
82539032351
82539037845
82539044253
82539049014
82539055423
82539061465
82539066043
82539071841
82539078372
82539084048
82539088504
82539094668
82539100222
82539104617
82539110232
82539116885
82539121951
82539127444
82539133669
82539140017
82539146548
82539152346
82539158816
82539165103
82539171877
82539178042
82539184206
82539189639
82539195498
82539201113
82539206850
82539212344
82539218813
82539224367
82539229067
82539236574
82539241701
82539247805
82539250979
82539257693
82539265444
82539271548
82539278445
82539282473
82539289248
82539293886
82539299135
82539304384
82539312502
82539318789
82539324526
82539329165
82539334536
82539339602
82539346254
82539353701
82539359011
82539365541
82539370851
82539376955
82539380617
82539387270
82539393984
82539400026
82539406252
82539410829
82539418520
82539425661
82539430849
82539438906
82539448061
82539455324
82539461672
82539468752
82539475588
82539478822
82539485902
82539493532
82539499391
82539503969
82539509462
82539514650
82539519960
82539526002
82539530275
82539537477
82539541994
82539547914
82539553712
82539559755
82539563844
82539569581
82539576967
82539583558
82539589418
82539594301
82539599122
82539605409
82539611085
82539616090
82539623475
82539629152
82539634462
82539638978
82539644899
82539651063
82539656984
82539662904
82539670839
82539677186
82539682374
82539688356
82539692689
82539699403
82539702882
82539710633
82539717347
82539723695
82539729249
82539735169
82539739747
82539745484
82539751039
82539756593
82539763429
82539769959
82539776673
82539780946
82539787476
82539792115
82539797486
82539802979
82539810914
82539814820
82539821595
82539827698
82539831971
82539838868
82539843018
82539852051
82539858582
82539863282
82539867493
82539874695
82539879395
82539884644
82539891114
82539898560
82539904969
82539910584
82539915589
82539921387
82539927124
82539933472
82539941346
82539947876
82539955567
82539960633
82539966370
82539970826
82539978028
82539984497
82539991944
82539997986
82540005005
82540010620
82540017212
82540022705
82540029785
82540034729
82540043457
82540049256
82540054138
82540058960
82540064392
82540069702
82540075440
82540083374
82540088257
82540093628
82540099670
82540105103
82540109375
82540115417
82540119812
82540128235
82540133667
82540138367
82540142944
82540149170
82540153808
82540160034
82540167297
82540173767
82540179443
82540184692
82540190185
82540195801
82540201233
82540207153
82540214843
82540219543
82540227661
82540232910
82540238891
82540244201
82540251403
82540257202
82540263794
82540268310
82540274292
82540280151
82540286071
82540291809
82540296813
82540303283
82540311279
82540316345
82540323913
82540327514
82540336791
82540340698
82540349365
82540355651
82540361511
82540367126
82540372802
82540378356
82540384155
82540388488
82540395263
82540402953
82540408996
82540414977
82540419555
82540425170
82540431029
82540435912
82540442565
82540450255
82540455199
82540460937
82540466857
82540472533
82540478332
82540483947
82540488341
82540496642
82540503112
82540508361
82540514220
82540520324
82540526427
82540531371
82540538634
82540545287
82540551696
82540557250
82540562011
82540568358
82540575804
82540582274
82540587767
82540596678
82540602721
82540611388
82540618895
82540624877
82540629393
82540636839
82540642150
82540648253
82540652953
82540658873
82540664427
82540669798
82540675230
82540681395
82540687926
82540692198
82540698668
82540702757
82540708372
82540713805
82540719725
82540724120
82540732481
82540736937
82540742857
82540746947
82540754576
82540759398
82540764830
82540769346
82540777647
82540780516
82540788267
82540793944
82540799009
82540804014
82540810484
82540817259
82540823973
82540828917
82540836180
82540842039
82540847288
82540852354
82540858763
82540865477
82540873228
82540879087
82540883543
82540888487
82540895140
82540900755
82540907469
82540914183
82540920469
82540926145
82540933714
82540939390
82540945493
82540952085
82540957517
82540965025
82540968687
82540976316
82540982725
82540988767
82540994260
82541000486
82541006406
82541012205
82541017881
82541024229
82541029295
82541034116
82541040525
82541046934
82541052854
82541058469
82541063779
82541069700
82541075986
82541082517
82541087583
82541094114
82541101743
82541107297
82541112485
82541119199
82541124875
82541129331
82541139280
82541145993
82541150022
82541158506
82541162229
82541170835
82541174802
82541184507
82541192746
82541199033
82541203672
82541209470
82541216001
82541221860
82541228269
82541233701
82541240720
82541245480
82541253293
82541255856
82541262998
82541267819
82541273129
82541279538
82541284421
82541289304
82541294370
82541299985
82541304196
82541310117
82541314023
82541320126
82541322995
82541328976
82541333615
82541339169
82541343625
82541347287
82541354916
82541359372
82541364194
82541369687
82541374203
82541380002
82541384640
82541391476
82541396603
82541402096
82541406064
82541411191
82541414914
82541420773
82541426571
82541431576
82541436459
82541441647
82541446469
82541450314
82541456540
82541460751
82541465573
82541471066
82541475888
82541485531
82541492062
82541499752
82541505368
82541510861
82541516171
82541521054
82541526119
82541531307
82541536801
82541542477
82541547970
82541552364
82541557980
82541563473
82541567684
82541572750
82541578915
82541584835
82541592525
82541598629
82541604366
82541608761
82541614620
82541620663
82541626766
82541632198
82541638546
82541643307
82541649898
82541653744
82541661068
82541667843
82541673275
82541679867
82541687252
82541693783
82541700008
82541703609
82541709652
82541715084
82541720516
82541726802
82541732296
82541737972
82541742916
82541747249
82541752437
82541758113
82541762203
82541769039
82541773189
82541778377
82541783016
82541787837
82541793697
82541799068
82541803646
82541810787
82541815242
82541821041
82541825801
82541831722
82541836055
82541843318
82541848079
82541854427
82541857478
82541864681
82541880183
82541887325
82541893001
82541899104
82541903438
82541911555
82541917537
82541923701
82541928157
82541934566
82541940303
82541946467
82541951716
82541957698
82541962947
82541968440
82541972957
82541978389
82541986567
82541991145
82541997065
82542002192
82542007258
82542011531
82542017207
82542023005
82542031733
82542036555
82542041621
82542047725
82542052851
82542059260
82542065181
82542069636
82542076289
82542082881
82542084773
82542093135
82542098994
82542104853
82542109736
82542115473
82542122859
82542129389
82542133601
82542139582
82542145319
82542150263
82542156001
82542162409
82542166438
82542174311
82542178339
82542185236
82542191218
82542196467
82542199335
82542208430
82542211420
82542219721
82542225275
82542234614
82542240107
82542246271
82542252253
82542259211
82542265314
82542271906
82542277582
82542280939
82542286554
82542290095
82542294306
82542299494
82542307245
82542312800
82542317743
82542319330
82542326349
82542331415
82542336115
82542342157
82542348261
82542353022
82542357904
82542362848
82542368097
82542373102
82542378656
82542384516
82542390375
82542395014
82542398737
82542404108
82542408991
82542414057
82542418695
82542426142
82542431085
82542436945
82542441156
82542446466
82542451715
82542455743
82542462824
82542468927
82542473749
82542480280
82542484674
82542490533
82542495966
82542500421
82542505914
82542513238
82542517694
82542524164
82542528192
82542534418
82542538568
82542543878
82542549493
82542554559
82542560541
82542565729
82542570978
82542575982
82542580316
82542586175
82542591546
82542600030
82542606073
82542611444
82542615899
82542621637
82542625726
82542630731
82542636346
82542642694
82542649041
82542654168
82542660028
82542665094
82542670648
82542678277
82542683831
82542692315
82542697198
82542704034
82542708795
82542714532
82542721185
82542726739
82542731988
82542740228
82542746026
82542750482
82542755853
82542762322
82542767388
82542775384
82542780083
82542788628
82542793267
82542802178
82542808160
82542813958
82542819390
82542825494
82542832879
82542836846
82542842644
82542848870
82542854424
82542858941
82542865532
82542870659
82542876580
82542882439
82542887322
82542892327
82542897393
82542902031
82542907952
82542914238
82542920708
82542925896
82542930718
82542935906
82542942253
82542946892
82542953484
82542958855
82542963860
82542969719
82542975884
82542981560
82542985588
82542990837
82542996941
82543003838
82543008232
82543013909
82543018425
82543024956
82543031059
82543035637
82543041557
82543048393
82543053276
82543058952
82543065300
82543069695
82543076714
82543080559
82543087639
82543094536
82543099236
82543104668
82543109734
82543115044
82543122368
82543127312
82543132927
82543138054
82543145073
82543150017
82543156975
82543161918
82543166862
82543172905
82543178825
82543184196
82543190361
82543196464
82543201713
82543207512
82543213249
82543217949
82543223808
82543229667
82543237663
82543242302
82543245781
82543254081
82543257988
82543265373
82543268486
82543275260
82543280387
82543288383
82543293998
82543298637
82543305778
82543310478
82543316337
82543322013
82543327201
82543334037
82543341605
82543348502
82543355155
82543360832
82543367545
82543375236
82543381461
82543389091
82543395805
82543402335
82543408500
82543413688
82543418326
82543424247
82543428825
82543435294
82543439933
82543446097
82543452018
82543457816
82543462028
82543467093
82543472892
82543479178
82543485953
82543491752
82543496085
82543501517
82543507621
82543511893
82543518302
82543526175
82543531180
82543537284
82543541678
