55252391024
55252396944
55252403353
55252408602
55252415438
55252421297
55252426973
55252433199
55252438814
55252446871
55252453096
55252459688
55252466646
55252472505
55252478975
55252485567
55252493196
55252499300
55252508333
55252515291
55252524202
55252530916
55252536348
55252545137
55252552095
55252559541
55252567232
55252573763
55252583223
55252589937
55252598543
55252608186
55252615571
55252623201
55252631563
55252640596
55252649507
55252658662
55252666353
55252673494
55252684114
55252690889
55252702363
55252710420
55252717439
55252726777
55252733308
55252741914
55252748872
55252757173
55252763764
55252771455
55252778840
55252784028
55252793122
55252800569
55252808198
55252815278
55252821015
55252828645
55252834443
55252841096
55252850556
55252856660
55252865205
55252871125
55252879121
55252885407
55252893159
55252900178
55252908478
55252916718
55252924042
55252929597
55252936677
55252943085
55252950837
55252960541
55252967011
55252974030
55252980927
55252988862
55252994782
55253001862
55253008759
55253016877
55253024872
55253032685
55253037934
55253047516
55253053498
55253064057
55253071991
55253079071
55253087555
55253093964
55253100556
55253109894
55253118500
55253126251
55253132416
55253140778
55253149017
55253156769
55253164337
55253173920
55253181183
55253189117
55253196564
55253203094
55253210907
55253219635
55253229217
55253235565
55253244964
55253252533
55253258575
55253269439
55253277252
55253284698
55253293914
55253304229
55253312408
55253321441
55253330780
55253340118
55253350494
55253359222
55253367340
55253376617
55253384124
55253392120
55253401458
55253407928
55253416534
55253424102
55253431854
55253440521
55253448089
55253456268
55253464324
55253471832
55253477447
55253486541
55253492461
55253500762
55253507110
55253516326
55253522796
55253530181
55253538848
55253546905
55253553924
55253562102
55253569304
55253577361
55253584990
55253592376
55253600310
55253605864
55253614531
55253620330
55253629607
55253635344
55253644866
55253650481
55253658599
55253664397
55253672637
55253678740
55253686064
55253692229
55253700408
55253706572
55253714751
55253720915
55253730193
55253736174
55253743987
55253750578
55253759978
55253766386
55253775298
55253782500
55253789763
55253797087
55253804838
55253812285
55253819792
55253829008
55253835539
55253842863
55253851103
55253858305
55253865080
55253872404
55253881254
55253888762
55253896086
55253903471
55253911039
55253918180
55253925871
55253931303
55253940031
55253947416
55253957060
55253964567
55253970793
55253981291
55253987577
55253995512
55254008756
55254019865
55254028898
55254037992
55254046598
55254056242
55254066740
55254077665
55254085294
55254094633
55254103849
55254109647
55254118375
55254126737
55254134183
55254142667
55254148343
55254156949
55254162259
55254170316
55254178129
55254187467
55254194303
55254201810
55254208829
55254216031
55254222623
55254228727
55254235623
55254243802
55254251737
55254256620
55254264493
55254269681
55254277982
55254283292
55254292447
55254300565
55254309781
55254316190
55254324368
55254329495
55254338651
55254347684
55254353787
55254363126
55254370328
55254377713
55254384793
55254395108
55254400845
55254410184
55254418423
55254426602
55254434598
55254443387
55254450650
55254456448
55254465237
55254473660
55254478482
55254488125
55254496548
55254502652
55254512539
55254518582
55254528836
55254534817
55254542202
55254548550
55254555508
55254562588
55254570095
55254577175
55254585049
55254592373
55254599758
55254607266
55254614346
55254621792
55254629543
55254636990
55254645901
55254653225
55254661098
55254668606
55254675137
55254682400
55254690395
55254698940
55254707302
55254714687
55254727749
55254736599
55254745205
55254754116
55254761440
55254769558
55254776455
55254783352
55254787990
55254796291
55254804470
55254810817
55254819118
55254825588
55254835842
55254842494
55254850490
55254857753
55254866298
55254875148
55254883144
55254889919
55254897609
55254906642
55254913600
55254922450
55254931117
55254939601
55254947047
55254954494
55254962367
55254969691
55254979945
55254986232
55254996547
55255006923
55255012294
55255019618
55255026820
55255034694
55255040797
55255048243
55255052760
55255060389
55255065089
55255073085
55255081324
55255089015
55255095118
55255101344
55255108424
55255115077
55255121485
55255128688
55255134425
55255142787
55255148158
55255156703
55255162684
55255170008
55255177943
55255183680
55255191065
55255197413
55255204188
55255210352
55255216334
55255224940
55255230067
55255237269
55255246485
55255255274
55255264002
55255272059
55255278040
55255287257
55255293360
55255302027
55255309351
55255318323
55255325770
55255332789
55255338770
55255345728
55255349878
55255360315
55255369104
55255376185
55255383692
55255390039
55255397852
55255403650
55255412012
55255419458
55255426538
55255432581
55255440515
55255447779
55255453943
55255463404
55255469568
55255476160
55255481592
55255489221
55255495508
55255503381
55255509790
55255516199
55255520776
55255528833
55255536707
55255542078
55255548792
55255557031
55255562341
55255570154
55255577722
55255584680
55255591821
55255597131
55255605493
55255610681
55255618799
55255623804
55255630456
55255637475
55255643030
55255649927
55255656030
55255663049
55255669519
55255677148
55255683740
55255689355
55255696008
55255703088
55255709741
55255715234
55255724267
55255730432
55255737084
55255743432
55255748559
55255755944
55255761254
55255767419
55255773461
55255779260
55255785912
55255792199
55255799340
55255805505
55255811730
55255818261
55255824181
55255830224
55255836022
55255842309
55255846764
55255853417
55255860009
55255866662
55255872277
55255880151
55255886071
55255894128
55255901025
55255907311
55255913109
55255921837
55255927697
55255935875
55255942589
55255949914
55255956749
55255962853
55255968956
55255976220
55255982323
55255988182
55255994835
55256001732
55256009789
55256014977
55256023705
55256029259
55256037072
55256042382
55256054466
55256061852
55256070824
55256077843
55256085167
55256091515
55256100182
55256106346
55256112389
55256117577
55256124474
55256130821
55256136253
55256143150
55256148582
55256153282
55256160179
55256166100
55256172142
55256178123
55256184105
55256190575
55256197105
55256202110
55256208641
55256214378
55256219871
55256225792
55256231285
55256235924
55256241234
55256247703
55256254173
55256259300
55256266746
55256271446
55256279014
55256285240
55256291099
55256297386
55256303489
55256309105
55256314842
55256318809
55256325767
55256331382
55256336082
55256344505
55256349571
55256356895
55256362022
55256371543
55256379539
55256386253
55256391319
55256400718
55256408531
55256414146
55256420982
55256428367
55256435569
55256443076
55256448692
55256455283
55256462180
55256467734
55256475303
55256481528
55256487998
55256494834
55256500510
55256506553
55256513877
55256519370
55256527732
55256533896
55256539512
55256546225
55256550864
55256557395
55256562583
55256575705
55256581199
55256589133
55256593650
55256601889
55256607932
55256616172
55256625327
55256631736
55256638632
55256645896
55256652182
55256659934
55256666403
55256673117
55256679343
55256685751
55256690817
55256697897
55256704794
55256711936
55256717795
55256723715
55256730246
55256736472
55256741843
55256748007
55256755453
55256761008
55256767050
55256774130
55256779929
55256786398
55256792685
55256800009
55256807028
55256812582
55256820334
55256826498
55256832724
55256839071
55256847006
55256852255
55256859091
55256866232
55256872458
55256878805
55256883749
55256893026
55256899008
55256905844
55256911825
55256918417
55256925802
55256930990
55256937704
55256944601
55256949972
55256955770
55256962545
55256969564
55256975424
55256982687
55256988851
55256995687
55257001852
55257008321
55257013815
55257020284
55257027303
55257033529
55257040731
55257047506
55257053121
55257060751
55257066549
55257072347
55257078695
55257085226
55257091329
55257097249
55257104452
55257110555
55257116170
55257122945
55257127279
55257135946
55257143331
55257149190
55257157430
55257163350
55257170553
55257178304
55257186483
55257192342
55257200521
55257207418
55257215779
55257222249
55257229024
55257235494
55257241536
55257248372
55257255452
55257262349
55257268941
55257274617
55257281148
55257287801
55257293294
55257299275
55257307942
55257313496
55257319844
55257325398
55257332478
55257339070
55257345723
55257352315
55257357503
55257364461
55257369893
55257375935
55257381673
55257388142
55257395100
55257402241
55257408467
55257414326
55257421956
55257429036
55257435872
55257441731
55257448628
55257455159
55257461689
55257466450
55257473469
55257480366
55257486042
55257491963
55257499226
55257505329
55257511372
55257517842
55257523152
55257530476
55257535725
55257543659
55257551716
55257557759
55257565815
55257571430
55257579975
55257586201
55257593464
55257600605
55257606770
55257613911
55257619953
55257628193
55257633686
55257638813
55257646503
55257653889
55257661152
55257667744
55257677143
55257683247
55257690571
55257696674
55257703022
55257711567
55257716266
55257726703
55257734211
55257739460
55257748066
55257756366
55257763813
55257771259
55257780353
55257789264
55257797260
55257803180
55257812030
55257818195
55257824909
55257830951
55257836811
55257843891
55257850177
55257857257
55257863056
55257869525
55257875263
55257882343
55257888141
55257893878
55257901691
55257906635
55257914020
55257919208
55257927387
55257932941
55257938800
55257946002
55257952289
55257958087
55257964130
55257971271
55257976825
55257983172
55257989215
55257995135
55258002337
55258009357
55258015399
55258022296
55258026751
55258034625
55258039569
55258047564
55258053485
55258059771
55258066607
55258071917
55258079058
55258084613
55258092242
55258099688
55258106341
55258112506
55258119281
55258125567
55258132464
55258138140
55258145526
55258150164
55258156817
55258163409
55258169512
55258175738
55258182269
55258188494
55258194109
55258200945
55258206988
55258214556
55258220416
55258226824
55258234332
55258241534
55258247820
55258253619
55258260027
55258267962
55258274798
55258280657
55258288653
55258295855
55258303362
55258310869
55258317156
55258324297
55258331865
55258338823
55258347185
55258354570
55258362017
55258368914
55258376848
55258384722
55258389605
55258397783
55258404131
55258410601
55258417192
55258423845
55258430498
55258437456
55258442949
55258448442
55258456255
55258460710
55258467363
55258474993
55258480180
55258487627
55258494585
55258537859
55258544817
55258552202
55258558488
55258565080
55258571855
55258579179
55258584489
55258591752
55258597856
55258604997
55258611833
55258617875
55258626481
55258632402
55258639421
55258646135
55258652482
55258657853
55258664933
55258672258
55258678849
55258685929
55258691545
55258697343
55258705033
55258711259
55258717912
55258725541
55258731462
55258737687
55258744035
55258750016
55258755937
55258763444
55258769364
55258775651
55258781205
55258789262
55258795609
55258801652
55258807572
55258813859
55258821000
55258826920
55258833634
55258839494
55258845658
55258853165
55258860001
55258867081
55258874222
55258882096
55258888138
55258894181
55258902482
55258908829
55258915299
55258922989
55258930436
55258937577
55258943375
55258950028
55258957230
55258964066
55258969925
55258976944
55258982743
55258989762
55258996353
55259002884
55259007645
55259014847
55259020645
55259028702
55259035294
55259041397
55259047379
55259052811
55259061356
55259066666
55259072647
55259081009
55259086746
55259093277
55259099686
55259106094
55259110733
55259118423
55259124466
55259130814
55259136490
55259142899
55259149307
55259155716
55259162613
55259169083
55259175796
55259182999
55259188309
55259193619
55259200516
55259208084
55259212539
55259219375
55259225601
55259231827
55259238907
55259244400
55259251297
55259256973
55259262771
55259269607
55259275711
55259281387
55259288650
55259293594
55259300308
55259307083
55259314163
55259319717
55259326431
55259332778
55259338394
55259345596
55259352127
55259359146
55259366470
55259372390
55259380081
55259386245
55259392043
55259399184
55259405288
55259411269
55259417861
55259424209
55259433791
55259441909
55259450576
55259458938
55259465163
55259472426
55259479140
55259486159
55259494094
55259501967
55259508437
55259515273
55259523269
55259529494
55259535903
55259542800
55259548659
55259554519
55259560683
55259567336
55259572463
55259579482
55259586379
55259593398
55259597731
55259605056
55259610915
55259616591
55259622939
55259629164
55259636733
55259643813
55259648879
55259655654
55259662123
55259668471
55259674086
55259681899
55259686781
55259693617
55259700758
55259706801
55259712111
55259718764
55259724928
55259731276
55259738295
55259742751
55259748976
55259755690
55259761610
55259766859
55259774000
55259781508
55259787794
55259793898
55259798292
55259805067
55259810743
55259816603
55259823378
55259829359
55259835890
55259840345
55259846510
55259853285
55259859449
55259865614
55259871412
55259876844
55259883253
55259890028
55259895399
55259903089
55259909559
55259913526
55259920545
55259925489
55259931898
55259938551
55259946119
55259952101
55259957960
55259962843
55259968763
55259976026
55259981336
55259988783
55259997022
55260004774
55260011976
55260018018
55260025404
55260034254
55260040601
55260047559
55260054151
55260061597
55260069654
55260075391
55260082776
55260090589
55260096631
55260103834
55260109693
55260115857
55260122205
55260129590
55260135938
55260142774
55260148755
55260154920
55260160962
55260168225
55260174329
55260179700
55260185865
55260191785
55260198438
55260205701
55260211988
55260218213
55260223584
55260232801
55260238233
55260244702
55260251477
55260257153
55260264905
55260269788
55260276990
55260283826
55260290173
55260297559
55260305005
55260310559
55260317700
55260323315
55260330273
55260336560
55260343091
55260348157
55260355176
55260361951
55260367993
55260373974
55260380994
55260387158
55260393078
55260401196
55260406445
55260414258
55260421460
55260426587
55260432934
55260438855
55260446057
55260451672
55260457898
55260463757
55260471936
55260478222
55260482983
55260489941
55260496655
55260503064
55260510510
55260516796
55260522228
55260528393
55260535534
55260542614
55260547619
55260552990
55260560742
55260568676
55260575756
55260582104
55260590588
55260596935
55260604504
55260611706
55260617138
55260624340
55260631908
55260638378
55260645641
55260653332
55260659069
55260666332
55260671947
55260679088
55260686535
55260692760
55260698864
55260705639
55260712475
55260718151
55260724132
55260730053
55260736583
55260743541
55260749645
55260755626
55260762401
55260768810
55260776317
55260782054
55260788646
55260794811
55260801097
55260808422
55260814769
55260820323
55260826671
55260832408
55260839366
55260846813
55260852306
55260859935
55260866649
55260872447
55260878185
55260884654
55260890575
55260896800
55260904491
55260910716
55260917491
55260923839
55260930370
55260936595
55260941417
55260949535
55260954478
55260961558
55260966991
55260975108
55260981456
55260985789
55260993419
55260998179
55261005015
55261011607
55261016734
55261022410
55261029002
55261037303
55261044139
55261051097
55261056590
55261062754
55261068736
55261074107
55261080027
55261086741
55261093394
55261100657
55261106944
55261113719
55261120677
55261131785
55261137339
55261144724
55261152049
55261159190
55261165904
55261173228
55261180308
55261187632
55261194529
55261200633
55261207224
55261214487
55261221018
55261228526
55261234812
55261241526
55261248240
55261254282
55261260447
55261267588
55261275156
55261281626
55261287852
55261294443
55261300303
55261306284
55261312327
55261318186
55261325632
55261332834
55261338511
55261345652
55261352793
55261359446
55261365549
55261373301
55261378916
55261386301
55261393320
55261399301
55261405527
55261413156
55261419687
55261424204
55261431894
55261438120
55261445261
55261450205
55261457407
55261462900
55261469919
55261475717
55261481638
55261488962
55261495676
55261500742
55261506906
55261514413
55261521371
55261529367
55261536081
55261541696
55261548837
55261555063
55261562143
55261567697
55261574533
55261581613
55261587289
55261594369
55261601327
55261606332
55261612497
55261619027
55261625070
55261632333
55261638620
55261644723
55261651559
55261657785
55261663278
55261669625
55261677011
55261682931
55261689462
55261695138
55261702096
55261708871
55261716195
55261724679
55261730721
55261738046
55261746041
55261751595
55261758920
55261766488
55261773751
55261780160
55261787118
55261795235
55261801339
55261808053
55261814156
55261819649
55261825753
55261830270
55261836861
55261843270
55261849679
55261856209
55261863228
55261867806
55261873482
55261878304
55261885933
55261890999
55261896065
55261901864
55261909371
55261915413
55261921456
55261927193
55261931405
55261937508
55261941719
55261949959
55261955452
55261961983
55261967171
55261974007
55261979683
55261986763
55261992745
55261998726
55262004036
55262009835
55262015938
55262022347
55262028939
55262034004
55262041451
55262045723
55262051705
55262056831
55262064522
55262069832
55262076363
55262081001
55262088997
55262094063
55262100227
55262104622
55262111275
55262118355
55262123421
55262131233
55262136055
55262141060
55262147285
55262152290
55262157234
55262164619
55262171211
55262176948
55262184212
55262189583
55262195137
55262200996
55262207466
55262212410
55262220283
55262224617
55262230781
55262237068
55262242073
55262247139
55262253608
55262261909
55262267280
55262274665
55262283210
55262291572
55262298042
55262306587
55262316902
55262324592
55262332099
55262338752
55262345588
55262354194
55262363410
55262369392
55262374458
55262380134
55262387336
55262392890
55262398872
55262406806
55262412360
55262418830
55262423713
55262430305
55262436286
55262442206
55262448615
55262454780
55262460151
55262465217
55262471259
55262477607
55262482123
55262489509
55262495490
55262500983
55262511054
55262515998
55262522529
55262527961
55262534308
55262540656
55262546820
55262550788
55262557196
55262562445
55262568793
55262573676
55262580634
55262586982
55262591132
55262596869
55262603156
55262610175
55262615607
55262621832
55262628607
55262634345
55262640265
55262646246
55262650214
55262656745
55262663519
55262668219
55262674506
55262682806
55262689948
55262695441
55262702887
55262707343
55262715460
55262721442
55262728644
55262734381
55262741888
55262748541
55262753912
55262759711
55262765875
55262774298
55262780585
55262785406
55262792303
55262797125
55262805365
55262810187
55262817022
55262824347
55262829107
55262836187
55262840948
55262846808
55262854498
55262867071
55262874334
55262880865
55262888800
55262894354
55262899114
55262907843
55262916632
55262922674
55262929632
55262934332
55262941717
55262948370
55262954962
55262961492
55262966131
55262973333
55262979192
55262985601
55262991216
55262996526
55262999700
55263007391
55263013311
55263020818
55263026434
55263032720
55263036993
55263043951
55263050786
55263056524
55263061651
55263067083
55263073064
55263079778
55263085698
55263092840
55263098150
55263104314
55263109990
55263115911
55263122930
55263127569
55263135320
55263141607
55263147222
55263151128
55263157048
55263163518
55263167668
55263174077
55263178350
55263186223
55263191716
55263198552
55263203496
55263210271
55263216008
55263222112
55263227483
55263233953
55263239629
55263246221
55263252873
55263259282
55263265263
55263271123
55263278691
55263283269
55263290959
55263296941
55263304326
55263310185
55263317143
55263323003
55263330937
55263336674
55263345036
55263351689
55263358708
55263365117
55263372441
55263378483
55263385624
55263390324
55263397282
55263403203
55263409672
55263415654
55263421879
55263428105
55263435246
55263444951
55263450932
55263460209
55263467350
55263475651
55263481938
55263488957
55263493534
55263501042
55263508549
55263517399
55263524906
55263531925
55263536991
55263544377
55263549503
55263556706
55263561466
55263567570
55263572331
55263578800
55263583561
55263588932
55263595524
55263600895
55263607182
55263613407
55263619572
55263625797
55263630375
55263637150
55263641300
55263647526
55263654423
55263659183
55263666569
55263672123
55263678165
55263684940
55263691044
55263696415
55263703434
55263709171
55263715275
55263721500
55263728397
55263733097
55263740116
55263746158
55263751590
55263755497
55263762027
55263768375
55263774540
55263780216
55263784854
55263792850
55263798160
55263805118
55263810367
55263815799
55263821109
55263826663
55263833011
55263838443
55263846011
55263852786
55263858096
55263865176
55263871646
55263876285
55263883670
55263889163
55263897708
55263903690
55263910220
55263916385
55263923282
55263930667
55263937198
55263942691
55263949344
55263954349
55263960391
55263965701
55263972598
55263978396
55263987124
55263993716
55264000003
55264006473
55264013186
55264024356
55264031375
55264038272
55264046450
55264054812
55264062930
55264069522
55264074404
55264084048
55264091983
55264099795
55264105410
55264112551
55264118106
55264124758
55264130801
55264136782
55264142275
55264147769
55264153079
55264158572
55264164858
55264170840
55264176455
55264181521
55264188296
55264193850
55264200442
55264205752
55264213259
55264218325
55264223696
55264229250
55264235232
55264241457
55264248842
55264253298
55264260744
55264266604
55264271670
55264278933
55264283693
55264290224
55264296328
55264303469
55264308657
55264315859
55264321047
55264326845
55264331057
55264337038
55264344118
55264349001
55264355959
55264362673
55264368898
55264374147
55264381533
55264387026
55264394045
55264399172
55264408327
55264413759
55264421755
55264428468
55264435732
55264443605
55264448000
55264454836
55264461977
55264468630
55264474367
55264481081
55264487245
55264493959
55264500307
55264506776
55264512941
55264519594
55264524721
55264533205
55264539125
55264545839
55264552247
55264557924
55264563539
55264569276
55264576600
55264581910
55264589296
55264595277
55264602296
55264607789
55264614930
55264620851
55264628968
55264635133
55264641603
55264648378
55264654786
55264662660
55264667970
55264677003
55264686830
55264694764
55264702577
55264712159
55264720948
55264730042
55264741090
55264753114
55264763062
55264769227
55264775880
55264781495
55264788148
55264795777
55264801942
55264808167
55264814820
55264821595
55264827882
55264833924
55264840821
55264847108
55264853089
55264858887
55264865174
55264871705
55264877259
55264883118
55264890015
55264896180
55264902405
55264908570
55264913025
55264920166
55264926209
55264932679
55264939270
55264945801
55264950989
55264956910
55264963990
55264968933
55264975952
55264981690
55264987488
55264993958
55264999512
55265005615
55265011170
55265017090
55265024597
55265030945
55265036255
55265042786
55265049011
55265054138
55265060242
55265067627
55265074524
55265080139
55265086670
55265092285
55265098083
55265104004
55265110229
55265116211
55265122803
55265128845
55265135010
55265141052
55265147217
55265155212
55265160339
55265168518
55265173889
55265180115
55265186889
55265192749
55265197876
55265206054
55265212402
55265220459
55265225952
55265233276
55265239807
55265246399
55265253112
55265259155
55265263488
55265273071
55265279907
55265286193
55265292602
55265299133
55265306030
55265311645
55265319518
55265323913
55265331237
55265337463
55265343627
55265348632
55265354980
55265361266
55265367797
55265373229
55265379821
55265386535
55265392150
55265397948
55265403381
55265410339
55265416076
55265421752
55265427245
55265432983
55265438537
55265444640
55265450988
55265457213
55265463500
55265469665
55265475768
55265482177
55265488646
55265493407
55265501769
55265509337
55265515258
55265521056
55265527037
55265533324
55265540587
55265546935
55265553710
55265559996
55265566405
55265572936
55265579039
55265585204
55265592528
55265599120
55265606688
55265614195
55265620726
55265626769
55265633116
55265637694
55265644835
55265652342
55265658995
55265666380
55265671385
55265680174
55265685240
55265692503
55265699767
55265706358
55265711912
55265719054
55265726927
55265731932
55265737852
55265745116
55265749998
55265757933
55265764952
55265771666
55265780028
55265785154
55265791746
55265797056
55265804503
55265810057
55265818235
55265825254
55265832640
55265838865
55265845213
55265853392
55265862242
55265868528
55265873777
55265882810
55265889097
55265896177
55265903562
55265910642
55265916746
55265922972
55265929868
55265935850
55265941709
55265948728
55265954466
55265960508
55265964658
55265971738
55265977720
55265984983
55265991758
55265998228
55266003110
55266009214
55266015989
55266021177
55266027219
55266034543
55266040830
55266046262
55266052915
55266059324
55266066709
55266072446
55266079160
55266084409
55266090696
55266098142
55266103513
55266110166
55266117795
55266122312
55266129758
55266136411
55266142575
55266147824
55266154599
55266159848
55266167417
55266172666
55266180051
55266185727
55266193723
55266199643
55266205625
55266212949
55266217221
55266224362
55266228757
55266237546
55266242795
55266250058
55266256162
55266263181
55266267636
55266275204
55266281735
55266288449
55266295224
55266301877
55266307858
55266313290
55266320187
55266325131
55266333859
55266340207
55266347409
55266351742
55266358517
55266364926
55266370968
55266379330
55266385251
55266393368
55266400082
55266406064
55266412472
55266419735
55266426876
55266434933
55266441891
55266449215
55266456173
55266461727
55266470089
55266476132
55266485531
55266492489
55266499813
55266507015
55266512753
55266519528
55266526425
55266535641
55266540585
55266548214
55266553158
55266560177
55266567196
55266572933
55266580135
55266586666
55266592159
55266600033
55266605770
55266613338
55266618832
55266626949
55266632686
55266639828
55266647701
55266652828
55266660763
55266666317
55266674312
55266680355
55266688839
55266695736
55266702633
55266707821
55266714290
55266721553
55266727901
55266734676
55266741207
55266748897
55266755245
55266762325
55266768733
55266775936
55266782100
55266787837
55266795894
55266801082
55266807796
55266815975
55266821651
55266827266
55266834895
55266842952
55266848628
55266854976
55266861873
55266868037
55266874568
55266880855
55266887263
55266893428
55266900630
55266907405
55266913936
55266920955
55266925960
55266932918
55266939448
55266946101
55266953181
55266959224
55266966243
55266972407
55266977168
55266984919
55266990168
55266998164
55267005854
55267010981
55267016902
55267023494
55267029292
55267035579
55267042781
55267049800
55267056269
55267062617
55267070796
55267076533
55267083979
55267092402
55267101008
55267107783
55267114375
55267119074
55267127192
55267134028
55267140559
55267148127
55267157160
55267164362
55267170100
55267177058
55267182612
55267190119
55267195490
55267204035
55267210322
55267217951
55267224299
55267230158
55267236201
55267243952
55267250300
55267257807
55267262568
55267269831
55267275995
55267282892
55267289118
55267296381
55267301203
55267309382
55267316340
55267322931
55267330011
55267334955
55267341303
55267348871
55267356073
55267363581
55267369806
55267376886
55267381891
55267389032
55267395075
55267401972
55267408502
55267413202
55267420770
55267427850
55267433466
55267440485
55267447076
55267452448
55267461054
55267469537
55267476190
55267482294
55267487726
55267495172
55267500299
55267508783
55267514093
55267521722
55267527643
55267535638
55267541925
55267547601
55267553705
55267561273
55267567560
55267573297
55267579583
55267586664
55267592950
55267598871
55267608148
55267613153
55267620538
55267626947
55267631646
55267638604
55267646295
55267653253
55267659661
55267664605
55267671563
55267678704
55267684258
55267691400
55267697137
55267705194
55267713006
55267719964
55267727776
55267734490
55267741753
55267748284
55267754876
55267761651
55267771050
55267777703
55267784173
55267791680
55267801873
55267808221
55267814568
55267823113
55267828362
55267834038
55267841179
55267848199
55267854302
55267859307
55267868340
55267874444
55267880974
55267887322
55267893364
55267897393
55267903618
55267911736
55267916253
55267924858
55267930657
55267936760
55267943779
55267950737
55267958428
55267964714
55267971367
55267978264
55267985222
55267992546
55267999626
55268008293
55268013298
55268020378
55268026054
55268033867
55268041924
55268048821
55268056267
55268061699
55268068901
55268075737
55268083427
55268090141
55268097038
55268103569
55268110588
55268117790
55268124504
55268131096
55268138176
55268144768
55268150566
55268159111
55268164543
55268172477
55268178581
55268186393
55268191215
55268199516
55268206596
55268213005
55268220390
55268227287
55268233512
55268238761
55268246391
55268251945
55268260063
55268267570
55268273979
55268280876
55268287284
55268294731
55268300468
55268308158
55268313346
55268322563
55268337333
55268341850
55268350333
55268359550
55268367240
55268372977
55268380729
55268387443
55268393973
55268401725
55268408683
55268415824
55268420707
55268427482
55268432975
55268439750
55268447684
55268453971
55268459037
55268465934
55268473136
55268478019
55268484733
55268492057
55268498343
55268504569
55268510306
55268517691
55268523978
55268529715
55268536612
55268542899
55268549308
55268556876
55268564322
55268571280
55268578482
55268584098
55268593802
55268600943
55268607718
55268614615
55268620902
55268627615
55268632620
55268640677
55268646903
55268653861
55268660025
55268666739
55268673025
55268681448
55268686026
55268693289
55268701651
55268707083
55268714102
55268721548
55268727469
55268734549
55268741202
55268747732
55268753409
55268760916
55268765677
55268773184
55268780203
55268786429
55268795828
55268801687
55268807608
55268812857
55268820242
55268827261
55268833731
55268838186
55268845266
55268853018
55268858389
55268865408
55268870352
55268877981
55268883352
55268890554
55268895864
55268903372
55268909536
55268916311
55268922964
55268930532
55268938650
55268944631
55268951406
55268959341
55268965261
55268970876
55268979543
55268985647
55268991201
55268998281
55269006093
55269012258
55269017751
55269024526
55269030385
55269037404
55269043386
55269049245
55269053457
55269060232
55269067983
55269074270
55269079641
55269086110
55269092092
55269099050
55269105031
55269110952
55269117116
55269122976
55269129506
55269135183
55269141713
55269146352
55269153066
55269159474
55269165456
55269171804
55269176808
55269182546
55269188527
55269194264
55269198903
55269207326
55269212941
55269219350
55269223195
55269229176
55269234303
55269241017
55269247914
55269254018
55269260060
55269265553
55269273305
55269278493
55269285268
55269290272
55269297963
55269305653
55269315236
55269323414
55269331898
55269336659
55269344349
55269352223
55269356862
55269365346
55269370350
55269377614
55269383595
55269390004
55269397633
55269404713
55269410145
55269416554
55269423573
55269429493
55269437672
55269444508
55269452076
55269458729
55269464772
55269471424
55269480396
55269486744
55269494251
55269509998
55269515675
55269522022
55269531605
55269536060
55269544117
55269551685
55269556934
55269565235
55269572010
55269580677
55269586048
55269593555
55269598865
55269605457
55269611011
55269617481
55269623096
55269630604
55269634754
55269641712
55269648609
55269653431
55269660328
55269666980
55269674427
55269679493
55269685718
55269690479
55269697437
55269702381
55269709766
55269717212
55269722278
55269727710
55269734607
55269742664
55269747791
55269754688
55269759571
55269767444
55269773303
55269781726
55269794727
55269807483
55269816821
55269824268
55269832202
55269841357
55269848621
55269856189
55269862354
55269871692
55269877917
55269886035
55269892688
55269898791
55269905749
55269912585
55269918628
55269925647
55269933581
55269940356
55269945178
55269952258
55269958728
55269965320
55269972522
55269979174
55269984057
55269991504
55269998401
55270004077
55270023791
55270030566
55270037890
55270045459
55270051013
55270057727
55270063037
55270071398
55270078112
55270084399
55270090624
55270097338
55270103381
55270110034
55270116137
55270122668
55270129748
55270136950
55270144274
55270150866
55270157580
55270163866
55270170336
55270176806
55270184313
55270191271
55270198534
55270205431
55270214098
55270218920
55270226793
55270233507
55270240526
55270247423
55270252794
55270259508
55270264269
55270271227
55270276842
55270284777
55270289354
55270296190
55270303392
55270309923
55270314562
55270321520
55270327562
55270333422
55270339281
55270345690
55270352648
55270358019
55270365709
55270371019
55270377428
55270382311
55270389147
55270394640
55270400926
55270406725
55270413316
55270418932
55270426012
55270432787
55270439562
55270445238
55270451463
55270456712
55270462877
55270469774
55270474901
55270481615
55270487230
55270494432
55270499986
55270506822
55270513170
55270519823
55270524217
55270531602
55270537706
55270544908
55270553331
55270559312
55270567003
55270572435
55270579698
55270585069
55270592210
55270597581
55270605149
55270611619
55270618821
55270624803
55270631272
55270637315
55270643785
55270649705
55270656480
55270663438
55270670457
55270675218
55270682481
55270687119
55270694810
55270701219
55270707871
55270714829
55270721787
55270728379
55270735520
55270742722
55270750108
55270757371
55270764207
55270771470
55270776414
55270785020
55270790086
55270797105
55270804673
55270811692
55270819443
55270826218
55270834092
55270840622
55270846604
55270852707
55270858445
55270865281
55270871567
55270879258
55270900376
55270907700
55270913864
55270920151
55270927231
55270932114
55270939682
55270946152
55270951584
55270957810
55270963974
55270969101
55270976059
55270981369
55270989121
55270995224
55271002792
55271008713
55271015854
55271022263
55271027084
55271033981
55271040268
55271048325
55271055954
55271062485
55271068527
55271073898
55271080734
55271085983
55271091537
55271097275
55271104416
55271110458
55271115036
55271122604
55271128769
55271135116
55271141159
55271148117
55271154037
55271160812
55271167770
55271172714
55271179306
55271184189
55271191513
55271197372
55271203109
55271209274
55271216049
55271221725
55271228378
55271236801
55271244308
55271250473
55271255233
55271261581
55271268539
55271273483
55271280624
55271285995
55271292281
55271298873
55271304733
55271311385
55271316879
55271323592
55271328902
55271337020
55271344100
55271350753
55271356612
55271361190
55271368270
55271375716
55271382491
55271388106
55271394759
55271400191
55271407516
55271413924
55271421248
55271430282
55271436446
55271441756
55271448226
55271453597
55271460372
55271467147
55271472701
55271480513
55271486007
55271491683
55271497176
55271504012
55271509871
55271515425
55271521590
55271529097
55271536055
55271540694
55271548018
55271552657
55271560652
55271565718
55271572981
55271579573
55271585860
55271590682
55271596358
55271603255
55271608931
55271616927
55271622847
55271629073
55271635115
55271638899
55271645735
55271652266
55271656966
55271664229
55271671065
55271677412
55271684187
55271690474
55271695357
55271701704
55271706526
55271713484
55271719282
55271725752
55271731978
55271739729
55271744124
55271751143
55271755659
55271763350
55271770430
55271776716
55271783186
55271790205
55271796370
55271801619
55271810469
55271815962
55271821577
55271829267
55271836225
55271842939
55271848066
55271853437
55271859968
55271867658
55271873518
55271879621
55271885969
55271892072
55271897871
55271905622
55271911909
55271918684
55271925825
55271933088
55271941450
55271949323
55271956647
55271961286
55271969831
55271977888
55271983259
55271990827
55271997663
55272007734
55272012922
55272022565
55272030195
55272037641
55272043561
55272048993
55272056012
55272061628
55272068647
55272072187
55272081159
55272086591
55272093488
55272098859
55272104169
55272111066
55272117475
55272123822
55272130902
55272136640
55272142743
55272149640
55272155866
55272161237
55272168134
55272174909
55272181012
55272187909
55272194928
55272200848
55272207623
55272211896
55272219586
55272223798
55272231122
55272237958
55272244305
55272251813
55272260113
55272264691
55272272382
55272278607
55272285565
55272293072
55272299786
55272306622
55272314129
55272320904
55272328656
55272336041
55272342755
55272349286
55272355755
55272363324
55272370160
55272376812
55272383221
55272389874
55272396344
55272404827
55272411480
55272418011
55272423321
55272429547
55272436199
55272442242
55272451458
55272460247
55272467327
55272473187
55272480328
55272487164
55272495159
55272503704
55272509564
55272516338
55272522442
55272528057
55272535076
55272543865
55272549541
55272556683
55272562664
55272570476
55272576824
55272582073
55272588299
55272595196
55272600689
55272607281
55272612408
55272618328
55272625591
55272632671
55272637005
55272644939
55272648967
55272656048
55272662456
55272668804
55272673748
55272680156
55272686138
55272691692
55272698162
55272703594
55272710796
55272717266
55272724102
55272730388
55272736431
55272742168
55272749309
55272756694
55272764202
55272772075
55272778850
55272786174
55272793804
55272801128
55272808513
55272814555
55272822368
55272829021
55272835979
55272844768
55272851848
55272860088
55272866984
55272872966
55272880900
55272887065
55272892741
55272899516
55272906779
55272913127
55272922709
55272930400
55272938823
55272944743
55272950786
55272957438
55272964885
55272971293
55272978495
55272985514
55272991191
55272998759
55273005595
55273010234
55273017497
55273024394
55273032450
55273039286
55273048136
55273054545
55273060160
55273067423
55273074015
55273079569
55273087565
55273095500
55273101115
55273108073
55273115824
55273121623
55273127848
55273132975
55273140238
55273144266
55273150492
55273157023
55273163370
55273168131
55273172282
55273180704
55273186564
55273192911
55273199869
55273204996
55273211466
55273219340
55273223795
55273231547
55273237528
55273243937
55273250345
55273256205
55273264505
55273268045
55273275553
55273281534
55273287271
55273294107
55273299784
55273306803
55273312906
55273318949
55273324320
55273331522
55273336832
55273343485
55273349222
55273355509
55273360391
55273367166
55273372415
55273378946
55273385660
55273392252
55273397928
55273404276
55273409830
55273413187
55273421732
55273428079
55273435342
55273442117
55273449136
55273455545
55273464151
55273469705
55273476053
55273482950
55273490274
55273497476
55273503763
55273509988
55273515542
55273524148
55273531350
55273539590
55273546182
55273553262
55273560708
55273567849
55273575418
55273580972
55273588113
55273594766
55273601663
55273608743
55273615090
55273619546
55273627359
55273634317
55273639749
55273647866
55273654153
55273659890
55273666543
55273671670
55273681741
55273688516
55273695168
55273702554
55273707864
55273714272
55273718301
55273726723
55273734170
55273739175
55273745705
55273752846
55273757851
55273765420
55273770730
55273778969
55273783364
55273790932
55273797341
55273803994
55273812234
55273817299
55273825966
55273830849
55273837075
55273843178
55273850136
55273855263
55273863076
55273869667
55273877114
55273882668
55273890053
55273897683
55273904885
55273911415
55273918495
55273926186
55273933693
55273938942
55273946572
55273953957
55273960610
55273966713
55273973305
55273979225
55273985939
55273990517
55273997780
55274003883
55274011330
55274015785
55274023293
55274029884
55274037086
55274044228
55274049660
55274057838
55274064674
55274071388
55274078956
55274085487
55274092750
55274099281
55274104469
55274112282
55274119545
55274124977
55274132301
55274139259
55274144752
55274153480
55274160682
55274168068
55274176612
55274181800
55274187172
55274194068
55274199134
55274207374
55274213844
55274221778
55274228919
55274235633
55274242103
55274247047
55274254615
55274259193
55274266639
55274273353
55274280311
55274285438
55274291358
55274296180
55274302894
55274307655
55274314918
55274319923
55274327491
55274333717
55274340980
55274346900
55274353492
55274359534
55274365943
55274370399
55274377235
55274381446
55274388343
55274394080
55274400306
55274406165
55274413184
55274419288
55274426001
55274432349
55274437964
55274445472
55274451026
55274458411
55274465247
55274471473
55274479895
55274485755
55274492652
55274499976
55274506995
55274514563
55274521338
55274527259
55274534094
55274541907
55274548743
55274556006
55274564856
55274569861
55274577796
55274583106
55274590308
55274597510
55274603919
55274608862
55274616980
55274622290
55274631140
55274637244
55274645605
55274652136
55274656775
55274665137
55274672278
55274679053
55274684851
55274691443
55274698462
55274704626
55274710058
55274718969
55274725012
55274733130
55274739966
55274746252
55274752111
55274759802
55274768042
55274775122
55274781897
55274789648
55274796484
55274803808
55274810095
55274817663
55274824438
55274830969
55274837377
55274844213
55274850866
55274858923
55274865515
55274874426
55274882848
55274887975
55274895910
55274901098
55274907262
55274913915
55274920934
55274925939
55274933935
55274941320
55274947668
55274955175
55274962011
55274967992
55274974645
55274982213
55274988744
55274994115
55275001256
55275006627
55275014379
55275020482
55275027196
55275033239
55275039464
55275046178
55275054418
55275061010
55275067540
55275074376
55275081884
55275087377
55275094701
55275101476
55275109105
55275115819
55275123448
55275128575
55275134557
55275141515
55275146764
55275153905
55275160130
55275166295
55275173314
55275179295
55275186437
55275193211
55275198644
55275206456
55275211888
55275218663
55275223912
55275231847
55275237218
55275244237
55275249791
55275258092
55275264134
55275270665
55275276646
55275281773
55275289464
55275296605
55275302830
55275309361
55275314183
55275321690
55275328038
55275334630
55275341526
55275348118
55275354893
55275359898
55275366185
55275372960
55275379795
55275386448
55275394261
55275399082
55275406956
55275411778
55275418309
55275425389
55275431797
55275439244
55275445835
55275451756
55275459751
55275465367
55275472813
55275479466
55275485203
55275492649
55275497715
55275503452
55275511448
55275516331
55275524509
55275530918
55275537876
55275544224
55275548984
55275555332
55275561558
55275567966
55275572788
55275579929
55275585422
55275592869
55275598362
55275603184
55275610080
55275615146
55275620762
55275627231
55275633396
55275641147
55275645298
55275651645
55275657627
55275663364
55275669407
55275675693
55275681430
55275685947
55275693515
55275698581
55275705234
55275710544
55275717746
55275725315
55275730686
55275738742
55275744419
55275750766
55275758029
55275764377
55275769931
55275777927
55275782871
55275789096
55275795810
55275802158
55275808871
55275815097
55275821872
55275830051
55275834933
55275841952
55275848300
55275854465
55275861301
55275866794
55275873752
55275879672
55275886752
55275893161
55275898593
55275905063
55275910373
55275917880
55275923190
55275930331
55275935580
55275941806
55275949191
55275954257
55275959445
55275966525
55275971774
55275979037
55275984286
55275991854
55275998507
55276005831
55276012484
55276020053
55276026705
55276033663
55276041415
55276048922
55276056246
55276064059
55276070834
55276077548
55276084078
55276091403
55276097506
55276104159
55276109957
55276115145
55276123080
55276128817
55276135287
55276141512
55276147860
55276153841
55276160616
55276167086
55276172762
55276179659
55276184237
55276191378
55276195833
55276203768
55276208529
55276215609
55276220675
55276228975
55276234713
55276241427
55276247225
55276253572
55276260286
55276266512
55276272676
55276278597
55276284761
55276291048
55276296541
55276302889
55276308748
55276313326
55276321138
55276326021
55276331819
55276338899
55276344148
55276351656
55276357149
55276363191
55276369783
55276375276
55276381624
55276387972
55276394563
55276400728
55276407076
55276414522
55276421114
55276426118
55276433748
55276440401
55276447237
55276453950
55276460725
55276465730
55276473604
55276480440
55276487703
55276493501
55276500520
55276506441
55276513460
55276519502
55276525056
55276532258
55276537629
55276544648
55276549958
55276557161
55276565034
55276571260
55276577729
55276583833
55276591279
55276599458
55276605805
55276613008
55276620942
55276628083
55276635530
55276640412
55276647614
55276655915
55276662995
55276668549
55276676240
55276683076
55276690461
55276696503
55276704438
55276710114
55276717072
55276723176
55276731354
55276736848
55276745148
55276752228
55276758576
55276766205
55276772004
55276778718
55276785493
55276792084
55276796357
55276804047
55276808564
55276815705
55276820405
55276828034
55276834321
55276840668
55276845551
55276852326
55276858063
55276864777
55276870514
55276877167
55276883881
55276890290
55276896881
55276901703
55276908844
55276915009
55276920258
55276926728
55276932221
55276938629
55276944184
55276951325
55276958832
55276964813
55276971588
55276977142
55276982941
55276988678
55276995026
55277001373
55277007599
55277014557
55277021332
55277026642
55277033356
55277039459
55277044403
55277051910
55277057526
55277065155
55277070587
55277078277
55277083954
55277091095
55277096771
55277104095
55277110565
55277116791
55277122711
55277129486
55277135528
55277141449
55277147369
55277154327
55277160431
55277165863
55277171905
55277179351
55277186004
55277193695
55277198822
55277206573
55277215911
55277220733
55277228607
55277233734
55277241668
55277246612
55277254913
55277259857
55277268279
55277276580
55277284026
55277290130
55277297088
55277302642
55277309417
55277317107
55277323028
55277331084
55277337188
55277343108
55277348601
55277354400
55277360564
55277368926
55277373931
55277380218
55277386565
55277392852
55277397857
55277404265
55277411529
55277417266
55277423247
55277430083
55277435637
55277441741
55277447295
55277454070
55277458403
55277465239
55277472686
55277477568
55277485503
55277490325
55277497710
55277504241
55277510100
55277517363
55277523284
55277529143
55277535369
55277541289
55277547698
55277553801
55277559905
55277565581
55277571440
55277578520
55277583098
55277590971
55277595427
55277603239
55277610258
55277616789
55277622649
55277630827
55277636565
55277644560
55277650420
55277659148
55277665129
55277674101
55277680815
55277686491
55277694792
55277701323
55277709684
55277715483
55277722319
55277730375
55277735197
55277742949
55277749662
55277757170
55277761869
55277770597
55277777494
55277785246
55277790129
55277798368
55277803007
55277811674
55277816313
55277823881
55277830412
55277836881
55277841642
55277849394
55277854032
55277862333
55277869535
55277875822
55277880582
55277888334
55277894621
55277900175
55277908659
55277914335
55277924039
55277929960
55277937955
55277944791
55277950590
55277958829
55277964750
55277971647
55277978422
55277984220
55277990812
55277998075
55278002897
55278010343
55278017362
55278023404
55278029630
55278034879
55278041288
55278047696
55278052823
55278059232
55278064115
55278071500
55278077298
55278083280
55278089200
55278096768
55278101529
55278108548
55278114469
55278121549
55278128568
55278133756
55278141873
55278148831
55278154935
55278161343
55278168057
55278175259
55278181180
55278187039
55278192471
55278198880
55278206021
55278213773
55278219937
55278223965
55278230740
55278237820
55278242398
55278249600
55278254056
55278261868
55278267056
55278274563
55278280057
55278287137
55278294278
55278300442
55278306241
55278312344
55278318631
55278324612
55278330899
55278337857
55278344571
55278351529
55278356411
55278364590
55278371487
55278376431
55278384060
55278388943
55278395779
55278402676
55278409573
55278417080
55278423611
55278429653
55278436611
55278441982
55278449551
55278454861
55278463528
55278469387
55278475308
55278482082
55278488125
55278493557
55278500942
55278506435
55278514126
55278520290
55278528469
55278535122
55278540554
55278546108
55278553982
55278560024
55278567043
55278574184
55278579983
55278586391
55278593838
55278600246
55278606899
55278613857
55278620266
55278626613
55278633693
55278640163
55278645107
55278652126
55278658596
55278665187
55278670192
55278677761
55278684108
55278691005
55278696620
55278702602
55278710781
55278716701
55278722865
55278729396
55278734767
55278741481
55278747218
55278754176
55278761195
55278766322
55278772975
55278777797
55278784389
55278789272
55278796596
55278802699
55278809535
55278815517
55278821986
55278828151
55278834804
55278841029
55278846217
55278852626
55278859157
55278865138
55278871608
55278878016
55278885402
55278890223
55278897426
55278903834
55278912379
55278919459
55278926417
55278931605
55278939662
55278946803
55278953822
55278960658
55278968165
55278973475
55278980433
55278988002
55278993251
55279001307
55279008876
55279016017
55279021693
55279028895
55279034510
55279040675
55279047694
55279053797
55279060816
55279066615
55279072047
55279079859
55279085230
55279091639
55279096949
55279104639
55279110194
55279119776
55279126307
55279132654
55279138819
55279145899
55279152552
55279158838
55279166346
55279173853
55279180567
55279187403
55279194361
55279200586
55279207300
55279214258
55279221766
55279229578
55279236414
55279242945
55279250086
55279255335
55279263941
55279269129
55279276636
55279282862
55279289453
55279294641
55279301905
55279307764
55279315027
55279321436
55279327478
55279333399
55279339441
55279345056
55279351831
55279357996
55279364771
55279371240
55279377100
55279384302
55279388696
55279395471
55279402490
55279408533
55279415430
55279422388
55279428430
55279436487
55279443201
55279448755
55279456933
55279462121
55279470056
55279475610
55279481164
55279488611
55279494714
55279502221
55279508813
55279516198
55279524987
55279531396
55279535974
55279542810
55279549768
55279556176
55279560815
55279568078
55279574914
55279581872
55279588647
55279595666
55279603173
55279608727
55279616052
55279623193
55279631188
55279638635
55279644921
55279650048
55279659020
55279664513
55279671960
55279679833
55279687035
55279694176
55279700219
55279705590
55279712731
55279718163
55279725610
55279731286
55279738183
55279743554
55279750451
55279755822
55279764001
55279769433
55279777306
55279783532
55279790673
55279798180
55279805382
55279812035
55279817772
55279824303
55279831383
55279838219
55279845360
55279852562
55279859215
55279866661
55279874047
55279881432
55279888573
55279895287
55279900963
55279907860
55279913353
55279921349
55279927391
55279933678
55279939354
55279945946
55279952232
55279958519
55279964989
55279971642
55279978172
55279984886
55279990868
55279997520
55280004234
55280009911
55280016441
55280023399
55280028831
55280034752
55280042198
55280048546
55280055626
55280062218
55280069664
55280075096
55280082603
55280089683
55280097069
55280103660
55280110862
55280117149
55280125023
55280131858
55280138145
55280144676
55280150962
55280157066
55280163475
55280168174
55280175437
55280183860
55280190452
55280197776
55280203208
55280210166
55280218040
55280224754
55280230491
55280237510
55280245384
55280250327
55280257652
55280264426
55280271751
55280277854
55280284324
55280290244
55280298423
55280304282
55280310081
55280317344
55280322654
55280329734
55280335166
55280343589
55280349570
55280355918
55280361655
55280368674
55280374473
55280380698
55280387717
55280394553
55280400901
55280408347
55280414389
55280421836
55280427634
55280436240
55280443259
55280450034
55280457663
55280464133
55280470603
55280477072
55280483786
55280490988
55280496970
55280503134
55280511130
55280517050
55280522421
55280529624
55280535788
55280541831
55280547446
55280553671
55280559226
55280564536
55280571188
55280578024
55280583090
55280589621
55280595358
55280601767
55280608847
55280615317
55280621298
55280626425
55280633932
55280639670
55280646384
55280653830
55280660238
55280666769
55280672934
55280679098
55280685324
55280691488
55280699362
55280704672
55280711752
55280717489
55280725668
55280730246
55280737020
55280745077
55280753439
55280761251
55280768392
55280776510
55280784201
55280792440
55280799459
55280805013
55280812338
55280817404
55280825948
55280831503
55280838400
55280846334
55280852316
55280858846
55280865743
55280874410
55280881857
55280889181
55280897482
55280903890
55280908285
55280916219
55280922567
55280929037
55280936239
55280943868
55280948202
55280955526
55280961019
55280969259
55280977193
55280985128
55280993245
55280999654
55281008443
55281016011
55281022786
55281029561
55281037801
55281043843
55281050008
55281056722
55281064046
55281070027
55281075399
55281082601
55281087178
55281093709
55281100911
55281106893
55281112386
55281118184
55281124654
55281129659
55281135213
55281141377
55281148396
55281153584
55281159749
55281165669
55281170552
55281176228
55281183675
55281188374
55281195271
55281200825
55281207417
55281211262
55281219502
55281225300
55281233052
55281239339
55281245625
55281251546
55281258076
55281265889
55281272114
55281280476
55281287861
55281296772
55281303914
55281310139
55281316792
55281322651
55281330952
55281339314
55281347493
55281354328
55281361470
55281368244
55281374409
55281379292
55281387654
55281392842
55281399983
55281404988
55281412800
55281419087
55281426228
55281434467
55281439350
55281448505
55281455463
55281462483
55281467915
55281474873
55281482197
55281489216
55281496174
55281504047
55281509907
55281516132
55281523334
55281528950
55281537617
55281545734
55281552265
55281559894
55281567646
55281574177
55281581867
55281586139
55281595112
55281601032
55281606342
55281613910
55281620929
55281626545
55281631427
55281639240
55281646930
55281652362
55281660419
55281664264
55281671710
55281676227
55281684711
55281691242
55281696186
55281702533
55281707721
55281714740
55281720844
55281727863
55281734149
55281739887
55281746417
55281752155
55281759174
55281764789
55281771747
55281776386
55281784442
55281791827
55281796527
55281802997
55281809650
55281816852
55281823627
55281830218
55281835284
55281841937
55281848834
55281855060
55281862262
55281869952
55281875384
55281881427
55281887286
55281893512
55281899920
55281904559
55281911883
55281916888
55281924395
55281931353
55281937030
55281943377
55281948870
55281954730
55281961871
55281965777
55281972552
55281979266
55281984088
55281989703
55281995684
55282003253
55282010089
55282015154
55282021319
55282026263
55282032366
55282039446
55282045794
55282052386
55282058978
55282065508
55282071856
55282076800
55282086748
55282091326
55282098894
55282107317
55282112932
55282120562
55282126665
55282133318
55282139605
55282144549
55282151812
55282157366
55282162493
55282168780
55282174761
55282182512
55282187945
55282194292
55282200518
55282206682
55282214495
55282221636
55282231279
55282238237
55282244707
55282250750
55282256792
55282262957
55282269915
55282275652
55282282244
55282289263
55282293718
55282303728
55282310381
55282315935
55282322649
55282329607
55282335100
55282341936
55282349016
55282355608
55282362138
55282368730
55282375566
55282382646
55282389055
55282395036
55282401567
55282406694
55282414690
55282420793
55282426042
55282432451
55282440690
55282445268
55282451799
55282458757
55282465898
55282473039
55282478471
55282485612
55282489946
55282497514
55282504655
55282510942
55282518998
55282524675
55282530473
55282536149
55282540727
55282547990
55282555253
55282560624
55282566972
55282573381
55282580522
55282587297
55282593278
55282599381
55282606095
55282612382
55282619828
55282625321
55282632523
55282638566
55282645768
55282653642
55282658769
55282665299
55282673112
55282678605
55282684098
55282690629
55282696549
55282703629
55282709367
55282716019
55282721940
55282728532
55282733048
55282739884
55282746476
55282750382
55282758805
55282765458
55282771073
55282777543
55282782609
55282789261
55282793290
55282800614
55282807145
55282812088
55282818802
55282824112
55282829422
55282835038
55282843888
55282849869
55282856339
55282862870
55282870011
55282874771
55282882706
55282889725
55282897232
55282902481
55282909378
55282916824
55282923782
55282930435
55282936234
55282942947
55282950211
55282958572
55282964737
55282971329
55282979385
55282986282
55282992508
55282999527
55283004105
55283013748
55283022171
55283028702
55283033340
55283040237
55283047928
55283052444
55283060135
55283065384
55283072159
55283078262
55283084427
55283091995
55283096573
55283104019
55283111160
55283118850
55283126358
55283131851
55283140457
55283146194
55283154434
55283159866
55283166702
55283173538
55283179641
55283185378
55283190444
55283198562
55283206375
55283211257
55283217727
55283223647
55283230056
55283236404
55283243728
55283248977
55283255874
55283261733
55283267532
55283273696
55283279189
55283288406
55283292739
55283299758
55283304824
55283311599
55283316665
55283324050
55283330337
55283336623
55283342116
55283348586
55283354140
55283362624
55283369460
55283375503
55283381301
55283387465
55283394301
55283401809
55283406874
55283414748
55283421096
55283427138
55283435073
55283442519
55283450576
55283456801
55283463271
55283470656
55283478285
55283485915
55283492507
55283498671
55283506423
55283514052
55283520522
55283527174
55283533034
55283540236
55283546462
55283553603
55283561110
55283568434
55283575148
55283580641
55283586256
55283594130
55283598769
55283607130
55283614455
55283620802
55283626295
55283632765
55283639418
55283645704
55283652418
55283660963
55283667128
55283675428
55283683668
55283690565
55283697218
55283704237
55283711134
55283717237
55283724501
55283731398
55283738295
55283744825
55283750502
55283759169
55283765516
55283770277
55283779737
55283784986
55283790296
55283796644
55283802076
55283808546
55283813673
55283821119
55283826490
55283832594
55283839613
55283844984
55283851331
55283857130
55283864393
55283869764
55283876661
55283882947
55283889661
55283895154
55283903272
55283909193
55283915357
55283921461
55283927320
55283932325
55283938795
55283945081
55283950818
55283956251
55283962354
55283969312
55283975599
55283982435
55283987256
55283992139
55283997266
55284002393
55284006604
55284011670
55284015149
55284021192
55284026075
55284030774
55284035230
55284040418
55284044873
55284050244
55284055127
55284060193
55284064954
55284068738
55284075086
55284080091
55284085584
55284090344
55284095716
55284100293
55284104749
55284110364
55284116406
55284121228
55284125867
55284129834
55284135144
55284140210
55284143994
55284150159
55284153821
55284159680
55284164685
55284170666
55284175122
55284180920
55284187939
55284192578
55284197949
55284202405
55284208752
55284213696
55284220959
55284225476
55284230420
55284234875
55284239941
55284243115
55284250317
55284255139
55284259839
55284264782
55284268322
55284273144
55284277661
55284281872
55284289074
55284293591
55284298535
55284303112
55284308422
55284312207
55284316845
55284321789
55284326184
55284330944
55284335644
55284340893
55284345349
55284350292
55284356640
55284362011
55284366589
55284372875
55284378369
55284382946
55284390026
55284394543
55284400585
55284405651
55284412426
55284418652
55284423901
55284428417
55284434948
55284439709
55284446728
55284452282
55284457409
55284462780
55284468334
55284471874
55284480846
55284484508
55284491772
55284495800
55284502331
55284506908
55284512890
55284517467
55284523449
55284528332
55284534740
55284540233
55284545177
55284552624
55284557506
55284562023
55284566356
55284574901
55284581737
55284587047
55284592662
55284597667
55284603588
55284608898
55284613964
55284621471
55284627574
55284632274
55284637035
55284644176
55284649181
55284654918
55284661510
55284668041
55284675365
55284680919
55284685924
55284692821
55284698253
55284705211
55284710216
55284717662
55284723766
55284728526
55284735912
55284740306
55284747325
55284754710
55284760265
55284766002
55284771800
55284777904
55284782725
55284787852
55284794078
55284800609
55284805430
55284810130
55284817760
55284822398
55284830455
55284834849
55284841868
55284846751
55284853282
55284859080
55284863475
55284872325
55284878978
55284885020
55284891490
55284897166
55284903514
55284909312
55284914073
55284922068
55284927500
55284932566
55284937388
55284944712
55284949168
55284954844
55284961192
55284965830
55284973155
55284977610
55284984690
55284990489
55284995799
55285001170
55285007700
55285011363
55285019541
55285024973
55285030528
55285035716
55285042124
55285046397
55285052439
55285058604
55285063670
55285071543
55285078318
55285082712
55285089670
55285094126
55285099558
55285105479
55285111887
55285120371
55285126658
55285132029
55285136851
55285142283
55285147471
55285155344
55285160227
55285165415
55285171946
55285177012
55285183909
55285191050
55285197336
55285204966
55285211679
55285219065
55285224741
55285230722
55285239695
55285244638
55285250620
55285258676
55285263681
55285269541
55285278024
55285283762
55285288828
55285294443
55285302316
55285310434
55285312875
55285321237
55285328684
55285336740
55285341257
55285349496
55285355600
55285361765
55285368661
55285375436
55285380502
