55020157304
55020163469
55020168230
55020174516
55020180070
55020184526
55020190446
55020195939
55020201127
55020206804
55020211992
55020217851
55020222429
55020227983
55020233049
55020238847
55020243974
55020249345
55020254289
55020260087
55020263505
55020269059
55020274797
55020280656
55020286821
55020292863
55020300004
55020305558
55020310868
55020318742
55020325028
55020333756
55020341447
55020348588
55020355790
55020364579
55020370316
55020378495
55020387467
55020393266
55020402665
55020409806
55020417741
55020425187
55020433488
55020440507
55020449357
55020453385
55020462174
55020471451
55020477494
55020487504
55020495133
55020503251
55020512650
55020518937
55020529801
55020536576
55020544144
55020551957
55020558915
55020568558
55020576187
55020583695
55020591935
55020600174
55020607743
55020617020
55020624588
55020632767
55020640274
55020648453
55020657608
55020665299
55020672501
55020681046
55020688858
55020697830
55020703873
55020712479
55020722183
55020728226
55020738296
55020747085
55020754227
55020762161
55020769424
55020777054
55020786941
55020794510
55020801468
55020809524
55020816421
55020825027
55020833694
55020841262
55020849929
55020857986
55020866470
55020873428
55020880508
55020889541
55020895523
55020904068
55020912490
55020920974
55020927627
55020934341
55020944534
55020952773
55020958450
55020967361
55020975967
55020984084
55020992995
55021001296
55021009841
55021016860
55021024612
55021032912
55021041091
55021047500
55021053176
55021062697
55021071487
55021078689
55021088088
55021096267
55021104384
55021112685
55021120986
55021129714
55021136184
55021144118
55021154250
55021160048
55021170180
55021176772
55021184706
55021194289
55021201247
55021210585
55021218154
55021226576
55021234206
55021242385
55021250258
55021258925
55021267409
55021275343
55021283339
55021291823
55021298415
55021308485
55021315382
55021323256
55021329848
55021340407
55021344984
55021355971
55021365248
55021373121
55021381483
55021390944
55021398573
55021405592
55021414259
55021424025
55021431959
55021439405
55021449781
55021456373
55021464857
55021471510
55021481398
55021492567
55021499037
55021508985
55021516798
55021525404
55021534010
55021542005
55021550733
55021557569
55021566724
55021573988
55021581556
55021590528
55021598035
55021605482
55021613294
55021623304
55021632398
55021642103
55021651685
55021658887
55021665174
55021673597
55021681165
55021688367
55021698011
55021704542
55021717054
55021725660
55021732190
55021741773
55021749341
55021758435
55021766858
55021774060
55021779859
55021790357
55021799329
55021806470
55021812390
55021820081
55021828504
55021837049
55021845044
55021851148
55021859204
55021867810
55021880505
55021890210
55021898877
55021906995
55021917859
55021927441
55021934705
55021941235
55021947461
55021956067
55021963391
55021970776
55021978161
55021985669
55021993298
55022000927
55022007885
55022016797
55022022290
55022030468
55022038037
55022044506
55022051831
55022059033
55022062085
55022075329
55022082836
55022090405
55022098278
55022104443
55022112438
55022120190
55022128430
55022134411
55022142956
55022150829
55022157299
55022162670
55022170300
55022178112
55022185803
55022194164
55022199657
55022204418
55022208446
55022212719
55022219006
55022226330
55022234142
55022241222
55022248302
55022256359
55022263195
55022267895
55022273205
55022282604
55022288769
55022297252
55022304760
55022312450
55022319896
55022327648
55022335765
55022341564
55022349437
55022354625
55022362194
55022369518
55022376110
55022383678
55022391551
55022397289
55022405590
55022412425
55022418895
55022426158
55022432750
55022440685
55022449230
55022456249
55022464000
55022469066
55022480052
55022485790
55022491527
55022499522
55022507823
55022515636
55022523814
55022529307
55022534801
55022544017
55022550731
55022559703
55022568370
55022576060
55022582713
55022590220
55022597850
55022604319
55022612864
55022622020
55022630076
55022638804
55022645945
55022651255
55022657481
55022664622
55022672496
55022679270
55022684947
55022690745
55022697215
55022702830
55022709727
55022716929
55022723094
55022728098
55022735972
55022739390
55022746836
55022752329
55022760630
55022767466
55022773753
55022778696
55022784922
55022792735
55022797678
55022805125
55022810068
55022817454
55022824168
55022830698
55022837473
55022843333
55022848459
55022856333
55022862681
55022867563
55022873789
55022879954
55022885569
55022893076
55022901133
55022907724
55022914011
55022920054
55022927073
55022933359
55022938181
55022945200
55022950815
55022957712
55022965036
55022971323
55022978098
55022984140
55022995005
55023002634
55023010507
55023016916
55023027658
55023034372
55023043466
55023048776
55023055917
55023062265
55023068918
55023072702
55023081125
55023087961
55023094858
55023101999
55023107187
55023114938
55023120248
55023127756
55023133615
55023140573
55023145578
55023153329
55023160226
55023166696
55023173532
55023178659
55023186654
55023192453
55023200265
55023206613
55023213388
55023219064
55023224740
55023232126
55023238168
55023244149
55023250619
55023257028
55023263742
55023271066
55023277597
55023283517
55023291635
55023298715
55023305612
55023312203
55023318368
55023326974
55023334359
55023341073
55023348641
55023355294
55023361764
55023369882
55023375192
55023382882
55023389352
55023395699
55023402718
55023409066
55023415292
55023421944
55023427621
55023434090
55023439889
55023445992
55023453072
55023457772
55023464364
55023471016
55023476937
55023483529
55023489022
55023495614
55023500496
55023507515
55023514595
55023521492
55023527779
55023533211
55023539498
55023546395
55023552437
55023559151
55023565621
55023570931
55023578438
55023584725
55023591866
55023597847
55023605599
55023611641
55023621651
55023629036
55023635750
55023643379
55023649300
55023654793
55023660713
55023668526
55023673714
55023680489
55023686775
55023692757
55023697456
55023703194
55023709236
55023714729
55023719734
55023728035
55023731453
55023738533
55023744148
55023750191
55023756965
55023763618
55023770576
55023774788
55023781868
55023786262
55023793342
55023800056
55023807014
55023811897
55023818611
55023824287
55023830513
55023836067
55023841743
55023845222
55023852607
55023858772
55023864692
55023868782
55023876472
55023883186
55023889961
55023896430
55023902595
55023908332
55023914436
55023920173
55023927497
55023933967
55023939582
55023947212
55023952644
55023959846
55023965339
55023972541
55023978095
55023984687
55023990424
55023998725
55024004523
55024012336
55024018867
55024025275
55024031257
55024037482
55024042975
55024050361
55024055671
55024062018
55024067267
55024074470
55024079719
55024087409
55024091254
55024099189
55024104377
55024111335
55024116950
55024123481
55024129035
55024137885
55024141669
55024149909
55024156012
55024163214
55024167121
55024174567
55024180731
55024188544
55024195929
55024204108
55024211493
55024218817
55024225592
55024232184
55024238532
55024245429
55024254523
55024259345
55024266119
55024270941
55024277716
55024282660
55024288275
55024293280
55024301092
55024306342
55024313544
55024319708
55024325568
55024330817
55024338446
55024344366
55024353033
55024359381
55024365606
55024371771
55024377630
55024382269
55024388067
55024394232
55024400457
55024405523
55024411810
55024417242
55024423468
55024429815
55024435125
55024441412
55024447821
55024453497
55024460150
55024466070
55024471563
55024478948
55024484564
55024491339
55024496771
55024504339
55024509710
55024517217
55024522833
55024529485
55024535284
55024543401
55024549261
55024555242
55024560491
55024567449
55024572637
55024580022
55024585271
55024592229
55024597539
55024604864
55024610113
55024617315
55024623296
55024630132
55024634160
55024642461
55024647771
55024655095
55024661382
55024667730
55024674077
55024681096
55024684881
55024695012
55024698980
55024708013
55024714666
55024721257
55024728093
55024733098
55024740606
55024747258
55024751836
55024758977
55024765996
55024772649
55024777776
55024785466
55024792180
55024799016
55024806279
55024813298
55024819158
55024825810
55024832707
55024839848
55024845891
55024852239
55024858708
55024863774
55024871159
55024877629
55024883427
55024889653
55024894963
55024899907
55024907231
55024912236
55024918767
55024923955
55024931645
55024937688
55024943547
55024950383
55024955998
55024960332
55024966679
55024974003
55024980107
55024986088
55024991887
55024997380
55025001713
55025008732
55025013188
55025020085
55025026432
55025031559
55025037968
55025044255
55025049687
55025057682
55025063481
55025070744
55025075993
55025082646
55025088017
55025095036
55025100407
55025107792
55025113774
55025120182
55025126164
55025132633
55025139164
55025145451
55025151493
55025157658
55025161442
55025168766
55025174625
55025183292
55025189396
55025195621
55025200748
55025206974
55025212833
55025219059
55025226017
55025232914
55025237736
55025244266
55025250919
55025257755
55025264835
55025270084
55025277225
55025283817
55025290104
55025296512
55025302555
55025308902
55025315067
55025321354
55025327640
55025332645
55025340152
55025344913
55025352481
55025357242
55025363956
55025370121
55025376163
55025381717
55025389591
55025394535
55025401431
55025407962
55025414554
55025420413
55025429630
55025435184
55025443790
55025451968
55025458438
55025466007
55025472293
55025477725
55025484256
55025491458
55025497317
55025502689
55025510501
55025516543
55025522403
55025528262
55025534366
55025539554
55025547122
55025553348
55025559756
55025565860
55025572207
55025578738
55025585147
55025590396
55025595584
55025603457
55025608706
55025615725
55025620669
55025627078
55025631961
55025638003
55025642764
55025649356
55025654299
55025662356
55025665774
55025674929
55025678530
55025687441
55025693301
55025699771
55025705874
55025712893
55025720828
55025727114
55025733218
55025737978
55025744326
55025750613
55025757021
55025763247
55025769778
55025776431
55025781435
55025787661
55025794009
55025800906
55025807680
55025813967
55025819155
55025825625
55025831789
55025838137
55025844424
55025850832
55025857424
55025863711
55025870363
55025875490
55025882448
55025889467
55025895815
55025901125
55025909487
55025914919
55025924257
55025929262
55025936586
55025943972
55025950380
55025955873
55025962892
55025970339
55025976625
55025984011
55025991335
55025997377
55026003847
55026011049
55026016420
55026023378
55026029909
55026035219
55026042421
55026048525
55026057375
55026063661
55026071962
55026077760
55026084718
55026090517
55026096803
55026102479
55026111513
55026115053
55026123476
55026131654
55026138063
55026145265
55026150575
55026158449
55026164186
55026171205
55026176271
55026181886
55026189332
55026195558
55026201661
55026206544
55026215394
55026222108
55026228028
55026234864
55026241029
55026246949
55026251832
55026260438
55026266908
55026272706
55026278749
55026284303
55026290040
55026296388
55026301820
55026308412
55026314393
55026320191
55026327638
55026333985
55026341248
55026347901
55026355531
55026361939
55026368043
55026374024
55026380982
55026386964
55026392457
55026399537
55026405213
55026411622
55026416932
55026423951
55026429871
55026438172
55026445496
55026450623
55026457520
55026463013
55026470276
55026475770
55026481690
55026487183
55026493103
55026499146
55026504944
55026511719
55026517395
55026523560
55026528138
55026535035
55026542542
55026549256
55026554077
55026560730
55026567261
55026572693
55026578797
55026584290
55026589173
55026596008
55026600952
55026607788
55026612671
55026619141
55026626709
55026633179
55026639465
55026646240
55026652649
55026659546
55026665649
55026672363
55026679932
55026685242
55026692139
55026698852
55026704956
55026709839
55026716858
55026722534
55026729004
55026734802
55026740478
55026746704
55026752685
55026759094
55026765014
55026771118
55026777954
55026783386
55026790039
55026795410
55026801819
55026807556
55026814331
55026820984
55026827819
55026833191
55026838623
55026845153
55026848693
55026856079
55026861816
55026869689
55026873046
55026881774
55026887939
55026893676
55026899780
55026906127
55026912719
55026919006
55026926025
55026930541
55026938110
55026942931
55026949218
55026954162
55026961303
55026966613
55026973937
55026979919
55026986205
55026991698
55026998656
55027005675
55027012572
55027018798
55027024779
55027030211
55027035766
55027041625
55027047423
55027055053
55027060424
55027067443
55027072326
55027078673
55027083556
55027090392
55027095641
55027103026
55027109191
55027114928
55027120360
55027126097
55027131896
55027137999
55027146605
55027151488
55027158873
55027164366
55027171324
55027176634
55027183287
55027190184
55027197447
55027204161
55027211119
55027215697
55027224547
55027230589
55027238036
55027246092
55027252623
55027260252
55027267149
55027274168
55027279600
55027286436
55027293333
55027299437
55027306029
55027311827
55027318785
55027323729
55027330870
55027337095
55027340880
55027348936
55027356321
55027362059
55027367857
55027373594
55027379149
55027384947
55027391966
55027398314
55027403868
55027410765
55027416746
55027421934
55027428404
55027433348
55027441954
55027450621
55027458921
55027466490
55027470884
55027478330
55027482908
55027491026
55027497190
55027502500
55027508055
55027515012
55027520445
55027527647
55027532285
55027541074
55027546201
55027553465
55027558103
55027565794
55027571470
55027577085
55027583372
55027588010
55027595090
55027601926
55027607481
55027612241
55027618528
55027623777
55027630491
55027635557
55027642942
55027648008
55027655027
55027658506
55027664914
55027669919
55027676328
55027683286
55027688108
55027694944
55027700864
55027706418
55027712339
55027718808
55027725461
55027731321
55027736631
55027742612
55027747373
55027753903
55027758359
55027765195
55027771176
55027777890
55027783200
55027789792
55027796079
55027802121
55027809506
55027816037
55027827695
55027837033
55027846066
55027856381
55027863095
55027868344
55027875851
55027881406
55027886410
55027891049
55027898129
55027904416
55027910641
55027914548
55027922299
55027925961
55027934018
55027941342
55027946469
55027952939
55027959286
55027966244
55027971005
55027978268
55027982541
55027989621
55027995297
55028001950
55028007382
55028013852
55028019345
55028026120
55028030514
55028039120
55028043576
55028050961
55028056393
55028062619
55028069271
55028075375
55028081600
55028086910
55028093929
55028098995
55028105648
55028110592
55028118343
55028123470
55028130245
55028137692
55028148739
55028156918
55028165585
55028175411
55028186459
55028196163
55028205196
55028212520
55028218319
55028224911
55028231319
55028237911
55028244381
55028251644
55028256893
55028262691
55028269344
55028275264
55028282100
55028288448
55028294552
55028299801
55028306148
55028312679
55028317318
55028324459
55028331050
55028338008
55028342708
55028348567
55028355220
55028362361
55028369564
55028376338
55028384212
55028389888
55028400691
55028410701
55028418941
55028425044
55028430782
55028436885
55028442256
55028450374
55028454768
55028460811
55028466365
55028473689
55028479549
55028484187
55028492000
55028497371
55028502803
55028509517
55028514644
55028521663
55028526912
55028533809
55028539912
55028546260
55028550105
55028558223
55028565181
55028569880
55028577632
55028584163
55028588496
55028594844
55028601435
55028607295
55028614009
55028619624
55028625544
55028631892
55028636897
55028646479
55028653132
55028657527
55028664851
55028670893
55028677241
55028684504
55028691157
55028696589
55028704402
55028710078
55028716731
55028723139
55028729792
55028735468
55028742609
55028749079
55028754939
55028762385
55028770136
55028777583
55028784052
55028791132
55028796503
55028803705
55028809565
55028817194
55028824030
55028830500
55028836970
55028842646
55028849482
55028855341
55028861384
55028868158
55028872248
55028883356
55028892511
55028900202
55028905390
55028914179
55028921747
55028927729
55028935968
55028942438
55028948419
55028955377
55028961664
55028968256
55028975031
55028980951
55028988703
55028994928
55029001459
55029007745
55029013239
55029020685
55029027033
55029033502
55029039667
55029044489
55029052057
55029059137
55029065729
55029072198
55029077814
55029085016
55029091241
55029098199
55029103082
55029109979
55029116632
55029123590
55029130853
55029135248
55029143426
55029151910
55029157159
55029164483
55029170221
55029181390
55029187310
55029195123
55029200128
55029208368
55029215936
55029224908
55029230523
55029237725
55029243768
55029252618
55029259149
55029265740
55029271966
55029279412
55029286981
55029293145
55029300408
55029306756
55029314568
55029323602
55029330376
55029336663
55029342461
55029351189
55029357720
55029364739
55029370293
55029377251
55029385064
55029393182
55029398369
55029403985
55029412102
55029419610
55029428338
55029435052
55029440606
55029448968
55029456597
55029465020
55029470635
55029477471
55029484124
55029491448
55029496758
55029505181
55029510979
55029517327
55029524285
55029530327
55029536675
55029541985
55029549065
55029552849
55029562187
55029567497
55029573540
55029580803
55029587273
55029592766
55029597527
55029605522
55029611931
55029618523
55029625847
55029631096
55029638664
55029644280
55029650505
55029657951
55029662712
55029670097
55029675407
55029682121
55029687920
55029693962
55029701897
55029706352
55029713676
55029718437
55029725761
55029730583
55029737846
55029744560
55029750114
55029756706
55029761345
55029767936
55029773246
55029779228
55029784599
55029792411
55029797355
55029802787
55029809379
55029815971
55029821037
55029825065
55029833854
55029838859
55029844108
55029850944
55029856193
55029862480
55029868522
55029874381
55029880180
55029886039
55029891532
55029898734
55029904533
55029910331
55029915885
55029921928
55029928153
55029934257
55029939628
55029945365
55029950187
55029958854
55029968314
55029975700
55029982535
55029992057
55030002372
55030007011
55030015616
55030020988
55030027030
55030036307
55030042350
55030050223
55030056815
55030062796
55030069144
55030073417
55030082084
55030088919
55030094657
55030101126
55030106070
55030112113
55030115348
55030124259
55030130545
55030136588
55030142874
55030148734
55030157218
55030162650
55030169608
55030176383
55030182486
55030188834
55030193656
55030200003
55030204581
55030209403
55030217337
55030221915
55030228995
55030233878
55030240714
55030246207
55030250784
55030257193
55030263602
55030268057
55030274405
55030279776
55030286734
55030291251
55030298086
55030304007
55030309378
55030315298
55030321036
55030326895
55030332693
55030339529
55030345877
55030351431
55030356558
55030363089
55030368582
55030374441
55030381949
55030388540
55030394278
55030399893
55030404165
55030410391
55030416677
55030424124
55030429800
55030435232
55030441397
55030446524
55030452566
55030458242
55030465933
55030472402
55030477896
55030486257
55030496145
55030504080
55030514394
55030522451
55030530874
55030535940
55030543325
55030548757
55030555471
55030562246
55030567617
55030574453
55030580129
55030586050
55030591665
55030599355
55030603139
55030613149
55030619008
55030626821
55030633474
55030639821
55030646108
55030653432
55030658925
55030665700
55030670583
55030676809
55030681997
55030689077
55030695790
55030702138
55030708120
55030714284
55030720388
55030726003
55030732961
55030737294
55030744435
55030749501
55030756337
55030761586
55030768361
55030772878
55030780873
55030786733
55030792836
55030798390
55030803945
55030809926
55030815480
55030821462
55030827809
55030834218
55030840504
55030846730
55030853261
55030858571
55030864613
55030871022
55030877736
55030883473
55030888722
55030896046
55030900746
55030906239
55030910939
55030920155
55030926320
55030932057
55030937855
55030943287
55030948048
55030953785
55030960255
55030966603
55030972401
55030978688
55030983509
55030990101
55030996815
55031002308
55031009693
55031014881
55031021412
55031026295
55031032521
55031037220
55031043812
55031049122
55031057423
55031063160
55031069874
55031075977
55031082264
55031088123
55031094288
55031102162
55031109364
55031115162
55031121265
55031127186
55031132130
55031139393
55031144825
55031151356
55031156971
55031163074
55031169666
55031175404
55031180775
55031186573
55031193165
55031200001
55031206470
55031211963
55031218189
55031224781
55031230396
55031235157
55031242115
55031246814
55031252430
55031257557
55031264881
55031270374
55031276050
55031281299
55031288013
55031294056
55031299854
55031304859
55031312366
55031318470
55031324817
55031331470
55031337818
55031343555
55031348560
55031355762
55031360584
55031367420
55031372363
55031380359
55031386402
55031392871
55031399524
55031406055
55031412097
55031416431
55031424121
55031429492
55031435657
55031443103
55031447620
55031454578
55031460498
55031464038
55031471912
55031477832
55031484546
55031490588
55031496326
55031502002
55031507861
55031514880
55031521716
55031527148
55031533313
55031539355
55031544116
55031551074
55031556445
55031563769
55031568652
55031575488
55031581042
55031586963
55031592639
55031598864
55031606311
55031612780
55031618396
55031624255
55031630053
55031636462
55031642199
55031648608
55031656848
55031662219
55031670764
55031676928
55031683581
55031689806
55031695971
55031702807
55031709277
55031716784
55031722948
55031728808
55031733508
55031740221
55031747546
55031753710
55031759508
55031765429
55031772082
55031776476
55031783434
55031789721
55031795824
55031802538
55031808642
55031813769
55031819872
55031824572
55031831530
55031837023
55031844225
55031849108
55031855517
55031862108
55031868456
55031875780
55031880602
55031887499
55031893724
55031898302
55031904650
55031910692
55031917223
55031923204
55031928331
55031936998
55031943163
55031948778
55031954637
55031960314
55031966539
55031972521
55031977831
55031984178
55031990648
55031996935
55032004076
55032008531
55032015001
55032021166
55032028062
55032033556
55032040025
55032044908
55032051317
55032056016
55032063219
55032066576
55032074632
55032080369
55032088121
55032093675
55032099840
55032106615
55032112657
55032119737
55032126756
55032131273
55032137681
55032143785
55032149278
55032159227
55032167100
55032173875
55032178941
55032184861
55032192735
55032197557
55032204026
55032209275
55032216966
55032226060
55032232652
55032239121
55032246507
55032256028
55032263169
55032273972
55032279954
55032287217
55032292100
55032299668
55032305589
55032312547
55032318223
55032324143
55032330796
55032337083
55032342515
55032348557
55032354478
55032359421
55032367051
55032373460
55032379563
55032386338
55032392563
55032398545
55032404954
55032411057
55032415879
55032422226
55032427537
55032434800
55032441575
55032447251
55032451340
55032458054
55032464524
55032470566
55032477768
55032482346
55032490464
55032495224
55032502610
55032508896
55032515061
55032518784
55032527695
55032532944
55032539414
55032546738
55032553452
55032559311
55032564682
55032572128
55032575730
55032586350
55032593430
55032599716
55032604477
55032610458
55032617783
55032624252
55032631638
55032637619
55032644638
55032651230
55032657089
55032662887
55032669418
55032676865
55032684128
55032690536
55032695724
55032702865
55032708664
55032716476
55032723678
55032730636
55032736496
55032741928
55032749618
55032755539
55032761886
55032765426
55032775985
55032781356
55032787338
55032793014
55032800033
55032806808
55032813888
55032820785
55032831771
55032838973
55032845931
55032852523
55032858688
55032863449
55032870651
55032875594
55032883529
55032889327
55032895858
55032902511
55032909103
55032916976
55032923141
55032928390
55032933212
55032940231
55032945113
55032952010
55032957076
55032965194
55032968673
55032977218
55032982711
55032988387
55032994552
55033000594
55033007918
55033012923
55033019454
55033025496
55033032332
55033039473
55033045760
55033052779
55033062972
55033070174
55033076644
55033080245
55033089217
55033095809
55033102278
55033108992
55033115950
55033122481
55033129073
55033135420
55033142012
55033148787
55033155318
55033163191
55033170149
55033176558
55033181685
55033188216
55033192915
55033200606
55033205245
55033212691
55033217818
55033224593
55033230208
55033237593
55033242842
55033250349
55033257002
55033266218
55033272444
55033279280
55033284956
55033290022
55033297468
55033303450
55033310957
55033316511
55033322737
55033329023
55033335371
55033342024
55033348677
55033357039
55033360823
55033369368
55033377485
55033383772
55033389631
55033396223
55033402204
55033407576
55033415693
55033427961
55033435163
55033441328
55033450544
55033458845
55033464521
55033472151
55033477461
55033485212
55033491316
55033497236
55033503584
55033509077
55033514875
55033520918
55033527509
55033533552
55033539411
55033544233
55033552900
55033558454
55033566144
55033571577
55033577741
55033585309
55033591230
55033596601
55033603193
55033610822
55033616804
55033622114
55033629011
55033634321
55033640973
55033646467
55033655622
55033661786
55033668256
55033675458
55033680646
55033688337
55033695233
55033701886
55033708966
55033714887
55033719525
55033726605
55033733258
55033739789
55033744977
55033752851
55033758832
55033765912
55033773847
55033780499
55033785443
55033792889
55033799542
55033807233
55033814496
55033820905
55033827557
55033832135
55033839154
55033846295
55033854474
55033860760
55033867657
55033873089
55033881329
55033885113
55033893231
55033899335
55033906720
55033910443
55033918927
55033926312
55033932782
55033939129
55033945538
55033951336
55033957867
55033965191
55033972149
55033977948
55033984722
55033991436
55033996441
55034004315
55034010845
55034017254
55034023968
55034030865
55034039227
55034047100
55034054608
55034059735
55034067425
55034074688
55034081890
55034090130
55034097942
55034103191
55034110516
55034115826
55034123272
55034128155
55034134563
55034139934
55034146770
55034151958
55034160564
55034167339
55034174053
55034177959
55034186443
55034193035
55034197979
55034204876
55034211101
55034214763
55034223064
55034229473
55034235759
55034241680
55034248089
55034253948
55034260601
55034267070
55034273723
55034280925
55034286174
55034293865
55034298687
55034305950
55034312908
55034319255
55034326030
55034332012
55034337261
55034343547
55034350322
55034357829
55034364177
55034371074
55034377422
55034383769
55034389568
55034395061
55034400249
55034408977
55034412822
55034421123
55034427409
55034433574
55034437419
55034445171
55034453166
55034459941
55034466167
55034472819
55034478129
55034484965
55034491923
55034498149
55034505351
55034512614
55034518657
55034525432
55034530253
55034537761
55034543376
55034549540
55034556804
55034563334
55034570353
55034575480
55034582072
55034588725
55034593913
55034603068
55034610026
55034615214
55034622355
55034628520
55034634684
55034641520
55034648234
55034654093
55034665324
55034673014
55034678996
55034687357
55034693583
55034702921
55034709086
55034717326
55034723124
55034729349
55034734599
55034740458
55034749064
55034753763
55034759379
55034764262
55034771891
55034778849
55034785074
55034790934
55034798075
55034803568
55034809794
55034815714
55034821634
55034827677
55034831888
55034839274
55034844400
55034852152
55034858744
55034865763
55034871439
55034878458
55034883951
55034892618
55034898233
55034903177
55034908243
55034915323
55034919107
55034926309
55034932108
55034937479
55034942728
55034949869
55034953836
55034961649
55034965372
55034973367
55034979593
55034985391
55034991007
55034998270
55035004251
55035011209
55035015115
55035022562
55035026224
55035034219
55035037881
55035046304
55035052713
55035057291
55035062845
55035068704
55035074808
55035081949
55035087015
55035093179
55035100320
55035105630
55035113138
55035118692
55035126077
55035131448
55035138894
55035145608
55035151834
55035158609
55035160562
55035170755
55035178567
55035183633
55035190957
55035196145
55035202859
55035208291
55035216043
55035222146
55035228738
55035235940
55035241738
55035248940
55035255349
55035265115
55035272317
55035282937
55035290505
55035300149
55035306435
55035314004
55035320473
55035325295
55035332680
55035338601
55035345193
55035351296
55035357278
55035363442
55035369607
55035374306
55035380044
55035385842
55035391457
55035396767
55035402688
55035409401
55035415017
55035420815
55035426064
55035433938
55035439980
55035445534
55035450905
55035457314
55035460671
55035468605
55035471962
55035480629
55035484108
55035496071
55035502968
55035508522
55035514809
55035518593
55035527077
55035534340
55035538552
55035546547
55035552468
55035559181
55035562782
55035570900
55035578041
55035584023
55035596901
55035611183
55035620766
55035633766
55035641701
55035651283
55035661293
55035670753
55035680397
55035687538
55035693275
55035700966
55035707557
55035714454
55035721229
55035728004
55035734291
55035739906
55035745277
55035751930
55035757789
55035764198
55035770973
55035776588
55035780494
55035787941
55035792701
55035800453
55035806739
55035812293
55035817909
55035823646
55035829505
55035835487
55035842140
55035848914
55035855079
55035862281
55035871986
55035879310
55035886024
55035894264
55035905128
55035910560
55035916114
55035921851
55035927406
55035933143
55035939979
55035945960
55035952308
55035958106
55035962440
55035968238
55035974158
55035979957
55035985206
55035991553
55035996680
55036001380
55036006019
55036012488
55036015906
55036024817
55036028296
55036036780
55036043372
55036049476
55036054663
55036060279
55036065772
55036071753
55036078162
55036082618
55036089637
55036094275
55036099280
55036105017
55036110755
55036115821
55036122901
55036129004
55036134436
55036139563
55036146887
55036153113
55036159461
55036162756
55036169837
55036173132
55036180762
55036186804
55036192481
55036198889
55036203284
55036210364
55036215124
55036222998
55036228491
55036237707
55036245337
55036249548
55036256262
55036261633
55036267554
55036273535
55036278479
55036283362
55036290869
55036297095
55036303564
55036307348
55036315710
55036321753
55036328100
55036334631
55036340551
55036347387
55036352270
55036358984
55036365393
55036370825
55036374975
55036381323
55036388098
55036394262
55036399938
55036406591
55036416418
55036425268
55036433019
55036441259
55036449316
55036458349
55036465734
55036472143
55036477270
55036484594
55036491430
55036496191
55036502782
55036508581
55036515050
55036520238
55036526891
55036533483
55036538488
55036545080
55036550634
55036556432
55036563268
55036568700
55036575658
55036581762
55036587560
55036593358
55036598791
55036603917
55036610631
55036616185
55036621862
55036625280
55036632909
55036636266
55036645360
55036651952
55036657933
55036663610
55036668370
55036675450
55036680333
55036687352
55036694005
55036699926
55036706029
55036711461
55036716100
55036721288
55036725804
55036732945
55036738194
55036746373
55036752171
55036757787
55036763768
55036768529
55036774693
55036781224
55036789220
55036793553
55036800145
55036804601
55036812047
55036818822
55036824742
55036830052
55036837498
55036842992
55036850255
55036854344
55036861668
55036866856
55036873753
55036879490
55036884129
55036889439
55036895909
55036901402
55036907383
55036910985
55036919041
55036922764
55036933079
55036939549
55036946141
55036951451
55036957371
55036963108
55036967564
55036974644
55036979527
55036987156
55036996067
55037005650
55037012181
55037020420
55037030491
55037037144
55037044346
55037049473
55037056248
55037060886
55037067906
55037074497
55037080906
55037084507
55037092808
55037099339
55037105564
55037113377
55037118137
55037123936
55037128452
55037134983
55037140903
55037146824
55037152256
55037158115
55037161472
55037168003
55037173679
55037179416
55037185703
55037191868
55037197666
55037203342
55037208957
55037214756
55037219639
55037223667
55037231052
55037236423
55037243747
55037248569
55037253940
55037258640
55037264804
55037269382
55037274387
55037278965
55037285312
55037290256
55037297641
55037304233
55037310398
55037316501
55037322605
55037329502
55037333591
55037339755
55037345737
55037351596
55037356540
55037362399
55037369113
55037374973
55037380100
55037387180
55037394138
55037400302
55037405734
55037411899
55037417514
55037424289
55037431125
55037436923
55037442721
55037446261
55037454623
55037462985
55037468417
55037475375
55037480258
55037486850
55037491549
55037498752
55037503512
55037509128
55037514987
55037522677
55037528659
55037535861
55037544467
55037551974
55037560275
55037569430
55037576205
55037586215
55037595370
55037602633
55037610140
55037615389
55037621127
55037627780
55037633029
55037639559
55037644747
55037652499
55037658846
55037665194
55037670443
55037677035
55037683321
55037689547
55037696017
55037702059
55037707003
55037712008
55037718661
55037725375
55037731295
55037737521
55037743502
55037749178
55037755709
55037759371
55037767367
55037773348
55037779940
55037783419
55037791048
55037796969
55037802889
55037808138
55037813875
55037819124
55037824495
55037830904
55037836092
55037842318
55037847384
55037853792
55037858309
55037864046
55037868685
55037876802
55037880403
55037888216
55037895174
55037900362
55037905367
55037910982
55037916963
55037922151
55037929109
55037935518
55037941011
55037947359
55037954317
55037959566
55037967439
55037973055
55037980135
55037986971
55037991792
55037997957
55038004060
55038007783
55038016023
55038021944
55038027986
55038033113
55038039705
55038046052
55038052705
55038059602
55038066804
55038071870
55038078340
55038084932
55038090120
55038096711
55038102754
55038109529
55038114839
55038123811
55038131196
55038139619
55038147065
55038154634
55038162751
55038170442
55038176667
55038184663
55038191072
55038197053
55038204133
55038208955
55038215486
55038222322
55038229218
55038235200
55038241853
55038247834
55038252961
55038259736
55038264680
55038274201
55038277863
55038286347
55038292390
55038296662
55038302766
55038308137
55038313508
55038317597
55038324738
55038329377
55038336335
55038342866
55038349457
55038354218
55038360932
55038366974
55038373566
55038379914
55038386262
55038391266
55038398530
55038404816
55038410981
55038417145
55038421845
55038429108
55038433503
55038439850
55038445771
55038450470
55038456391
55038462067
55038467560
55038473847
55038480316
55038486237
55038491486
55038498261
55038504059
55038511933
55038517792
55038524323
55038530182
55038539459
55038546112
55038552887
55038557892
55038565826
55038573029
55038577972
55038584137
55038591583
55038598419
55038603424
55038609833
55038616425
55038623199
55038628570
55038635773
55038643036
55038648468
55038654816
55038661285
55038667999
55038674835
55038680389
55038687408
55038694061
55038700042
55038706817
55038712249
55038717071
55038727142
55038736908
55038745147
55038752594
55038758636
55038764740
55038773468
55038779205
55038785919
55038790618
55038799591
55038803070
55038810943
55038817779
55038824005
55038830169
55038835967
55038840789
55038846160
55038851836
55038855987
55038862457
55038867217
55038873809
55038879485
55038885162
55038891998
55038897674
55038902129
55038908355
55038913543
55038921722
55038927276
55038932525
55038938872
55038943206
55038949431
55038954986
55038960906
55038966033
55038973540
55038979888
55038985320
55038989654
55038997161
55039002654
55039009734
55039014617
55039021087
55039024505
55039032134
55039038359
55039044951
55039048247
55039057402
55039060637
55039069121
55039075103
55039081145
55039087126
55039091704
55039100371
55039106780
55039112090
55039117339
55039123137
55039130217
55039136504
55039142119
55039149626
55039155608
55039162932
55039170134
55039175810
55039180815
55039189360
55039195219
55039201445
55039208098
55039213042
55039219328
55039224943
55039229887
55039235503
55039241911
55039247526
55039253081
55039261198
55039265654
55039274626
55039280180
55039288359
55039295195
55039300078
55039309538
55039317045
55039326506
55039336027
55039341703
55039352262
55039357939
55039365324
55039371733
55039376982
55039384550
55039389677
55039397062
55039402433
55039408842
55039415373
55039419645
55039425932
55039430021
55039433256
55039441251
55039448087
55039454496
55039460478
55039465665
55039473722
55039478483
55039486417
55039492277
55039500211
55039505643
55039513029
55039516813
55039524564
55039530424
55039537870
55039544401
55039550565
55039558317
55039565946
55039572904
55039579069
55039585111
55039592130
55039598478
55039605985
55039610990
55039616971
55039625211
55039631925
55039637906
55039644315
55039649808
55039656461
55039663541
55039670255
55039676297
55039680753
55039689298
55039694791
55039701383
55039707608
55039715116
55039720975
55039726895
55039732266
55039739896
55039744473
55039751798
55039758084
55039764127
55039769925
55039775784
55039782742
55039789761
55039795865
55039801480
55039807645
55039814908
55039819852
55039826382
55039833157
55039839383
55039845914
55039852505
55039857876
55039863064
55039870938
55039877957
55039883999
55039891873
55039897488
55039906094
55039911221
55039920315
55039928372
55039934170
55039941128
55039947964
55039953640
55039959744
55039966152
55039970852
55039979214
55039984646
55039992092
55039998623
55040003140
55040010403
55040016812
55040025234
55040031704
55040037380
55040043850
55040050198
55040056301
55040063137
55040070156
55040073879
55040083035
55040089809
55040096096
55040102993
55040108242
55040116970
55040120693
55040129970
55040136318
55040142605
55040149502
55040155605
55040162014
55040169033
55040175869
55040181789
55040188625
55040194668
55040199550
55040208217
55040213894
55040219936
55040227443
55040233608
55040239894
55040248928
55040253933
55040261989
55040267421
55040273708
55040280300
55040286708
55040294765
55040301479
55040307704
55040314174
55040321132
55040327175
55040335780
55040341701
55040349208
55040355861
55040362087
55040368556
55040374721
55040379665
55040388820
55040395900
55040400172
55040408168
55040412990
55040420009
55040428310
55040434779
55040441981
55040449611
55040456630
55040464931
55040472682
55040478602
55040486537
55040497706
55040503871
55040511500
55040517970
55040524745
55040531703
55040536464
55040544276
55040551234
55040557276
55040563380
55040569545
55040576869
55040583155
55040589442
55040594325
55040601771
55040608180
55040615260
55040621485
55040627772
55040634608
55040639552
55040647547
55040653468
55040659205
55040665675
55040673304
55040680689
55040686976
55040693079
55040700343
55040706141
55040712183
55040720179
55040727259
55040732569
55040740443
55040745569
55040755091
55040761622
55040768519
55040779261
55040785181
55040791224
55040798304
55040804529
55040810877
55040820887
55040829065
55040835962
55040842310
55040847986
55040852930
55040861963
55040869593
55040875940
55040882776
55040889551
55040895166
55040900476
55040911341
55040917200
55040924341
55040930444
55040935083
55040943201
55040951685
55040958948
55040966028
55040973291
55040979089
55040984888
55040990747
55040998193
55041004602
55041010339
55041016931
55041022729
55041027551
55041035974
55041043481
55041053613
55041059289
55041066980
55041075830
55041084253
55041092004
55041096704
55041104394
55041110681
55041116967
55041124353
55041129602
55041136560
55041143457
55041149682
55041157128
55041162316
55041169152
55041176843
55041182519
55041188867
55041195153
55041201074
55041205895
55041213952
55041219445
55041226647
55041232812
55041238671
55041245995
55041253381
55041259423
55041265160
55041271081
55041278649
55041285607
55041290795
55041296960
55041303796
55041308922
55041316796
55041322472
55041328942
55041334923
55041341332
55041348351
55041354577
55041360192
55041367211
55041375084
55041380639
55041385460
55041393517
55041399193
55041404808
55041412499
55041417138
55041424096
55041430199
55041436486
55041443138
55041448632
55041455956
55041461327
55041467858
55041475121
55041477989
55041487877
55041494103
55041499413
55041507103
55041512352
55041518883
55041525963
55041532677
55041538902
55041545189
55041549645
55041556664
55041561363
55041570335
55041576195
55041583519
55041590538
55041595909
55041602562
55041610191
55041618004
55041629234
55041635460
55041641807
55041648033
55041654259
55041661400
55041666771
55041674705
55041680809
55041686485
55041693809
55041699852
55041708091
55041713462
55041719688
55041726646
55041732383
55041738121
55041743797
55041751609
55041757286
55041766075
55041775169
55041781700
55041788719
55041794944
55041802390
55041806907
55041816673
55041822471
55041829063
55041835044
55041839988
55041847862
55041854575
55041860130
55041867454
55041873557
55041879295
55041885093
55041891990
55041898887
55041904990
55041910972
55041918540
55041924827
55041930564
55041938804
55041944297
55041950461
55041956870
55041962913
55041970603
55041977561
55041984214
55041990744
55041997458
55042003928
55042009971
55042016990
55042024009
55042028647
55042035666
55042040305
55042049155
55042055075
55042062094
55042069113
55042074179
55042082358
55042087851
55042093711
55042099814
55042106284
55042113242
55042119345
55042124777
55042132895
55042138205
55042146750
55042157370
55042162436
55042170859
55042177084
55042184347
55042191611
55042198630
55042204672
55042212179
55042218039
55042223471
55042229697
55042236288
55042241965
55042249411
55042257040
55042263632
55042269491
55042276022
55042283285
55042289877
55042295553
55042302084
55042309103
55042314840
55042320456
55042326681
55042332602
55042339804
55042345968
55042352255
55042358175
55042363912
55042371115
55042376852
55042382711
55042390096
55042395956
55042401449
55042407552
55042414327
55042421652
55042427206
55042433798
55042439840
55042446676
55042452596
55042458639
55042464437
55042470480
55042478048
55042483602
55042489584
55042496603
55042502950
55042510335
55042516073
55042522848
55042528707
55042535909
55042540975
55042547994
55042554036
55042561056
55042566243
55042572713
55042577779
55042585531
55042592183
55042599996
55042606527
55042612996
55042617452
55042624532
55042631795
55042638204
55042644796
55042651509
55042659627
55042662923
55042671529
55042677022
55042685933
55042691304
55042699117
55042706197
55042709981
55042718526
55042726033
55042734456
55042740437
55042747945
55042755269
55042760579
55042766255
55042773030
55042779866
55042786519
55042791402
55042799580
55042805134
55042811299
55042814656
55042825093
55042831380
55042838215
55042843770
55042849873
55042856343
55042861775
55042869771
55042873311
55042882893
55042888752
55042894490
55042901204
55042905781
55042914509
55042921589
55042927388
55042934040
55042939900
55042946492
55042952595
55042958271
55042964802
55042971577
55042976338
55042984272
55042990620
55042996357
55043002949
55043009663
55043016316
55043023029
55043029255
55043037434
55043042500
55043049763
55043055195
55043063190
55043070454
55043076923
55043082905
55043090229
55043097431
55043104511
55043111164
55043118000
55043123005
55043130329
55043136921
55043145527
55043152424
55043158161
55043165119
55043172443
55043178425
55043186176
55043193439
55043201618
55043205097
55043212970
55043219440
55043226276
55043233539
55043240436
55043247516
55043254718
55043261066
55043266925
55043273517
55043283405
55043289752
55043298969
55043302509
55043310443
55043317706
55043324176
55043332294
55043340167
55043345844
55043351520
55043359576
55043364948
55043372333
55043379108
55043385211
55043391620
55043396381
55043403094
55043407977
55043415973
55043421771
55043428363
55043434588
55043440204
55043447528
55043454120
55043459491
55043466205
55043471698
55043478351
55043483783
55043489764
55043494952
55043502520
55043506854
55043515033
55043520404
55043525836
55043532672
55043538348
55043545306
55043549823
55043556353
55043561175
55043568743
55043574969
55043581072
55043587176
55043593768
55043599322
55043606158
55043612139
55043618365
55043624651
55043630328
55043636675
55043643389
55043649859
55043655962
55043661333
55043668414
55043673479
55043681597
55043686541
55043692522
55043699724
55043705096
55043711931
55043716936
55043724138
55043730059
55043736101
55043743120
55043749590
55043755938
55043761126
55043767595
55043773760
55043780108
55043787249
55043793596
55043798540
55043806414
55043812273
55043818193
55043824419
55043830706
55043836687
55043844499
55043850847
55043858415
55043864580
55043875139
55043882341
55043888689
55043897234
55043903093
55043909319
55043915788
55043921648
55043928850
55043934221
55043940569
55043945634
55043954118
55043958757
55043965105
55043972307
55043978838
55043985185
55043989580
55043995012
55044000017
55044008134
55044013139
55044019121
55044026323
55044032060
55044037858
55044045061
55044050432
55044055559
55044063981
55044070451
55044076188
55044081315
55044087602
55044095353
55044099748
55044106828
55044111222
55044118730
55044123674
55044129045
55044135209
55044141801
55044146745
55044153825
55044158403
55044164750
55044170854
55044177018
55044182939
55044189103
55044195878
55044201005
55044208268
55044213395
55044219743
55044226395
55044233720
55044238541
55044246232
55044253190
55044257890
55044264237
55044270890
55044278275
55044284806
55044290787
55044296891
55044301774
55044308976
55044316117
55044321793
55044328019
55044334183
55044341508
55044348588
55044353898
55044360306
55044366898
55044373673
55044379837
55044386002
55044392655
55044399918
55044410782
55044417313
55044424576
55044429154
55044439347
55044445633
55044454727
55044461563
55044467850
55044474014
55044482132
55044488175
55044494888
55044501419
55044506363
55044512833
55044518204
55044525284
55044530472
55044535721
55044542923
55044548721
55044554642
55044559341
55044566177
55044571182
55044578079
55044585770
55044590591
55044596634
55044602249
55044609268
55044614944
55044622207
55044627518
55044633133
55044636184
55044644729
55044650833
55044656997
55044664261
55044669510
55044675369
55044680862
55044688003
55044693313
55044699417
55044705886
55044709121
55044717300
55044722793
55044728042
55044732498
55044738479
55044745437
55044751724
55044756546
55044764053
55044770095
55044776138
55044781509
55044788345
55044793594
55044800674
55044806777
55044813552
55044818679
55044826370
55044831802
55044837661
55044843703
55044849319
55044855788
55044863418
55044870681
55044876540
55044880935
55044889236
55044895400
55044899734
55044907424
55044915237
55044920547
55044929030
55044936599
55044943435
55044950881
55044958083
55044964309
55044974196
55044980788
55044985427
55044993911
55044999343
55045005324
55045012221
55045017775
55045024001
55045028701
55045036635
55045043044
55045048720
55045056044
55045060134
55045069289
55045074965
55045082106
55045089125
55045096205
55045103285
55045110121
55045115614
55045123122
55045128371
55045134413
55045140273
55045145583
55045152174
55045158888
55045165114
55045171156
55045177992
55045183913
55045187697
55045196364
55045201735
55045209303
55045214491
55045220717
55045227308
55045233595
55045240492
55045247999
55045252699
55045260267
55045266127
55045271376
55045277723
55045284071
55045290480
55045296156
55045301954
55045307997
55045314405
55045319593
55045325331
55045332655
55045338026
55045344190
55045351332
55045357252
55045362928
55045369337
55045376783
55045382887
55045388441
55045395704
55045401319
55045409437
55045415846
55045421888
55045427808
55045434950
55045440565
55045446729
55045451978
55045460767
55045468702
55045475172
55045479078
55045490186
55045496107
55045502088
55045512891
55045518751
55045524183
55045530652
55045535047
55045541334
55045547315
55045553479
55045558667
55045565198
55045571241
55045576795
55045583143
55045587903
55045596143
55045602307
55045608350
55045614637
55045620740
55045627027
55045632337
55045639478
55045645886
55045652600
55045657483
55045665723
55045670789
55045674390
55045685315
55045691724
55045695508
55045704053
55045709607
55045715466
55045722119
55045726453
55045733960
55045740857
55045746716
55045752759
55045759412
55045765149
55045771924
55045776135
55045782849
55045788953
55045794629
55045802991
55045808179
55045815076
55045822522
55045828442
55045833142
55045840283
55045847424
55045853772
55045860486
55045865796
55045873242
55045879284
55045885388
55045892529
55045898754
55045904492
55045911206
55045915600
55045922314
55045927685
55045936291
55045942639
55045949780
55045956677
55045963513
55045969250
55045974743
55045980663
55045988354
55045993115
55046001232
55046007580
55046016674
55046020397
55046028088
55046034496
55046040905
55046049145
55046054699
55046062695
55046069530
55046076794
55046082836
55046089306
55046094066
55046100048
55046104931
55046113659
55046117321
55046126110
55046131115
55046137707
55046144787
55046149425
55046156749
55046161571
55046167919
55046175487
55046181591
55046188610
55046194652
55046202221
55046207408
55046216503
55046221569
55046227855
55046234447
55046241039
55046247081
55046252452
55046259777
55046265819
55046272716
55046278636
55046284374
55046291576
55046298778
55046304698
55046309947
55046317333
55046321666
55046329234
55046335216
55046341624
55046347850
55046355174
55046361339
55046366832
55046374705
55046379466
55046385997
55046392833
55046399486
55046405101
55046412242
55046418468
55046423106
55046432078
55046437327
55046443797
55046449168
55046455760
55046461802
55046467479
55046475657
55046482127
55046487803
55046494395
55046500926
55046507090
55046510630
55046519480
55046526194
55046531932
55046537913
55046543345
55046549998
55046557810
55046563487
55046571360
55046577586
55046585337
55046590647
55046599009
55046602854
55046612620
55046618845
55046622813
55046631113
55046634837
55046642039
55046647532
55046654490
55046659251
55046666331
55046673167
55046679819
55046683665
55046692515
55046699595
55046705698
55046712046
55046718088
55046724680
55046731028
55046738596
55046744028
55046749582
55046756052
55046762217
55046768503
55046773691
55046778818
55046785837
55046792917
55046799631
55046806955
55046812998
55046819345
55046824655
55046832834
55046839121
55046845529
55046851694
55046858530
55046864389
55046869882
55046877207
55046883127
55046890939
55046896311
55046903146
55046907358
55046914987
55046919504
55046927866
55046935617
55046940744
55046947214
55046953439
55046960336
55046966928
55046973764
55046979684
55046986337
55046992380
55046998910
55047006296
55047011484
55047019052
55047024911
55047030588
55047037240
55047042733
55047047983
55047054696
55047061105
55047066659
55047073251
55047080209
55047087289
55047095102
55047100717
55047105722
55047113107
55047118966
55047125619
55047134774
55047141122
55047149423
55047156686
55047163339
55047172677
55047177010
55047185494
55047190377
55047197762
55047202828
55047209725
55047214913
55047220589
55047226205
55047235360
55047241280
55047247018
55047253304
55047257760
55047264535
55047269479
55047277657
55047284371
55047290536
55047297127
55047302804
55047308968
55047315804
55047321480
55047328927
55047336617
55047342659
55047349373
55047355294
55047361580
55047367867
55047374215
55047382332
55047388680
55047395089
55047401375
55047407540
55047414131
55047419380
55047427742
55047434273
55047440560
55047446724
55047453682
55047459358
55047466622
55047471260
55047478951
55047485237
55047493172
55047497933
55047504280
55047508186
55047515816
55047522591
55047528023
55047535835
55047543220
55047549080
55047555427
55047560982
55047568611
55047574654
55047580025
55047585945
55047593208
55047599495
55047605781
55047611336
55047616646
55047623298
55047630317
55047635627
55047644417
55047649421
55047656196
55047662666
55047669929
55047676765
55047686287
55047692512
55047701301
55047708503
55047715827
55047724678
55047731575
55047737922
55047745002
55047749580
55047757087
55047763069
55047769782
55047775276
55047781501
55047787849
55047793647
55047798591
55047802985
55047810188
55047816901
55047822700
55047828254
55047834235
55047840156
55047846748
55047852607
55047859870
55047865058
55047868598
55047876716
55047883308
55047889289
55047895148
55047899787
55047907111
55047911872
55047918281
55047924384
55047930671
55047937385
55047943854
55047951423
55047957343
55047964362
55047970099
55047976691
55047984504
55047989630
55047996283
55048001715
55048010810
55048017157
55048022528
55048028693
55048034979
55048041388
55048047614
55048053351
55048059699
55048064948
55048069525
55048076850
55048083380
55048087714
55048093573
55048100592
55048106574
55048113776
55048119635
55048126837
55048133551
55048141425
55048147772
55048155279
55048163153
55048169501
55048176764
55048180548
55048188177
55048196417
55048201422
55048208258
55048213568
55048221319
55048228460
55048236090
55048241583
55048249579
55048257879
55048266729
55048273321
55048280645
55048286077
55048293280
55048296759
55048305181
55048312200
55048317327
55048324713
55048327825
55048335577
55048342596
55048348577
55048354803
55048358160
55048367071
55048372625
55048378423
55048384527
55048391485
55048397405
55048402715
55048408331
55048414678
55048419805
55048426885
55048432684
55048439092
55048445196
55048448553
55048456914
55048462713
55048468450
55048475347
55048480657
55048486944
55048492193
55048498968
55048506292
55048512945
55048519414
55048526311
55048532171
55048538457
55048543767
55048550359
55048557866
55048563970
55048570256
55048577214
55048583196
55048588445
55048596379
55048600164
55048609441
55048615605
55048623784
55048630864
55048634587
55048644292
55048651433
55048656560
55048665532
55048671941
55048677983
55048682988
55048688725
55048695928
55048701604
55048709111
55048715276
55048721806
55048727727
55048735722
55048742131
55048746953
55048752812
55048758488
55048764043
55048770634
55048777470
55048784733
55048791447
55048796818
55048804814
55048812260
55048818974
55048827641
55048835270
55048841679
55048848088
55048854557
55048861760
55048865422
55048874150
55048881108
55048885563
55048891423
55048896244
55048902226
55048906681
55048915226
55048920292
55048925541
55048931217
55048936955
55048941227
55048945866
55048955082
55048960270
55048966313
55048971989
55048975956
55048982731
55048988285
55048995731
55049001225
55049006596
55049013248
55049018620
55049025028
55049031742
55049038700
55049043583
55049051517
55049058414
55049065983
55049074039
55049077885
55049085148
55049092411
55049098453
55049107731
55049115604
55049120365
55049127933
55049135563
55049142704
55049148380
55049155826
55049161625
55049167118
55049176151
55049182682
55049189457
55049195926
55049202579
55049208194
55049212406
55049222904
55049229618
55049236270
55049241947
55049247257
55049254276
55049260867
55049266422
55049273868
55049279422
55049285220
55049291812
55049298587
55049304874
55049311771
55049318851
55049324344
55049328738
55049337894
55049343692
55049350528
55049359988
55049365054
55049371158
55049376346
55049384158
55049389285
55049396243
55049403201
55049409488
55049417361
55049422244
55049428531
55049434268
55049439700
55049443362
55049452517
55049458255
55049462222
55049468081
55049475100
55049482302
55049487124
55049493777
55049499636
55049505252
55049510440
55049516299
55049521975
55049527346
55049534915
55049540103
55049546694
55049551760
55049556948
55049562258
55049569888
55049576724
55049583254
55049589236
55049595095
55049601199
55049604556
55049613772
55049621767
55049627322
55049634524
55049640566
55049646609
55049653811
55049660403
55049666140
55049671328
55049678957
55049684267
55049690737
55049697756
55049702639
55049710695
55049717226
55049722475
55049729494
55049734255
55049742312
55049750063
55049755007
55049763002
55049768679
55049774233
55049779726
55049787111
55049790712
55049800356
55049806887
55049814760
55049820070
55049826662
55049834352
55049840273
55049847780
55049853151
55049859743
55049865297
55049871034
55049881227
55049886720
55049895448
55049901369
55049909853
55049914369
55049923097
55049932558
55049937501
55049948305
55049951906
55049959230
55049965394
55049971681
55049978212
55049983705
55049992433
55049997255
55050004091
55050011110
55050018312
55050024232
55050028871
55050036500
55050042238
55050048829
55050055848
55050061708
55050069703
55050075441
55050082032
55050086183
55050092836
55050100282
55050106568
55050113954
55050119874
55050125917
55050132813
55050136537
55050145997
55050164002
55050168946
55050176942
55050180482
55050189027
55050196900
55050202943
55050212159
55050216187
55050221436
55050226929
55050231446
55050236756
55050241151
55050246278
55050251038
55050256165
55050261231
55050267274
55050271424
55050276978
55050280701
55050285767
55050291138
55050295777
55050300477
55050305481
55050309937
55050315674
55050319703
55050323487
55050328064
55050332520
55050337037
55050339966
55050346619
55050351502
55050355957
55050360901
55050365052
55050369995
55050372620
55050379761
55050387818
55050393189
55050399842
55050405274
55050410095
55050417176
55050421021
55050426087
55050431885
55050435608
55050440613
55050445679
55050449951
55050454102
55050459656
55050465393
55050470154
55050472778
55050477905
55050482300
55050486328
55050491882
55050496094
55050501709
55050504822
55050511108
55050513672
55050520264
55050525330
55050529907
55050535461
55050540771
55050545837
55050550293
55050554504
55050558533
55050564392
55050569153
55050573059
55050577026
55050580688
55050585083
55050591247
55050595337
55050601990
55050607116
55050612610
55050616577
55050622314
55050628906
55050633667
55050639648
55050644470
55050649048
55050654663
55050658020
55050662109
55050667602
55050672119
55050678527
55050684204
55050689086
55050695068
55050700561
55050707580
55050712829
55050720458
55050726318
55050732116
55050737182
55050741882
55050747131
55050754089
55050759826
55050766113
55050772094
55050778442
55050783813
55050789855
55050795165
55050801025
55050807067
55050813171
55050817931
55050825256
55050830993
55050835143
55050843078
55050846984
55050855590
55050859740
55050867736
55050874267
55050882995
55050888610
55050894591
55050901671
55050908080
55050917296
55050922667
55050927916
55050934203
55050939757
55050945922
55050951354
55050958678
55050963073
55050968383
55050973265
55050980223
55050985656
55050991210
55050996886
55051000548
55051007689
55051014037
55051019652
55051023375
55051029906
55051035948
55051042967
55051048094
55051052611
55051060423
55051067381
55051072936
55051078978
55051083434
55051088683
55051096373
55051100157
55051108092
55051114012
55051119749
55051126463
55051131529
55051136839
55051142515
55051147642
55051155699
55051160521
55051166929
55051172362
55051178892
55051183653
55051190184
55051197264
55051200804
55051208433
55051214537
55051220823
55051226439
55051230711
55051235838
55051243467
55051248228
55051254393
55051259581
55051265745
55051273008
55051277403
55051284788
55051288450
55051295896
55051301084
55051309019
55051313291
55051320371
55051325620
55051332029
55051336851
55051343199
55051349790
55051355894
55051362608
55051367368
55051373594
55051380247
55051385923
55051391904
55051397215
55051403318
55051410581
55051416318
55051421629
55051427671
55051434751
55051439146
55051445737
55051451231
55051455015
55051462461
55051467588
55051473752
55051480161
55051486448
55051493284
55051500669
55051507139
55051515928
55051523191
55051528867
55051537656
55051542783
55051549985
55051556394
55051564389
55051570554
55051577390
55051582639
55051588193
55051593381
55051601560
55051606381
55051613034
55051618588
55051622129
55051634152
55051642148
55051649533
55051654355
55051660336
55051665952
55051672238
55051680783
55051685910
55051692746
55051697629
55051704831
55051709897
55051718259
55051723264
55051734433
55051741391
55051746945
55051752011
55051757504
55051763302
55051765195
55051775021
55051779049
55051788754
55051794613
55051806820
55051812802
55051818356
55051827145
55051832150
55051841000
55051847165
55051854367
55051860043
55051867367
55051871212
55051879269
55051885434
55051892086
55051899288
55051905514
55051910641
55051914669
55051920956
55051926083
55051932186
55051936947
55051943356
55051949337
55051955624
55051961117
55051966854
55051971554
55051976925
55051982967
55051987484
55051994198
55051999081
55052004269
55052009823
55052015560
55052020626
55052025692
55052031063
55052035458
55052041622
55052046444
55052052303
55052057247
55052062069
55052067806
55052072506
55052077633
55052082699
55052089901
55052094478
55052101253
55052107296
55052112545
55052119381
55052122616
55052130245
55052134029
55052141781
55052146724
55052151729
55052157161
55052161068
55052166500
55052173214
55052177913
55052181636
55052187068
55052191036
55052195919
55052200008
55052206172
55052211971
55052218318
55052223323
55052228389
55052233333
55052239314
55052245418
55052250484
55052257869
55052261714
55052266536
55052270808
55052277034
55052281734
55052286739
55052293086
55052298274
55052304256
55052309505
55052315547
55052319331
