54954687684
54954694825
54954700990
54954705018
54954711915
54954716432
54954723695
54954728822
54954734376
54954740235
54954745729
54954751161
54954757264
54954764161
54954769959
54954776734
54954782594
54954788636
54954793824
54954801698
54954808045
54954813905
54954821900
54954828797
54954834351
54954840943
54954847718
54954854310
54954861756
54954868775
54954875794
54954881654
54954890443
54954897156
54954906251
54954912842
54954919373
54954925233
54954932923
54954940308
54954946778
54954953797
54954961976
54954971009
54954978821
54954985596
54954992188
54954999634
54955005310
54955013489
54955019165
54955027222
54955034851
54955042481
54955049256
54955055908
54955062134
54955070069
54955077149
54955084168
54955090881
54955097962
54955103882
54955112183
54955119263
54955127319
54955134216
54955142334
54955151978
54955159546
54955167236
54955174438
54955180481
54955187073
54955194458
54955201355
54955208740
54955216186
54955222961
54955234009
54955241028
54955249756
54955259094
54955267639
54955277649
54955285644
54955295227
54955303283
54955309265
54955320373
54955327453
54955334350
54955341857
54955351623
54955359374
54955366455
54955374450
54955380798
54955387206
54955394531
54955402404
54955411132
54955418639
54955425475
54955432922
54955440124
54955448913
54955455199
54955463622
54955472411
54955478637
54955485778
54955491942
54955499938
54955506225
54955514159
54955521728
54955527953
54955536986
54955545104
54955551268
54955560241
54955565978
54955574462
54955582640
54955590148
54955597472
54955604491
54955611510
54955618163
54955624877
54955635619
54955643065
54955649718
54955657347
54955663573
54955669676
54955677367
54955683653
54955692748
54955700072
54955705992
54955713011
54955719237
54955728575
54955735777
54955744017
54955750670
54955759093
54955765074
54955773802
54955778990
54955788328
54955796202
54955803221
54955810850
54955819395
54955826231
54955832945
54955840941
54955847899
54955859068
54955866636
54955874571
54955883238
54955890745
54955897032
54955905943
54955912291
54955919310
54955927122
54955933409
54955940794
54955952574
54955960569
54955967405
54955977537
54955984922
54955994322
54956004575
54956011778
54956018736
54956029478
54956038450
54956046384
54956054014
54956061338
54956070005
54956077573
54956085447
54956094175
54956100889
54956109617
54956118040
54956125486
54956132505
54956140928
54956150144
54956158506
54956165220
54956174253
54956181455
54956189939
54956195920
54956203916
54956210691
54956220334
54956226560
54956234311
54956243405
54956250791
54956256711
54956267148
54956275571
54956283261
54956291745
54956300107
54956307736
54956315854
54956323605
54956331845
54956341794
54956349728
54956356198
54956364072
54956373166
54956381344
54956391232
54956399655
54956409848
54956418515
54956425595
54956433896
54956445492
54956455746
54956462765
54956470211
54956479184
54956489437
54956495236
54956505551
54956513058
54956520809
54956535702
54956544308
54956552242
54956560971
54956569332
54956577511
54956586178
54956593807
54956603634
54956610531
54956619137
54956628902
54956637753
54956645260
54956653927
54956661373
54956670040
54956680782
54956689388
54956697079
54956705257
54956713619
54956722835
54956733394
54956745723
54956757320
54956768978
54956777950
54956786434
54956794612
54956804073
54956812557
54956822261
54956831050
54956838924
54956846858
54956856319
54956862972
54956870601
54956877010
54956883785
54956890560
54956897334
54956906429
54956913692
54956921748
54956928279
54956934871
54956942134
54956950313
54956956844
54956965694
54956972224
54956981258
54956991023
54956999446
54957007136
54957015010
54957023189
54957032832
54957041194
54957050044
54957058101
54957063960
54957072017
54957080622
54957087580
54957093867
54957101008
54957109065
54957115535
54957123835
54957132868
54957139216
54957147639
54957154414
54957162654
54957168818
54957176753
54957183772
54957190913
54957199458
54957206721
54957216303
54957223505
54957233027
54957239191
54957247858
54957253901
54957262324
54957267939
54957274775
54957280207
54957287958
54957296076
54957301264
54957309321
54957316279
54957321894
54957328547
54957336176
54957342157
54957347040
54957354609
54957359491
54957366938
54957374506
54957381281
54957387018
54957393061
54957399775
54957406427
54957416437
54957422846
54957431452
54957439447
54957448236
54957457575
54957463861
54957471613
54957479669
54957487848
54957492243
54957499994
54957504816
54957510553
54957517328
54957523981
54957530206
54957535760
54957541559
54957547967
54957553339
54957562250
54957567682
54957575006
54957582452
54957588190
54957593866
54957600885
54957606927
54957612787
54957618951
54957625360
54957631646
54957639337
54957645623
54957651666
54957658197
54957666375
54957672540
54957680230
54957687127
54957690423
54957700128
54957703424
54957711785
54957716668
54957724053
54957730950
54957737298
54957742913
54957749566
54957756585
54957763116
54957768609
54957776910
54957783990
54957789300
54957794549
54957800530
54957807549
54957812981
54957819573
54957828301
54957835809
54957841912
54957848138
54957854363
54957859917
54957868706
54957874261
54957880486
54957887444
54957893304
54957900323
54957906243
54957912102
54957918633
54957924370
54957931878
54957938958
54957944390
54957950737
54957956292
54957963433
54957968865
54957974907
54957982293
54957988518
54957997551
54958004814
54958009453
54958018914
54958025933
54958032524
54958038567
54958045220
54958051872
54958058525
54958066216
54958074883
54958081291
54958088066
54958094109
54958100151
54958106255
54958113335
54958119072
54958127251
54958132927
54958139580
54958145622
54958152031
54958157280
54958163322
54958170463
54958176445
54958183281
54958189262
54958194206
54958200004
54958209099
54958219780
54958226494
54958232902
54958238517
54958244682
54958261833
54958275261
54958282280
54958293510
54958300224
54958306938
54958313713
54958319999
54958328239
54958334403
54958341545
54958348442
54958354240
54958361015
54958366569
54958373100
54958379936
54958385429
54958391715
54958397941
54958404105
54958409660
54958415275
54958422660
54958428092
54958435050
54958441459
54958447929
54958455314
54958461661
54958468986
54958473563
54958480765
54958490470
54958497306
54958502799
54958509086
54958516715
54958523612
54958528739
54958534232
54958541617
54958547904
54958555716
54958562491
54958568595
54958575736
54958581839
54958587271
54958593924
54958599295
54958606131
54958614005
54958619559
54958625601
54958631095
54958638846
54958647208
54958655387
54958663748
54958670523
54958678092
54958683829
54958690787
54958696829
54958704153
54958711234
54958717520
54958724844
54958729971
54958736746
54958743460
54958749136
54958756827
54958762869
54958768606
54958775381
54958782400
54958787283
54958794852
54958801809
54958808157
54958815054
54958821585
54958828482
54958835806
54958842947
54958849722
54958856436
54958861868
54958868155
54958875662
54958880545
54958886892
54958895071
54958901419
54958906851
54958914053
54958919485
54958925344
54958932180
54958939260
54958945730
54958951284
54958958242
54958964102
54958970327
54958977041
54958983022
54958989248
54958995351
54959001333
54959008474
54959016958
54959022695
54959029409
54959034963
54959042165
54959047292
54959053518
54959060049
54959068105
54959074453
54959081228
54959086477
54959094167
54959099904
54959105642
54959111989
54959117727
54959124868
54959131276
54959137868
54959144643
54959151113
54959157033
54959163503
54959168752
54959175710
54959183339
54959190114
54959196218
54959203969
54959212270
54959217885
54959224843
54959232839
54959239369
54959246144
54959251576
54959258656
54959265126
54959270192
54959277882
54959284291
54959289967
54959294850
54959302052
54959308522
54959313222
54959319875
54959325673
54959331837
54959336964
54959344105
54959349110
54959354298
54959361195
54959367360
54959373097
54959380055
54959384633
54959390736
54959397145
54959403981
54959408986
54959415577
54959419728
54959426442
54959432301
54959437550
54959444935
54959451466
54959456959
54959463490
54959469410
54959474354
54959481922
54959487294
54959492176
54959498402
54959504383
54959510670
54959515858
54959521351
54959527333
54959532276
54959539601
54959545826
54959552418
54959558216
54959564320
54959569752
54959574818
54959581593
54959586903
54959592823
54959599232
54959605091
54959611439
54959617176
54959623157
54959637684
54959644154
54959649647
54959656116
54959661121
54959666920
54959673756
54959682056
54959688892
54959694752
54959702137
54959707264
54959712635
54959719227
54959725391
54959731495
54959739978
54959745960
54959751819
54959758533
54959763782
54959769641
54959778980
54959785633
54959793811
54959799427
54959807971
54959812915
54959820484
54959827930
54959833972
54959841419
54959848438
54959853870
54959860217
54959866138
54959873950
54959880359
54959885181
54959892200
54959898181
54959904285
54959910449
54959917346
54959923877
54959930103
54959936938
54959943103
54959949878
54959955432
54959960925
54959966724
54959974963
54959982532
54959990832
54959997241
54960004626
54960012622
54960019519
54960026843
54960034961
54960043872
54960050830
54960058825
54960066638
54960072192
54960081042
54960087573
54960093981
54960101123
54960108569
54960114123
54960121997
54960128283
54960135485
54960143664
54960150622
54960159289
54960166674
54960173510
54960179736
54960188220
54960194994
54960202563
54960210253
54960219714
54960228014
54960234179
54960241747
54960248217
54960253405
54960259508
54960266405
54960272509
54960279589
54960285692
54960291796
54960297838
54960304308
54960309557
54960319018
54960327135
54960335192
54960341845
54960349169
54960357836
54960363695
54960370226
54960376268
54960383348
54960390490
54960397386
54960403246
54960409410
54960415087
54960420885
54960426622
54960432298
54960439806
54960445482
54960450853
54960456774
54960461656
54960468126
54960475084
54960480516
54960485033
54960492113
54960496812
54960503221
54960510057
54960515977
54960522569
54960527574
54960534166
54960539415
54960544115
54960552843
54960558092
54960564195
54960571763
54960578111
54960583665
54960588365
54960594713
54960600938
54960605943
54960611497
54960619615
54960626634
54960630906
54960638231
54960644822
54960651048
54960656114
54960663072
54960668199
54960672776
54960679063
54960685472
54960691270
54960696519
54960703050
54960709580
54960714036
54960722215
54960729356
54960735276
54960739976
54960745774
54960753221
54960758164
54960763780
54960770249
54960775987
54960780564
54960788743
54960794297
54960799546
54960804734
54960812547
54960816514
54960823106
54960830308
54960837815
54960845444
54960852463
54960858994
54960868699
54960876328
54960882126
54960889145
54960897873
54960905259
54960912278
54960918992
54960925095
54960931443
54960937485
54960944931
54960951706
54960957749
54960964768
54960970871
54960975754
54960981064
54960989121
54960995102
54960999985
54961006089
54961011338
54961017746
54961022629
54961029648
54961034592
54961041794
54961047287
54961053147
54961058823
54961064377
54961071884
54961077866
54961083664
54961088974
54961094894
54961100998
54961107285
54961112656
54961117722
54961125046
54961129257
54961135361
54961142319
54961147812
54961154709
54961158859
54961164902
54961171066
54961176559
54961182419
54961188705
54961196213
54961201462
54961207565
54961214950
54961219772
54961227157
54961233627
54961239792
54961247055
54961253708
54961261032
54961265976
54961271591
54961280258
54961286972
54961292221
54961298812
54961304428
54961309982
54961315902
54961320968
54961328658
54961335189
54961340560
54961347823
54961354598
54961360946
54961369247
54961375167
54961383468
54961392196
54961402816
54961411239
54961418258
54961427230
54961433334
54961439681
54961446883
54961453231
54961461532
54961467086
54961472457
54961479476
54961484969
54961490096
54961494674
54961503035
54961508712
54961515365
54961520308
54961526351
54961533004
54961537948
54961545333
54961550948
54961556563
54961564009
54961568404
54961574996
54961580611
54961587142
54961593550
54961598921
54961605330
54961611983
54961617720
54961622664
54961629805
54961636763
54961640791
54961647261
54961653792
54961658919
54961664412
54961670516
54961677412
54961683455
54961688399
54961694502
54961699507
54961705061
54961712019
54961718428
54961724532
54961732405
54961738386
54961744307
54961749312
54961755598
54961762556
54961768721
54961774946
54961780134
54961786909
54961792097
54961801130
54961807600
54961814314
54961818770
54961826643
54961832686
54961839399
54961843184
54961852461
54961859175
54961865522
54961872480
54961878401
54961884626
54961890547
54961897383
54961906172
54961913496
54961920027
54961925459
54961932783
54961940595
54961951338
54961959699
54961966963
54961971967
54961978986
54961987836
54961993635
54961998823
54962010664
54962017744
54962022321
54962030134
54962036115
54962041975
54962047407
54962053266
54962059980
54962064680
54962070295
54962076887
54962082563
54962089338
54962094098
54962099775
54962108259
54962114362
54962120527
54962126020
54962130719
54962138349
54962142621
54962149457
54962155194
54962160932
54962166730
54962173505
54962179792
54962184796
54962191144
54962195417
54962201703
54962207929
54962213971
54962220319
54962226850
54962232709
54962238934
54962245343
54962251386
54962258222
54962263287
54962270245
54962276410
54962282452
54962289655
54962295636
54962301556
54962307111
54962315045
54962322552
54962327985
54962334088
54962339886
54962347699
54962353863
54962360028
54962366986
54962373639
54962380719
54962387372
54962392865
54962399395
54962406537
54962413006
54962419049
54962425457
54962431988
54962437909
54962443646
54962450299
54962457501
54962464215
54962470135
54962477703
54962485028
54962492535
54962499127
54962503948
54962511456
54962516766
54962524517
54962532330
54962540997
54962551434
54962559918
54962566265
54962575359
54962583050
54962589031
54962596233
54962603924
54962610882
54962618267
54962623089
54962630413
54962635235
54962641643
54962647564
54962652813
54962659283
54962666851
54962672283
54962677776
54962683574
54962690655
54962696636
54962702373
54962707988
54962712993
54962719524
54962724224
54962731121
54962737529
54962742473
54962750957
54962756939
54962763103
54962768962
54962774883
54962781658
54962786357
54962792400
54962797588
54962804119
54962809429
54962817058
54962822368
54962827800
54962833110
54962840618
54962847026
54962852336
54962857768
54962862956
54962868755
54962874492
54962880290
54962887065
54962892680
54962900676
54962905681
54962913860
54962918376
54962925578
54962930522
54962937968
54962943461
54962950725
54962956035
54962962993
54962967631
54962975200
54962981120
54962989116
54962995707
54963001689
54963008769
54963014750
54963020488
54963023845
54963034465
54963040690
54963046977
54963052775
54963059184
54963065898
54963071635
54963076884
54963083293
54963089274
54963095133
54963100566
54963106303
54963114482
54963125285
54963135233
54963142069
54963152140
54963161234
54963168009
54963176066
54963182047
54963186808
54963194743
54963200297
54963206522
54963211283
54963216593
54963222758
54963229349
54963234537
54963240336
54963246317
54963251932
54963258585
54963264445
54963271342
54963276896
54963282206
54963288736
54963294962
54963300211
54963305765
54963311136
54963316691
54963321878
54963327860
54963333475
54963340067
54963346415
54963352579
54963357523
54963361917
54963368326
54963372477
54963378824
54963384378
54963390177
54963395792
54963402201
54963407816
54963414163
54963420145
54963426370
54963433634
54963438211
54963445596
54963451212
54963457376
54963463052
54963470743
54963476053
54963484171
54963488687
54963496194
54963502664
54963509012
54963515543
54963521890
54963529336
54963535745
54963542215
54963548257
54963555093
54963560831
54963569986
54963574563
54963581582
54963586343
54963592264
54963599405
54963605874
54963611917
54963618081
54963624063
54963632364
54963637552
54963643228
54963648355
54963655740
54963660379
54963667398
54963671304
54963679422
54963684060
54963696145
54963706155
54963717813
54963725198
54963735085
54963742104
54963749307
54963756143
54963763101
54963769753
54963776040
54963782265
54963787881
54963794228
54963800271
54963806985
54963814431
54963820534
54963825906
54963831643
54963836587
54963841653
54963847573
54963852578
54963860085
54963866189
54963872719
54963878579
54963884438
54963890603
54963895852
54963902871
54963908181
54963914589
54963919045
54963924965
54963929726
54963936623
54963942727
54963949257
54963954934
54963961159
54963966347
54963970864
54963977028
54963983071
54963989601
54963993141
54964000160
54964005226
54964012245
54964017677
54964024513
54964030312
54964037392
54964043984
54964049660
54964055702
54964062599
54964068581
54964074806
54964081154
54964087196
54964093239
54964098488
54964105751
54964111854
54964116981
54964122291
54964129677
54964135353
54964140907
54964146705
54964153541
54964159523
54964164833
54964172951
54964177955
54964183876
54964191444
54964198768
54964203773
54964209694
54964216285
54964223610
54964230079
54964236671
54964244606
54964251258
54964259071
54964269081
54964275367
54964281410
54964289161
54964295143
54964300453
54964309730
54964316078
54964335182
54964341773
54964347816
54964353797
54964360633
54964366065
54964372291
54964377296
54964382179
54964389136
54964395545
54964401221
54964408057
54964415259
54964421424
54964427589
54964433631
54964439735
54964444861
54964450110
54964457923
54964463416
54964470130
54964474891
54964482154
54964488074
54964493628
54964501014
54964507483
54964512915
54964519996
54964525977
54964532447
54964538916
54964547034
54964552893
54964558631
54964566931
54964573157
54964578040
54964583655
54964590674
54964597449
54964602454
54964609107
54964616004
54964622534
54964629736
54964634863
54964641638
54964648169
54964652441
54964660376
54964666174
54964672095
54964677710
54964684851
54964690100
54964697546
54964702429
54964709509
54964717200
54964722021
54964729162
54964735449
54964741919
54964746741
54964752539
54964760657
54964764319
54964769995
54964779516
54964785803
54964791479
54964799109
54964804724
54964813269
54964823462
54964833899
54964840124
54964848913
54964857092
54964863562
54964871862
54964879309
54964887853
54964893835
54964899633
54964906957
54964912145
54964918005
54964923010
54964929235
54964937109
54964942053
54964949621
54964955358
54964961401
54964968176
54964974218
54964982519
54964988012
54964994237
54964999120
54965005651
54965012914
54965019628
54965025304
54965031591
54965037878
54965043004
54965048864
54965055944
54965061437
54965068761
54965074621
54965080236
54965085668
54965091955
54965097509
54965104100
54965110021
54965116246
54965122838
54965129186
54965135045
54965141210
54965146520
54965154027
54965161168
54965166112
54965172399
54965178319
54965185033
54965190648
54965197484
54965202428
54965209142
54965214696
54965221959
54965228185
54965234654
54965242894
54965248509
54965253331
54965259740
54965267064
54965273717
54965280431
54965285863
54965292210
54965299474
54965305760
54965310887
54965316930
54965324071
54965330662
54965336766
54965342381
54965350072
54965355626
54965365086
54965375401
54965383336
54965389439
54965399754
54965407444
54965414769
54965423008
54965430455
54965436375
54965443272
54965450535
54965455845
54965462803
54965468907
54965473728
54965481236
54965486485
54965493199
54965501133
54965507176
54965512486
54965517613
54965525242
54965530064
54965536594
54965545078
54965549473
54965555943
54965560154
54965565769
54965571873
54965578098
54965584507
54965590000
54965596897
54965601658
54965608066
54965614048
54965620151
54965625522
54965633518
54965640049
54965645847
54965652195
54965657200
54965663242
54965668430
54965675144
54965682041
54965687046
54965693393
54965698337
54965705906
54965710239
54965718784
54965724949
54965730320
54965737644
54965741977
54965750278
54965756565
54965763462
54965768711
54965776950
54965782077
54965789768
54965796420
54965802280
54965810581
54965816196
54965823764
54965828525
54965836093
54965842502
54965849887
54965856235
54965862338
54965869052
54965875522
54965881931
54965887546
54965893161
54965900546
54965905917
54965914279
54965920627
54965930148
54965940951
54965948947
54965955600
54965962741
54965969089
54965975863
54965982638
54965987948
54965993136
54966001864
54966006442
54966012973
54966018100
54966023288
54966029574
54966035495
54966041720
54966048495
54966054049
54966059237
54966064364
54966070407
54966076510
54966082980
54966089083
54966095919
54966101901
54966107882
54966113497
54966119479
54966125704
54966131991
54966136874
54966141207
54966147555
54966153109
54966162569
54966170504
54966176730
54966182772
54966189425
54966195101
54966200167
54966206026
54966214449
54966219942
54966225558
54966233004
54966239657
54966245577
54966253023
54966259798
54966265474
54966271700
54966276644
54966284639
54966293001
54966297762
54966305208
54966312227
54966317598
54966324923
54966331148
54966338900
54966345003
54966351534
54966357393
54966364046
54966369600
54966377291
54966383760
54966391695
54966397676
54966404207
54966409700
54966416048
54966421968
54966428133
54966435701
54966441499
54966451265
54966457369
54966465242
54966471101
54966478242
54966487337
54966493501
54966502046
54966509065
54966516145
54966523347
54966529573
54966536531
54966543977
54966551057
54966557954
54966564363
54966569856
54966576326
54966582551
54966588716
54966594331
54966601716
54966606233
54966613435
54966620454
54966627534
54966633210
54966639192
54966646150
54966653047
54966659638
54966665742
54966673066
54966680085
54966686128
54966694062
54966703034
54966709443
54966715486
54966720368
54966728181
54966735139
54966742341
54966750275
54966756806
54966763032
54966769318
54966776704
54966782685
54966790620
54966796967
54966803193
54966808686
54966817841
54966823945
54966829804
54966836518
54966841096
54966848542
54966855073
54966862397
54966868134
54966874848
54966881012
54966888642
54966896882
54966902680
54966910736
54966916047
54966921540
54966929291
54966936737
54966943878
54966952606
54966958832
54966966645
54966974152
54966981110
54966988251
54966994904
54967002289
54967007782
54967014740
54967023590
54967029450
54967037445
54967044342
54967050018
54967056061
54967062836
54967069977
54967075592
54967082367
54967088165
54967094818
54967100250
54967108002
54967113861
54967121796
54967127106
54967133758
54967139618
54967144562
54967151825
54967157501
54967164154
54967169708
54967177398
54967182342
54967188446
54967195038
54967200470
54967205780
54967213287
54967217987
54967223114
54967229522
54967235015
54967242034
54967247711
54967253204
54967261077
54967266510
54967270843
54967277252
54967283966
54967290069
54967296539
54967302764
54967307830
54967314422
54967320831
54967325958
54967332671
54967338287
54967344329
54967350738
54967356597
54967363250
54967370086
54967375701
54967381194
54967387176
54967392852
54967399200
54967404937
54967410552
54967415618
54967421599
54967426726
54967433990
54967439666
54967445037
54967452056
54967457610
54967464751
54967471282
54967478301
54967484771
54967490813
54967496550
54967503020
54967508941
54967513945
54967523589
54967530181
54967538604
54967544158
54967550811
54967560759
54967568267
54967575163
54967580962
54967587798
54967593962
54967601103
54967608306
54967613738
54967620329
54967625884
54967632658
54967637480
54967643950
54967649992
54967655730
54967662627
54967669646
54967675810
54967681425
54967687468
54967694304
54967699858
54967704497
54967711027
54967718535
54967724150
54967730009
54967736723
54967742277
54967749052
54967756010
54967761931
54967767058
54967771940
54967777372
54967782621
54967790129
54967795317
54967802641
54967808012
54967813017
54967817839
54967824858
54967830839
54967835722
54967841825
54967849333
54967854704
54967859403
54967864836
54967873197
54967878996
54967885588
54967890653
54967895658
54967903532
54967909330
54967915739
54967923002
54967928922
54967934293
54967939115
54967945402
54967953825
54967959501
54967965238
54967971891
54967977445
54967983121
54967990140
54967996061
54968001066
54968006986
54968014188
54968021573
54968026822
54968032255
54968037992
54968044706
54968050260
54968057340
54968064481
54968070707
54968076871
54968086881
54968092496
54968102689
54968110624
54968119168
54968128080
54968135526
54968142057
54968150418
54968157682
54968163785
54968169705
54968174710
54968180020
54968188748
54968194303
54968201566
54968206998
54968212125
54968217130
54968223233
54968229825
54968235867
54968242276
54968250027
54968256558
54968261197
54968267789
54968273648
54968278958
54968284573
54968290005
54968296109
54968302212
54968307950
54968315213
54968320889
54968325833
54968331875
54968338955
54968344204
54968350552
54968356595
54968362759
54968368741
54968374966
54968381131
54968388150
54968394741
54968402676
54968408902
54968414944
54968422757
54968430325
54968435757
54968442166
54968448208
54968452908
54968460049
54968466885
54968472317
54968478298
54968485256
54968490750
54968498318
54968503933
54968509487
54968516934
54968522671
54968528591
54968536526
54968541225
54968547451
54968553066
54968559170
54968565945
54968571133
54968576076
54968582424
54968588589
54968593777
54968598598
54968605862
54968611233
54968618374
54968623501
54968630520
54968635158
54968643825
54968652736
54968662258
54968670376
54968680568
54968689113
54968694484
54968701564
54968709255
54968715541
54968721828
54968728176
54968732936
54968741298
54968746730
54968751491
54968758937
54968763698
54968769374
54968775539
54968782619
54968788234
54968793971
54968799892
54968805141
54968811122
54968817287
54968824550
54968830653
54968836696
54968841457
54968846584
54968852077
54968859523
54968864101
54968869655
54968876063
54968883327
54968888637
54968894618
54968900966
54968906581
54968912929
54968918666
54968924464
54968930079
54968937221
54968942592
54968948451
54968953456
54968961390
54968967433
54968973231
54968978236
54968983241
54968988368
54968994899
54969000575
54969006984
54969012355
54969019191
54969023341
54969029139
54969034205
54969042079
54969048487
54969053919
54969060084
54969065211
54969070948
54969078028
54969083644
54969088282
54969095179
54969102564
54969109278
54969116297
54969126307
54969133265
54969139063
54969145960
54969152674
54969159449
54969164942
54969172510
54969178858
54969187037
54969193201
54969199427
54969205591
54969211817
54969219568
54969225977
54969231837
54969240137
54969247950
54969252344
54969259424
54969266382
54969271387
54969280420
54969289454
54969298121
54969305017
54969310205
54969314966
54969322168
54969328821
54969334253
54969340723
54969346338
54969351770
54969358362
54969363489
54969369409
54969374719
54969379968
54969386194
54969392420
54969398279
54969403650
54969410425
54969414697
54969420923
54969425134
54969432153
54969438074
54969445032
54969451074
54969457422
54969463037
54969468530
54969473657
54969479883
54969485803
54969491846
54969497888
54969503808
54969509790
54969516504
54969521631
54969528222
54969534204
54969540735
54969547265
54969552697
54969558008
54969563928
54969570642
54969577234
54969581933
54969587548
54969594323
54969599389
54969604699
54969612634
54969618798
54969624963
54969630639
54969636315
54969641564
54969647180
54969651696
54969658715
54969665551
54969671105
54969676660
54969683312
54969690453
54969697106
54969705529
54969711327
54969717065
54969724206
54969729821
54969737389
54969743920
54969751244
54969757409
54969763757
54969769738
54969775719
54969781701
54969786950
54969793603
54969801049
54969811547
54969821923
54969829369
54969836205
54969842736
54969850365
54969856896
54969864647
54969870079
54969877953
54969883812
54969890343
54969896569
54969901451
54969908409
54969913170
54969919274
54969925865
54969931114
54969937462
54969944908
54969950829
54969956444
54969962609
54969969444
54969975426
54969981896
54969987877
54969992272
54969998741
54970003746
54970010460
54970015892
54970020653
54970025841
54970031700
54970037865
54970045433
54970051109
54970055687
54970062889
54970068687
54970076439
54970082298
54970088219
54970093101
54970099510
54970105247
54970111778
54970117576
54970122642
54970129173
54970135216
54970141624
54970149803
54970153953
54970161766
54970168541
54970175316
54970181663
54970188865
54970195335
54970201927
54970208641
54970214134
54970222435
54970228416
54970234519
54970239707
54970247093
54970251304
54970259300
54970264793
54970270347
54970277061
54970282432
54970288658
54970293846
54970298789
54970306053
54970312949
54970318626
54970324363
54970331565
54970336997
54970342674
54970348716
54970354148
54970363486
54970368247
54970373435
54970382651
54970390769
54970396995
54970405662
54970415488
54970420737
54970428672
54970436484
54970441916
54970450705
54970458884
54970464744
54970471396
54970476951
54970482016
54970489585
54970495383
54970501975
54970508078
54970514853
54970519980
54970524192
54970530783
54970536521
54970543173
54970549643
54970556052
54970560629
54970565268
54970570761
54970577475
54970582785
54970589865
54970595175
54970600852
54970607016
54970613913
54970619894
54970625937
54970633261
54970639182
54970644675
54970649924
54970655783
54970660910
54970665732
54970673849
54970678854
54970685629
54970691427
54970697653
54970703879
54970710043
54970716025
54970721945
54970727194
54970732870
54970738547
54970745566
54970750265
54970755941
54970760946
54970768271
54970773703
54970779806
54970786764
54970792685
54970799765
54970805746
54970811850
54970818563
54970824057
54970829367
54970835043
54970840231
54970846456
54970851705
54970858114
54970863912
54970869955
54970878011
54970884725
54970888448
54970895956
54970901876
54970911825
54970918295
54970924581
54970930868
54970937154
54970942525
54970948751
54970957784
54970967184
54970976705
54970984395
54970992269
54970999715
54971008077
54971015890
54971022970
54971028646
54971034810
54971041890
54971048604
54971054647
54971059957
54971065084
54971071309
54971076864
54971083699
54971089315
54971094625
54971100484
54971107564
54971112935
54971120320
54971125508
54971130757
54971137837
54971146382
54971152608
54971160848
54971167806
54971173726
54971183919
54971193074
54971198445
54971207112
54971212972
54971219746
54971227681
54971235005
54971240132
54971248799
54971257222
54971260274
54971270833
54971278645
54971283040
54971290669
54971298298
54971306111
54971311360
54971318806
54971327046
54971335530
54971342488
54971349202
54971358418
54971364949
54971373066
54971379475
54971384724
54971392048
54971398518
54971405293
54971412373
54971417805
54971424946
54971430439
54971435139
54971443562
54971449177
54971455342
54971461567
54971467549
54971473408
54971478962
54971484577
54971490315
54971496357
54971501728
54971509235
54971518147
54971527912
54971535542
54971546345
54971553242
54971559162
54971566181
54971574787
54971583576
54971590473
54971595600
54971601703
54971606342
54971611225
54971619343
54971624347
54971630085
54971636616
54971642536
54971648945
54971654743
54971659748
54971665424
54971671344
54971678730
54971684040
54971690815
54971696613
54971701862
54971707355
54971714069
54971720233
54971724933
54971730426
54971737079
54971742267
54971747577
54971755207
54971760639
54971766315
54971771320
54971777545
54971783100
54971788165
54971795123
54971800617
54971806842
54971814471
54971820575
54971825702
54971831134
54971836932
54971842303
54971849200
54971855304
54971861102
54971866656
54971872699
54971877338
54971882770
54971890460
54971895343
54971900653
54971908954
54971914935
54971921161
54971927447
54971934710
54971940326
54971947101
54971952960
54971958331
54971963519
54971970782
54971976458
54971983538
54971989215
54971995806
54972001483
54972007342
54972013568
54972018878
54972025653
54972031085
54972036212
54972042864
54972049883
54972056048
54972061114
54972069720
54972076800
54972084673
54972094012
54972099993
54972112200
54972118121
54972123980
54972131243
54972138689
54972144854
54972150530
54972156939
54972163042
54972169329
54972174517
54972181292
54972185564
54972191241
54972198199
54972209795
54972217241
54972224993
54972232866
54972239031
54972245867
54972251299
54972257769
54972263994
54972269793
54972276506
54972283281
54972289629
54972296160
54972301592
54972308123
54972314714
54972319963
54972326616
54972332781
54972340227
54972347124
54972353411
54972360002
54972366838
54972371782
54972376848
54972385637
54972391069
54972396013
54972402971
54972408952
54972414507
54972419939
54972426592
54972432146
54972437639
54972445146
54972450090
54972456621
54972462846
54972469499
54972474016
54972480974
54972487504
54972493364
54972498613
54972504289
54972511369
54972517534
54972524431
54972529802
54972536088
54972542253
54972548417
54972553972
54972559648
54972565629
54972571672
54972577836
54972584245
54972592179
54972599015
54972604570
54972611344
54972625321
54972631547
54972642472
54972649186
54972658647
54972666520
54972671098
54972679948
54972687882
54972694779
54972700456
54972706925
54972712785
54972719132
54972724809
54972732255
54972738663
54972744340
54972751237
54972756242
54972762528
54972770096
54972774918
54972782426
54972788224
54972793595
54972799698
54972805558
54972812699
54972818558
54972824845
54972830521
54972835831
54972843216
54972847977
54972855362
54972860062
54972866837
54972873124
54972878922
54972883316
54972891251
54972897843
54972903336
54972909684
54972915421
54972921891
54972926712
54972933426
54972941056
54972946732
54972952225
54972957718
54972964066
54972971573
54972976761
54972983353
54972989700
54972995926
54973002884
54973009293
54973014298
54973020828
54973027237
54973033707
54973039078
54973045608
54973051956
54973058365
54973065323
54973071121
54973078384
54973084793
54973091141
54973097977
54973104873
54973110245
54973117080
54973123855
54973130325
54973137466
54973143814
54973149734
54973156936
54973163467
54973169021
54973182327
54973190017
54973198745
54973205154
54973213577
54973222427
54973226882
54973235427
54973242752
54973251418
54973256973
54973262832
54973269058
54973275466
54973279983
54973287490
54973293166
54973299209
54973306533
54973311599
54973318862
54973325942
54973331252
54973336806
54973343215
54973350783
54973357314
54973364150
54973370071
54973375381
54973380446
54973386916
54973394851
54973399306
54973405837
54973412368
54973418593
54973423781
54973429213
54973436049
54973441970
54973447768
54973453139
54973459304
54973466140
54973472182
54973478469
54973485671
54973492873
54973498671
54973503676
54973509841
54973515944
54973523635
54973530593
54973537245
54973543288
54973548537
54973555922
54973561537
54973567153
54973574782
54973580824
54973587538
54973592604
54973599684
54973606825
54973612685
54973620436
54973626418
54973631972
54973636671
54973643568
54973648695
54973655897
54973661696
54973668898
54973676405
54973682997
54973690321
54973696791
54973705031
54973711378
54973717665
54973723463
54973730726
54973740065
54973751722
54973759474
54973766127
54973775831
54973781569
54973788649
54973797926
54973804640
54973811781
54973816664
54973823255
54973828321
54973835035
54973841627
54973847425
54973853712
54973859754
54973866529
54973871290
54973878919
54973885145
54973890272
54973895277
54973900648
54973908521
54973913709
54973919813
54973924940
54973930433
54973937635
54973941968
54973947950
54973953931
54973959730
54973966016
54973971815
54973977064
54973983289
54973989149
54973995191
54974001111
54974006299
54974014051
54974018934
54974024854
54974029981
54974036573
54974041578
54974046338
54974051587
54974058606
54974064649
54974070874
54974077649
54974084851
54974091260
54974096936
54974105725
54974112134
54974118299
54974123303
54974131909
54974137403
54974143933
54974150525
54974156934
54974163709
54974169507
54974176282
54974183484
54974189099
54974195325
54974201123
54974207715
54974214368
54974221143
54974227673
54974234509
54974240430
54974245740
54974253125
54974259595
54974267346
54974273938
54974280163
54974285779
54974293652
54974300732
54974310803
54974315991
54974326733
54974335522
54974346081
54974351452
54974358899
54974366772
54974373303
54974379834
54974386731
54974391980
54974399060
54974403454
54974411999
54974417614
54974422985
54974427746
54974435497
54974440014
54974446667
54974451855
54974457043
54974463452
54974468884
54974476086
54974482372
54974488598
54974494701
54974500744
54974506420
54974511669
54974517468
54974523327
54974529003
54974533825
54974539440
54974546337
54974552318
54974558178
54974564098
54974571056
54974576183
54974581249
54974587475
54974593212
54974598522
54974604625
54974611034
54974617565
54974623607
54974629894
54974635631
54974640697
54974647411
54974653087
54974659191
54974666576
54974672496
54974679271
54974685131
54974692455
54974700573
54974707225
54974711620
54974719005
54974724132
54974732311
54974738780
54974745372
54974752208
54974758983
54974765819
54974772472
54974779918
54974785716
54974790172
54974796947
54974801707
54974809886
54974815135
54974820384
54974826427
54974832103
54974838939
54974844859
54974852367
54974860301
54974866771
54974872203
54974881785
54974890147
54974897838
54974906627
54974915172
54974920787
54974927379
54974932811
54974941295
54974947459
54974957957
54974964976
54974971629
54974978892
54974984263
54974991099
54974996043
54975002757
54975008311
54975012889
54975020213
54975025401
54975031626
54975038462
54975044688
54975050669
54975056346
54975062754
54975067454
54975073069
54975079722
54975084910
54975091624
54975097910
54975103831
54975109263
54975115427
54975121531
54975127695
54975135081
54975140452
54975147166
54975152170
54975158579
54975163279
54975169626
54975175669
54975182749
54975188791
54975194590
54975200571
54975206064
54975213022
54975218943
54975225840
54975231333
54975235544
54975241648
54975246103
54975254709
54975257639
54975267527
54975272104
54975278879
54975285471
54975290903
54975297373
54975303354
54975310007
54975317819
54975323557
54975329721
54975335825
54975340830
54975346384
54975352854
54975358652
54975365854
54975372629
54975378305
54975383920
54975389536
54975395334
54975401743
54975410776
54975417001
54975422617
54975428598
54975433786
54975439218
54975445688
54975451547
54975457590
54975469797
54975479379
54975487192
54975494028
54975500436
54975506723
54975514291
54975521859
54975527902
54975536386
54975542001
54975548166
54975553537
54975559640
54975565805
54975570810
54975577829
54975584298
54975591195
54975597299
54975602120
54975608468
54975615365
54975623483
54975630929
54975638619
54975647347
54975654366
54975663827
54975671090
54975680184
54975686532
54975692696
54975697274
54975703805
54975709481
54975716317
54975721688
54975728829
54975732918
54975740365
54975746712
54975753853
54975758004
54975764474
54975769662
54975776864
54975782235
54975788949
54975794869
54975800545
54975806466
54975811593
54975819649
54975825448
54975831612
54975838448
54975844429
54975850594
54975855782
54975861214
54975868477
54975873238
54975879525
54975884346
54975891793
54975897225
54975904976
54975912728
54975917488
54975923165
54975930184
54975935860
54975941353
54975947090
54975953438
54975960762
54975967720
54975974068
54975979927
54975986275
54975991951
54975998055
54976004524
54976011238
54976017708
54976026192
54976032722
54976041939
54976051033
54976058174
54976066841
54976074592
54976081062
54976087837
54976095161
54976102974
54976112495
54976117622
54976126411
54976131965
54976138130
54976143135
54976148628
54976153877
54976159980
54976166633
54976171821
54976177497
54976183540
54976189521
54976196968
54976201911
54976209175
54976215827
54976222724
54976229804
54976237251
54976243598
54976248420
54976254646
54976260200
54976265266
54976272651
54976277229
54976286140
54976291755
54976297370
54976302741
54976309760
54976314887
54976322517
54976328620
54976335456
54976340766
54976347541
54976352851
54976359016
54976365363
54976371772
54976377509
54976383491
54976390571
54976396186
54976401679
54976407905
54976413703
54976421332
54976427497
54976433539
54976439154
54976447150
54976451850
54976458930
54976463141
54976471259
54976477240
54976483283
54976489569
54976496710
54976501105
54976507819
54976513861
54976521674
54976528021
54976534918
54976540900
54976546393
54976551886
54976558966
54976564765
54976572821
54976579474
54976587470
54976594061
54976601202
54976607611
54976612616
54976620123
54976628058
54976634222
54976641180
54976649420
54976655829
54976661566
54976669134
54976675482
54976682257
54976689215
54976694891
54976701605
54976708319
54976712774
54976721685
54976727850
54976733831
54976739691
54976745184
54976752691
54976758429
54976766485
54976772772
54976778997
54976783880
54976791815
54976797796
54976803228
54976809027
54976815801
54976820562
54976827215
54976832891
54976838995
54976845281
54976849798
54976857610
54976863653
54976869024
54976875433
54976881170
54976887762
54976894109
54976901434
54976906377
54976913091
54976918279
54976923711
54976930242
54976936712
54976943426
54976949468
54976956182
54976961919
54976967534
54976972967
54976978826
54976985845
54976992193
54976999395
54977003789
54977010198
54977015752
54977020818
54977028386
54977034368
54977040166
54977046514
54977053289
54977061650
54977068120
54977075322
54977081731
54977087895
54977094121
54977100164
54977107793
54977113042
54977121037
54977127385
54977133122
54977139287
54977146855
54977152654
54977159795
54977165532
54977171452
54977180486
54977185918
54977192632
54977201176
54977207524
54977214238
54977220647
54977227422
54977234624
54977242497
54977250127
54977257634
54977264409
54977270756
54977278325
54977283879
54977291264
54977299138
54977306279
54977312687
54977319401
54977324955
54977330937
54977336857
54977343266
54977350346
54977355229
54977362797
54977368595
54977375370
54977380375
54977386662
54977393864
54977399845
54977405827
54977412541
54977418400
54977424198
54977429508
54977436772
54977442326
54977447575
54977454655
54977460453
54977467594
54977473393
54977478703
54977486027
54977491764
54977497501
54977503605
54977509891
54977516483
54977522221
54977528934
54977535465
54977540409
54977547428
54977554325
54977559696
54977565311
54977571354
54977576847
54977584781
54977590702
54977597294
54977603153
54977610050
54977616092
54977621219
54977628360
54977635318
54977641300
54977648868
54977654911
54977663456
54977668644
54977677310
54977682132
54977689334
54977695804
54977701908
54977708194
54977714359
54977721927
54977727664
54977734561
54977740909
54977747745
54977754581
54977762088
54977768253
54977775821
54977782413
54977789737
54977796817
54977802310
54977807559
54977814761
54977820132
54977827945
54977832645
54977840823
54977848086
54977854617
54977860782
54977866885
54977874515
54977882632
54977888064
54977895022
54977899783
54977907351
54977914370
54977919864
54977926699
54977933657
54977939090
54977945437
54977950930
54977957156
54977963015
54977969851
54977976992
54977981692
54977988345
54977993594
54978000003
54978005007
54978012026
54978017764
54978024355
54978030398
54978036929
54978044070
54978049807
54978055239
54978061282
54978067019
54978074221
54978079348
54978084353
54978091128
54978096438
54978103579
54978109866
54978116640
54978121340
54978128603
54978135744
54978141604
54978146975
54978152956
54978159060
54978165774
54978173525
54978178164
54978184817
54978189699
54978196413
54978204470
54978210695
54978216189
54978222109
54978227602
54978233278
54978240053
54978245180
54978252443
54978258242
54978264833
54978270754
54978278383
54978284120
54978290407
54978296999
54978304323
54978310854
54978317079
54978323183
54978330019
54978336244
54978343630
54978351259
54978357179
54978364259
54978370973
54978375856
54978381593
54978389040
54978394838
54978403932
54978410585
54978415712
54978423219
54978430482
54978437196
54978443605
54978450807
54978457887
54978464235
54978471864
54978477846
54978484681
54978491884
54978498109
54978503602
54978510865
54978517030
54978523134
54978528566
54978534059
54978540284
54978548463
54978553529
54978560182
54978565004
54978571962
54978577516
54978584657
54978590699
54978597657
54978603089
54978607423
54978615296
54978620118
54978626832
54978632020
54978639649
54978644715
54978651429
54978656739
54978663697
54978668824
54978675416
54978681397
54978687928
54978693055
54978699525
54978706605
54978712037
54978717408
54978723756
54978729554
54978736329
54978742493
54978749756
54978755005
54978761109
54978767518
54978772706
54978777833
54978784913
54978790345
54978798096
54978804078
54978809449
54978816102
54978823304
54978828858
54978836182
54978842591
54978849366
54978855408
54978860901
54978866700
54978874634
54978880005
54978887085
54978892884
54978900574
54978906372
54978914185
54978919983
54978927124
54978933899
54978940979
54978947815
54978955139
54978961548
54978968201
54978975220
54978981018
54978988464
54978993286
54979000977
54979007141
54979014465
54979020508
54979026794
54979034424
54979042541
54979049072
54979055298
54979063415
54979071655
54979077820
54979085144
54979091919
54979097717
54979105041
54979110107
54979117309
54979124389
54979131714
54979137268
54979142639
54979150146
54979156494
54979161987
54979167846
54979173645
54979180786
54979186889
54979193664
54979198852
54979203918
54979210632
54979216552
54979223083
54979229247
54979233642
54979241149
54979249633
54979256408
54979263366
54979269408
54979276000
54979281554
54979288024
54979293029
54979298095
54979304626
54979310241
54979315612
54979320922
54979326476
54979332213
54979338622
54979344604
54979351134
54979356505
54979362670
54979367858
54979374145
54979381164
54979385558
54979393432
54979400329
54979405639
54979411315
54979417296
54979422545
54979427855
54979435424
54979441405
54979447264
54979453429
54979458251
54979463683
54979468810
54979476866
54979481749
54979487425
54979495543
54979502135
54979508055
54979514586
54979522093
54979528685
54979534606
54979542479
54979548094
54979555113
54979560729
54979569762
54979575560
54979582579
54979588744
54979594908
54979599486
54979606993
54979613585
54979621092
54979627562
54979633543
54979640806
54979648070
54979653624
54979661009
54979667113
54979672362
54979680540
54979687376
54979694212
54979700010
54979706297
54979712278
54979716978
54979723753
54979729063
54979736570
54979741636
54979748960
54979754759
54979760191
54979765257
54979771482
54979777830
54979784544
54979789732
54979796690
54979801817
54979806639
54979813230
54979819273
54979825376
54979831846
54979837705
54979842832
54979849302
54979855467
54979860655
54979867368
54979872800
54979877866
54979883726
54979888364
54979895444
54979900266
54979905759
54979913389
54979919614
54979926267
54979932493
54979938413
54979944517
54979950010
54979957395
54979963804
54979970395
54979975095
54979981077
54979988096
54979993528
54979997678
54980004819
54980010556
54980015989
54980021360
54980028562
54980033750
54980039243
54980046506
54980053037
54980059690
54980065427
54980072873
54980078183
54980085691
54980092649
54980097043
54980104917
54980111814
54980118283
54980124997
54980132443
54980139340
54980145932
54980153134
54980160031
54980166074
54980171140
54980176511
54980183286
54980189816
54980195920
54980202817
54980209347
54980215207
54980222531
54980228207
54980234555
54980241391
54980251706
54980258114
54980263669
54980269711
54980275815
54980280942
54980287961
54980293820
54980300717
54980306454
54980311215
54980317074
54980324215
54980329770
54980335019
54980343197
54980348507
54980353634
54980358700
54980364559
54980371945
54980377072
54980382199
54980390438
54980396237
54980401180
54980405880
54980411984
54980417721
54980425167
54980431515
54980437191
54980443417
54980449398
54980455196
54980461056
54980468624
54980474117
54980480038
54980484982
54980490963
54980496212
54980503353
54980509090
54980514339
54980519771
54980528438
54980533993
54980541622
54980546627
54980554500
54980560055
54980565365
54980573910
54980579647
54980585994
54980590877
54980598385
54980604488
54980610164
54980615535
54980621273
54980627559
54980633907
54980640499
54980647213
54980653438
54980661800
54980666378
54980672603
54980679256
54980686641
54980693294
54980699642
54980706355
54980712581
54980718929
54980727657
54980733577
54980740962
54980747371
54980753841
54980759883
54980765987
54980772517
54980778133
54980784785
54980791621
54980798335
54980805476
54980811763
54980816707
54980826778
54980833858
54980839473
54980846065
54980852107
54980859675
54980868831
54980874202
54980880793
54980887568
54980894038
54980900569
54980905696
54980910579
54980917720
54980923884
54980930720
54980936885
54980942073
54980947566
54980952876
54980958674
54980965083
54980972285
54980977412
54980981867
54980992915
54980999385
54981005488
54981011653
54981018733
54981026850
54981033198
54981040705
54981046565
54981052790
54981058833
54981065485
54981071528
54981078059
54981083918
54981090266
54981096491
54981103632
54981110773
54981118403
54981125056
54981131281
54981137202
54981144526
54981150324
54981156305
54981162592
54981168879
54981175226
54981182795
54981187800
54981193842
54981203974
54981211115
54981216974
54981224726
54981230951
54981236872
54981243830
54981251520
54981259882
54981266230
54981272150
54981277033
54981284479
54981292047
54981298578
54981305780
54981313532
54981319940
54981326654
54981333307
54981341303
54981346613
54981353632
54981359125
54981365472
54981371637
54981377313
54981383661
54981389337
54981397333
54981402093
54981408685
54981416620
54981425043
54981434625
54981444696
54981453973
54981463983
54981469110
54981478021
54981486993
54981492242
54981501092
54981508905
54981512994
54981521112
54981525811
54981532647
54981538995
54981545831
54981552362
54981557550
54981565057
54981571405
54981576592
54981582513
54981588861
54981595147
54981599786
54981605340
54981611749
54981617669
54981624871
54981630608
54981637383
54981643121
54981649407
54981654046
54981659722
54981666741
54981672417
54981679681
54981685113
54981691155
54981697381
54981703912
54981710015
54981715142
54981721856
54981727654
54981733025
54981738579
54981745965
54981751641
54981758721
54981764947
54981771050
54981776787
54981782891
54981788079
54981792717
54981797905
54981804741
54981811577
54981816460
54981821404
54981827629
54981833367
54981840325
54981845696
54981852227
54981857353
54981862664
54981867852
54981873894
54981881462
54981887261
54981892266
54981898979
54981904045
54981911980
54981916924
54981925346
54981933220
54981939079
54981944634
54981950798
54981956108
54981961845
54981967583
54981974419
54981981194
54981988701
54982000359
54982006706
54982014397
54982020988
54982026054
54982034050
54982041435
54982048393
54982055961
54982062614
54982069206
54982076164
54982081169
54982087333
54982093071
54982099113
54982106132
54982112053
54982118278
54982123466
54982129020
54982135551
54982141227
54982147148
54982153923
54982160697
54982165763
54982172294
54982177665
54982182487
54982188590
54982196159
54982202201
54982208122
54982214103
54982220207
54982227836
54982232108
54982238700
54982243339
54982250785
54982256461
54982263114
54982268302
54982275077
54982280753
54982285453
54982296195
54982303519
54982310111
54982316032
54982323783
54982329886
54982334891
54982341727
54982347526
54982354117
54982360282
54982367118
54982373465
54982379447
54982385062
54982390128
54982397330
54982404105
54982411612
54982418265
54982424430
54982430716
54982438285
54982444327
54982450614
54982457144
54982465262
54982471060
54982478079
54982482718
54982489615
54982495352
54982502493
54982510977
54982517752
54982526114
54982531424
54982538931
54982545096
54982552359
54982558218
54982565726
54982574210
54982581534
54982587637
54982593619
54982600272
54982606497
54982614554
54982620230
54982627127
54982633047
54982640433
54982646658
54982652945
54982659598
54982666494
54982672171
54982678518
54982683767
54982689505
54982695547
54982698904
54982706900
54982712027
54982720572
54982726370
54982732779
54982738760
54982744924
54982752859
54982758169
54982767202
54982776541
54982782949
54982789358
54982795461
54982801870
54982808279
54982814810
54982823049
54982829214
54982837087
54982843191
54982850576
54982857412
54982863882
54982869680
54982877065
54982884878
54982890493
54982896352
54982903799
54982908437
54982915884
54982923574
54982930837
54982937673
54982944631
54982950734
54982957387
54982963003
54982971792
54982978017
54982985158
54982990163
54982997915
54983002675
54983010183
54983016408
54983022145
54983028554
54983035329
54983041310
54983044606
54983055165
54983062978
54983068593
54983075734
54983081227
54983090444
54983096852
54983106740
54983114247
54983121388
54983127065
54983135060
54983141713
54983147023
54983153615
54983159596
54983170094
54983176808
54983182790
54983190968
54983196828
54983203297
54983211964
54983218800
54983224232
54983231923
54983238515
54983246083
54983251393
54983258961
54983266469
54983275074
54983280873
54983286061
54983292958
54983299733
54983304860
54983311695
54983317799
54983325306
54983332203
54983338368
54983344776
54983350209
54983355580
54983363392
54983369129
54983376576
54983381764
54983388478
54983394886
54983401600
54983406910
54983414356
54983420582
54983426991
54983432789
54983439625
54983444996
54983451466
54983457691
54983463734
54983469471
54983474415
54983480884
54983486195
54983491932
54983499134
54983504322
54983510364
54983515858
54983524219
54983529590
54983535572
54983542469
54983547840
54983553577
54983559803
54983566578
54983572620
54983579395
54983585010
54983593128
54983600086
54983605945
54983610828
54983616016
54983622852
54983629139
54983635059
54983640918
54983646045
54983652515
54983657398
54983664295
54983669055
54983676380
54983684314
54983692554
54983697803
54983703296
54983708972
54983714221
54983721668
54983727222
54983733630
54983739673
54983747607
54983754688
54983763965
54983769641
54983780749
54983788745
54983794482
54983800708
54983806506
54983812182
54983821277
54983828357
54983834277
54983839892
54983844897
54983849414
54983855945
54983861987
54983866809
54983872546
54983879321
54983884143
54983891345
54983897998
54983902819
54983910388
54983915515
54983921801
54983928027
54983933947
54983939501
54983945910
54983950244
54983955798
54983961291
54983967211
54983971972
54983977160
54983983203
54983990405
54983998400
54984004443
54984010668
54984016528
54984022570
54984029467
54984035449
54984040087
54984046862
54984053149
54984058520
54984063952
54984069872
54984075793
54984080187
54984085863
54984093615
54984099657
54984105334
54984111132
54984117296
54984122545
54984128039
54984133654
54984138231
54984146105
54984152880
54984159227
54984166308
54984171984
54984178820
54984183764
54984191393
54984197802
54984203600
54984209520
54984215380
54984221544
54984227892
54984232531
54984239061
54984246019
54984252550
54984258470
54984266527
54984272020
54984278734
54984286119
54984291796
54984297289
54984305834
54984311998
54984320787
54984330187
54984341539
54984351244
54984358812
54984365892
54984372972
54984382616
54984388292
54984395860
54984402086
54984408311
54984414476
54984421190
54984426805
54984432298
54984438280
54984444383
54984451219
54984456529
54984464280
54984469407
54984475267
54984480943
54984486253
54984493882
54984499376
54984504869
54984510179
54984515306
54984520555
54984527513
54984532762
54984537400
54984542588
54984549851
54984555039
54984562486
54984568528
54984574571
54984579698
54984585191
54984590379
54984596604
54984602769
54984608140
54984615342
54984620774
54984627976
54984633897
54984639268
54984646287
54984653977
54984660325
54984666734
54984671860
54984677415
54984683396
54984688828
54984696274
54984700669
54984707322
54984713059
54984719895
54984724656
54984730881
54984735825
54984743638
54984750351
54984755417
54984763657
54984769822
54984776474
54984783738
54984790390
54984796372
54984802903
54984808945
54984814499
54984817551
54984825852
54984832810
54984839340
54984845810
54984852402
54984858689
54984865219
54984871201
54984878220
54984885422
54984892746
54984902390
54984909897
54984921860
54984929550
54984934982
54984941635
54984948410
54984953598
54984961594
54984968674
54984976425
54984982101
54984988815
54984995651
54985001633
54985007309
54985013046
54985020004
54985024826
54985031601
54985037033
54985043625
54985049789
54985055465
54985061874
54985067245
54985074875
54985079696
54985087387
54985093429
54985099044
54985104782
54985112411
54985117477
54985123336
54985129013
54985135787
54985141830
54985147262
54985154464
54985158676
54985165817
54985171371
54985178207
54985184066
54985189437
54985195541
54985202133
54985207321
54985213607
54985219589
54985225997
54985231979
54985238631
54985244064
54985248885
54985255782
54985260055
54985267806
54985273971
54985279769
54985286605
54985291732
54985297164
54985303695
54985311568
54985317611
54985325423
54985331283
54985339644
54985346358
54985352279
54985358199
54985365706
54985372176
54985378402
54985385299
54985391707
54985398116
54985405684
54985412215
54985418746
54985424300
54985428694
54985433455
54985438948
54985442305
54985447432
54985451155
54985457564
54985462813
54985469588
54985474715
54985480635
54985485701
54985491927
54985497908
54985505110
54985510664
54985515242
54985522139
54985526717
54985531905
54985537764
54985541487
54985546614
54985553511
54985558638
54985564375
54985569075
54985573531
54985579024
54985583174
54985589766
54985594710
54985600203
54985604597
54985611983
54985616499
54985621443
54985627119
54985631941
54985637556
54985641951
54985646711
54985651777
54985657515
54985663435
54985668623
54985673506
54985678572
54985683821
54985689863
54985694258
54985698896
54985703352
54985708479
54985712263
54985719465
54985724409
54985729048
54985734785
54985739057
54985744062
54985749189
54985755354
54985759809
54985765364
54985769514
54985775678
54985780561
54985785749
54985790632
54985795271
54985800642
54985805158
54985811506
54985816145
54985822248
54985827924
54985833479
54985838544
54985845319
54985849470
54985855146
54985861127
54985866560
54985871870
54985877058
54985881818
54985888410
54985894453
54985899030
54985906232
54985912214
54985916730
54985922895
54985930280
54985936811
54985942609
54985948407
54985957990
54985964826
54985973310
54985979657
54985986798
54985993085
54985998517
54986005231
54986012189
54986016950
54986023847
54986028485
54986034101
54986039411
54986044660
54986050458
54986054791
54986060956
54986064984
54986071942
54986076093
54986083539
54986087811
54986094586
54986099347
54986104352
54986110394
54986115094
54986120892
54986124799
54986130841
54986137250
54986142743
54986148968
54986155804
54986161664
54986164899
54986171612
54986177411
54986184369
54986190900
54986196698
54986201642
54986207684
54986213849
54986218243
54986225995
54986232647
54986240094
54986246258
54986251873
54986257184
54986263775
54986269513
54986275372
54986279889
54986285809
54986291729
54986298382
54986304486
54986310284
54986314923
54986321331
54986326580
54986332440
54986338604
54986346051
54986352703
54986358563
54986363690
54986368633
54986375286
54986381329
54986387493
54986392193
54986397747
54986403790
54986410626
54986413921
54986422833
54986427959
54986432720
54986438946
54986445965
54986450970
54986456951
54986463116
54986467022
54986472820
54986478313
54986483440
54986488933
54986493450
54986499492
54986503948
54986509441
54986518413
54986525615
54986534527
54986541851
54986549724
54986559185
54986565471
54986571453
54986579387
54986585186
54986591655
54986596965
54986600811
54986606548
54986613506
54986618389
54986623943
54986630413
54986636150
54986641155
54986648967
54986653667
54986661601
54986667339
54986673992
54986680400
54986687236
54986693157
54986698589
54986705241
54986711162
54986717998
54986722392
54986729167
54986734782
54986741191
54986747661
54986754680
54986761394
54986767131
54986773112
54986779033
54986784709
54986791240
54986796245
54986802043
54986809428
54986816325
54986821757
54986828166
54986835917
54986842509
54986849650
54986854533
54986861125
54986867595
54986874308
54986879435
54986885478
54986891887
54986901591
54986907267
54986913249
54986919474
54986927775
54986933695
54986939616
54986946330
54986953105
54986963236
54986969096
54986974406
54986980082
54986986002
54986991984
54986999796
54987006693
54987012980
54987018656
54987026286
54987030314
54987038309
54987046183
54987054850
