54856020212
54856026499
54856031870
54856037485
54856043039
54856047007
54856052011
54856057810
54856062448
54856067087
54856072763
54856078745
54856084116
54856088755
54856096811
54856102915
54856108652
54856114450
54856120249
54856127268
54856132517
54856138986
54856145151
54856150400
54856156992
54856160410
54856169626
54856176218
54856182199
54856188608
54856194772
54856201059
54856206857
54856215768
54856221872
54856227975
54856234750
54856240671
54856247690
54856254953
54856263132
54856267160
54856275949
54856281198
54856289010
54856295785
54856300607
54856309396
54856314950
54856323434
54856326791
54856336557
54856340219
54856348764
54856356210
54856362680
54856369882
54856374765
54856383126
54856388925
54856394601
54856402719
54856409371
54856415902
54856422738
54856426644
54856437386
54856445077
54856452828
54856459786
54856469186
54856476754
54856487557
54856497994
54856506295
54856515694
54856522713
54856534615
54856543587
54856550301
54856559273
54856568673
54856574105
54856582894
54856590462
54856598702
54856604195
54856611519
54856619271
54856627388
54856633553
54856641732
54856647957
54856656868
54856663277
54856671395
54856678109
54856687081
54856693245
54856701241
54856707344
54856716683
54856721199
54856730904
54856739449
54856746834
54856753365
54856760750
54856768379
54856775398
54856783760
54856791695
54856798286
54856805916
54856815010
54856822761
54856830208
54856834480
54856842903
54856852241
54856859688
54856867073
54856874519
54856881782
54856889229
54856896980
54856904548
54856913215
54856921211
54856928352
54856936348
54856942695
54856950752
54856958198
54856964729
54856973518
54856979743
54856987556
54856993843
54857003059
54857009284
54857017890
54857025886
54857032966
54857040473
54857047309
54857055122
54857062690
54857070380
54857077461
54857086677
54857093391
54857100532
54857106574
54857114387
54857120612
54857128913
54857133308
54857144416
54857151679
54857157355
54857165778
54857173347
54857181281
54857195319
54857203376
54857213691
54857221991
54857229743
54857236518
54857246833
54857256232
54857264472
54857272834
54857280402
54857284796
54857294379
54857301947
54857309271
54857318366
54857326178
54857331854
54857339728
54857346259
54857354071
54857361151
54857369208
54857376227
54857382452
54857390875
54857397284
54857406439
54857412787
54857420721
54857427008
54857435431
54857444281
54857451849
54857459234
54857466803
54857474127
54857481817
54857490179
54857497687
54857504461
54857512030
54857519293
54857526983
54857535467
54857541632
54857550299
54857558966
54857567999
54857574530
54857579657
54857591864
54857597051
54857607672
54857613226
54857624151
54857633123
54857639593
54857646978
54857656866
54857664068
54857673772
54857681280
54857691412
54857699590
54857707769
54857715704
54857724554
54857734991
54857741155
54857753057
54857759832
54857769536
54857777471
54857785405
54857794561
54857803106
54857813665
54857823369
54857831609
54857839971
54857848760
54857857915
54857869695
54857878362
54857883855
54857896489
54857902837
54857911138
54857920293
54857929509
54857937566
54857946538
54857955022
54857962773
54857972844
54857980779
54857991154
54858003361
54858011662
54858023625
54858032109
54858040288
54858049016
54858056889
54858065007
54858071477
54858080082
54858089238
54858097111
54858106266
54858112248
54858121281
54858129582
54858138310
54858147587
54858155888
54858162358
54858171147
54858178044
54858189701
54858198124
54858205937
54858213871
54858222904
54858229801
54858236393
54858245121
54858252079
54858258793
54858265934
54858272831
54858279911
54858286869
54858296513
54858303349
54858310612
54858316776
54858323185
54858330570
54858336491
54858344547
54858352421
54858359379
54858366337
54858373478
54858380253
54858386844
54858393802
54858402286
54858413700
54858421329
54858430118
54858437503
54858443668
54858451297
54858460025
54858466312
54858474796
54858480533
54858489322
54858493473
54858503482
54858512027
54858519596
54858527652
54858534366
54858543155
54858550235
54858558536
54858566898
54858574161
54858581790
54858588809
54858597964
54858606570
54858615054
54858622134
54858630862
54858636844
54858645694
54858651858
54858660159
54858674075
54858682925
54858692264
54858700992
54858712039
54858718753
54858728091
54858736331
54858741458
54858749514
54858754519
54858761111
54858768679
54858773928
54858778811
54858785586
54858791201
54858799136
54858805789
54858811709
54858817324
54858822390
54858830386
54858835391
54858844058
54858848818
54858854739
54858860964
54858868166
54858875124
54858883425
54858889590
54858896487
54858902468
54858908144
54858916933
54858923098
54858928286
54858936526
54858942751
54858950625
54858955813
54858961245
54858968569
54858974856
54858981081
54858987307
54858994997
54859002199
54859007631
54859015505
54859019289
54859027895
54859034548
54859040834
54859047609
54859053957
54859060549
54859066896
54859073488
54859079836
54859085024
54859091371
54859099550
54859106447
54859114015
54859120424
54859130800
54859136781
54859143678
54859149172
54859154970
54859160158
54859165895
54859171632
54859176088
54859182741
54859187379
54859193666
54859200197
54859205751
54859210512
54859217958
54859222963
54859228883
54859236635
54859242372
54859247438
54859255006
54859261964
54859269472
54859276002
54859282655
54859290651
54859299073
54859309572
54859316163
54859323549
54859329164
54859336427
54859342164
54859348390
54859354432
54859359071
54859365113
54859371034
54859376405
54859382325
54859388307
54859393800
54859399415
54859404359
54859412599
54859419496
54859424745
54859429994
54859437501
54859443604
54859449342
54859455567
54859460328
54859466248
54859472047
54859478394
54859485169
54859491700
54859497010
54859504395
54859509400
54859516724
54859521851
54859529175
54859535279
54859542359
54859546692
54859555054
54859561646
54859569031
54859575501
54859580872
54859586487
54859594666
54859600403
54859608460
54859615906
54859622254
54859626282
54859634217
54859641175
54859646057
54859652283
54859658875
54859666016
54859672913
54859679688
54859684815
54859691284
54859697754
54859703736
54859709778
54859716492
54859722778
54859728943
54859735474
54859742066
54859747376
54859755066
54859762573
54859768799
54859774719
54859780823
54859788208
54859795044
54859801208
54859808472
54859814392
54859821106
54859826660
54859833618
54859838989
54859845032
54859850464
54859858825
54859866821
54859873230
54859879760
54859887573
54859894592
54859901245
54859908081
54859913879
54859920959
54859928894
54859934692
54859940551
54859945556
54859952453
54859959106
54859966247
54859969909
54859978698
54859982360
54859990905
54859995971
54860001892
54860007751
54860013305
54860019592
54860023925
54860030090
54860035766
54860040588
54860046935
54860052673
54860057922
54860065063
54860070495
54860076415
54860081237
54860088073
54860094115
54860100280
54860106506
54860112670
54860118163
54860122497
54860127868
54860133849
54860140075
54860146300
54860152892
54860159667
54860165587
54860171386
54860177367
54860184813
54860190734
54860195495
54860203246
54860208251
54860215087
54860220946
54860227599
54860236937
54860244139
54860249938
54860256713
54860264098
54860269530
54860276427
54860283385
54860290892
54860297606
54860304259
54860310973
54860316588
54860322569
54860328185
54860334410
54860341124
54860348387
54860355589
54860362791
54860368712
54860373778
54860381529
54860387389
54860394347
54860399474
54860405882
54860411131
54860418150
54860422240
54860430968
54860437926
54860443846
54860447569
54860455443
54860462095
54860468504
54860473753
54860480589
54860487547
54860494139
54860500547
54860508421
54860515074
54860520445
54860529173
54860535948
54860542112
54860547911
54860553526
54860558042
54860563414
54860569517
54860575804
54860582029
54860586912
54860593748
54860600096
54860605650
54860611387
54860616514
54860623350
54860629087
54860633604
54860639951
54860643552
54860651487
54860654905
54860664243
54860670591
54860676572
54860682188
54860687437
54860692258
54860697568
54860703611
54860710386
54860715635
54860721738
54860726194
54860732603
54860738706
54860744321
54860751401
54860756894
54860763364
54860766782
54860775449
54860782773
54860789487
54860795774
54860802060
54860808408
54860814634
54860820310
54860826535
54860833310
54860838071
54860845700
54860850583
54860859555
54860866941
54860872678
54860879575
54860885556
54860891538
54860898007
54860904843
54860910947
54860916684
54860923520
54860929501
54860938352
54860944638
54860951840
54860958188
54860965390
54860971066
54860978329
54860983823
54860992917
54860999753
54861005124
54861011655
54861017636
54861021298
54861029843
54861033505
54861042355
54861048276
54861053586
54861062253
54861070431
54861076352
54861084042
54861091305
54861096493
54861105160
54861110165
54861118710
54861126278
54861131771
54861136288
54861142330
54861147396
54861154965
54861161007
54861166683
54861172116
54861178097
54861184994
54861191952
54861199032
54861204647
54861212155
54861215817
54861222836
54861227963
54861235043
54861240414
54861247616
54861254025
54861260983
54861267757
54861274715
54861279964
54861287044
54861294247
54861301083
54861308346
54861312923
54861318661
54861324581
54861330501
54861336361
54861341366
54861347469
54861353084
54861359127
54861365230
54861369991
54861376156
54861382320
54861389217
54861396480
54861402828
54861408992
54861416622
54861422298
54861428951
54861436214
54861442867
54861450313
54861457393
54861464229
54861469661
54861477535
54861484920
54861491329
54861499263
54861505916
54861511775
54861518123
54861524715
54861530574
54861536922
54861544063
54861549800
54861555660
54861563533
54861568355
54861575008
54861579951
54861588008
54861594661
54861601131
54861607600
54861613582
54861618831
54861624446
54861630794
54861637019
54861642268
54861652583
54861658320
54861665767
54861674800
54861682795
54861692195
54861700679
54861709529
54861716975
54861722468
54861727107
54861734004
54861738703
54861746638
54861752680
54861759944
54861765925
54861770564
54861778010
54861781916
54861787715
54861793940
54861799983
54861805659
54861812312
54861816950
54861822993
54861826289
54861833430
54861839533
54861845820
54861851984
54861857294
54861862605
54861867976
54861873286
54861879145
54861885981
54861890803
54861897089
54861902216
54861910273
54861913996
54861920832
54861925349
54861931147
54861937006
54861942927
54861949335
54861955561
54861962153
54861967646
54861972956
54861979853
54861985956
54861990961
54861997492
54862003473
54862008295
54862012812
54862019220
54862024897
54862032221
54862037897
54862043451
54862047907
54862053705
54862059564
54862064997
54862071466
54862076410
54862083917
54862088678
54862095636
54862100397
54862107233
54862113397
54862120111
54862123895
54862132318
54862139276
54862145990
54862149652
54862156244
54862163202
54862169672
54862176630
54862183221
54862188531
54862195001
54862202020
54862210809
54862218194
54862224664
54862235162
54862240960
54862247613
54862253106
54862260797
54862268121
54862273187
54862280389
54862284051
54862291742
54862297052
54862304803
54862308465
54862316034
54862321649
54862327691
54862334100
54862338616
54862344781
54862350457
54862357171
54862363641
54862370355
54862375848
54862381951
54862387017
54862393304
54862397759
54862405145
54862411675
54862417962
54862423699
54862429437
54862434625
54862440972
54862447381
54862452081
54862458916
54862463128
54862469292
54862473870
54862479119
54862485589
54862491570
54862496514
54862503655
54862509453
54862514764
54862519768
54862525017
54862530327
54862535943
54862541619
54862547112
54862552056
54862558220
54862564385
54862571404
54862578362
54862584160
54862590386
54862597405
54862603447
54862609185
54862615410
54862621941
54862627678
54862633171
54862640251
54862645562
54862650933
54862657585
54862663506
54862669426
54862677239
54862683403
54862690483
54862694512
54862703484
54862709282
54862716789
54862721977
54862728874
54862732414
54862739311
54862744804
54862750481
54862754143
54862761711
54862768791
54862775139
54862780144
54862786674
54862794304
54862801140
54862808769
54862816826
54862823295
54862829338
54862837211
54862843742
54862851066
54862858085
54862864128
54862870903
54862874626
54862883110
54862886650
54862893547
54862900077
54862906669
54862912468
54862917106
54862922721
54862928337
54862935417
54862938652
54862946159
54862952690
54862958549
54862964652
54862971122
54862976493
54862981010
54862988212
54862995475
54862999381
54863006889
54863012687
54863018485
54863024650
54863030753
54863034171
54863043571
54863049125
54863055412
54863063834
54863067008
54863075370
54863083121
54863087943
54863095206
54863100761
54863107230
54863112601
54863119498
54863124808
54863131766
54863135123
54863141593
54863147757
54863152091
54863156791
54863164847
54863170951
54863178031
54863184317
54863190543
54863195731
54863202018
54863207450
54863213919
54863221122
54863226432
54863234122
54863239310
54863247122
54863252249
54863260428
54863266532
54863273551
54863279410
54863284781
54863291373
54863297904
54863303214
54863309561
54863315787
54863322379
54863328055
54863335684
54863341361
54863350027
54863355765
54863363150
54863369070
54863378714
54863388418
54863398245
54863405752
54863412588
54863421683
54863428885
54863434012
54863441580
54863445303
54863452871
54863456411
54863465384
54863471182
54863476004
54863483145
54863487600
54863495291
54863499502
54863505911
54863509268
54863516958
54863524099
54863530386
54863535696
54863542166
54863547842
54863553884
54863559255
54863563894
54863570547
54863575918
54863581777
54863589041
54863594839
54863598074
54863606008
54863613455
54863619741
54863625723
54863631826
54863637136
54863642995
54863649709
54863654104
54863660268
54863664419
54863671621
54863679983
54863686636
54863694387
54863701345
54863707571
54863716115
54863723806
54863730398
54863739248
54863744497
54863751150
54863761403
54863769582
54863775258
54863783071
54863790883
54863797048
54863803823
54863810109
54863817617
54863824880
54863831716
54863838430
54863845571
54863853261
54863860341
54863865651
54863871205
54863880116
54863887685
54863896352
54863903493
54863910695
54863924184
54863931630
54863940358
54863945973
54863950185
54863959889
54863967946
54863974477
54863982838
54863991078
54863995778
54864003163
54864006581
54864015187
54864018483
54864026295
54864033681
54864040394
54864046437
54864051198
54864056813
54864061940
54864067250
54864073414
54864079335
54864086110
54864091908
54864097157
54864104664
54864111195
54864116810
54864124195
54864129811
54864138172
54864143055
54864149403
54864157459
54864163990
54864172169
54864180165
54864186817
54864194630
54864200794
54864209034
54864215748
54864222035
54864233631
54864241077
54864247181
54864252369
54864258045
54864264820
54864270435
54864276661
54864281300
54864289173
54864293934
54864300892
54864307361
54864312855
54864317554
54864324390
54864329212
54864336353
54864343921
54864349842
54864355457
54864361072
54864368580
54864375110
54864380481
54864385242
54864391895
54864396778
54864405078
54864411487
54864418689
54864423511
54864429065
54864436023
54864442432
54864447986
54864455066
54864461048
54864465686
54864472644
54864477527
54864484607
54864487903
54864496326
54864504260
54864511707
54864525073
54864533191
54864539294
54864549121
54864557849
54864565051
54864571765
54864577685
54864584582
54864590625
54864595569
54864602222
54864609546
54864615344
54864621081
54864627307
54864633899
54864640307
54864646106
54864651172
54864657214
54864666675
54864672839
54864678393
54864683520
54864691333
54864696948
54864702929
54864709399
54864715197
54864721118
54864727587
54864734973
54864741198
54864747119
54864752978
54864759753
54864765368
54864770678
54864777636
54864783923
54864789355
54864795886
54864801684
54864808398
54864813647
54864821825
54864825366
54864834521
54864840563
54864846667
54864853381
54864863879
54864873217
54864881029
54864886889
54864892809
54864898485
54864904894
54864911242
54864917650
54864925951
54864937731
54864945727
54864953478
54864961413
54864969286
54864975573
54864981859
54864986925
54864994493
54864999193
54865006639
54865014635
54865020311
54865025194
54865030809
54865037157
54865041551
54865049059
54865053697
54865062181
54865067247
54865073229
54865080797
54865089220
54865099413
54865106004
54865111925
54865120775
54865127794
54865134752
54865141588
54865148363
54865154588
54865160753
54865166856
54865173204
54865177904
54865184068
54865190111
54865195970
54865203966
54865210313
54865215867
54865222398
54865228013
54865233690
54865239732
54865246324
54865252549
54865259202
54865263780
54865270433
54865277269
54865283738
54865289109
54865296556
54865301316
54865307725
54865312486
54865319505
54865325547
54865331590
54865338060
54865343614
54865348985
54865354600
54865361436
54865366075
54865372910
54865379075
54865384385
54865390611
54865396592
54865401597
54865408738
54865414048
54865420457
54865425523
54865432664
54865439011
54865445115
54865451279
54865458787
54865463547
54865469468
54865477036
54865482041
54865488999
54865495469
54865501755
54865506394
54865512559
54865517502
54865525437
54865530625
54865537461
54865542832
54865549790
54865555039
54865562668
54865568406
54865573960
54865578721
54865584336
54865590561
54865596421
54865602463
54865609726
54865616074
54865622483
54865627976
54865632736
54865639328
54865644272
54865651047
54865655869
54865665146
54865670334
54865676987
54865684677
54865690537
54865697495
54865702927
54865712326
54865717880
54865725754
54865730820
54865737350
54865742844
54865748459
54865755661
54865762131
54865768722
54865774826
54865780868
54865786545
54865791977
54865797714
54865805160
54865810287
54865816879
54865822311
54865830185
54865835312
54865841232
54865849045
54865854782
54865860885
54865866684
54865872116
54865877975
54865883834
54865889694
54865896835
54865903122
54865909408
54865915878
54865921432
54865925888
54865933395
54865938400
54865948410
54865952133
54865960372
54865965866
54865971481
54865978256
54865984054
54865990280
54865996627
54866001937
54866008041
54866014083
54866019332
54866026534
54866031966
54866039413
54866044357
54866051376
54866058395
54866064803
54866071456
54866077254
54866082992
54866088607
54866094588
54866100997
54866107162
54866114425
54866121016
54866126388
54866133773
54866137496
54866144454
54866149215
54866156234
54866161727
54866167769
54866174788
54866180404
54866187239
54866191634
54866198714
54866203109
54866210311
54866217818
54866223983
54866229171
54866235701
54866241194
54866249007
54866255049
54866262435
54866268111
54866275679
54866282027
54866288680
54866295271
54866301924
54866308638
54866315291
54866322554
54866327010
54866333968
54866339095
54866346541
54866353133
54866358504
54866365156
54866372176
54866377302
54866384505
54866390974
54866396467
54866401655
54866407332
54866413923
54866419844
54866426436
54866432051
54866438032
54866444258
54866449629
54866456282
54866463301
54866468550
54866475630
54866480330
54866486250
54866495954
54866503157
54866509687
54866515242
54866519819
54866525679
54866531538
54866538313
54866544172
54866551740
54866559187
54866564741
54866570783
54866576887
54866582319
54866588178
54866592756
54866600141
54866603681
54866612714
54866618757
54866624921
54866629438
54866635480
54866642561
54866646162
54866653425
54866660566
54866664777
54866672285
54866678693
54866684431
54866691511
54866697614
54866703596
54866709455
54866715680
54866722761
54866727460
54866733320
54866740461
54866744489
54866750959
54866758832
54866764020
54866776410
54866790876
54866799665
54866810102
54866818769
54866827558
54866834699
54866841413
54866847394
54866854230
54866862348
54866871015
54866877973
54866885175
54866890851
54866896893
54866903485
54866910077
54866914410
54866921979
54866926984
54866933820
54866939374
54866944012
54866951520
54866958844
54866964215
54866971966
54866977582
54866984234
54866990704
54866996564
54867001507
54867008221
54867013287
54867019696
54867025738
54867030743
54867036603
54867041913
54867048626
54867051800
54867059918
54867066021
54867071820
54867077862
54867084393
54867089581
54867095074
54867100750
54867107952
54867113934
54867120648
54867126629
54867131878
54867137860
54867144024
54867149761
54867155926
54867161053
54867167950
54867175091
54867179730
54867185955
54867191937
54867196941
54867203655
54867207745
54867214459
54867222393
54867228069
54867234478
54867241680
54867247234
54867252239
54867257854
54867265118
54867270244
54867278057
54867284099
54867289654
54867296123
54867301372
54867309246
54867314983
54867321819
54867327801
54867334209
54867340923
54867347271
54867356792
54867363933
54867369121
54867377178
54867383525
54867389995
54867396831
54867402019
54867408733
54867412883
54867419048
54867423870
54867430828
54867436565
54867442729
54867447917
54867453716
54867460552
54867467021
54867472026
54867476848
54867488750
54867495036
54867501140
54867507182
54867514079
54867517619
54867525310
54867531596
54867537639
54867542888
54867547649
54867554790
54867561015
54867566753
54867571818
54867578166
54867584636
54867590556
54867597209
54867603740
54867609599
54867615458
54867622783
54867626811
54867635112
54867641337
54867647258
54867653300
54867660624
54867666789
54867670817
54867679667
54867686503
54867692790
54867699015
54867703227
54867710917
54867716654
54867723429
54867730021
54867736979
54867743205
54867749980
54867754008
54867761271
54867767191
54867771098
54867778605
54867784953
54867792094
54867798014
54867804179
54867809123
54867815348
54867823466
54867829996
54867836466
54867840556
54867848551
54867854166
54867859171
54867868693
54867877726
54867885416
54867894205
54867902689
54867914286
54867919962
54867929789
54867936197
54867941752
54867948465
54867955179
54867961588
54867968241
54867974344
54867980204
54867986124
54867992228
54867996561
54868003092
54868007425
54868015299
54868021097
54868026773
54868032022
54868038431
54868043924
54868050882
54868055948
54868062357
54868067911
54868073282
54868078409
54868083658
54868090433
54868096597
54868103006
54868107584
54868114542
54868119485
54868125955
54868132974
54868138345
54868144327
54868148965
54868153482
54868160196
54868165140
54868172159
54868175638
54868184366
54868187723
54868196695
54868202981
54868208902
54868215310
54868220865
54868227701
54868234475
54868241678
54868247049
54868253579
54868260232
54868267068
54868272378
54868278909
54868283975
54868288858
54868295083
54868299905
54868305276
54868311990
54868317849
54868324624
54868328408
54868335366
54868340432
54868347146
54868352517
54868360513
54868366311
54868371255
54868377603
54868382058
54868387063
54868393594
54868400308
54868406777
54868413247
54868418496
54868425515
54868431618
54868435342
54868444558
54868454568
54868464028
54868471352
54868482461
54868489480
54868495461
54868503640
54868510842
54868517922
54868524087
54868528969
54868534707
54868540261
54868545693
54868552834
54868559548
54868565773
54868571267
54868577614
54868583046
54868588539
54868596108
54868603127
54868606484
54868613381
54868616860
54868623696
54868626992
54868634804
54868642311
54868648842
54868655556
54868662392
54868669167
54868676003
54868681007
54868687782
54868694313
54868700295
54868706093
54868711037
54868717262
54868723915
54868730324
54868735573
54868743385
54868748756
54868755836
54868762123
54868767006
54868771644
54868778725
54868784279
54868791481
54868798561
54868805031
54868810890
54868816749
54868823829
54868830360
54868835792
54868842018
54868847145
54868854164
54868860267
54868865577
54868871009
54868878944
54868884803
54868891334
54868895301
54868902687
54868907997
54868915321
54868921974
54868928749
54868935829
54868940528
54868946205
54868952064
54868958167
54868962745
54868969581
54868974098
54868981056
54868986610
54868993385
54869000037
54869006812
54869012122
54869018775
54869026221
54869034095
54869042823
54869050208
54869055579
54869064979
54869074683
54869081824
54869089210
54869096168
54869103003
54869110450
54869117042
54869122168
54869129310
54869134803
54869141089
54869146033
54869152625
54869158118
54869163367
54869169104
54869175391
54869181433
54869186805
54869192176
54869196448
54869202429
54869208960
54869214575
54869219031
54869224768
54869229468
54869235388
54869240149
54869248450
54869255530
54869260840
54869266577
54869274207
54869280554
54869285864
54869291541
54869299658
54869306494
54869313269
54869317725
54869324805
54869330786
54869336951
54869343176
54869348303
54869355322
54869361853
54869367956
54869374609
54869380285
54869387060
54869393347
54869400305
54869406225
54869412939
54869418799
54869425757
54869432531
54869439428
54869445044
54869452490
54869459021
54869466162
54869472326
54869476599
54869482580
54869488806
54869494238
54869498876
54869506384
54869511694
54869517736
54869522985
54869529577
54869534704
54869540197
54869546118
54869554174
54869559667
54869567053
54869570898
54869578771
54869586157
54869591406
54869596899
54869605444
54869611791
54869616613
54869622350
54869630102
54869636510
54869644445
54869654699
54869663732
54869669652
54869676549
54869682958
54869691381
54869698339
54869704381
54869709142
54869715978
54869722631
54869728490
54869733739
54869742101
54869751012
54869757116
54869763341
54869769811
54869776220
54869783849
54869789830
54869796666
54869802709
54869808141
54869814855
54869821324
54869826757
54869833043
54869839025
54869844945
54869851415
54869858067
54869863072
54869870885
54869875401
54869883824
54869889500
54869895116
54869901158
54869907567
54869913914
54869921483
54869928014
54869935826
54869941258
54869947423
54869953099
54869960179
54869966832
54869973485
54869980504
54869985692
54869991795
54869998509
54870004796
54870011265
54870016942
54870024693
54870030369
54870037205
54870042210
54870050633
54870057652
54870063939
54870067662
54870075352
54870082676
54870088414
54870093785
54870099400
54870105198
54870109593
54870117100
54870123997
54870130161
54870134922
54870142613
54870149510
54870155125
54870161472
54870168064
54870173618
54870179661
54870186375
54870192417
54870197971
54870205845
54870211887
54870219639
54870225498
54870235447
54870245518
54870252659
54870259312
54870265110
54870270359
54870278293
54870285312
54870291233
54870298008
54870303257
54870309299
54870313694
54870320102
54870326999
54870333164
54870338840
54870346225
54870351474
54870357029
54870363132
54870369480
54870374973
54870381076
54870387607
54870393283
54870398838
54870402866
54870409275
54870413547
54870419284
54870425876
54870432285
54870437045
54870444064
54870449558
54870456516
54870461948
54870468478
54870474704
54870481113
54870486789
54870492221
54870496494
54870501743
54870507175
54870512729
54870519626
54870523532
54870529086
54870534640
54870540561
54870547153
54870552157
54870558932
54870565585
54870569186
54870575534
54870580050
54870586154
54870590732
54870598300
54870602267
54870611850
54870615329
54870622775
54870632724
54870639499
54870646151
54870651522
54870657687
54870664035
54870669040
54870675204
54870681491
54870687838
54870695040
54870701266
54870706515
54870714266
54870721530
54870726779
54870733859
54870739413
54870746310
54870754244
54870760165
54870765109
54870770846
54870778536
54870785983
54870792696
54870797823
54870806979
54870817171
54870825960
54870836459
54870840243
54870848727
54870852206
54870859835
54870863192
54870870394
54870877047
54870883150
54870889315
54870895540
54870900484
54870905977
54870911165
54870918062
54870924105
54870928743
54870934053
54870939852
54870945955
54870951571
54870957796
54870961519
54870969454
54870974520
54870981844
54870987337
54870993685
54871000337
54871006868
54871013033
54871017061
54871022127
54871027498
54871033174
54871039583
54871044039
54871050997
54871058138
54871064058
54871070162
54871075716
54871083772
54871088777
54871093965
54871101167
54871106844
54871112459
54871121065
54871125154
54871134553
54871141206
54871148103
54871152132
54871161043
54871167695
54871174592
54871178438
54871186738
54871193635
54871202363
54871210359
54871215791
54871224885
54871231355
54871238435
54871244416
54871251069
54871257478
54871263642
54871270356
54871276521
54871282930
54871289094
54871294160
54871301057
54871308320
54871315034
54871322053
54871329255
54871335847
54871341035
54871348786
54871356172
54871362641
54871368195
54871374665
54871382172
54871387971
54871396821
54871407136
54871415253
54871422456
54871428132
54871435334
54871443146
54871447907
54871454804
54871460480
54871466340
54871472565
54871478425
54871484955
54871490937
54871497101
54871502595
54871507538
54871515107
54871522675
54871529023
54871535065
54871540986
54871548127
54871554108
54871560151
54871566254
54871572174
54871578522
54871585175
54871592072
54871597809
54871604767
54871611054
54871617645
54871623383
54871628266
54871634430
54871641693
54871648163
54871654816
54871661041
54871667328
54871673248
54871678803
54871684418
54871690033
54871696136
54871702606
54871708343
54871714508
54871718842
54871725738
54871732819
54871738678
54871745270
54871751984
54871758697
54871764679
54871771271
54871777374
54871783600
54871789764
54871795257
54871801483
54871808319
54871814666
54871819549
54871825653
54871830841
54871837066
54871842987
54871848358
54871856903
54871860626
54871869537
54871876800
54871882782
54871890228
54871896026
54871902252
54871908599
54871916351
54871921173
54871928192
54871934661
54871941741
54871947723
54871954376
54871964019
54871970916
54871976470
54871984832
54871990936
54871998199
54872006377
54872013152
54872021636
54872027801
54872033965
54872039764
54872044829
54872051971
54872059295
54872065093
54872072295
54872077239
54872084197
54872090911
54872096648
54872103789
54872109221
54872117095
54872122161
54872129363
54872136504
54872142180
54872149016
54872154204
54872161528
54872166411
54872173247
54872179656
54872186980
54872194426
54872200896
54872207183
54872212187
54872220305
54872223662
54872231597
54872238616
54872244719
54872251616
54872255888
54872262480
54872268584
54872276030
54872283354
54872288969
54872295805
54872302885
54872308318
54872315459
54872321623
54872328459
54872335295
54872341704
54872350127
54872354643
54872361357
54872368559
54872374968
54872382109
54872389067
54872394865
54872401640
54872408171
54872416105
54872422026
54872428312
54872435759
54872442106
54872448820
54872456511
54872462553
54872469206
54872475431
54872483000
54872489286
54872495207
54872502226
54872508879
54872517729
54872523344
54872530607
54872538297
54872545683
54872553312
54872558988
54872569547
54872578153
54872583341
54872590726
54872597562
54872603117
54872609647
54872615934
54872623136
54872628690
54872634855
54872641386
54872646940
54872653409
54872658414
54872667020
54872673429
54872680997
54872686429
54872693265
54872699308
54872704984
54872712735
54872718534
54872725431
54872730985
54872737333
54872744596
54872750760
54872756314
54872759671
54872769559
54872776334
54872781766
54872787808
54872794828
54872800382
54872805936
54872811368
54872820096
54872825894
54872832913
54872838712
54872845120
54872851651
54872857388
54872864835
54872871060
54872878262
54872883633
54872890103
54872896878
54872904202
54872910611
54872916287
54872924344
54872928860
54872935696
54872942654
54872949002
54872956387
54872961575
54872969998
54872975979
54872982327
54872990201
54872995205
54873003994
54873010220
54873015957
54873022732
54873028836
54873034817
54873039883
54873045987
54873050991
54873059964
54873067654
54873075405
54873086392
54873093716
54873103115
54873110684
54873122036
54873128079
54873134609
54873140774
54873147610
54873153835
54873160427
54873165737
54873172695
54873177822
54873184170
54873188931
54873195766
54873201687
54873209011
54873214931
54873221035
54873227138
54873232754
54873238491
54873244655
54873250027
54873256252
54873262234
54873267055
54873274257
54873278164
54873285915
54873289455
54873296535
54873304287
54873309047
54873315212
54873321804
54873328518
54873334804
54873340664
54873347194
54873352199
54873358303
54873363491
54873368312
54873374904
54873379604
54873384487
54873391384
54873397304
54873402919
54873408595
54873413844
54873419094
54873424709
54873430629
54873436916
54873441493
54873454677
54873459987
54873466213
54873472743
54873478358
54873485866
54873490810
54873497035
54873502956
54873508388
54873512782
54873520167
54873527003
54873532435
54873538051
54873544826
54873551051
54873558009
54873564479
54873571681
54873576930
54873584254
54873591029
54873598597
54873603846
54873611903
54873617213
54873625697
54873630580
54873640284
54873646388
54873653956
54873660182
54873668421
54873674830
54873682154
54873690516
54873697352
54873705409
54873709071
54873717249
54873722682
54873730921
54873736048
54873741725
54873748316
54873753809
54873760523
54873766993
54873773585
54873778651
54873786585
54873793238
54873799891
54873806971
54873813685
54873820399
54873827296
54873833948
54873840357
54873846583
54873852991
54873859583
54873867212
54873873621
54873880762
54873886988
54873894190
54873900904
54873906580
54873913965
54873919764
54873926477
54873933619
54873939478
54873946741
54873952723
54873958155
54873966272
54873971704
54873979578
54873985071
54873992578
54873998072
54874005640
54874011072
54874018762
54874023096
54874033350
54874039453
54874045740
54874051904
54874056604
54874063440
54874070154
54874077417
54874082727
54874090967
54874096216
54874102808
54874109521
54874116540
54874123254
54874129785
54874136560
54874143335
54874150598
54874156640
54874161645
54874170007
54874176782
54874183069
54874190271
54874196679
54874202417
54874209436
54874214929
54874222131
54874229394
54874236108
54874241479
54874248803
54874254296
54874262048
54874267480
54874275720
54874279870
54874289331
54874297692
54874304894
54874312768
54874318322
54874325402
54874332299
54874343224
54874346703
54874355981
54874362267
54874368859
54874372704
54874382836
54874390466
54874396935
54874402428
54874408776
54874415307
54874421593
54874427270
54874433678
54874442589
54874447655
54874456078
54874461938
54874468529
54874475609
54874482262
54874488122
54874495751
54874499657
54874506798
54874511925
54874519188
54874524376
54874532006
54874539330
54874545800
54874553429
54874560326
54874567101
54874572655
54874580101
54874585655
54874593529
54874600304
54874606529
54874611412
54874617516
54874624291
54874630516
54874636925
54874643211
54874649864
54874656151
54874661400
54874667748
54874674522
54874680870
54874687279
54874693626
54874699669
54874704796
54874711632
54874718162
54874724754
54874731346
54874737999
54874744835
54874750511
54874757286
54874762779
54874769615
54874775291
54874782249
54874787742
54874794517
54874800438
54874807823
54874813865
54874819725
54874827476
54874833397
54874841209
54874846702
54874853355
54874858787
54874866783
54874872459
54874880271
54874886619
54874894004
54874900047
54874906944
54874914878
54874920616
54874928550
54874934837
54874944724
54874953391
54874961265
54874968406
54874973960
54874982139
54874986961
54874994468
54875000571
54875007285
54875012046
54875019981
54875025168
54875032981
54875040793
54875048057
54875053611
54875060019
54875065391
54875072898
54875078208
54875086081
54875089988
54875099143
54875102927
54875111533
54875116965
54875125144
54875129050
54875137290
54875144797
54875151084
54875157431
54875163718
54875170676
54875176963
54875183127
54875189536
54875195700
54875202170
54875208762
54875215231
54875220480
54875227133
54875233664
54875240317
54875250266
54875257773
54875265280
54875269614
54875278891
54875285727
54875292807
54875300070
54875307455
54875315512
54875322592
54875328757
54875334982
54875346762
54875353598
54875361715
54875369162
54875376181
54875385214
54875391378
54875399313
54875407370
54875414450
54875421408
54875429159
54875435202
54875441488
54875451071
54875456869
54875462912
54875469381
54875476095
54875482870
54875490072
54875495687
54875505026
54875511617
54875516989
54875523397
54875530782
54875535848
54875543661
54875550436
54875556112
54875563253
54875569662
54875575338
54875582906
54875588766
54875597189
54875604574
54875610738
54875616781
54875622457
54875628438
54875635152
54875641927
54875647176
54875653463
54875658590
54875666463
54875672750
54875678487
54875682454
54875690450
54875697530
54875703634
54875709005
54875714864
54875721761
54875726155
54875733846
54875739888
54875745443
54875750264
54875757588
54875762776
54875769063
54875774312
54875782186
54875787984
54875793843
54875799642
54875805562
54875812886
54875817342
54875825215
54875832539
54875838399
54875845418
54875851155
54875858113
54875864217
54875869832
54875877217
54875882405
54875890034
54875896016
54875902241
54875905965
54875913350
54875918782
54875926350
54875931843
54875940083
54875947041
54875953511
54875960225
54875965474
54875972798
54875979390
54875985798
54875992756
54875999714
54876004475
54876012104
54876019123
54876026142
54876031697
54876039509
54876043476
54876051899
54876057331
54876064228
54876070210
54876078388
54876085713
54876092182
54876098469
54876105122
54876112202
54876119770
54876127400
54876132649
54876140461
54876146809
54876155170
54876161335
54876169697
54876175251
54876186176
54876192707
54876198200
54876206318
54876210102
54876218342
54876226032
54876232563
54876237568
54876243793
54876250263
54876256550
54876262348
54876268757
54876276691
54876281086
54876288227
54876294696
54876300556
54876307758
54876313556
54876320819
54876328266
54876333942
54876340351
54876347126
54876353351
54876358722
54876365680
54876374164
54876380756
54876387470
54876393939
54876397663
54876405658
54876412311
54876418842
54876425739
54876432391
54876439166
54876445331
54876451740
54876458392
54876465106
54876471759
54876485431
54876495196
54876503070
54876510089
54876516315
54876522723
54876529071
54876535052
54876541949
54876547748
54876553546
54876559588
54876566913
54876574542
54876580829
54876587970
54876594439
54876599749
54876605853
54876610553
54876617816
54876624285
54876630084
54876636920
54876642779
54876649676
54876655230
54876663592
54876667559
54876676776
54876682940
54876687945
54876695391
54876702410
54876708941
54876712664
54876721331
54876727313
54876733233
54876739398
54876746172
54876753191
54876760394
54876768084
54876775530
54876782061
54876790057
54876798968
54876804949
54876815020
54876821429
54876829851
54876835894
54876842180
54876848467
54876854876
54876863176
54876868609
54876877153
54876882525
54876889971
54876895220
54876901079
54876906450
54876916216
54876920061
54876929583
54876933306
54876942644
54876946184
54876955339
54876963457
54876970232
54876977190
54876982683
54876989885
54876996538
54877002458
54877009172
54877017229
54877022295
54877029253
54877034197
54877041521
54877046343
54877053423
54877060320
54877065630
54877070451
54877077043
54877081804
54877088457
54877093156
54877100175
54877103715
54877112443
54877116106
54877124528
54877131059
54877137102
54877154374
54877161332
54877168413
54877173967
54877180925
54877187578
54877193376
54877200395
54877206193
54877212541
54877218034
54877223039
54877229936
54877237077
54877242875
54877247880
54877255021
54877260636
54877270524
54877274552
54877283158
54877291154
54877298112
54877303483
54877310990
54877316911
54877320634
54877329240
54877335954
54877342057
54877349076
54877355668
54877361527
54877369584
54877377213
54877383134
54877393082
54877400773
54877408158
54877415482
54877420609
54877428055
54877433426
54877440873
54877448624
54877454117
54877459488
54877465531
54877471695
54877477982
54877484696
54877493607
54877498978
54877506058
54877511673
54877517533
54877521622
54877527298
54877532669
54877540665
54877545670
54877551590
54877556534
54877563553
54877570755
54877576737
54877584915
54877591202
54877600296
54877608292
54877614761
54877620255
54877627701
54877634720
54877640945
54877644791
54877654068
54877660782
54877667130
54877672867
54877679153
54877686844
54877691666
54877698379
54877704666
54877711929
54877719131
54877727798
54877734390
54877741531
54877748672
54877754776
54877761551
54877767349
54877773452
54877781082
54877787857
54877794449
54877800430
54877804153
54877812637
54877819412
54877825271
54877831985
54877838699
54877844802
54877849624
54877855789
54877860671
54877868728
54877875198
54877882583
54877888809
54877894912
54877900283
54877906509
54877913101
54877918289
54877925918
54877933425
54877939346
54877945022
54877951125
54877958450
54877966262
54877972854
54877982864
54877989577
54877995742
54878004714
54878011428
54878019607
54878027541
54878033462
54878040664
54878047317
54878052871
54878061049
54878067275
54878073439
54878078811
54878085830
54878091445
54878097121
54878105727
54878111892
54878117812
54878124770
54878130568
54878135756
54878143080
54878150222
54878156996
54878162917
54878169203
54878176528
54878182753
54878188796
54878194838
54878200636
54878207900
54878212782
54878220229
54878226149
54878231947
54878239150
54878246169
54878252089
54878258437
54878265639
54878269118
54878277113
54878284560
54878290175
54878294997
54878300551
54878307081
54878312575
54878318495
54878325209
54878331129
54878338087
54878344862
54878349562
54878356398
54878361647
54878369032
54878376722
54878383375
54878388441
54878394606
54878401258
54878407423
54878413893
54878419813
54878427381
54878432569
54878440260
54878445570
54878452589
54878456007
54878464063
54878469801
54878475660
54878485060
54878491712
54878497572
54878503675
54878510023
54878515211
54878522352
54878525709
54878532911
54878540601
54878547315
54878555921
54878563978
54878571363
54878578138
54878583265
54878591566
54878595655
54878605054
54878611890
54878616590
54878624219
54878630567
54878636121
54878639661
54878648694
54878654981
54878660657
54878666578
54878672864
54878679395
54878684644
54878691846
54878696363
54878702710
54878707959
54878715589
54878720838
54878727796
54878733289
54878738843
54878744947
54878750562
54878756360
54878763745
54878769910
54878776258
54878782239
54878788770
54878794812
54878799573
54878807202
54878812390
54878817700
54878823682
54878829968
54878835156
54878841626
54878846997
54878853589
54878858655
54878866406
54878872388
54878878125
54878885571
54878889722
54878895703
54878902356
54878908887
54878914319
54878920117
54878926953
54878932446
54878937024
54878943615
54878949170
54878953747
54878958752
54878966748
54878973584
54878978772
54878983777
54878990002
54878996167
54879002697
54879008435
54879014843
54879021130
54879027478
54879032482
54879038830
54879042980
54879048779
54879054638
54879060131
54879066113
54879072094
54879079296
54879085095
54879092236
54879098156
54879104992
54879110973
54879119885
54879127270
54879134350
54879138500
54879148571
54879156322
54879161205
54879171825
54879177868
54879185314
54879191357
54879198009
54879205517
54879211864
54879217541
54879224254
54879229442
54879235546
54879240490
54879246776
54879253368
54879259533
54879266491
54879272899
54879281017
54879286327
54879292797
54879298900
54879304271
54879310009
54879317333
54879322643
54879329418
54879335277
54879340526
54879343883
54879351085
54879358348
54879364513
54879369762
54879375194
54879381359
54879385814
54879392528
54879399669
54879406566
54879411754
54879417980
54879423167
54879431224
54879434947
54879442760
54879449413
54879454967
54879461253
54879466441
54879474986
54879481090
54879488475
54879495189
54879502330
54879509349
54879513255
54879521312
54879528270
54879534068
54879540660
54879548655
54879555613
54879562144
54879568797
54879575511
54879579478
54879589061
54879596080
54879601268
54879608348
54879613963
54879619517
54879627818
54879633982
54879643077
54879650523
54879657115
54879663279
54879670176
54879675913
54879688426
54879696909
54879702158
54879714488
54879722605
54879731028
54879736521
54879744028
54879749888
54879756235
54879763438
54879769419
54879774180
54879780466
54879787119
54879792612
54879798899
54879804453
54879811350
54879814707
54879823130
54879829416
54879835642
54879840769
54879847117
54879853830
54879858835
54879865305
54879871592
54879876841
54879881723
54879888071
54879893320
54879900156
54879903879
54879911875
54879918405
54879924448
54879927927
54879935800
54879943064
54879948984
54879954599
54879958689
54879964426
54879970346
54879975168
54879981943
54879987558
54879993845
54879999033
54880003671
54880010080
54880014841
54880020700
54880026010
54880032175
54880035654
54880043100
54880050119
54880056894
54880063364
54880068185
54880075021
54880079477
54880087045
54880092416
54880097909
54880104562
54880110177
54880116098
54880123422
54880128915
54880134836
54880140268
54880146737
54880152170
54880158639
54880164071
54880171396
54880176278
54880183053
54880188913
54880194833
54880198556
54880205392
54880211557
54880217355
54880221078
54880229074
54880234017
54880239938
54880246102
54880252206
54880259835
54880266061
54880276071
54880284799
54880294686
54880299081
54880307992
54880315438
54880323495
54880327035
54880336190
54880341195
54880346993
54880353097
54880359322
54880366341
54880371407
54880378365
54880383309
54880390938
54880396493
54880402047
54880407235
54880413338
54880417916
54880424630
54880430367
54880436104
54880440438
54880447335
54880453133
54880459542
54880463204
54880471138
54880477608
54880482308
54880489937
54880496834
54880501778
54880507576
54880513497
54880519417
54880524422
54880530587
54880536873
54880542916
54880549141
54880553780
54880560066
54880564644
54880570748
54880577767
54880584297
54880591499
54880597359
54880602486
54880607796
54880612801
54880619576
54880624825
54880632271
54880637886
54880645393
54880651802
54880658455
54880662178
54880670723
54880677864
54880684761
54880688667
54880696785
54880703071
54880707710
54880713875
54880719795
54880725227
54880730842
54880736030
54880741829
54880746711
54880752449
54880758308
54880764351
54880770515
54880777412
54880784736
54880789619
54880795600
54880800300
54880806770
54880813545
54880820198
54880825935
54880832527
54880840827
54880847724
54880856819
54880866767
54880873603
54880880988
54880886787
54880895332
54880901313
54880909004
54880915534
54880920722
54880927070
54880934394
54880940376
54880945747
54880952766
54880958076
54880965827
54880971320
54880979011
54880984992
54880991828
54880995795
54881004401
54881011176
54881017768
54881023566
54881030219
54881036872
54881043158
54881048041
54881054206
54881061225
54881065863
54881071723
54881078132
54881083625
54881089118
54881096381
54881104560
54881110236
54881115424
54881122626
54881129401
54881138922
54881143927
54881154181
54881163092
54881170477
54881178046
54881183051
54881190497
54881197211
54881204108
54881210638
54881215216
54881225287
54881231146
54881237982
54881243903
54881249823
54881256232
54881260016
54881269049
54881274481
54881280585
54881285651
54881291632
54881302374
54881308661
54881314886
54881320990
54881326788
54881334967
54881341131
54881346747
54881353033
54881359564
54881365789
54881371405
54881378668
54881385260
54881392096
54881397222
54881403326
54881409979
54881415838
54881422186
54881430487
54881436529
54881445684
54881452398
54881462530
54881468817
54881479315
54881486944
54881493047
54881498480
54881504339
54881510626
54881517217
54881523138
54881529363
54881534673
54881541387
54881548650
54881555059
54881562383
54881568304
54881573858
54881578741
54881586126
54881592168
54881598333
54881605718
54881611211
54881617132
54881622808
54881627691
54881634832
54881640142
54881646123
54881651861
54881658391
54881665288
54881671880
54881677190
54881683477
54881689275
54881694768
54881702642
54881708928
54881713872
54881720525
54881725103
54881732305
54881738225
54881743901
54881749394
54881756780
54881763982
54881770268
54881780034
54881785405
54881790410
54881797612
54881801152
54881807927
54881812749
54881819035
54881824101
54881831242
54881837590
54881843510
54881847173
54881855412
54881859685
54881868230
54881875004
54881880437
54881887150
54881893803
54881897526
54881906560
54881910222
54881919804
54881923466
54881931889
54881935673
54881943058
54881950383
54881956242
54881961491
54881967534
54881973271
54881978276
54881984867
54881989689
54881996586
54882001591
54882010258
54882019291
54882025883
54882035527
54882046513
54882052738
54882059208
54882063053
54882073918
54882079899
54882086247
54882091435
54882097355
54882103031
54882107548
54882113224
54882121220
54882125736
54882130375
54882137699
54882142887
54882149601
54882156193
54882162968
54882168827
54882175480
54882182316
54882189152
54882194645
54882201481
54882207706
54882214481
54882221805
54882228702
54882233951
54882240421
54882246891
54882253971
54882259281
54882266300
54882271854
54882277774
54882285038
54882290775
54882298709
54882302738
54882311283
54882319583
54882326480
54882331607
54882338321
54882345462
54882351810
54882357181
54882363956
54882370426
54882375064
54882381046
54882386417
54882391910
54882396549
54882402164
54882408817
54882415653
54882422855
54882429141
54882434940
54882441531
54882447147
54882454715
54882460757
54882468448
54882474124
54882481937
54882485721
54882495059
54882498904
54882507205
54882514224
54882520572
54882526797
54882531680
54882538211
54882544619
54882551455
54882557925
54882564029
54882568667
54882574527
54882580752
54882586367
54882590884
54882596682
54882603457
54882609988
54882620852
54882630313
54882637393
54882646121
54882652102
54882661135
54882670413
54882676089
54882682192
54882687808
54882694094
54882700869
54882706179
54882712344
54882716738
54882722659
54882729494
54882734743
54882739687
54882745608
54882751772
54882756411
54882762759
54882768679
54882773745
54882779787
54882785219
54882791628
54882796633
54882802370
54882808596
54882813967
54882819033
54882825380
54882831484
54882838259
54882843935
54882852053
54882858156
54882865236
54882871279
54882877687
54882883425
54882892214
54882896364
54882904299
54882911013
54882916384
54882921877
54882929567
54882936342
54882942079
54882947817
54882953676
54882957155
54882965578
54882972109
54882979250
54882985475
54882992067
54882998110
54883004213
54883010439
54883015382
54883022707
54883027834
54883036134
54883042055
54883048769
54883053834
54883060304
54883066957
54883072633
54883079286
54883085451
54883091493
54883098878
54883104921
54883111452
54883117189
54883123353
54883131044
54883136171
54883141053
54883147584
54883152650
54883158021
54883163026
54883169862
54883175294
54883182191
54883185975
54883192750
54883197877
54883205445
54883209474
54883221986
54883232667
54883243287
54883251588
54883257936
54883266053
54883272889
54883277467
54883284547
54883290345
54883296876
54883302308
54883309998
54883318971
54883324647
54883331178
54883336243
54883343385
54883348511
54883354981
54883361451
54883368287
54883372132
54883379761
54883384766
54883391053
54883397339
54883401551
54883408753
54883415650
54883422730
54883428589
54883433838
54883439698
54883444825
54883451172
54883459168
54883464417
54883471985
54883476990
54883485352
54883491516
54883497742
54883502930
54883511353
54883517395
54883524048
54883529541
54883536316
54883541931
54883548096
54883556519
54883561768
54883567017
54883575012
54883580567
54883589295
54883593140
54883601013
54883608154
54883614868
54883621765
54883627136
54883632690
54883638550
54883644287
54883650268
54883656799
54883663513
54883669372
54883675598
54883683533
54883689087
54883695495
54883701294
54883710876
54883717895
54883724182
54883729187
54883735901
54883742248
54883749572
54883754150
54883759155
54883766235
54883771484
54883778625
54883782409
54883789306
54883798034
54883808105
54883815490
54883823852
54883833740
54883841491
54883849365
54883859130
54883864562
54883870788
54883876647
54883883300
54883889953
54883893371
54883900939
54883908141
54883914367
54883919311
54883925780
54883932677
54883938476
54883944518
54883951110
54883955566
54883963256
54883970153
54883974670
54883981933
54883987609
54883992736
54883999450
54884006530
54884012633
54884020629
54884027160
54884031981
54884038634
54884046386
54884052550
54884058959
54884066527
54884071227
54884078429
54884085570
54884090392
54884099303
54884104552
54884109801
54884118712
54884126769
54884132384
54884140990
54884147826
54884154906
54884160094
54884169493
54884175231
54884181761
54884188841
54884196410
54884203795
54884211241
54884216246
54884224364
54884231505
54884237913
54884244994
54884251890
54884260069
54884265379
54884271849
54884276976
54884284727
54884290159
54884299009
54884306090
54884312315
54884320006
54884325010
54884333006
54884340208
54884346434
54884353575
54884362181
54884370665
54884377501
54884385923
54884389524
54884397459
54884405210
54884412962
54884419554
54884422972
54884431761
54884438658
54884444883
54884451292
54884457334
54884464170
54884471494
54884477110
54884483762
54884488401
54884496702
54884501463
54884508909
54884513548
54884521543
54884524961
54884534666
54884540586
54884546751
54884552610
54884559263
54884566099
54884572019
54884577573
54884585813
54884591489
54884596677
54884603330
54884611692
54884617002
54884624875
54884632871
54884638486
54884644834
54884651242
54884659177
54884664365
54884672727
54884676816
54884685971
54884692441
54884699338
54884706967
54884713925
54884720639
54884727414
54884734738
54884738523
54884748166
54884753720
54884761960
54884768857
54884775266
54884782407
54884787289
54884795895
54884801755
54884809445
54884814633
54884822324
54884826108
54884834286
54884842160
54884848447
54884856015
54884861935
54884868649
54884876767
54884882809
54884886716
54884896969
54884903195
54884910214
54884916745
54884924923
54884932248
54884936337
54884945675
54884952328
54884959103
54884966244
54884974850
54884981381
54884987851
54884996579
54885002682
54885010067
54885015377
54885021481
54885029232
54885033810
54885041134
54885047604
54885054562
54885059811
54885066158
54885073238
54885079403
54885085873
54885090633
54885097652
54885102291
54885110531
54885117123
54885123592
54885130184
54885136105
54885143001
54885148922
54885155208
54885161922
54885168209
54885175838
54885181087
54885189754
54885194515
54885201900
54885209163
54885216427
54885220211
54885230587
54885234127
54885243526
54885250057
54885256710
54885263790
54885269832
54885276912
54885283931
54885290950
54885297481
54885303279
54885311580
54885317623
54885324397
54885330623
54885337947
54885344844
54885350826
54885356075
54885364742
54885370784
54885377437
54885384212
54885389400
54885397151
54885405513
54885412166
54885417781
54885425838
54885432002
54885439571
54885445430
54885453242
54885459895
54885465938
54885473750
54885479182
54885486323
54885494380
54885501277
54885511470
54885518001
54885528499
54885534480
54885544001
54885553706
54885559504
54885569758
54885577266
54885583918
54885591426
54885596858
54885602473
54885609065
54885616694
54885621516
54885627619
54885634211
54885641352
54885647090
54885652766
54885659358
54885664912
54885671198
54885679011
54885684138
54885690180
54885696101
54885702021
54885706782
54885713679
54885719721
54885725703
54885728876
54885738337
54885741633
54885750788
54885757929
54885763972
54885769587
54885775202
54885781916
54885786677
54885793390
54885800165
54885806513
54885811945
54885817316
54885824335
54885830561
54885835627
54885842035
54885847651
54885854609
54885860285
54885866266
54885871271
54885877253
54885882257
54885888788
54885893854
54885899469
54885904840
54885912287
54885918207
54885924860
54885930292
54885938349
54885943720
54885949396
54885954523
54885961969
54885965753
54885973261
54885976923
54885984003
54885989130
54885996088
54886000360
54886008051
54886013666
54886019464
54886025568
54886030023
54886035821
54886041742
54886047845
54886052362
54886058099
54886064020
54886068902
54886074762
54886080621
54886086603
54886091791
54886100274
54886107782
54886118097
54886125299
54886135675
54886145135
54886154962
54886161981
54886168023
54886174615
54886181390
54886185968
54886191827
54886197198
54886202020
54886208795
54886214227
54886218255
54886225213
54886231927
54886237664
54886244317
54886251397
54886256829
54886260125
54886270135
54886277947
54886284722
54886289971
54886295953
54886301629
54886307671
54886314019
54886319756
54886326897
54886333794
54886339959
54886345818
54886352288
54886357354
54886365594
54886371575
54886378289
54886384209
54886390130
54886395012
54886400567
54886406792
54886412468
54886418023
54886425713
54886431511
54886439202
54886442925
54886450737
54886454399
54886462212
54886467400
54886474419
54886479668
54886486260
54886490715
54886498894
54886504814
54886511284
54886517205
54886525139
54886530815
54886538323
54886544853
54886551506
54886556450
54886562798
54886568718
54886574699
54886581169
54886587273
54886593498
54886598930
54886602287
54886612236
54886620171
54886625481
54886631767
54886638359
54886644524
54886651298
54886657036
54886664299
54886671379
54886676811
54886683647
54886688774
54886695244
54886702385
54886710563
54886716484
54886725151
54886733757
54886738884
54886748344
54886758293
54886765556
54886772575
54886778251
54886785514
54886791984
54886796562
54886803642
54886810966
54886815483
54886820487
54886827323
54886833976
54886838493
54886844352
54886850456
54886858390
54886865104
54886870963
54886877738
54886884391
54886891288
54886896415
54886902396
54886909599
54886914970
54886922355
54886929313
54886936515
54886941825
54886949088
54886956779
54886962272
54886969474
54886975760
54886982718
54886988090
54886992911
54887002860
54887008475
54887019400
54887025748
54887033988
54887041312
54887048148
54887053275
54887059195
54887067008
54887070670
54887079825
54887083182
54887091971
54887099112
54887106925
54887114188
54887121024
54887127432
54887133841
54887139823
54887146597
54887151846
54887158499
54887165823
54887171439
54887177908
54887183340
54887190176
54887194876
54887202017
54887207754
54887214957
54887221182
54887226919
54887232352
54887238943
54887245413
54887252310
54887259024
54887265982
54887272513
54887277579
54887285208
54887290823
54887297415
54887304800
54887310476
54887315847
54887323599
54887329275
54887336355
54887343130
54887349966
54887356802
54887362661
54887369558
54887374624
54887382376
54887386953
54887394338
54887401480
54887407400
54887412649
54887417959
54887420706
54887426748
54887429495
54887435781
54887440908
54887446096
54887450918
54887454397
54887459341
54887462820
54887467642
54887472585
54887478201
54887482168
54887487051
54887490713
54887495596
54887500173
54887504385
54887511343
54887515920
54887520254
54887523672
54887529043
54887533803
54887537466
54887542837
54887550893
54887555654
54887561269
54887565420
54887572683
54887576467
54887581655
54887588796
54887593007
54887597646
54887601613
54887607412
54887611257
54887616384
54887620839
54887625905
54887630544
54887635915
54887640249
54887645803
54887648977
54887655446
54887661733
54887665822
54887671132
54887675893
54887681020
54887686330
54887691396
54887695607
54887701222
54887704885
54887710256
54887715810
54887720571
54887724904
54887730092
54887734548
54887739369
54887743337
54887748219
54887751759
54887755971
54887759511
54887764272
54887768117
54887773488
54887779225
54887783376
54887786855
54887791127
54887793996
54887800648
54887807668
54887812306
54887818837
54887824208
54887831959
54887836354
54887842641
54887848195
54887852955
54887856801
54887862843
54887866017
54887873036
54887877980
54887883351
54887888722
54887893971
54887899220
54887903431
54887909840
54887913807
54887921376
54887925526
54887931141
54887936940
54887941761
54887945912
54887950734
54887955006
54887961048
54887965870
54887971852
54887978199
54887980030
54887988331
54887992665
54887998524
54888004627
54888010975
54888016834
54888021351
54888027577
54888033192
54888036854
54888043263
54888048451
54888054859
54888060658
54888065907
54888070484
54888077381
54888082447
54888090504
54888095325
54888100513
54888109058
54888115345
54888121509
54888125050
54888131702
54888136829
54888143970
54888151600
54888160389
54888164905
54888172413
54888177540
54888182850
54888188038
54888194690
54888199634
54888206287
54888211414
54888218921
54888223743
54888227405
54888235096
54888241870
54888247791
54888255420
54888262928
54888268970
54888275135
54888280384
54888286914
54888293506
54888298816
54888303577
54888311695
54888317432
54888323291
54888330798
54888334644
54888342761
54888346607
54888354053
54888361072
