54543094927
54543101275
54543107561
54543112993
54543117571
54543123552
54543128130
54543133684
54543139605
54543144487
54543149248
54543154070
54543159929
54543164873
54543170305
54543174700
54543179277
54543185320
54543190630
54543195085
54543200395
54543206011
54543210283
54543215227
54543220110
54543225969
54543231340
54543236772
54543243730
54543248796
54543255205
54543261308
54543266496
54543271440
54543277849
54543283281
54543291887
54543299699
54543305742
54543313921
54543319597
54543326128
54543331743
54543340288
54543348222
54543354936
54543361955
54543368059
54543375810
54543382646
54543391069
54543398576
54543406877
54543413224
54543419084
54543426530
54543435685
54543443010
54543452165
54543459428
54543467301
54543474443
54543482133
54543491532
54543499528
54543506303
54543514420
54543522111
54543530473
54543537064
54543546342
54543553666
54543561112
54543568436
54543576371
54543583878
54543590897
54543598954
54543607133
54543613541
54543624222
54543631547
54543638749
54543646561
54543655045
54543662674
54543671097
54543678910
54543686234
54543693985
54543701676
54543708634
54543716507
54543723771
54543732621
54543739823
54543746781
54543753128
54543762223
54543769364
54543778458
54543785111
54543790909
54543800186
54543807938
54543815567
54543822769
54543831802
54543838699
54543847305
54543854691
54543861221
54543869217
54543876663
54543884842
54543891495
54543900650
54543907425
54543914383
54543922195
54543928543
54543938003
54543944351
54543952530
54543958694
54543966995
54543973892
54543982437
54543989944
54543999099
54544006729
54544014419
54544021743
54544028823
54544037857
54544045120
54544052688
54544062088
54544068801
54544075759
54544081924
54544092056
54544098770
54544106643
54544115737
54544122085
54544130203
54544137161
54544143874
54544153762
54544161330
54544169326
54544177993
54544185805
54544192458
54544198989
54544206252
54544216201
54544223708
54544231216
54544240005
54544249709
54544258071
54544264724
54544272902
54544282851
54544290725
54544300002
54544306533
54544315810
54544325270
54544332961
54544342299
54544351088
54544359389
54544367934
54544374953
54544382338
54544390395
54544398879
54544408583
54544415785
54544422377
54544430190
54544437087
54544445143
54544452406
54544463271
54544472121
54544479933
54544488234
54544496291
54544504225
54544511488
54544520277
54544529799
54544538466
54544545912
54544553847
54544562391
54544570570
54544578688
54544588209
54544596205
54544602430
54544610060
54544617811
54544628065
54544636732
54544644728
54544652723
54544661817
54544667433
54544677992
54544687330
54544695509
54544705641
54544712843
54544722364
54544730360
54544739942
54544746595
54544756361
54544764295
54544771497
54544781385
54544789503
54544797498
54544804883
54544814405
54544821424
54544829542
54544836500
54544845899
54544852613
54544861036
54544871717
54544878858
54544887952
54544894788
54544904004
54544910352
54544920423
54544926770
54544936109
54544945081
54544952710
54544961133
54544970655
54544976148
54544988416
54544996900
54545004163
54545013745
54545029492
54545041943
54545054395
54545064893
54545074841
54545083325
54545091382
54545099866
54545108533
54545117016
54545125134
54545133496
54545140515
54545150097
54545157910
54545166333
54545174817
54545182446
54545187939
54545196057
54545204235
54545211316
54545220044
54545226879
54545233166
54545241467
54545250073
54545258984
54545264172
54545270581
54545277722
54545283398
54545291088
54545299633
54545308178
54545315930
54545323315
54545332531
54545339489
54545347118
54545354626
54545361462
54545372143
54545381115
54545389355
54545398144
54545406200
54545414196
54545422008
54545430004
54545437939
54545445385
54545453930
54545461620
54545469188
54545481090
54545488781
54545495861
54545503795
54545515819
54545523021
54545532482
54545541576
54545549633
54545557994
54545567028
54545577159
54545584911
54545592418
54545599986
54545608592
54545617259
54545624950
54545634715
54545643199
54545650340
54545656444
54545662975
54545669261
54545678661
54545686229
54545692210
54545698009
54545704112
54545713328
54545719981
54545729564
54545738048
54545744334
54545752391
54545759715
54545766429
54545772593
54545778941
54545785899
54545792613
54545798533
54545803660
54545809886
54545814952
54545821971
54545827586
54545834300
54545840403
54545846629
54545852732
54545857798
54545864390
54545870799
54545877818
54545885996
54545891551
54545896739
54545902415
54545907481
54545913157
54545919016
54545924937
54545930430
54545937998
54545943552
54545949961
54545955698
54545962046
54545969492
54545976084
54545983530
54545989512
54545995493
54546002024
54546007151
54546011057
54546017832
54546025645
54546030771
54546037119
54546042368
54546050791
54546057566
54546064402
54546071055
54546077829
54546083445
54546087900
54546093515
54546099802
54546106455
54546112436
54546119455
54546125864
54546133554
54546139414
54546145639
54546152292
54546157907
54546163034
54546168955
54546174326
54546179941
54546187021
54546192697
54546197885
54546203073
54546211191
54546218515
54546223825
54546227731
54546234750
54546242136
54546247934
54546253732
54546259592
54546265146
54546270944
54546276620
54546282541
54546287851
54546293710
54546299448
54546305368
54546312631
54546318979
54546328622
54546336496
54546344613
54546354318
54546363778
54546375741
54546383554
54546388742
54546396554
54546403329
54546408090
54546415536
54546422372
54546426767
54546434274
54546439584
54546445382
54546451852
54546457284
54546464730
54546470773
54546477181
54546482980
54546488412
54546496530
54546502084
54546508798
54546515572
54546521249
54546528329
54546533700
54546540536
54546547921
54546556771
54546562386
54546568063
54546573251
54546580270
54546585702
54546594735
54546600533
54546605782
54546611642
54546619454
54546623849
54546630990
54546639107
54546646859
54546652718
54546660653
54546667061
54546671395
54546680855
54546686837
54546692635
54546700509
54546706368
54546712044
54546719002
54546724800
54546732003
54546738900
54546744393
54546751168
54546758675
54546764229
54546770088
54546778023
54546784065
54546790962
54546797005
54546802254
54546810860
54546816841
54546823982
54546831368
54546838081
54546844368
54546850410
54546856331
54546862617
54546870491
54546876289
54546881782
54546889290
54546895759
54546903450
54546912056
54546918159
54546928352
54546936226
54546942940
54546950203
54546956367
54546964729
54546972664
54546978523
54546984932
54546991890
54546997078
54547003059
54547010627
54547016182
54547021492
54547028755
54547035102
54547040596
54547047309
54547054023
54547059028
54547066841
54547072944
54547079597
54547085578
54547091987
54547097602
54547103401
54547108894
54547115669
54547121284
54547128486
54547133796
54547140632
54547147529
54547153022
54547160834
54547164741
54547172431
54547178352
54547185065
54547190864
54547196906
54547205085
54547209968
54547217048
54547223212
54547230292
54547236701
54547243049
54547249152
54547256782
54547263007
54547269477
54547275702
54547281867
54547287848
54547295783
54547302436
54547309943
54547316962
54547323554
54547329901
54547336005
54547342841
54547349005
54547354071
54547361640
54547367133
54547375067
54547380622
54547387457
54547392706
54547401740
54547408026
54547414557
54547420355
54547426642
54547432990
54547439276
54547445807
54547452277
54547459967
54547466132
54547472235
54547479987
54547485113
54547491095
54547499457
54547505804
54547511725
54547519293
54547527533
54547534735
54547542975
54547549200
54547554999
54547561773
54547570929
54547575140
54547583746
54547588324
54547595160
54547601568
54547608892
54547614080
54547621099
54547626898
54547633123
54547640386
54547646795
54547652777
54547660162
54547664617
54547671209
54547676031
54547684393
54547691290
54547700933
54547706426
54547713079
54547718877
54547726019
54547731878
54547738226
54547745184
54547751043
54547757635
54547764959
54547771673
54547778142
54547784917
54547790899
54547796880
54547802862
54547808050
54547815679
54547820989
54547827032
54547834905
54547841314
54547849187
54547855718
54547861394
54547867254
54547875554
54547881475
54547888982
54547895757
54547903325
54547909246
54547915654
54547922185
54547929570
54547935796
54547942632
54547950200
54547954595
54547963811
54547968999
54547974187
54547982854
54547989507
54547996892
54548003362
54548009343
54548015386
54548021794
54548027715
54548033269
54548041264
54548047490
54548055180
54548060490
54548066716
54548071721
54548077641
54548084111
54548088200
54548097905
54548103703
54548111516
54548116948
54548122807
54548135808
54548144414
54548153630
54548162175
54548168889
54548175297
54548183293
54548188664
54548196476
54548203617
54548209477
54548215153
54548222477
54548228092
54548235661
54548240544
54548246098
54548252079
54548257756
54548264897
54548271427
54548278691
54548285649
54548290592
54548296391
54548303349
54548308598
54548316166
54548323002
54548328983
54548335087
54548341007
54548347538
54548353275
54548358891
54548364567
54548371525
54548376713
54548383182
54548390018
54548395267
54548402225
54548407474
54548414432
54548419620
54548426761
54548434086
54548439762
54548445682
54548451969
54548457828
54548464847
54548470524
54548476139
54548481815
54548487796
54548495670
54548500736
54548507145
54548513980
54548520206
54548526798
54548534488
54548539371
54548545536
54548552738
54548558353
54548565128
54548570560
54548578067
54548583927
54548590885
54548597293
54548602725
54548613834
54548620548
54548627994
54548634280
54548640323
54548646548
54548653873
54548660281
54548667789
54548673404
54548680972
54548687137
54548692447
54548699832
54548705325
54548713382
54548719546
54548725162
54548731082
54548742801
54548751529
54548761172
54548766909
54548776431
54548785647
54548791385
54548797854
54548803347
54548809390
54548816470
54548823184
54548830386
54548836184
54548841311
54548848452
54548854800
54548860415
54548866152
54548871768
54548878176
54548884158
54548890749
54548896853
54548903994
54548909243
54548916140
54548921267
54548927493
54548932986
54548937930
54548946352
54548952273
54548959719
54548965334
54548970522
54548977724
54548986941
54548992922
54549000063
54549006106
54549011721
54549017641
54549023501
54549031252
54549038088
54549044130
54549052126
54549057070
54549063418
54549071535
54549077761
54549084108
54549090273
54549096865
54549103029
54549110170
54549115908
54549121889
54549129946
54549134828
54549141237
54549149477
54549155153
54549162966
54549168398
54549175356
54549181032
54549188112
54549195009
54549200502
54549207338
54549214723
54549219911
54549225282
54549232423
54549237856
54549245790
54549253603
54549260072
54549266054
54549272218
54549277956
54549283998
54549290712
54549299501
54549306154
54549312379
54549319032
54549325258
54549330385
54549338929
54549348634
54549356263
54549363038
54549371339
54549377748
54549382936
54549392701
54549401735
54549408326
54549413758
54549420716
54549426210
54549431459
54549438783
54549446168
54549452455
54549458436
54549464540
54549471436
54549477540
54549482789
54549491212
54549496583
54549502992
54549510194
54549516663
54549522767
54549530335
54549535096
54549540894
54549548646
54549554017
54549559510
54549566895
54549572205
54549579896
54549585877
54549591920
54549597352
54549605286
54549611878
54549619080
54549625550
54549631653
54549638184
54549646607
54549652955
54549659302
54549665650
54549672608
54549679261
54549686036
54549692627
54549700379
54549706787
54549712891
54549719239
54549726685
54549732971
54549738282
54549746643
54549752564
54549760498
54549765808
54549773865
54549779968
54549786499
54549791748
54549799866
54549805420
54549811768
54549820007
54549826050
54549832886
54549838135
54549845520
54549852722
54549858581
54549866333
54549872131
54549878418
54549886108
54549891479
54549897461
54549905029
54549911255
54549918701
54549924560
54549931579
54549938232
54549943298
54549951477
54549957519
54549963440
54549971008
54549978698
54549985595
54549991699
54549999023
54550008789
54550017639
54550024719
54550031738
54550038635
54550045593
54550051940
54550059509
54550066100
54550071960
54550079833
54550087035
54550093444
54550098571
54550107116
54550113403
54550119506
54550125121
54550131347
54550139281
54550144958
54550150695
54550157104
54550164916
54550170592
54550176086
54550182372
54550190429
54550196288
54550203063
54550210998
54550216674
54550224242
54550229857
54550237487
54550243102
54550250609
54550256347
54550264403
54550270690
54550276793
54550282347
54550290160
54550296325
54550302062
54550307494
54550315428
54550321715
54550329100
54550335570
54550341490
54550347716
54550354308
54550361144
54550368285
54550374816
54550382201
54550388365
54550394835
54550401061
54550408202
54550414671
54550420165
54550428221
54550434081
54550440428
54550448424
54550454344
54550461668
54550467589
54550473509
54550482176
54550487852
54550493773
54550501890
54550506041
54550514830
54550520628
54550528807
54550535521
54550541807
54550548033
54550554319
54550561277
54550569578
54550575193
54550581236
54550587950
54550591734
54550599363
54550604612
54550615354
54550626585
54550633665
54550641050
54550649595
54550656614
54550665403
54550672727
54550679991
54550686704
54550694090
54550700254
54550705808
54550711912
54550717588
54550723203
54550729307
54550736631
54550741819
54550748838
54550754819
54550760129
54550765867
54550774229
54550780698
54550786741
54550793088
54550798582
54550804258
54550811765
54550816770
54550824521
54550830137
54550837888
54550843198
54550849607
54550855100
54550862668
54550868100
54550875180
54550881040
54550887632
54550895566
54550901303
54550906858
54550915341
54550922971
54550927548
54550935178
54550940549
54550946530
54550952634
54550958920
54550965695
54550973752
54550979062
54550986264
54550992490
54550998898
54551007443
54551013303
54551020993
54551025998
54551033749
54551039243
54551044614
54551051755
54551059689
54551065854
54551072079
54551079831
54551085080
54551091611
54551101132
54551110165
54551115841
54551123227
54551129330
54551136654
54551142880
54551150998
54551157162
54551162167
54551169247
54551174252
54551182370
54551188290
54551195309
54551201596
54551209286
54551214718
54551221554
54551228451
54551236202
54551244076
54551250363
54551258785
54551269650
54551277035
54551284908
54551291134
54551298397
54551303280
54551311153
54551317623
54551323238
54551330685
54551337399
54551343502
54551350338
54551356319
54551363094
54551368099
54551375179
54551378841
54551386410
54551393184
54551398678
54551405330
54551412288
54551417171
54551424190
54551430294
54551437008
54551444698
54551451534
54551457088
54551465328
54551471676
54551478511
54551487484
54551507625
54551517574
54551527767
54551538326
54551548091
54551554805
54551561397
54551567439
54551573238
54551579768
54551586910
54551592586
54551599117
54551604732
54551610347
54551616451
54551625789
54551632869
54551638423
54551646541
54551655757
54551661067
54551668025
54551673579
54551680537
54551687617
54551692622
54551699519
54551705806
54551709224
54551717036
54551722651
54551728145
54551733821
54551740413
54551744563
54551750483
54551756770
54551763911
54551769709
54551777339
54551782710
54551788447
54551794917
54551801692
54551808650
54551819514
54551826167
54551834956
54551843257
54551851313
54551858576
54551864558
54551872920
54551879450
54551886286
54551892634
54551899592
54551906855
54551912775
54551919856
54551925227
54551933405
54551938654
54551946223
54551951960
54551957697
54551965266
54551971308
54551977289
54551984797
54551990900
54551996821
54552002680
54552009577
54552014521
54552021113
54552026240
54552032282
54552039240
54552044184
54552051691
54552057001
54552064203
54552071283
54552077143
54552082819
54552090204
54552095575
54552101984
54552107782
54552113214
54552121149
54552126459
54552133661
54552139032
54552146173
54552151666
54552158075
54552163385
54552172052
54552178888
54552185724
54552191766
54552198114
54552204157
54552209955
54552217645
54552224237
54552230951
54552237238
54552243829
54552249994
54552258234
54552264581
54552271600
54552278985
54552285638
54552292535
54552299249
54552305597
54552311761
54552317926
54552326227
54552331170
54552337335
54552343255
54552350885
54552355706
54552363275
54552368036
54552374078
54552381524
54552387017
54552394403
54552400445
54552408624
54552413812
54552423089
54552430413
54552439019
54552446954
54552453668
54552460687
54552467400
54552473504
54552481255
54552486810
54552492425
54552498589
54552504144
54552509698
54552516839
54552523614
54552529229
54552535821
54552539666
54552548272
54552553582
54552561150
54552566888
54552575127
54552583062
54552589532
54552595757
54552603264
54552607598
54552614556
54552620232
54552625786
54552633172
54552638176
54552644524
54552650017
54552655205
54552663262
54552670952
54552675835
54552682976
54552688225
54552695854
54552701042
54552708489
54552714958
54552720268
54552725518
54552733208
54552739495
54552745903
54552754814
54552760613
54552766106
54552774407
54552781303
54552788628
54552795342
54552802971
54552809196
54552815605
54552822746
54552827812
54552835930
54552842400
54552848564
54552854362
54552861687
54552866936
54552874687
54552880241
54552886589
54552893730
54552900871
54552907341
54552914177
54552920768
54552926750
54552934684
54552940239
54552947136
54552956962
54552963554
54552971183
54552978141
54552983818
54552990531
54552997367
54553003105
54553009025
54553015495
54553021842
54553028495
54553034599
54553040885
54553047538
54553056632
54553062675
54553070426
54553077201
54553085258
54553090568
54553097526
54553103263
54553108756
54553114677
54553120414
54553127433
54553133781
54553140556
54553146415
54553151969
54553157523
54553164664
54553170585
54553177054
54553182731
54553187675
54553194510
54553199576
54553206534
54553213798
54553220084
54553225699
54553232413
54553238273
54553244071
54553250174
54553257438
54553262564
54553269828
54553275565
54553280570
54553287528
54553292594
54553299430
54553305167
54553312186
54553318350
54553324942
54553330985
54553338553
54553344107
54553348929
54553356009
54553361319
54553369681
54553374930
54553380179
54553386527
54553393851
54553399405
54553407401
54553412772
54553418631
54553424185
54553430289
54553436026
54553443106
54553449454
54553456351
54553462149
54553467337
54553473074
54553480826
54553486929
54553494925
54553501211
54553508474
54553514944
54553520620
54553526785
54553534659
54553540640
54553548086
54553554495
54553561270
54553567434
54553572683
54553580374
54553585684
54553592337
54553597708
54553606619
54553612600
54553618582
54553624685
54553632009
54553638967
54553646108
54553653372
54553661245
54553668020
54553675588
54553681692
54553687368
54553695547
54553700491
54553705740
54553711843
54553719289
54553724050
54553731191
54553736806
54553742727
54553748708
54553755727
54553763113
54553768606
54553774282
54553780630
54553786123
54553792531
54553799795
54553804494
54553811941
54553817617
54553825429
54553830983
54553838247
54553844045
54553850393
54553856984
54553862783
54553868398
54553875051
54553881398
54553888356
54553894643
54553901235
54553907582
54553913198
54553920949
54553927053
54553933278
54553938832
54553946584
54553952565
54553959279
54553967336
54553973561
54553980702
54553986867
54553993031
54554002187
54554008229
54554015065
54554025685
54554031483
54554036793
54554045216
54554051442
54554058095
54554064503
54554071950
54554078358
54554085133
54554091664
54554096730
54554105580
54554111989
54554118336
54554126698
54554133229
54554138966
54554145070
54554152516
54554159169
54554165455
54554172657
54554178944
54554185841
54554191761
54554198475
54554204701
54554211231
54554218678
54554223683
54554229420
54554234974
54554244373
54554249622
54554255421
54554263722
54554271534
54554277821
54554286060
54554293140
54554300831
54554306934
54554314136
54554322681
54554327564
54554333973
54554339039
54554346485
54554352711
54554359547
54554365040
54554370777
54554377796
54554383594
54554389149
54554394886
54554400806
54554406727
54554412830
54554420520
54554425708
54554431995
54554439258
54554444996
54554452137
54554458667
54554464710
54554470264
54554476490
54554484119
54554490528
54554496265
54554503650
54554509265
54554515735
54554522266
54554527393
54554534168
54554542224
54554548938
54554557117
54554563403
54554570117
54554577564
54554583423
54554589038
54554596851
54554602710
54554609119
54554615527
54554621997
54554628894
54554635242
54554641955
54554648425
54554656238
54554662890
54554668933
54554675403
54554684070
54554689319
54554696216
54554703723
54554709399
54554714831
54554721911
54554726977
54554734362
54554739856
54554747241
54554752246
54554759387
54554764636
54554770739
54554777148
54554783129
54554789172
54554795397
54554801501
54554809680
54554816027
54554822741
54554830493
54554836657
54554842578
54554851000
54554858325
54554864733
54554869921
54554878466
54554884448
54554892260
54554898302
54554906664
54554913195
54554921740
54554928210
54554935168
54554941454
54554948046
54554954516
54554960619
54554967638
54554972826
54554978441
54554984118
54554991930
54554996874
54555005114
54555010180
54555017443
54555023180
54555029345
54555034838
54555041430
54555047228
54555053148
54555059191
54555066210
54555072496
54555078783
54555086656
54555091173
54555096910
54555104967
54555111559
54555117113
54555122789
54555129930
54555137132
54555142992
54555151537
54555159349
54555165331
54555171983
54555180040
54555186632
54555193773
54555199937
54555207018
54555213365
54555221056
54555226732
54555233446
54555238695
54555246629
54555253709
54555259813
54555267869
54555273973
54555283006
54555288988
54555295335
54555302537
54555308336
54555313890
54555320848
54555325670
54555331407
54555337510
54555344896
54555351731
54555357896
54555364610
54555370347
54555377916
54555383409
54555390245
54555397569
54555402818
54555409165
54555414842
54555421067
54555428025
54555433763
54555440904
54555448777
54555454636
54555460008
54555467515
54555473618
54555481431
54555489610
54555496568
54555503159
54555510484
54555519517
54555525620
54555533005
54555540574
54555546494
54555554185
54555559922
54555566941
54555573166
54555580491
54555586045
54555592515
54555599534
54555605088
54555611863
54555618027
54555624619
54555631699
54555639023
54555645249
54555651596
54555657517
54555665757
54555671860
54555678757
54555684250
54555690232
54555695481
54555702744
54555708115
54555714829
54555719773
54555727707
54555733444
54555740585
54555747788
54555753159
54555760117
54555767014
54555774338
54555780441
54555786606
54555794662
54555800034
54555807541
54555812607
54555820785
54555826950
54555833725
54555841110
54555846481
54555854416
54555859360
54555864609
54555872299
54555878586
54555885238
54555890915
54555898727
54555904037
54555909408
54555916732
54555923690
54555931015
54555936203
54555942611
54555950241
54555953842
54555962570
54555969955
54555976303
54555983810
54555991989
54555997726
54556003829
54556010116
54556015670
54556023239
54556028793
54556039169
54556045638
54556054000
54556063705
54556070968
54556081405
54556089645
54556094527
54556102523
54556108627
54556113692
54556120467
54556126021
54556130965
54556138839
54556143050
54556150008
54556156722
54556162032
54556167159
54556173018
54556177962
54556185103
54556190169
54556197066
54556203170
54556207992
54556213179
54556218795
54556224593
54556231185
54556236495
54556242781
54556250167
54556256209
54556261885
54556267928
54556274337
54556280745
54556287276
54556291365
54556296858
54556304671
54556311873
54556316756
54556324690
54556331587
54556337264
54556344466
54556350997
54556357954
54556364546
54556369978
54556377913
54556386031
54556391951
54556397261
54556405501
54556411726
54556419600
54556426558
54556432356
54556438521
54556446516
54556452009
54556458296
54556463850
54556471419
54556477217
54556482893
54556489912
54556497236
54556503889
54556509016
54556515669
54556521833
54556529036
54556536726
54556541914
54556548872
54556554548
54556559980
54556570478
54556574751
54556583235
54556591169
54556599470
54556605635
54556612165
54556619734
54556626997
54556635786
54556642317
54556649275
54556655744
54556661237
54556668867
54556675398
54556682111
54556687299
54556694563
54556701337
54556708173
54556713544
54556720930
54556725873
54556733198
54556739118
54556745405
54556752607
54556757123
54556766767
54556772992
54556780195
54556786786
54556794660
54556801069
54556809675
54556815961
54556823591
54556829877
54556837568
54556841840
54556850263
54556858258
54556864179
54556872541
54556879254
54556885053
54556893292
54556899518
54556905377
54556914105
54556920270
54556926679
54556933392
54556940778
54556947492
54556954205
54556960919
54556967877
54556974408
54556980756
54556988507
54556994366
54557000531
54557007306
54557013409
54557018658
54557026349
54557032025
54557038068
54557046002
54557052411
54557059674
54557066205
54557074139
54557080365
54557087872
54557094098
54557101727
54557108258
54557114483
54557122845
54557129193
54557136212
54557143109
54557150494
54557156353
54557162274
54557168316
54557174847
54557180950
54557187786
54557193768
54557201092
54557208172
54557213970
54557223126
54557230084
54557236797
54557242535
54557248516
54557255718
54557262371
54557268841
54557274456
54557281841
54557288738
54557294842
54557301006
54557307598
54557315899
54557321514
54557329082
54557334637
54557339580
54557346783
54557354107
54557359966
54557366253
54557371868
54557379253
54557385540
54557391216
54557398967
54557404216
54557410991
54557416485
54557422405
54557428020
54557435039
54557440776
54557446758
54557452983
54557459880
54557467449
54557472270
54557477886
54557483989
54557491802
54557497112
54557502544
54557509197
54557514934
54557521282
54557528606
54557534038
54557541545
54557546977
54557554790
54557560954
54557566875
54557574565
54557580486
54557586772
54557593974
54557600505
54557606670
54557612773
54557621013
54557628642
54557637981
54557646892
54557653239
54557658671
54557666362
54557674174
54557679851
54557686503
54557693095
54557698283
54557705180
54557711894
54557720012
54557725383
54557730998
54557737895
54557743083
54557747844
54557755351
54557763163
54557768534
54557775248
54557782023
54557788432
54557794108
54557800334
54557807719
54557815104
54557820902
54557826884
54557834330
54557840739
54557848490
54557856364
54557862711
54557869669
54557875346
54557881144
54557887797
54557892680
54557899882
54557905436
54557911478
54557917338
54557923197
54557930338
54557936075
54557942179
54557948588
54557955240
54557960184
54557967203
54557972819
54557978190
54557985209
54557990458
54557997538
54558002848
54558008646
54558014017
54558021708
54558028177
54558036173
54558043619
54558049723
54558054727
54558063089
54558070413
54558078836
54558084757
54558091776
54558098978
54558105081
54558113870
54558119547
54558127542
54558133646
54558139383
54558145120
54558151834
54558158853
54558166544
54558171732
54558179666
54558185709
54558191568
54558198770
54558207254
54558213663
54558220376
54558228616
54558235208
54558240762
54558247781
54558254617
54558262124
54558267068
54558274515
54558279580
54558285379
54558293618
54558298990
54558306558
54558311441
54558317422
54558324075
54558331094
54558338845
54558344705
54558350686
54558357705
54558366555
54558374002
54558381936
54558389932
54558395974
54558403787
54558409646
54558417153
54558422402
54558429238
54558434976
54558440225
54558446511
54558452981
54558459939
54558466225
54558471169
54558478066
54558484475
54558490334
54558496804
54558506386
54558513161
54558516946
54558525613
54558532265
54558537942
54558543740
54558551674
54558556801
54558563027
54558568398
54558574379
54558580178
54558587258
54558595498
54558601784
54558608193
54558616127
54558621987
54558629250
54558635964
54558643288
54558649819
54558656166
54558664223
54558671730
54558677956
54558685280
54558691384
54558698158
54558705666
54558710793
54558717018
54558725563
54558733070
54558739723
54558747414
54558752785
54558760780
54558766396
54558773109
54558780800
54558787270
54558795082
54558801430
54558809730
54558817665
54558824074
54558829323
54558836342
54558843178
54558849708
54558856911
54558864723
54558871803
54558880043
54558886268
54558892311
54558901405
54558907570
54558915443
54558921974
54558929542
54558935707
54558942421
54558951881
54558957557
54558963905
54558969215
54558977088
54558985511
54558991798
54558997962
54559003333
54559008277
54559014625
54559020667
54559027320
54559032935
54559040260
54559043128
54559052100
54559057777
54559065101
54559072242
54559077308
54559084998
54559090369
54559097694
54559104591
54559110877
54559115638
54559123206
54559128211
54559135474
54559142798
54559149390
54559155799
54559161902
54559169227
54559176795
54559182715
54559189978
54559199073
54559205542
54559213355
54559221717
54559228247
54559236182
54559243872
54559250220
54559258338
54559264624
54559272010
54559279273
54559288611
54559295691
54559303320
54559311011
54559317481
54559323950
54559331336
54559336585
54559345374
54559351904
54559358984
54559365088
54559371497
54559380591
54559388037
54559394751
54559401526
54559407446
54559415442
54559420752
54559428259
54559433752
54559440466
54559447790
54559456152
54559463110
54559470984
54559479223
54559485876
54559494360
54559502050
54559507971
54559515112
54559521765
54559526159
54559533606
54559538977
54559545202
54559549353
54559557531
54559562902
54559569250
54559574621
54559583227
54559589941
54559596533
54559601904
54559610082
54559615453
54559622473
54559627416
54559634680
54559641821
54559649572
54559657323
54559665685
54559673376
54559681554
54559689062
54559697790
54559706884
54559713659
54559720739
54559729040
54559735570
54559743871
54559751989
54559758703
54559766515
54559774999
54559781896
54559789281
54559798253
54559805089
54559811681
54559817846
54559825841
54559831700
54559839757
54559845494
54559852574
54559859349
54559868627
54559873632
54559879796
54559888951
54559894383
54559901402
54559907933
54559914281
54559920873
54559928014
54559936376
54559942418
54559950108
54559957738
54559963292
54559970555
54559977696
54559984471
54559991978
54559998509
54560005528
54560013890
54560021825
54560030919
54560037877
54560045994
54560054295
54560061558
54560068577
54560076939
54560083165
54560088719
54560094578
54560102452
54560107823
54560114476
54560119664
54560126439
54560131260
54560137059
54560145176
54560150120
54560156468
54560162083
54560168736
54560175938
54560181736
54560187962
54560195713
54560202488
54560208225
54560214024
54560219883
54560226841
54560234287
54560240696
54560248142
54560253513
54560259922
54560265476
54560271702
54560279026
54560284702
54560293064
54560299839
54560305637
54560313022
54560319309
54560326023
54560333347
54560341648
54560349216
54560356724
54560363498
54560371860
54560378635
54560385837
54560391941
54560397983
54560406345
54560413852
54560419712
54560426853
54560433445
54560440036
54560445713
54560452793
54560460239
54560467136
54560473178
54560478122
54560486179
54560492160
54560501071
54560507358
54560514621
54560520419
54560527805
54560533786
54560541721
54560548740
54560557101
54560564548
54560571384
54560579440
54560586337
54560595187
54560600864
54560608554
54560616611
54560622409
54560628757
54560636142
54560643588
54560649814
54560656650
54560661593
54560668734
54560673495
54560680209
54560686007
54560692355
54560699740
54560705233
54560712252
54560718783
54560722323
54560731295
54560737582
54560744601
54560749545
54560756991
54560762545
54560769931
54560777011
54560782687
54560789401
54560795565
54560801119
54560810580
54560818881
54560825900
54560831942
54560837862
54560845858
54560852206
54560859225
54560866061
54560873568
54560878512
54560886507
54560893709
54560901461
54560907137
54560914706
54560922640
54560930208
54560937105
54560942599
54560948641
54560958162
54560965426
54560972139
54560978487
54560984896
54560991488
54560999788
54561006441
54561013338
54561022310
54561028414
54561034273
54561042269
54561050325
54561057100
54561063143
54561070345
54561077669
54561084932
54561092073
54561098482
54561107515
54561116792
54561123262
54561130098
54561139558
54561146822
54561153474
54561160799
54561168428
54561177095
54561183565
54561192232
54561199312
54561207124
54561213350
54561219697
54561226900
54561234285
54561239778
54561247041
54561254121
54561259187
54561266939
54561272737
54561279146
54561285798
54561293245
54561298982
54561305940
54561311555
54561318025
54561324189
54561331636
54561338533
54561346955
54561353364
54561358735
54561367463
54561373628
54561381440
54561388032
54561394929
54561401643
54561409211
54561415742
54561423249
54561429719
54561434846
54561441193
54561449982
54561455842
54561461213
54561469331
54561474885
54561480805
54561488129
54561493745
54561501191
54561507844
54561513398
54561520783
54561526276
54561534028
54561541779
54561547089
54561554841
54561561127
54561567780
54561573945
54561580719
54561587800
54561593964
54561600678
54561606781
54561613373
54561619477
54561625275
54561631562
54561639618
54561645356
54561650666
54561656830
54561664521
54561670258
54561677460
54561683258
54561691132
54561697418
54561702850
54561710724
54561716400
54561722687
54561727936
54561735565
54561741058
54561748322
54561753876
54561761749
54561767975
54561775604
54561783173
54561790924
54561797699
54561804901
54561812042
54561819366
54561826141
54561833710
54561840912
54561846832
54561852447
54561859161
54561864288
54561871185
54561877105
54561882171
54561890167
54561895294
54561903228
54561909393
54561916717
54561923126
54561928924
54561936615
54561941864
54561947845
54561954620
54561960662
54561967498
54561973541
54561979949
54561985931
54561991607
54561999481
54562004913
54562011504
54562019622
54562025420
54562032745
54562039275
54562044708
54562050262
54562058196
54562064300
54562069610
54562076629
54562082000
54562087554
54562093719
54562101592
54562106902
54562113616
54562119231
54562125762
54562131133
54562139068
54562144744
54562152495
54562157988
54562165557
54562171721
54562177215
54562182647
54562190764
54562197173
54562202849
54562208220
54562215789
54562221221
54562229033
54562236663
54562242400
54562250151
54562256011
54562262297
54562269011
54562275237
54562281157
54562287505
54562294951
54562301116
54562307280
54562313628
54562319792
54562325957
54562333220
54562340239
54562347319
54562354094
54562360991
54562367827
54562373564
54562381560
54562388212
54562393767
54562400236
54562405852
54562412260
54562418852
54562426848
54562432890
54562438994
54562448210
54562454130
54562462736
54562469328
54562477629
54562482756
54562488920
54562496000
54562502775
54562508818
54562515593
54562521086
54562526945
54562534025
54562539091
54562545439
54562552030
54562558317
54562564665
54562572965
54562578398
54562586942
54562592436
54562599210
54562606596
54562612760
54562619230
54562627958
54562633939
54562640104
54562647977
54562654874
54562662321
54562668912
54562674833
54562683195
54562688566
54562694120
54562701932
54562709440
54562715848
54562721769
54562730008
54562736051
54562742826
54562750882
54562757718
54562764066
54562770719
54562777799
54562784452
54562792447
54562799100
54562804959
54562811124
54562817716
54562823880
54562830838
54562837003
54562843717
54562849881
54562856229
54562862393
54562867581
54562873746
54562880643
54562886807
54562893704
54562899869
54562905850
54562914884
54562920316
54562925992
54562933499
54562939175
54562946133
54562952115
54562958951
54562963223
54562971402
54562977505
54562982877
54562988431
54562996060
54563002164
54563007535
54563015408
54563020535
54563028042
54563033658
54563041287
54563047635
54563055020
54563062039
54563068814
54563077969
54563084988
54563092556
54563099270
54563107876
54563113491
54563123074
54563128445
54563135647
54563142422
54563148281
54563153652
54563159939
54563166226
54563171841
54563179836
54563185513
54563190945
54563198391
54563204556
54563209560
54563218533
54563224636
54563230923
54563236782
54563243313
54563249783
54563256863
54563263943
54563270290
54563277920
54563283047
54563288723
54563295437
54563300686
54563307888
54563314846
54563320583
54563328274
54563333706
54563340847
54563346889
54563353847
54563360744
54563368313
54563375026
54563380886
54563387600
54563395046
54563401699
54563408840
54563415676
54563423366
54563430019
54563435817
54563442470
54563449733
54563456508
54563463588
54563470485
54563478237
54563486476
54563492092
54563500087
54563507045
54563514674
54563522060
54563529384
54563535304
54563543117
54563548976
54563556178
54563561793
54563566920
54563573939
54563580409
54563585658
54563591456
54563597621
54563603786
54563609706
54563617152
54563623012
54563627833
54563633998
54563639064
54563645778
54563651820
54563658046
54563664454
54563671290
54563676967
54563684962
54563691127
54563699427
54563706630
54563712245
54563721156
54563727809
54563734706
54563742640
54563748439
54563754298
54563760035
54563767359
54563772547
54563780543
54563786402
54563792628
54563797999
54563803736
54563810999
54563818812
54563824183
54563830714
54563835658
54563842127
54563847132
54563854578
54563861781
54563867335
54563873011
54563878931
54563884547
54563890650
54563896326
54563902735
54563908900
54563915919
54563920984
54563927454
54563933863
54563938990
54563945032
54563950159
54563957972
54563964075
54563969629
54563976648
54563981836
54563987635
54563994287
54564002100
54564009302
54564014978
54564022058
54564025965
54564033777
54564040308
54564045801
54564052515
54564060022
54564066065
54564071924
54564080652
54564087305
54564095117
54564101892
54564108362
54564113977
54564120874
54564127161
54564134546
54564140344
54564146631
54564152307
54564159143
54564162988
54564170679
54564175928
54564182764
54564188684
54564195947
54564204431
54564210229
54564217370
54564223352
54564230432
54564237207
54564244104
54564251855
54564257531
54564264978
54564270715
54564277002
54564284326
54564290307
54564296594
54564303735
54564310754
54564320214
54564326196
54564333581
54564342431
54564349267
54564356469
54564363366
54564368981
54564376672
54564382043
54564388574
54564395532
54564400353
54564407433
54564412743
54564418481
54564424889
54564430932
54564437951
54564444054
54564450463
54564457238
54564464928
54564470116
54564479272
54564485741
54564491234
54564499413
54564505028
54564510216
54564517174
54564522423
54564528100
54564534936
54564541344
54564547081
54564554894
54564560814
54564568200
54564573143
54564580590
54564585595
54564592064
54564597130
54564605370
54564611107
54564617089
54564623436
54564630455
54564638634
54564645348
54564651695
54564657738
54564664574
54564671105
54564679100
54564684776
54564691063
54564697411
54564705345
54564710533
54564718590
54564723717
54564730675
54564736046
54564743858
54564751427
54564757591
54564763512
54564770958
54564776512
54564782616
54564789085
54564795311
54564803917
54564808677
54564816551
54564822410
54564830040
54564836204
54564844322
54564850853
54564857811
54564863853
54564869896
54564875633
54564881614
54564887107
54564893272
54564900474
54564907005
54564912620
54564917991
54564925987
54564932334
54564939475
54564947715
54564954246
54564961936
54564969077
54564975791
54564982749
54564988548
54564993553
54565000816
54565007468
54565013084
54565019614
54565025413
54565032188
54565039878
54565045005
54565052573
54565058189
54565064109
54565069846
54565076316
54565082664
54565090232
54565096396
54565102683
54565108420
54565114402
54565120933
54565127341
54565134726
54565139487
54565147788
54565153281
54565161094
54565167014
54565173056
54565178550
54565184714
54565190390
54565195945
54565202780
54565208701
54565214377
54565220603
54565226340
54565231528
54565239035
54565244773
54565251181
54565257102
54565265036
54565269797
54565277243
54565282126
54565289816
54565295920
54565301657
54565308554
54565314230
54565320029
54565326865
54565332785
54565339743
54565345969
54565352072
54565358054
54565364645
54565370138
54565376303
54565382040
54565387778
54565393515
54565400717
54565404379
54565411886
54565417868
54565426108
54565430258
54565438315
54565446310
54565451864
54565457846
54565465109
54565471090
54565477133
54565484579
54565491537
54565496847
54565503378
54565509909
54565515219
54565522238
54565532980
54565539266
54565545614
54565554403
54565560385
54565566122
54565575399
54565581381
54565587179
54565594381
54565599447
54565605367
54565612631
54565618734
54565623617
54565631002
54565637106
54565643514
54565649374
54565655782
54565663595
54565668905
54565675802
54565681478
54565688253
54565693685
54565699972
54565705892
54565713521
54565719625
54565725118
54565733053
54565737935
54565745443
54565753255
54565759603
54565765706
54565772237
54565779073
54565784810
54565790609
54565796407
54565803304
54565809041
54565814778
54565821797
54565827840
54565835103
54565842122
54565847188
54565854146
54565860188
54565867207
54565872701
54565879781
54565885335
54565890950
54565898152
54565903096
54565910664
54565915547
54565923421
54565929219
54565937093
54565942708
54565948384
54565955708
54565963216
54565969380
54565978047
54565983540
54565991109
54565997334
54566003560
54566009541
54566016072
54566022481
54566030476
54566037251
54566044819
54566051716
54566059041
54566065693
54566071980
54566080464
54566087605
54566093769
54566098896
54566107319
54566113118
54566120014
54566128376
54566135273
54566142597
54566148701
54566155598
54566162129
54566167561
54566173664
54566181355
54566187763
54566194965
54566201740
54566207295
54566214497
54566221455
54566226704
54566231953
54566238056
54566244831
54566250324
54566257526
54566264423
54566269001
54566275959
54566281818
54566287678
54566293415
54566301105
54566306598
54566314106
54566319721
54566325763
54566332111
54566337665
54566343586
54566349262
54566355915
54566363605
54566368915
54566375202
54566382770
54566389423
54566395893
54566405292
54566411640
54566418109
54566424396
54566432208
54566438434
54566444232
54566451923
54566457538
54566463397
54566469867
54566476398
54566482562
54566490192
54566495014
54566501117
54566507159
54566515155
54566520526
54566526202
54566534259
54566539935
54566545245
54566552692
54566558185
54566563922
54566570697
54566576861
54566584003
54566592059
54566598285
54566604877
54566610858
54566616900
54566624469
54566631122
54566637530
54566644854
54566651019
54566656390
54566664203
54566669452
54566677386
54566682818
54566689776
54566702594
54566719927
54566732806
54566743060
54566759234
54566768084
54566783953
54566793414
54566802020
54566810442
54566817034
54566823321
54566829302
54566835772
54566841448
54566848223
54566856097
54566862200
54566868181
54566874590
54566880083
54566886675
54566892962
54566899737
54566905108
54566910357
54566916155
54566923174
54566928728
54566933794
54566938372
54566944964
54566953936
54566960283
54566967791
54566972307
54566980913
54566987444
54566993425
54567001848
54567007158
54567013445
54567019182
54567024797
54567033037
54567038835
54567045183
54567051836
54567057756
54567063432
54567069048
54567075517
54567083513
54567089678
54567097551
54567103532
54567110429
54567117387
54567124223
54567130815
54567137041
54567143571
54567151628
54567158037
54567164506
54567171159
54567177080
54567185319
54567191362
54567197526
54567204179
54567209977
54567216203
54567221696
54567227617
54567232927
54567239518
54567246171
54567252275
54567259782
54567265763
54567274553
54567281205
54567287492
54567294206
54567300431
54567306657
54567312883
54567319108
54567324723
54567332170
54567338517
54567346391
54567354936
54567361833
54567368302
54567376298
54567383561
54567390153
54567399552
54567405351
54567413895
54567419755
54567426530
54567432511
54567438859
54567446427
54567453812
54567460038
54567464249
54567472062
54567480485
54567487076
54567494095
54567501175
54567507035
54567513016
54567520768
54567526749
54567533585
54567540238
54567546647
54567553727
54567558731
54567566727
54567575089
54567582535
54567589005
54567596085
54567603470
54567610367
54567618058
54567625443
54567632828
54567638260
54567644608
54567651810
54567657425
54567663956
54567670487
54567675797
54567682144
54567687759
54567696549
54567702530
54567708817
54567714676
54567721146
54567728470
54567733841
54567739578
54567747330
54567752701
54567759048
54567766434
54567771927
54567779678
54567785538
54567792068
54567799148
54567807388
54567816726
54567824112
54567828933
54567836258
54567842727
54567850540
54567858291
54567866287
54567871658
54567878189
54567884597
54567891189
54567898635
54567907180
54567915176
54567924026
54567931289
54567937698
54567945754
54567952712
54567959365
54567964797
54567971389
54567978286
54567983230
54567990920
54567998000
54568005691
54568012038
54568018569
54568025161
54568031814
54568038589
54568044936
54568051467
54568057204
54568063857
54568070510
54568076858
54568083144
54568089126
54568095290
54568103103
54568110000
54568116408
54568122207
54568128554
54568134597
54568144545
54568151076
54568158950
54568166457
54568173903
54568179091
54568184462
54568194533
54568201552
54568208876
54568215895
54568221450
54568228835
54568235549
54568241286
54568248061
54568255019
54568263075
54568270949
54568280592
54568287367
54568295180
54568300856
54568308607
54568313795
54568320814
54568330275
54568337599
54568342238
54568348891
54568355910
54568363478
54568370802
54568376417
54568383620
54568390028
54568397658
54568405958
54568412245
54568417982
54568427321
54568435499
54568443007
54568450636
54568459242
54568472059
54568478895
54568487196
54568493055
54568499586
54568507276
54568512648
54568520460
54568527845
54568533583
54568541578
54568548780
54568555311
54568562635
54568568006
54568575147
54568581434
54568590772
54568596204
54568603346
54568609327
54568614637
54568622449
54568628065
54568636549
54568642408
54568648817
54568654615
54568662488
54568669507
54568676893
54568682752
54568690015
54568696729
54568703626
54568708753
54568715406
54568722181
54568729017
54568735852
54568742139
54568749585
54568756116
54568761548
54568769483
54568776075
54568783033
54568788343
54568796765
54568802808
54568809766
54568817334
54568824048
54568829297
54568836377
54568841748
54568850293
54568856763
54568863843
54568870496
54568875928
54568882947
54568889233
54568896436
54568902539
54568908398
54568914929
54568922314
54568926953
54568933850
54568940686
54568949231
54568954419
54568961743
54568968518
54568975110
54568981396
54568988049
54569000561
54569008252
54569014416
54569022717
54569028393
54569036877
54569046154
54569054821
54569059887
54569068371
54569074108
54569081189
54569088391
54569093945
54569101147
54569108105
54569115002
54569121655
54569127880
54569134472
54569140148
54569147473
54569152477
54569159863
54569163464
54569173107
54569178661
54569185619
54569192944
54569198132
54569204418
54569212353
54569219250
54569224255
54569230968
54569236950
54569245190
54569251171
54569257091
54569264110
54569271252
54569277172
54569282970
54569288524
54569295788
54569303112
54569308483
54569315136
54569321605
54569329723
54569335704
54569341259
54569347973
54569356639
54569364147
54569369640
54569375377
54569382518
54569389354
54569393871
54569403392
54569409313
54569416332
54569423717
54569429759
54569435863
54569442821
54569449718
54569456004
54569462474
54569467540
54569473949
54569479015
54569486766
54569493480
54569499278
54569506297
54569511851
54569517345
54569524974
54569530467
54569537059
54569543956
54569551097
54569562205
54569569407
54569576488
54569585948
54569593272
54569600169
54569608165
54569615245
54569622569
54569627635
54569634227
54569639903
54569648387
54569654307
54569659861
54569666636
54569673533
54569679698
54569685740
54569692698
54569698924
54569705577
54569712718
54569718211
54569725230
54569731822
54569738047
54569745127
54569751719
54569758921
54569766001
54569773386
54569779246
54569786082
54569791697
54569799204
54569805308
54569812571
54569819773
54569825449
54569831553
54569838755
54569846873
54569854014
54569860117
54569867197
54569873667
54569880137
54569885752
54569891550
54569899546
54569906077
54569913035
54569918650
54569923716
54569929270
54569934946
54569941965
54569949045
54569955454
54569960459
54569967051
54569972177
54569980356
54569986154
54569992197
54570000559
54570006296
54570011423
54570018381
54570023813
54570030893
54570036752
54570041208
54570047922
54570055063
54570060739
54570066721
54570073190
54570080331
54570085031
54570092172
54570098825
54570103830
54570112497
54570120248
54570130929
54570141489
54570148996
54570160776
54570167612
54570172983
54570179330
54570185251
54570190072
54570195688
54570203439
54570210885
54570216745
54570221750
54570229318
54570235299
54570240548
54570248300
54570253610
54570260629
54570268563
54570274179
54570280587
54570287545
54570293771
54570301766
54570309640
54570315438
54570321847
54570327828
54570335824
54570341805
54570349252
54570356820
54570362801
54570368234
54570375436
54570380929
54570388436
54570395882
54570401925
54570408273
54570415902
54570423714
54570428597
54570436227
54570443001
54570449959
54570456063
54570463631
54570470467
54570476082
54570484688
54570489998
54570497017
54570503548
54570510628
54570516793
54570523690
54570529000
54570535958
54570542672
54570548470
54570555245
54570561470
54570568795
54570574105
54570580818
54570586983
54570595467
54570602974
54570608467
54570614205
54570621407
54570627205
54570633736
54570640755
54570647591
54570653206
54570660774
54570666939
54570674080
54570680672
54570690743
54570698128
54570704720
54570712532
54570718391
54570725410
54570732613
54570739143
54570745918
54570752510
54570758003
54570765999
54570771126
54570778877
54570785408
54570792610
54570798347
54570805977
54570812202
54570817451
54570824531
54570831489
54570837104
54570843208
54570850532
54570857124
54570863105
54570870491
54570876777
54570884101
54570888618
54570895637
54570902473
54570910469
54570916938
54570923713
54570931220
54570936958
54570945381
54570951484
54570958747
54570965217
54570970710
54570977973
54570983588
54570990974
54570999519
54571005195
54571011420
54571017951
54571023566
54571031074
54571036994
54571044562
54571050056
54571057258
54571064399
54571068915
54571076362
54571083381
54571090461
54571097785
54571103400
54571109748
54571116279
54571120734
54571130133
54571137458
54571143683
54571149482
54571155524
54571163214
54571168586
54571176459
54571182379
54571187812
54571193305
54571199958
54571205512
54571211432
54571219123
54571230170
54571238165
54571244391
54571252265
54571259100
54571266058
54571274054
54571279608
54571287238
54571292365
54571299994
54571305426
54571312140
54571318121
54571325201
54571330939
54571336310
54571343817
54571349005
54571356390
54571362982
54571366827
54571374273
54571380133
54571387152
54571392279
54571399603
54571404913
54571412420
54571419806
54571425421
54571431036
54571437445
54571444525
54571451056
54571458685
54571465399
54571470892
54571477606
54571485906
54571490118
54571497198
54571503851
54571511785
54571515875
54571524603
54571531011
54571536505
54571544256
54571550420
54571553899
54571561346
54571570501
54571577032
54571583318
54571589788
54571595647
54571601873
54571607305
54571613714
54571621587
54571628850
54571635320
54571641790
54571647405
54571653936
54571659734
54571666387
54571675542
54571680913
54571688421
54571694036
54571701421
54571705388
54571712957
54571718572
54571725469
54571733342
54571739629
54571746038
54571752324
54571757878
54571765996
54571772283
54571779302
54571785955
54571792302
54571798772
54571805303
54571810613
54571819585
54571826543
54571832890
54571838262
54571848210
54571854680
54571863286
54571870671
54571878545
54571885136
54571893315
54571902653
54571909489
54571917058
54571923466
54571928776
54571934758
54571941472
54571947941
54571955022
54571961979
54571968876
54571975957
54571983647
54571989995
54571995305
54572001957
54572008427
54572015202
54572022221
54572029362
54572036869
54572040715
54572050724
54572057133
54572063053
54572070072
54572075627
54572082157
54572087345
54572093998
54572099735
54572105534
54572112187
54572119084
54572125248
54572132267
54572138004
54572143376
54572149235
54572155888
54572161930
54572166935
54572175358
54572181828
54572188786
54572196842
54572203251
54572208927
54572218021
54572224369
54572229557
54572236759
54572243900
54572250065
54572256718
54572263614
54572269962
54572276859
54572284366
54572290958
54572296940
54572303409
54572309391
54572315189
54572321781
54572327457
54572333439
54572341922
54572347904
54572354007
54572360477
54572366275
54572372257
54572379459
54572384891
54572393436
54572399356
54572407596
54572414432
54572420535
54572427371
54572435977
54572442691
54572447940
54572454105
54572460696
54572466922
54572471683
54572478152
54572486942
54572498721
54572509708
54572517642
54572529300
54572538028
54572543399
54572550479
54572555911
54572561465
54572579898
54572585269
54572590823
54572596743
54572601993
54572608096
54572613955
54572619754
54572625857
54572633120
54572638247
54572642947
54572650271
54572655581
54572662173
54572667361
54572672305
54572678042
54572684146
54572690676
54572697207
54572703799
54572710513
54572716372
54572721743
54572727114
54572731631
54572738162
54572742922
54572748965
54572754702
54572760867
54572766360
54572777102
54572783450
54572789004
54572794924
54572802004
54572805788
54572812136
54572818484
54572823183
54572830508
54572836489
54572844607
54572851015
54572857302
54572863100
54572868838
54572874575
54572879885
54572885866
54572892458
54572898562
54572905642
54572912355
54572918398
54572925112
54572933168
54572939211
54572945559
54572951540
54572957460
54572963564
54572970339
54572976198
54572983400
54572991274
54572996401
54573003237
54573013796
54573020876
54573030946
54573038393
54573048952
54573056276
54573066469
54573074281
54573086488
54573101503
54573111879
54573122255
54573133424
54573146608
54573157045
54573166993
54573175172
54573181642
54573187684
54573194154
54573200624
54573207338
54573213929
54573220338
54573225709
54573231935
54573238160
54573243409
54573250367
54573256715
54573263429
54573270509
54573275941
54573281007
54573288148
54573293641
54573300294
54573306092
54573312745
54573319459
54573324891
54573330262
54573338075
54573343446
54573350098
54573356934
54573362183
54573367738
54573372742
54573379639
54573386536
54573393311
54573399537
54573406617
54573412842
54573421754
54573427674
54573434571
54573440919
54573447693
54573455262
54573462281
54573468812
54573474854
54573484986
54573490906
54573497864
54573504395
54573512085
54573519410
54573525452
54573531617
54573537476
54573544922
54573551331
54573559388
54573566223
54573572815
54573580506
54573586731
54573592163
54573599854
54573605408
54573611695
54573618958
54573625305
54573633423
54573639221
54573646607
54573654114
54573660461
54573673096
54573680847
54573687256
54573694214
54573701294
54573709717
54573718567
54573725586
54573731323
54573738586
54573743347
54573750549
54573756286
54573763489
54573769409
54573776855
54573782104
54573788574
54573795593
54573802856
54573809204
54573816955
54573823364
54573828979
54573835327
54573842590
54573848938
54573855773
54573861816
54573868896
54573875061
54573880615
54573886657
54573893554
54573899658
54573906555
54573913085
54573920043
54573926391
54573932006
54573939880
54573945312
54573953307
54573960082
54573966003
54573971740
54573979186
54573984618
54573991759
54573997192
54574004699
54574010192
54574017699
54574023009
54574030395
54574036498
54574043517
54574049621
54574055175
54574061278
54574068664
54574075011
54574081969
54574088317
54574095336
54574101989
54574109984
54574113952
54574121764
54574127623
54574134948
54574140807
54574148314
54574154479
54574161437
54574167967
54574173461
54574181212
54574186705
54574194274
54574200438
54574207884
54574214293
54574221190
54574227721
54574234557
54574240599
54574248290
54574255919
54574261778
54574269286
54574276671
54574283629
54574289305
54574298704
54574306151
54574317076
54574324461
54574332945
54574339781
54574346739
54574354735
54574361632
54574369505
54574376707
54574386961
54574392576
54574399778
54574406248
54574413450
54574419127
54574426390
54574434446
54574440916
54574447020
54574454832
54574462828
54574468260
54574476316
54574482054
54574489256
54574496763
54574503416
54574509702
54574517576
54574523679
54574530088
54574537473
54574543211
54574549192
54574556333
54574564024
54574571470
54574578672
54574584165
54574590635
54574597593
54574604368
54574610837
54574617795
54574624570
54574632139
54574638547
54574644163
54574652769
54574659788
54574667234
54574673032
54574680539
54574686399
54574694333
54574700864
54574707517
54574714109
54574720090
54574728391
54574735044
54574742368
54574749631
54574755063
54574762754
54574769101
54574777280
54574783567
54574789914
54574798154
54574804318
54574810666
54574818967
54574824460
54574831845
54574839047
54574844968
54574850522
54574859677
54574868344
54574874509
54574881284
54574887753
54574895322
54574901791
54574907773
54574916562
54574924069
54574932553
54574941525
54574948239
54574954892
54574961300
54574968075
54574974362
54574978207
54574983029
54574988156
54574993649
54574998593
54575003720
54575009213
54575014340
54575019223
54575023800
54575027890
54575033505
54575039059
54575043637
54575047604
54575053036
54575057431
54575062496
54575068539
54575074032
54575079220
54575083492
54575089291
54575093807
54575097592
54575105526
54575109432
54575114559
54575118710
54575124447
54575129940
54575134029
54575139462
54575144955
54575149044
54575154720
54575159420
54575164608
54575168514
54575174618
54575179867
54575184444
54575189083
54575195064
54575200130
54575204220
54575211300
54575216610
54575221554
54575226742
54575231930
54575236202
54575241695
54575249813
54575256344
54575260433
54575266781
54575271236
54575276729
54575281612
54575286190
54575292415
54575297908
54575304683
54575309993
54575316341
54575321041
54575325985
54575330928
54575335628
54575341121
54575345577
54575352596
54575357173
54575363643
54575369503
54575376216
54575381404
54575387020
54575394283
54575400813
54575408016
54575414119
54575418941
54575427425
54575432185
54575438838
54575444453
54575450496
54575456233
54575461116
54575465327
54575470882
54575475520
54575480769
54575485652
54575490413
54575494868
54575500239
54575505122
54575510554
54575516719
54575520320
54575530574
54575536067
54575541316
54575546870
54575551997
54575556636
54575562922
54575569087
54575574153
54575581477
54575586970
54575591853
54575597407
54575602656
54575608210
54575614497
54575621272
54575624995
54575631526
54575635859
54575641597
54575649348
54575655207
54575662226
54575666316
54575673152
54575678645
54575685298
54575688593
54575695796
54575700129
54575707514
54575713435
54575719843
54575725581
54575731562
54575737849
54575743769
54575750422
54575755915
54575761774
54575768427
54575774958
54575781062
54575786249
54575791315
54575798823
54575807001
54575813349
54575817316
54575825922
54575834589
54575839045
54575846918
54575852533
54575857844
54575864252
54575871393
54575875605
54575883295
54575888544
54575896418
54575901911
54575905695
54575911432
54575918024
54575923029
54575929804
54575936090
54575942743
54575950373
54575957880
54575965143
54575972162
54575978266
54575983087
54575991815
54575998468
54576007746
54576011347
54576020868
54576027582
54576033441
54576037653
54576043573
54576049554
54576056024
54576062128
54576067621
54576073663
54576078790
54576085626
54576091119
54576094965
54576102228
54576109613
54576114862
54576121759
54576129693
54576135431
54576140314
54576146600
54576154596
54576158868
54576166131
54576172601
54576179010
54576184930
54576192254
54576197381
54576204278
54576209466
54576213739
54576221246
54576227777
54576233880
54576239679
54576243951
54576250360
54576257257
54576262506
54576267083
54576273553
54576280755
54576288934
54576296746
54576306756
54576314446
54576320855
54576328668
54576334893
54576340447
54576347955
54576353143
54576358880
54576363274
54576369256
54576376153
54576381524
54576387383
54576392937
54576398675
54576402825
54576409539
54576412774
54576418572
54576423516
54576430779
54576436822
54576442315
54576446953
54576452141
54576457634
54576463616
54576468071
54576474114
54576478386
54576483574
54576488823
54576493706
54576498345
54576503716
54576510064
54576514946
54576518608
54576522637
54576529900
54576534722
