54275067293
54275073152
54275078523
54275084749
54275090608
54275096773
54275101839
54275107576
54275113069
54275118135
54275123689
54275130708
54275136751
54275142976
54275148591
54275155183
54275161165
54275168306
54275175996
54275182161
54275189790
54275195527
54275202119
54275209504
54275216218
54275224092
54275230989
54275237519
54275244294
54275251741
54275258515
54275267488
54275275910
54275284150
54275291230
54275299714
54275309907
54275316499
54275324311
54275332002
54275339204
54275347260
54275353242
54275362397
54275370698
54275376435
54275383698
54275391511
54275399506
54275408112
54275414887
54275422272
54275431122
54275437653
54275444794
54275452790
54275458832
54275466950
54275473237
54275480072
54275488007
54275496613
54275505707
54275514191
54275520539
54275529633
54275537751
54275545502
54275554413
54275563507
54275575043
54275583832
54275591339
54275602570
54275609589
54275618866
54275629547
54275644196
54275651764
54275660919
54275666840
54275673675
54275682648
54275688324
54275696625
54275703033
54275711212
54275718048
54275725433
54275732940
54275741058
54275747955
54275754791
54275763763
54275770355
54275778595
54275784210
54275793304
54275799530
54275808685
54275814178
54275821868
54275830108
54275838043
54275845672
54275854034
54275861724
54275868316
54275875823
54275883697
54275891448
54275899261
54275905853
54275912139
54275919952
54275926116
54275935394
54275941497
54275950408
54275956939
54275963287
54275970916
54275977447
54275984344
54275990508
54275998504
54276005340
54276013091
54276022063
54276030364
54276036651
54276044280
54276051909
54276058928
54276067229
54276074859
54276082549
54276090178
54276097930
54276105498
54276112700
54276120330
54276126006
54276134917
54276140349
54276148894
54276155059
54276162017
54276171172
54276177031
54276182952
54276191069
54276196806
54276205534
54276213103
54276218657
54276228056
54276234404
54276243010
54276250700
54276258391
54276265837
54276276396
54276285063
54276293425
54276304533
54276313200
54276321074
54276328459
54276337675
54276346647
54276354521
54276364531
54276371061
54276378508
54276384062
54276393522
54276400114
54276409513
54276415861
54276425077
54276431608
54276439299
54276447050
54276454435
54276462431
54276470487
54276476652
54276485075
54276490080
54276498686
54276504423
54276512846
54276521635
54276526884
54276535368
54276543363
54276550932
54276558134
54276565824
54276574552
54276582548
54276588529
54276595670
54276603361
54276611295
54276618497
54276626554
54276634061
54276644864
54276651456
54276659391
54276668424
54276676420
54276682889
54276690824
54276698331
54276709256
54276716153
54276724027
54276731168
54276738980
54276746121
54276754727
54276762967
54276773221
54276779630
54276787381
54276795621
54276809049
54276816129
54276823575
54276833463
54276840115
54276848965
54276858975
54276867764
54276874356
54276881497
54276891141
54276899625
54276908719
54276913968
54276922146
54276930508
54276936917
54276944241
54276950772
54276958462
54276968167
54276975613
54276983365
54276991482
54276997525
54277006131
54277014309
54277021023
54277030545
54277040982
54277048977
54277058743
54277068997
54277081082
54277092312
54277101467
54277110195
54277118435
54277127102
54277135159
54277144131
54277151577
54277159573
54277166042
54277174282
54277180874
54277188930
54277195278
54277204800
54277211452
54277218471
54277225551
54277232448
54277239406
54277246486
54277253689
54277261562
54277269497
54277277858
54277284450
54277292995
54277300747
54277309230
54277317897
54277325710
54277334316
54277342250
54277350429
54277357448
54277365627
54277373866
54277381740
54277389736
54277396816
54277404872
54277414027
54277421596
54277429347
54277436916
54277445338
54277452907
54277460292
54277467250
54277474025
54277478969
54277489406
54277496852
54277502711
54277511317
54277517360
54277525905
54277532741
54277542262
54277548243
54277558131
54277566005
54277572291
54277578151
54277585292
54277589991
54277597194
54277604396
54277609462
54277618373
54277624476
54277631007
54277636012
54277643153
54277648890
54277657008
54277662318
54277669032
54277676356
54277683131
54277688868
54277694666
54277701808
54277707850
54277713099
54277720484
54277725733
54277732813
54277739344
54277745753
54277751246
54277757777
54277764124
54277769007
54277776209
54277782801
54277789820
54277796229
54277802637
54277807947
54277814234
54277819117
54277827173
54277832850
54277840662
54277846277
54277852869
54277858728
54277866541
54277872034
54277878504
54277885950
54277892420
54277897791
54277905420
54277911402
54277916773
54277923548
54277928980
54277935755
54277941431
54277948694
54277953516
54277959436
54277966699
54277972009
54277979395
54277984888
54277992273
54277997644
54278004785
54278011072
54278018030
54278024316
54278029382
54278036462
54278042932
54278049158
54278054529
54278060693
54278067712
54278074060
54278081384
54278088586
54278093957
54278100122
54278105554
54278113122
54278117761
54278125268
54278129846
54278137353
54278142663
54278150293
54278156335
54278162317
54278169641
54278175256
54278182092
54278189965
54278194970
54278203088
54278208459
54278216699
54278223474
54278230004
54278236779
54278241845
54278250390
54278257226
54278263818
54278269616
54278275537
54278281945
54278287682
54278292687
54278298547
54278303918
54278314111
54278320947
54278328393
54278335961
54278343285
54278349084
54278354638
54278360802
54278368432
54278374596
54278379784
54278387108
54278393212
54278401086
54278407372
54278412377
54278419701
54278428185
54278435326
54278441857
54278448266
54278454430
54278460656
54278467492
54278473473
54278478600
54278486229
54278493492
54278499596
54278505150
54278512841
54278518395
54278525719
54278531517
54278538414
54278544091
54278550621
54278556725
54278561913
54278568199
54278574547
54278581444
54278588402
54278594261
54278599815
54278605553
54278611107
54278616844
54278622459
54278631065
54278637474
54278643700
54278650047
54278657127
54278663841
54278668602
54278676475
54278681053
54278687706
54278695335
54278703148
54278708641
54278716026
54278721214
54278730919
54278736107
54278743797
54278751182
54278757469
54278763572
54278769798
54278777000
54278784019
54278790977
54278796714
54278804466
54278809288
54278816551
54278822654
54278830223
54278837059
54278843711
54278848228
54278855186
54278863365
54278868736
54278877036
54278885337
54278890037
54278897422
54278904563
54278911033
54278917014
54278922080
54278930808
54278937095
54278944236
54278950217
54278957908
54278965415
54278971702
54278980002
54278985129
54278991843
54278999839
54279006980
54279014609
54279020896
54279028525
54279035788
54279041404
54279049643
54279056296
54279063498
54279070639
54279076987
54279083274
54279089011
54279096396
54279103415
54279109641
54279115500
54279123191
54279128562
54279136069
54279143027
54279150473
54279157187
54279164755
54279171713
54279176779
54279183798
54279187155
54279196433
54279204489
54279210776
54279216818
54279222067
54279230246
54279236716
54279241721
54279249411
54279255392
54279263144
54279268271
54279275229
54279285544
54279292746
54279299765
54279307455
54279313864
54279320212
54279326925
54279333090
54279339560
54279346823
54279352682
54279358786
54279364889
54279371176
54279377707
54279385153
54279390890
54279398336
54279403219
54279411337
54279419332
54279425253
54279432089
54279438497
54279444906
54279451620
54279458883
54279464376
54279471884
54279478475
54279486715
54279492574
54279498617
54279507101
54279513937
54279521566
54279529012
54279536581
54279542074
54279549581
54279556478
54279564718
54279571249
54279578512
54279586568
54279594442
54279601156
54279608480
54279615072
54279622457
54279628866
54279634969
54279644552
54279650960
54279657796
54279664144
54279671712
54279678365
54279688314
54279694234
54279701314
54279709188
54279714254
54279721273
54279728597
54279736714
54279743245
54279749105
54279755391
54279762654
54279768880
54279775777
54279784017
54279794759
54279800130
54279808553
54279813924
54279820638
54279826741
54279832906
54279839314
54279846089
54279852132
54279858235
54279864888
54279869954
54279876179
54279882588
54279889180
54279893208
54279898884
54279905415
54279912190
54279917988
54279923298
54279928669
54279935322
54279940510
54279946736
54279953328
54279958394
54279965168
54279972310
54279978169
54279984883
54279990254
54279995137
54280003254
54280009480
54280015400
54280018757
54280024800
54280031330
54280036457
54280042500
54280048420
54280054157
54280059773
54280065815
54280070515
54280077595
54280086201
54280093220
54280101215
54280107075
54280114277
54280122273
54280128620
54280137409
54280144611
54280149982
54280161884
54280167744
54280174335
54280181171
54280186664
54280193317
54280199970
54280206135
54280211628
54280217914
54280226520
54280232319
54280238849
54280244037
54280249408
54280254596
54280261554
54280267902
54280273639
54280280353
54280286335
54280293232
54280297504
54280303730
54280309955
54280316120
54280321796
54280327899
54280335285
54280340412
54280347370
54280352008
54280358722
54280363788
54280370258
54280377033
54280381061
54280388263
54280392535
54280399432
54280406696
54280414874
54280420795
54280428912
54280435687
54280442096
54280449603
54280454608
54280461139
54280467364
54280474261
54280479327
54280484454
54280492023
54280500201
54280506854
54280512042
54280517169
54280522418
54280529803
54280536700
54280542376
54280548846
54280555743
54280562152
54280567584
54280571490
54280577288
54280583697
54280591143
54280597064
54280603167
54280609637
54280615924
54280620379
54280628375
54280634478
54280640399
54280646197
54280653155
54280660601
54280666216
54280673785
54280680682
54280686663
54280694354
54280701006
54280707964
54280713702
54280721697
54280727007
54280733843
54280741351
54280746844
54280753680
54280758196
54280767351
54280772417
54280779192
54280784624
54280791460
54280796770
54280805071
54280811785
54280817827
54280824419
54280831560
54280838274
54280843157
54280850176
54280857561
54280864885
54280869402
54280875872
54280882280
54280887529
54280894915
54280900530
54280907854
54280913347
54280919023
54280925310
54280933122
54280939043
54280945696
54280953386
54280960527
54280966570
54280971086
54280978166
54280985124
54280990862
54280997453
54281004045
54281009599
54281014604
54281021745
54281029436
54281035966
54281041215
54281047685
54281053483
54281059709
54281067522
54281073686
54281078752
54281085954
54281093339
54281100603
54281107255
54281113054
54281118669
54281123918
54281132158
54281139299
54281146440
54281152971
54281162004
54281171220
54281178910
54281187150
54281195512
54281205644
54281211564
54281217973
54281224931
54281231767
54281237260
54281244645
54281251054
54281258378
54281265092
54281272172
54281278581
54281285600
54281293473
54281298112
54281307206
54281313920
54281320206
54281327042
54281333512
54281341325
54281347672
54281352982
54281360978
54281366959
54281373795
54281380570
54281388444
54281395035
54281401444
54281408890
54281415238
54281421464
54281427201
54281433121
54281441361
54281447403
54281455216
54281460892
54281467606
54281476639
54281484146
54281490494
54281497513
54281503800
54281510880
54281518204
54281525467
54281532486
54281539871
54281547257
54281552994
54281559525
54281568619
54281574844
54281582169
54281588638
54281595047
54281602310
54281608841
54281616531
54281622391
54281629959
54281636673
54281644424
54281650894
54281656814
54281664383
54281671524
54281679031
54281686172
54281692215
54281700516
54281705948
54281714981
54281720596
54281726028
54281733963
54281741409
54281748001
54281754837
54281761856
54281768386
54281775405
54281781631
54281790237
54281796279
54281801589
54281810623
54281817214
54281824172
54281830764
54281838210
54281844192
54281851455
54281859756
54281866042
54281869582
54281879592
54281888015
54281894668
54281900893
54281906997
54281913955
54281921889
54281928786
54281935744
54281942702
54281948989
54281955947
54281961928
54281968703
54281975966
54281981215
54281988540
54281994094
54282000869
54282009597
54282015822
54282023208
54282030105
54282037551
54282043959
54282050673
54282056411
54282062941
54282070327
54282074538
54282081496
54282088698
54282095595
54282101882
54282109511
54282115126
54282121535
54282128859
54282134780
54282142592
54282148818
54282154677
54282160414
54282167494
54282174086
54282180983
54282186415
54282195143
54282201857
54282208083
54282214003
54282221022
54282227858
54282234145
54282239516
54282245802
54282253248
54282257094
54282265028
54282273085
54282278456
54282285658
54282292433
54282299025
54282304579
54282309706
54282315687
54282322828
54282328322
54282334242
54282340345
54282348707
54282354872
54282361464
54282367201
54282373732
54282379164
54282385328
54282393141
54282397535
54282406019
54282410963
54282419203
54282426344
54282431654
54282440016
54282447706
54282454847
54282460645
54282466688
54282473036
54282478834
54282483778
54282489759
54282495863
54282501905
54282508375
54282514295
54282519422
54282525465
54282531202
54282538587
54282544508
54282550672
54282556470
54282564527
54282569227
54282577100
54282583631
54282591077
54282595838
54282602796
54282607740
54282615125
54282621290
54282626722
54282633619
54282639600
54282645337
54282653211
54282658399
54282666455
54282673841
54282678601
54282684400
54282691480
54282697278
54282701978
54282708203
54282714795
54282721082
54282726148
54282732862
54282740125
54282746350
54282751416
54282757886
54282762525
54282768994
54282776441
54282783765
54282791028
54282796643
54282801282
54282808179
54282813184
54282818738
54282824109
54282829968
54282836682
54282841870
54282846753
54282852490
54282858044
54282863782
54282870984
54282877392
54282884778
54282890881
54282897290
54282903454
54282910779
54282917065
54282923535
54282931042
54282936108
54282943798
54282950024
54282957531
54282962414
54282969982
54282977124
54282984387
54282990979
54282996594
54283003430
54283011181
54283017895
54283023937
54283030651
54283037609
54283044323
54283050610
54283057385
54283063488
54283070263
54283077831
54283084606
54283090649
54283097240
54283102978
54283111095
54283117077
54283123852
54283130810
54283138683
54283145885
54283152111
54283157848
54283164440
54283170299
54283179088
54283185680
54283192455
54283196544
54283203991
54283209545
54283217174
54283223522
54283231029
54283236095
54283243908
54283249889
54283255931
54283262645
54283270702
54283276928
54283282054
54283288768
54283295848
54283302074
54283307872
54283314586
54283321727
54283328563
54283334361
54283341319
54283348827
54283355785
54283361705
54283368602
54283375743
54283382579
54283389110
54283396312
54283401805
54283409679
54283415233
54283421397
54283427257
54283433360
54283439036
54283447948
54283454722
54283461070
54283467845
54283473948
54283481578
54283487376
54283494273
54283500499
54283506968
54283515147
54283520701
54283527842
54283533580
54283539317
54283545909
54283551341
54283557322
54283563060
54283568919
54283575999
54283580821
54283587901
54283593821
54283599986
54283607859
54283612376
54283619029
54283623667
54283630503
54283637644
54283644419
54283649058
54283656687
54283662608
54283668406
54283673594
54283679270
54283686289
54283693064
54283697703
54283703684
54283710276
54283716074
54283721445
54283728159
54283733836
54283741892
54283747935
54283753489
54283759348
54283766001
54283770334
54283776804
54283782786
54283788706
54283795664
54283801462
54283809397
54283814280
54283820932
54283829050
54283835886
54283844553
54283849497
54283857920
54283863718
54283869944
54283876230
54283880869
54283887155
54283894297
54283900461
54283908335
54283914560
54283920908
54283926889
54283934030
54283939890
54283946237
54283953317
54283959970
54283964731
54283972665
54283978159
54283984628
54283993478
54284000192
54284005746
54284012888
54284019784
54284026132
54284032480
54284040536
54284045724
54284052865
54284057443
54284064584
54284070383
54284075754
54284080392
54284088022
54284094247
54284099862
54284104684
54284112253
54284118112
54284123666
54284130075
54284138376
54284143502
54284150583
54284155954
54284163156
54284168649
54284175973
54284181283
54284188668
54284193612
54284201181
54284208261
54284213876
54284220346
54284227792
54284234750
54284240243
54284245492
54284252511
54284258798
54284264047
54284271615
54284278268
54284285775
54284293343
54284299569
54284305672
54284311898
54284317330
54284323556
54284329720
54284336129
54284340951
54284346688
54284353646
54284360238
54284366158
54284374154
54284379220
54284388375
54284394356
54284400460
54284406197
54284414315
54284421090
54284427315
54284433968
54284440194
54284446968
54284452889
54284459053
54284466194
54284471627
54284476998
54284483773
54284489571
54284496102
54284503670
54284510201
54284515450
54284521431
54284528755
54284534310
54284541817
54284547188
54284554817
54284562508
54284567207
54284573555
54284579842
54284585640
54284591133
54284596992
54284601997
54284608040
54284612617
54284620491
54284626839
54284633125
54284639778
54284646675
54284652107
54284659004
54284666328
54284672798
54284677864
54284685249
54284690681
54284695869
54284700874
54284707954
54284713325
54284718452
54284723823
54284732185
54284738411
54284746284
54284750496
54284758735
54284766365
54284770881
54284776802
54284782478
54284788887
54284796455
54284802925
54284807746
54284815864
54284821174
54284829780
54284837348
54284844001
54284850166
54284856880
54284862983
54284870002
54284876167
54284883613
54284890449
54284897529
54284904182
54284910895
54284917426
54284924262
54284931586
54284939216
54284945380
54284953559
54284959785
54284966132
54284973701
54284979926
54284986701
54284991767
54284996955
54285004096
54285009406
54285014655
54285020270
54285026862
54285031928
54285039008
54285043708
54285050666
54285056342
54285063178
54285067389
54285074103
54285079352
54285086249
54285093390
54285100287
54285106818
54285112250
54285119269
54285124762
54285133246
54285138678
54285144904
54285150580
54285156439
54285162055
54285167914
54285173712
54285179572
54285184637
54285190375
54285197028
54285203680
54285210883
54285217596
54285224188
54285231207
54285236090
54285244025
54285249029
54285257025
54285262823
54285269293
54285277105
54285284125
54285292608
54285297064
54285303351
54285310797
54285317328
54285324102
54285328314
54285336370
54285343206
54285348455
54285355474
54285362310
54285369207
54285374273
54285382391
54285389715
54285396490
54285402532
54285408514
54285415045
54285421087
54285426336
54285433050
54285439703
54285445989
54285451544
54285457830
54285463140
54285469305
54285476019
54285482916
54285489385
54285494634
54285499517
54285505376
54285511724
54285518804
54285525884
54285535284
54285542364
54285550054
54285558904
54285564031
54285571294
54285578008
54285585759
54285591619
54285598577
54285606145
54285611638
54285617437
54285625737
54285632817
54285639348
54285647039
54285654302
54285660649
54285667485
54285675542
54285682622
54285688542
54285696538
54285703557
54285710027
54285717534
54285723760
54285730351
54285737126
54285746343
54285751958
54285759770
54285767644
54285774663
54285781194
54285787419
54285794926
54285801152
54285808293
54285815556
54285822209
54285828923
54285835149
54285842168
54285849370
54285855839
54285862431
54285869755
54285877324
54285883244
54285890263
54285897587
54285903203
54285911747
54285918583
54285925785
54285931645
54285938054
54285945378
54285954716
54285959538
54285968083
54285973271
54285981449
54285988163
54285995548
54286001957
54286009281
54286017094
54286022587
54286029667
54286036808
54286044193
54286050846
54286058048
54286063725
54286071903
54286078556
54286084599
54286089725
54286097721
54286104069
54286112675
54286118961
54286126102
54286133427
54286140140
54286147220
54286155948
54286161869
54286170292
54286176273
54286184330
54286190250
54286196781
54286204288
54286211063
54286218509
54286224552
54286232792
54286239200
54286246952
54286252323
54286260623
54286267337
54286273746
54286279483
54286287601
54286294925
54286301517
54286309146
54286315128
54286322208
54286328494
54286335025
54286343143
54286347965
54286356143
54286363773
54286369144
54286377811
54286384158
54286391483
54286398013
54286405215
54286412479
54286418826
54286426272
54286432254
54286441958
54286448855
54286456485
54286463870
54286471744
54286476626
54286484500
54286492129
54286500125
54286505984
54286512881
54286520938
54286526980
54286533694
54286541018
54286548587
54286554934
54286562930
54286569461
54286576174
54286582949
54286590640
54286595400
54286604373
54286610232
54286618655
54286624392
54286631167
54286640078
54286645876
54286653567
54286659243
54286667178
54286674563
54286681033
54286688540
54286694582
54286703188
54286711306
54286716921
54286725222
54286730776
54286739077
54286745302
54286752505
54286760256
54286766298
54286774538
54286780520
54286786257
54286794008
54286801088
54286807863
54286815187
54286822329
54286828493
54286836245
54286842714
54286849916
54286856935
54286865297
54286872133
54286880190
54286886354
54286893923
54286902590
54286909670
54286914797
54286922304
54286928774
54286935304
54286941591
54286949953
54286955873
54286963014
54286969301
54286976076
54286982301
54286990419
54286997194
54287003908
54287010438
54287017641
54287024171
54287031984
54287037721
54287045534
54287051637
54287058900
54287063600
54287069887
54287078615
54287084169
54287091554
54287096803
54287105470
54287110841
54287116578
54287123964
54287130372
54287137208
54287143800
54287149598
54287156434
54287163392
54287171266
54287177186
54287184266
54287191834
54287198121
54287206483
54287212831
54287218751
54287226075
54287232667
54287239320
54287246705
54287251710
54287259827
54287267762
54287275208
54287281434
54287288148
54287296204
54287302064
54287310120
54287318116
54287324219
54287331910
54287338257
54287345093
54287353699
54287359253
54287366700
54287373292
54287380311
54287388916
54287395081
54287402588
54287408631
54287415223
54287423462
54287428772
54287436585
54287442749
54287450867
54287457398
54287464844
54287470642
54287476746
54287484314
54287490601
54287498657
54287506287
54287512757
54287519531
54287526428
54287531433
54287540955
54287548035
54287554810
54287560547
54287568176
54287574036
54287581665
54287590759
54287596802
54287604431
54287611938
54287618042
54287625183
54287632324
54287639160
54287645996
54287652221
54287660095
54287665832
54287673340
54287680847
54287686889
54287694946
54287701111
54287708862
54287714782
54287722168
54287729797
54287735595
54287742370
54287749572
54287755737
54287763305
54287769409
54287776794
54287783630
54287788330
54287797241
54287803527
54287810729
54287816223
54287824462
54287830322
54287838378
54287845092
54287852477
54287857482
54287867248
54287873534
54287881408
54287886901
54287894225
54287902587
54287908568
54287916442
54287922729
54287929565
54287937804
54287944091
54287951903
54287957274
54287965026
54287973082
54287979186
54287984984
54287992247
54287998290
54288005065
54288012206
54288019957
54288026854
54288032836
54288039428
54288045165
54288050475
54288060729
54288065245
54288074279
54288080565
54288087950
54288094420
54288102294
54288108641
54288115233
54288123473
54288129271
54288137145
54288142455
54288150938
54288157042
54288163451
54288170287
54288177367
54288183104
54288190489
54288198668
54288204954
54288211851
54288218870
54288225340
54288231993
54288238585
54288246153
54288252257
54288259886
54288267332
54288274534
54288280516
54288287169
54288295713
54288300840
54288309141
54288314878
54288321714
54288327574
54288335081
54288342161
54288346861
54288353331
54288361021
54288367552
54288374815
54288380125
54288387388
54288394285
54288400266
54288407041
54288414671
54288419309
54288427427
54288433469
54288440977
54288447874
54288454832
54288463071
54288471311
54288477659
54288486692
54288493101
54288499631
54288506528
54288513547
54288520383
54288527646
54288534299
54288541624
54288548643
54288554929
54288561826
54288569089
54288576108
54288583432
54288590513
54288597043
54288604123
54288611203
54288618222
54288626584
54288633054
54288638852
54288645566
54288652829
54288660642
54288667783
54288674497
54288681272
54288688718
54288695432
54288700498
54288709958
54288717160
54288723935
54288731748
54288736569
54288745175
54288750546
54288758176
54288764462
54288771970
54288779721
54288785275
54288793637
54288799496
54288806882
54288814145
54288820798
54288828366
54288835202
54288840695
54288848263
54288854855
54288862729
54288867917
54288874814
54288882687
54288888180
54288896176
54288901974
54288909359
54288916684
54288923336
54288929135
54288936703
54288944088
54288949887
54288957394
54288964962
54288969906
54288977658
54288984310
54288991512
54288998837
54289005795
54289013119
54289019161
54289026547
54289034237
54289041317
54289052303
54289059444
54289064083
54289072384
54289080318
54289087765
54289094784
54289102047
54289110592
54289116329
54289123897
54289129452
54289136410
54289143184
54289149898
54289157528
54289162655
54289170101
54289175960
54289183956
54289190303
54289196224
54289204036
54289208919
54289216121
54289223201
54289229671
54289236568
54289243099
54289247798
54289257381
54289263423
54289271846
54289276485
54289283809
54289290645
54289297847
54289303462
54289309749
54289317256
54289323665
54289330196
54289337032
54289343196
54289349727
54289357417
54289362727
54289369380
54289376277
54289382625
54289389644
54289395442
54289401851
54289408076
54289413875
54289420833
54289427180
54289432551
54289438228
54289446467
54289452510
54289460383
54289466243
54289472835
54289478572
54289485164
54289492244
54289499751
54289504512
54289512446
54289517756
54289523616
54289530329
54289537226
54289544184
54289550044
54289557490
54289563227
54289569514
54289576045
54289583369
54289589167
54289598811
54289606074
54289612055
54289621333
54289627558
54289634943
54289640742
54289647883
54289655695
54289661799
54289667353
54289675715
54289682490
54289689570
54289696223
54289701655
54289708918
54289715449
54289721735
54289726374
54289732538
54289739557
54289745356
54289750971
54289757563
54289762751
54289771052
54289778681
54289785029
54289790339
54289797846
54289803034
54289808893
54289813715
54289821039
54289826349
54289831781
54289836603
54289843988
54289848505
54289856195
54289861750
54289869684
54289876398
54289883966
54289890680
54289897211
54289903620
54289909296
54289915399
54289921808
54289928217
54289934076
54289939813
54289945734
54289951898
54289958246
54289964838
54289972345
54289978937
54289985895
54289992181
54289998773
54290006219
54290011713
54290019830
54290024957
54290032159
54290037591
54290044427
54290050531
54290055230
54290062372
54290069513
54290076227
54290081598
54290089166
54290096185
54290102777
54290108758
54290117181
54290123162
54290129571
54290134881
54290143426
54290149102
54290155999
54290163995
54290169427
54290174127
54290181390
54290187127
54290192437
54290198419
54290204095
54290210015
54290216058
54290221673
54290228570
54290233331
54290240289
54290245538
54290252740
54290260308
54290266290
54290273980
54290281426
54290287469
54290293877
54290300103
54290305108
54290311944
54290319146
54290325677
54290331841
54290338799
54290346306
54290353081
54290359490
54290365899
54290373528
54290381035
54290387932
54290395317
54290401116
54290407769
54290413567
54290420037
54290426934
54290433831
54290440483
54290446221
54290454460
54290459221
54290467888
54290474541
54290480644
54290487236
54290492973
54290498223
54290504204
54290511406
54290517510
54290525200
54290531670
54290538445
54290544731
54290551811
54290558098
54290565300
54290573967
54290578850
54290588921
54290596123
54290602348
54290607841
54290614250
54290620537
54290627861
54290633110
54290638847
54290645500
54290652031
54290658195
54290665397
54290671867
54290677910
54290682243
54290691398
54290694511
54290702263
54290708732
54290717277
54290723198
54290729789
54290735466
54290741996
54290745780
54290752372
54290760124
54290766777
54290773002
54290779106
54290784660
54290790641
54290796684
54290801933
54290811088
54290818534
54290827140
54290832084
54290840141
54290845817
54290852653
54290857291
54290864494
54290869804
54290878532
54290885306
54290892203
54290898673
54290905387
54290911857
54290918815
54290925529
54290932425
54290939445
54290946097
54290952811
54290958610
54290965384
54290971732
54290978141
54290984183
54290990775
54290996817
54291004874
54291010489
54291017325
54291022818
54291031302
54291038260
54291044669
54291051810
54291057608
54291064749
54291070792
54291078055
54291084525
54291091178
54291097281
54291103629
54291111990
54291120047
54291125723
54291133231
54291138663
54291144217
54291151602
54291158377
54291163138
54291170279
54291177786
54291184988
54291191214
54291198050
54291203604
54291212454
54291217947
54291225088
54291231497
54291239371
54291243948
54291251516
54291257803
54291264517
54291270681
54291278860
54291284842
54291290457
54291295889
54291302908
54291307302
54291314505
54291321707
54291327932
54291333914
54291341360
54291349539
54291354727
54291360952
54291367361
54291373831
54291378408
54291384817
54291391226
54291397268
54291402456
54291408254
54291414541
54291420767
54291428457
54291435171
54291440237
54291446035
54291452383
54291458486
54291463430
54291472524
54291478689
54291486135
54291491750
54291498342
54291505361
54291513357
54291519460
54291524831
54291531301
54291538381
54291545095
54291550161
54291557485
54291562734
54291569875
54291576711
54291582509
54291589040
54291595205
54291599782
54291606252
54291612416
54291618215
54291624440
54291630483
54291635182
54291640859
54291647328
54291653859
54291661122
54291668080
54291673696
54291681752
54291687001
54291694997
54291699758
54291708363
54291716115
54291722951
54291729909
54291736012
54291741200
54291749806
54291756337
54291760854
54291766652
54291773305
54291777760
54291784474
54291790944
54291795582
54291802052
54291806630
54291813771
54291821828
54291828847
54291835621
54291842457
54291850026
54291858387
54291864064
54291872426
54291878651
54291885243
54291891468
54291897999
54291904042
54291910817
54291917958
54291924549
54291931385
54291938038
54291944203
54291950245
54291956410
54291962818
54291970753
54291976551
54291982350
54291988758
54291994373
54292000538
54292007496
54292013599
54292022572
54292027515
54292035816
54292042591
54292048817
54292055775
54292061939
54292068714
54292074696
54292080433
54292087574
54292092457
54292099598
54292105823
54292111622
54292116993
54292124378
54292132007
54292137317
54292145069
54292150318
54292158436
54292166187
54292173267
54292179859
54292185779
54292191517
54292197254
54292202564
54292209705
54292213733
54292221057
54292225696
54292232837
54292236743
54292243701
54292249134
54292254322
54292260120
54292268665
54292273242
54292279895
54292284473
54292291126
54292295764
54292302356
54292307056
54292314319
54292320667
54292325244
54292331836
54292336475
54292343311
54292350085
54292356433
54292363940
54292370654
54292375537
54292381335
54292387744
54292393359
54292398913
54292406787
54292413806
54292419665
54292425586
54292432666
54292438830
54292444079
54292449450
54292456897
54292462329
54292470080
54292475207
54292481982
54292487231
54292492907
54292501696
54292506640
54292513842
54292520190
54292526293
54292531665
54292537951
54292542834
54292550891
54292557360
54292563525
54292568896
54292574999
54292581896
54292588427
54292594470
54292601122
54292606493
54292613940
54292619006
54292625109
54292631518
54292637621
54292643420
54292649706
54292656298
54292661913
54292668871
54292674486
54292680102
54292687609
54292692370
54292699816
54292706469
54292711474
54292717638
54292723437
54292730028
54292736010
54292744249
54292751696
54292758410
54292765001
54292772081
54292779039
54292785753
54292791246
54292797472
54292803698
54292811693
54292817308
54292823900
54292830797
54292837328
54292845140
54292851732
54292857652
54292864427
54292869310
54292874681
54292880358
54292887010
54292893419
54292900072
54292904894
54292910265
54292915819
54292922655
54292928880
54292934862
54292941698
54292948351
54292954759
54292961229
54292968126
54292974473
54292981370
54292989183
54292995286
54293000230
54293005968
54293011949
54293017808
54293023668
54293029588
54293034227
54293042039
54293046129
54293053392
54293058152
54293063890
54293068895
54293075975
54293083177
54293088914
54293096543
54293102403
54293110276
54293115892
54293121934
54293130052
54293137559
54293142869
54293150865
54293156053
54293163926
54293168870
54293176621
54293181504
54293189805
54293196580
54293202439
54293207322
54293214280
54293220933
54293227036
54293233445
54293239671
54293245469
54293254746
54293264268
54293283555
54293294053
54293302476
54293311692
54293319504
54293326462
54293333542
54293339707
54293346055
54293352402
54293359971
54293366562
54293373581
54293380478
54293387009
54293392868
54293399948
54293406235
54293413742
54293419113
54293426621
54293433579
54293438889
54293445420
54293450974
54293456284
54293462815
54293470261
54293477829
54293482468
54293490708
54293495957
54293504135
54293512985
54293517563
54293523972
54293530136
54293535873
54293542892
54293549484
54293555527
54293562790
54293569992
54293576462
54293582260
54293590561
54293595627
54293602890
54293608749
54293616134
54293620773
54293627121
54293634689
54293639267
54293645858
54293651718
54293658371
54293665085
54293672226
54293678817
54293684799
54293690780
54293696762
54293704208
54293712326
54293717147
54293723739
54293731124
54293737716
54293743392
54293749801
54293755905
54293761398
54293769088
54293775741
54293783126
54293789840
54293796676
54293803512
54293809005
54293816024
54293820968
54293827682
54293832931
54293840926
54293847701
54293853011
54293858565
54293865462
54293871871
54293876693
54293882491
54293889449
54293896102
54293903487
54293910140
54293916183
54293922774
54293930098
54293936751
54293943099
54293950545
54293957625
54293964705
54293971053
54293977828
54293985396
54293992598
54293998946
54294007857
54294014144
54294020247
54294025557
54294033797
54294039961
54294045760
54294052962
54294058333
54294065169
54294071211
54294077437
54294084883
54294090682
54294097823
54294104781
54294109908
54294115706
54294123030
54294128157
54294135420
54294142439
54294147505
54294154097
54294161787
54294167586
54294173750
54294180525
54294187849
54294194563
54294200300
54294208296
54294213972
54294220808
54294227461
54294233992
54294240217
54294246626
54294253645
54294259749
54294265547
54294270796
54294276899
54294284895
54294290998
54294298445
54294304792
54294310591
54294316328
54294323408
54294329389
54294336347
54294341230
54294346601
54294352583
54294359480
54294363874
54294369062
54294375898
54294381391
54294389631
54294395185
54294402692
54294408186
54294415510
54294420759
54294428144
54294435224
54294441694
54294447309
54294458295
54294465681
54294471540
54294478193
54294483869
54294490827
54294496747
54294505659
54294511030
54294518903
54294526533
54294533246
54294539777
54294546613
54294552839
54294559736
54294566388
54294572980
54294578901
54294585675
54294592511
54294599469
54294605695
54294612104
54294619733
54294626325
54294631940
54294639936
54294646894
54294652936
54294660382
54294666547
54294674237
54294680890
54294687299
54294692426
54294698895
54294704205
54294713544
54294718610
54294726727
54294732159
54294740216
54294744855
54294753461
54294759503
54294768841
54294778180
54294786908
54294795453
54294803265
54294813214
54294821698
54294831646
54294840619
54294849408
54294859906
54294865399
54294871991
54294880047
54294887371
54294893109
54294901226
54294908123
54294914166
54294921063
54294928143
54294935589
54294941204
54294947674
54294954693
54294961590
54294968243
54294975140
54294982159
54294989483
54294995953
54295002056
54295009747
54295016094
54295022991
54295029095
54295036480
54295045208
54295048809
54295055462
54295061626
54295065655
54295072552
54295079632
54295086468
54295091839
54295099651
54295106548
54295113079
54295118023
54295125896
54295132854
54295139873
54295146221
54295152996
54295158855
54295165020
54295171733
54295177898
54295183025
54295191143
54295197734
54295204753
54295211406
54295218730
54295224590
54295229473
54295237651
54295246013
54295253093
54295258708
54295265788
54295272746
54295281413
54295287578
54295293803
54295300456
54295307842
54295313335
54295321513
54295327617
54295333659
54295340739
54295349712
54295355815
54295362712
54295369426
54295375529
54295382487
54295388835
54295395793
54295402629
54295408977
54295414531
54295422038
54295427531
54295433329
54295441264
54295447245
54295452861
54295459758
54295464213
54295471415
54295478251
54295483317
54295490153
54295495768
54295502665
54295507243
54295514201
54295518840
54295525492
54295530680
54295538737
54295545146
54295552165
54295557841
54295566630
54295571330
54295579203
54295584330
54295590189
54295596598
54295601908
54295607523
54295612772
54295617899
54295625285
54295631449
54295637370
54295642924
54295650919
54295657267
54295663431
54295669291
54295676737
54295682474
54295689066
54295694559
54295699259
54295704813
54295711344
54295717508
54295722147
54295729105
54295735880
54295741861
54295746683
54295753092
54295760111
54295766275
54295773600
54295780985
54295786966
54295794840
54295800333
54295808145
54295813944
54295819681
54295827555
54295834390
54295841959
54295847330
54295855631
54295860941
54295867655
54295873880
54295881082
54295889261
54295895303
54295901041
54295907877
54295914590
54295920999
54295927713
54295935037
54295941385
54295947977
54295954385
54295960977
54295967874
54295974405
54295981241
54295987161
54295993692
54296001748
54296008218
54296014261
54296020913
54296026956
54296033426
54296040750
54296045572
54296052408
54296058023
54296063455
54296069070
54296075784
54296081155
54296086465
54296092202
54296099710
54296106607
54296112283
54296119180
54296126504
54296132852
54296138589
54296144448
54296150857
54296156777
54296161782
54296167703
54296173867
54296180459
54296186746
54296193154
54296199075
54296205788
54296212807
54296220681
54296225014
54296233376
54296239297
54296245705
54296251931
54296259988
54296266030
54296273720
54296281228
54296286172
54296292824
54296299172
54296306008
54296311867
54296319314
54296326272
54296333657
54296339211
54296345864
54296353493
54296360085
54296366372
54296373085
54296379250
54296386086
54296392983
54296399514
54296406411
54296413002
54296418373
54296426186
54296431618
54296440407
54296445656
54296452431
54296457863
54296463234
54296468544
54296475380
54296480324
54296487343
54296493874
54296498573
54296505409
54296510231
54296516945
54296524635
54296531288
54296537697
54296543495
54296548073
54296555519
54296561500
54296567299
54296572853
54296578895
54296586647
54296593361
54296600075
54296606788
54296611610
54296619362
54296624061
54296632179
54296638282
54296644691
54296650245
54296658607
54296664589
54296670753
54296678810
54296686012
54296690773
54296697792
54296702552
54296709815
54296715431
54296722022
54296729286
54296734352
54296741310
54296747535
54296753639
54296760414
54296767371
54296775306
54296781959
54296787269
54296794227
54296799842
54296807716
54296812110
54296820228
54296825782
54296832374
54296838477
54296842994
54296849036
54296855994
54296861976
54296866675
54296872474
54296880469
54296886573
54296893531
54296900184
54296906959
54296913733
54296920081
54296927222
54296933204
54296939124
54296946082
54296952124
54296958045
54296964270
54296968665
54296977942
54296984839
54296991309
54296998816
54297004981
54297012183
54297018408
54297025122
54297032324
54297037268
54297046240
54297054480
54297059241
54297065405
54297070105
54297078223
54297081519
54297088904
54297095801
54297102271
54297108069
54297115332
54297123389
54297130774
54297136938
54297143774
54297149756
54297157446
54297162024
54297169592
54297177710
54297184912
54297192053
54297198828
54297205237
54297210364
54297217322
54297222448
54297230017
54297236914
54297243689
54297249426
54297257483
54297262243
54297269629
54297273657
54297281042
54297285864
54297291418
54297296423
54297303564
54297307897
54297315466
54297322485
54297330419
54297334204
54297340978
54297347631
54297353369
54297360571
54297368078
54297374609
54297380590
54297386816
54297392187
54297398412
54297405614
54297411535
54297416906
54297423437
54297428381
54297434179
54297439550
54297446752
54297451513
54297458288
54297464696
54297472997
54297478795
54297485021
54297491491
54297497167
54297503332
54297510106
54297516149
54297522069
54297527501
54297534032
54297538183
54297544896
54297551305
54297556737
54297564000
54297572057
54297578588
54297585240
54297589513
54297596837
54297603978
54297609105
54297614354
54297622716
54297628575
54297633702
54297639501
54297644200
54297650975
54297657811
54297664952
54297670567
54297676793
54297682347
54297688573
54297694371
54297701634
54297705724
54297714879
54297722264
54297728612
54297738072
54297745457
54297753819
54297762425
54297769627
54297776829
54297783238
54297789830
54297795689
54297800877
54297807530
54297814732
54297819554
54297826756
54297831944
54297840733
54297845738
54297853428
54297861241
54297868382
54297874913
54297881871
54297887669
54297895542
54297901341
54297907444
54297914585
54297920262
54297925633
54297932347
54297938450
54297944859
54297952244
54297959568
54297966221
54297972080
54297979588
54297985691
54297993137
54297999729
54298004795
54298010960
54298018650
54298026279
54298031773
54298037937
54298045139
54298051304
54298056919
54298063877
54298070164
54298078464
54298083957
54298089512
54298095615
54298102451
54298108127
54298115574
54298120273
54298127536
54298132847
54298140781
54298147312
54298152378
54298159702
54298164463
54298172336
54298179416
54298185092
54298190586
54298196689
54298203403
54298209812
54298216159
54298222690
54298230075
54298236118
54298243442
54298249484
54298256259
54298263339
54298268588
54298275424
54298279636
54298286655
54298294223
54298299533
54298306735
54298311557
54298319247
54298323947
54298331760
54298339084
54298345492
54298351352
54298360263
54298366122
54298374240
54298381320
54298388888
54298394687
54298400729
54298409335
54298414279
54298421481
54298427401
54298432711
54298439181
54298444430
54298450351
54298456698
54298462985
54298470614
54298475619
54298483920
54298489657
54298496432
54298502413
54298508456
54298514437
54298519198
54298525546
54298530429
54298537753
54298544283
54298551730
54298558321
54298564974
54298571749
54298578707
54298584750
54298590426
54298595370
54298603915
54298609591
54298616061
54298621920
54298629732
54298636263
54298641878
54298648592
54298654452
54298660311
54298666720
54298673617
54298680636
54298685030
54298692782
54298700716
54298705355
54298712191
54298717623
54298724154
54298728792
54298736239
54298743013
54298750216
54298757112
54298763582
54298769136
54298776766
54298782625
54298788729
54298794161
54298800081
54298806795
54298812960
54298819368
54298826753
54298832918
54298838655
54298845247
54298852083
54298858370
54298863313
54298870577
54298875581
54298883943
54298889009
54298897798
54298905122
54298911775
54298916780
54298922395
54298928926
54298934724
54298941011
54298948701
54298954561
54298961336
54298967622
54298975191
54298979097
54298986482
54298993867
54299001558
54299008027
54299015779
54299020356
54299028047
54299034822
54299039827
54299047334
54299054231
54299060884
54299066865
54299074739
54299080537
54299087251
54299094697
54299101777
54299107148
54299115571
54299122407
54299127961
54299133759
54299141023
54299148286
54299154389
54299161775
54299166474
54299173982
54299178559
54299184907
54299189607
54299196809
54299201875
54299210908
54299216889
54299224030
54299229401
54299235505
54299241059
54299248627
54299254792
54299262726
54299267792
54299276764
54299283478
54299290009
54299297333
54299304657
54299309540
54299316681
54299323151
54299327912
54299333100
54299340668
54299347260
54299355561
54299362397
54299369355
54299375946
54299382355
54299388642
54299393769
54299400727
54299406220
54299412018
54299417633
54299423248
54299428925
54299434723
54299440949
54299448944
54299454743
54299460114
54299465546
54299471527
54299478729
54299484589
54299491669
54299498383
54299504486
54299509064
54299515533
54299520050
54299527313
54299531891
54299538727
54299545380
54299551544
54299557342
54299563873
54299570282
54299576141
54299582306
54299589935
54299596710
54299603180
54299609039
54299617767
54299624664
54299630645
54299636627
54299644806
54299651580
54299656341
54299664276
54299670318
54299676544
54299681854
54299690765
54299697174
54299703704
54299709991
54299716400
54299722503
54299728729
54299734893
54299741180
54299746551
54299753387
54299761138
54299767059
54299772308
54299779144
54299786346
54299793365
54299799895
54299805328
54299812713
54299818145
54299824798
54299831695
54299837859
54299842803
54299848540
54299856048
54299862700
54299868255
54299874907
54299882171
54299889068
54299894988
54299902007
54299908233
54299915984
54299921233
54299927581
54299935271
54299940642
54299946868
54299954375
54299958953
54299965605
54299970855
54299977507
54299982207
54299989104
54299994231
54300000884
54300006621
54300011382
54300017058
54300022429
54300028533
54300035918
54300042754
54300047820
54300054472
54300061064
54300066924
54300071684
54300078337
54300084624
54300091032
54300097136
54300104033
54300110197
54300118620
54300125334
54300131682
54300137907
54300143034
54300149260
54300154570
54300161589
54300167692
54300174345
54300182219
54300189421
54300194975
54300200773
54300208525
54300213957
54300219755
54300227079
54300234770
54300241728
54300248259
54300255094
54300262114
54300267729
54300273039
54300279447
54300285185
54300293302
54300299894
54300305937
54300313383
54300319486
54300326383
54300333097
54300340482
54300346647
54300353727
54300359892
54300366544
54300372770
54300380155
54300386076
54300392118
54300397977
54300404203
54300411588
54300416166
54300424222
54300431669
54300437162
54300445646
54300451261
54300458036
54300465238
54300471891
54300477018
54300484464
54300491239
54300497281
54300502713
54300508939
54300515897
54300522428
54300528104
54300534940
54300542081
54300548795
54300555631
54300562223
54300567289
54300575467
54300579923
54300588956
54300594754
54300603360
54300608975
54300616849
54300623685
54300628751
54300638150
54300644559
54300650174
54300655179
54300660855
54300666165
54300671780
54300677884
54300685025
54300688260
54300697720
54300702847
54300710721
54300716153
54300723660
54300730008
54300736355
54300742032
54300749234
54300755643
54300762417
54300768277
54300772976
54300778164
54300786160
54300791836
54300798001
54300805020
54300812344
54300819363
54300825161
54300833828
54300838894
54300844632
54300849759
54300857266
54300862637
54300868740
54300874234
54300883694
54300889858
54300897427
54300903042
54300908352
54300913845
54300921047
54300926663
54300934475
54300941494
54300946743
54300953030
54300960964
54300967861
54300973110
54300980679
54300988125
54300994534
54301000393
54301007412
54301013515
54301020351
54301025661
54301034389
54301041592
54301048305
54301054104
54301062038
54301067287
54301073452
54301078762
54301086574
54301093044
54301098232
54301103664
54301108974
54301115261
54301123256
54301129116
54301136684
54301142177
54301149623
54301154140
54301161525
54301167568
54301175075
54301179470
54301186367
54301192714
54301198757
54301204433
54301209133
54301216091
54301222988
54301229762
54301235256
54301242336
54301249538
54301256068
54301262233
54301268581
54301275295
54301281825
54301288112
54301293361
54301302638
54301309108
54301314784
54301322414
54301328029
54301333278
54301338832
54301345546
54301351588
54301357326
54301363002
54301369899
54301374965
54301382838
54301390407
54301395717
54301402186
54301408046
54301415004
54301423426
54301431056
54301437098
54301444484
54301452052
54301459010
54301465785
54301472438
54301478419
54301486598
54301491664
54301498011
54301503260
54301507044
54301513819
54301519129
54301523707
54301529505
54301534510
54301540431
54301544825
54301548548
54301553919
54301558619
54301563624
54301567835
54301574000
54301578577
54301582240
54301586756
54301592066
54301597498
54301601466
54301605982
54301610865
54301615198
54301620203
54301623560
54301629175
54301633631
54301638697
54301643091
54301648096
54301652796
54301657984
54301661463
54301668482
54301672510
54301677637
54301682215
54301685755
54301690760
54301695154
54301700708
54301705408
54301711451
54301716150
54301720545
54301725794
54301732569
54301740015
54301744776
54301748438
54301753077
54301757715
54301762110
54301766016
54301772058
54301777124
54301781397
54301787134
54301791590
54301796411
54301800073
54301805628
54301811182
54301816492
54301820154
54301825891
54301830530
54301835169
54301839502
54301848108
54301853479
54301858057
54301862451
54301866357
54301870386
54301876367
54301880823
54301888452
54301893091
54301897607
54301901453
54301908716
54301914758
54301920434
54301924280
54301930444
54301935693
54301940027
54301945886
54301948572
54301955469
54301959375
54301965478
54301971948
54301976343
54301983362
54301987512
54301993738
54301997949
54302005151
54302008020
54302016259
54302022851
54302027368
54302032678
54302038293
54302043969
54302049585
54302055688
54302061669
54302067102
54302073083
54302078942
54302085351
54302091394
54302098229
54302103356
54302109216
54302115014
54302120690
54302126183
54302133569
54302138635
54302145471
54302150170
54302154137
54302161706
54302166161
54302173913
54302177697
54302184167
54302189477
54302196679
54302202721
54302209618
54302215661
54302221215
54302227196
54302234154
54302238732
54302245873
54302253380
54302258751
54302267235
54302272790
54302277916
54302281701
54302290429
54302294335
54302302147
54302308739
54302315453
54302321923
54302326012
54302333031
54302338463
54302343346
54302350487
54302355248
54302361412
54302366539
54302371666
54302380272
54302385399
54302391014
54302395775
54302403160
54302408287
54302414940
54302422142
54302428429
54302434593
54302440941
54302445458
54302454430
54302459190
54302464867
54302471092
54302476280
54302481102
54302487389
54302491905
54302499962
54302508934
54302512840
54302520164
54302527916
54302534569
54302540306
54302545555
54302552086
54302560692
54302566246
54302570274
54302576805
54302585106
54302590477
54302596397
54302602989
54302608909
54302615501
54302621788
54302626487
54302634300
54302638328
54302643943
54302650840
54302657432
54302662071
54302667869
54302673789
54302680686
54302686424
54302690818
54302696006
54302704856
54302709983
54302714439
54302722801
54302729575
54302735923
54302741782
54302748313
54302754905
54302760581
54302766685
54302774192
54302779441
54302784873
54302790305
54302797813
54302803306
54302810325
54302818442
54302823630
54302829856
54302836204
54302841636
54302845664
54302852683
54302859031
54302867148
54302872764
54302878196
54302886069
54302890220
54302896567
54302904013
54302909690
54302913901
54302923423
54302927512
54302934653
54302940940
54302946433
54302951255
54302960166
54302966452
54302970298
54302978476
54302984397
54302991782
54302997641
54303001914
54303007956
54303014731
54303021384
54303026877
54303034018
54303039206
54303044211
54303050986
54303054404
54303062949
54303069540
54303081381
54303090109
54303095053
54303103476
54303109396
54303114523
54303122275
54303127646
54303135885
54303142294
54303149008
54303155722
54303163412
54303175192
54303184530
54303191916
54303202353
54303212301
54303224325
54303230429
54303243429
54303249655
54303256613
54303266745
54303275656
54303283468
54303292257
54303299642
54303306356
54303312948
54303320516
54303329061
54303334860
54303341512
54303352682
54303362447
54303371297
54303378439
54303388143
54303395467
54303404806
54303409261
54303421834
54303430135
54303435811
54303447408
54303454488
54303463460
54303468648
54303474996
54303483297
54303491475
54303501302
54303503804
54303515950
54303520406
54303527486
54303537130
54303539083
54303552816
54303558431
54303567464
54303576192
54303585835
54303594380
54303601888
54303612996
54303620320
54303631184
54303636433
54303645528
54303655293
54303664021
54303670369
54303679036
54303689778
54303697468
54303702046
54303719624
54303728657
54303737446
54303748005
54303757771
54303765706
54303771992
54303781758
54303789143
54303799580
54303804646
54303816060
54303823567
54303831623
54303839558
54303846089
54303853962
54303861958
54303869099
54303877278
54303886128
54303898030
54303907978
54303914509
54303922749
54303933613
54303941486
54303950459
54303959736
54303967121
54303978168
54303986591
54303992756
54304003132
54304010639
54304020588
54304027546
54304037861
54304046345
54304055012
54304065021
54304074909
54304081012
54304089924
54304099933
54304108783
54304117572
54304124836
54304132465
54304141803
54304153156
54304161273
54304170917
54304181415
54304192462
54304203388
54304213580
54304224689
54304232135
54304244037
54304253680
54304262164
54304269733
54304278461
54304283771
54304295123
54304303607
54304311664
54304321185
54304326678
54304334979
54304342120
54304350787
54304358355
54304364459
54304373370
54304378741
54304388995
54304396258
54304402240
54304411395
54304417987
54304424639
54304433062
54304440631
54304446429
54304456378
54304464739
54304472979
54304477496
54304486407
54304494647
54304503558
54304509295
54304517291
54304527300
54304533892
54304542010
54304549517
54304557330
54304565569
54304570574
54304578753
54304589617
54304596575
54304604021
54304610247
54304619158
54304627947
54304634356
54304641131
54304649004
54304657732
54304665911
54304676043
54304684404
54304690447
54304699907
54304707903
54304717302
54304722246
54304735369
54304743669
54304750017
54304759722
54304767534
54304778032
54304782976
54304794878
54304801653
54304809099
54304817095
54304826067
54304832353
54304838579
54304848772
54304855669
54304864091
54304872392
54304880083
54304886919
54304897722
54304904802
54304913286
54304919877
54304928972
54304933610
54304943559
54304950639
54304958207
54304966142
54304972001
54304980912
54304990007
54304996293
54305003801
54305010575
54305020158
54305026811
54305033769
54305042192
54305049821
54305058610
54305066911
54305076188
54305081803
54305089799
54305100358
54305106034
54305117631
54305125749
54305133378
54305143693
54305150712
54305160722
54305167069
54305176835
54305187882
54305195512
54305203446
54305208939
54305218461
54305225724
54305232743
54305238968
54305247391
54305252457
54305259232
54305262162
54305272049
54305276810
54305281327
54305288529
54305294022
54305299210
54305305436
54305311905
54305319413
54305326065
54305331436
54305339676
54305344010
54305349747
54305355606
54305362625
54305367447
54305374100
54305379898
54305386673
54305392349
54305398148
54305402115
54305410538
54305415665
54305422623
54305430557
54305437271
54305443497
54305448135
54305455093
54305461075
54305467667
54305473465
54305477920
54305482803
54305489883
54305495682
54305504166
54305509415
54305518570
54305523269
54305529312
54305533768
54305540664
54305546097
54305551468
54305556961
54305563125
54305569351
54305574478
54305581436
54305586380
54305592300
54305597671
54305603775
54305606887
54305614944
54305620437
54305627151
54305632705
54305637832
54305644546
54305649917
54305656021
54305660659
54305667129
54305672500
54305678909
54305685439
54305691421
54305695449
54305701187
54305706985
54305710342
54305717178
54305721694
54305728652
54305734939
54305739089
54305743972
54305749892
54305755325
54305760390
54305765395
54305773025
54305782607
54305788650
54305795486
54305803298
54305810256
54305815078
54305825027
54305832961
54305836989
54305843703
54305848952
54305855422
54305860000
54305869826
54305875625
54305881789
54305886245
54305892836
54305899001
54305903395
54305907973
54305916091
54305921584
54305926955
54305934401
54305940383
54305945754
54305950576
54305956862
54305963759
54305970839
54305974806
54305980910
54305986403
54305992690
54305998305
54306002455
54306008254
54306014845
54306021986
54306026320
54306032668
54306038649
54306043776
54306048659
54306057204
54306062025
54306068861
54306074721
54306081862
54306088759
54306093642
54306098707
54306106215
54306111281
54306117018
54306124525
54306129225
54306137343
54306141859
54306148878
54306152907
54306159987
54306165968
54306172438
54306177687
54306185926
54306193556
54306200026
54306205824
54306211256
54306217909
54306224195
54306230787
54306236891
54306242811
54306251295
54306256849
54306264417
54306269850
54306277113
54306282057
54306289503
54306293592
54306304579
54306311170
54306315748
54306326246
54306333326
54306342420
54306348951
54306354688
54306362501
54306368299
54306378187
54306382764
54306389234
54306398267
54306404127
54306414808
54306424329
54306432325
54306439649
54306447278
54306454419
54306464246
54306474683
54306481946
54306491468
54306504224
54306512647
54306522473
54306531140
54306537122
54306551770
54306557813
54306569531
54306580213
54306588574
54306596753
54306603040
54306614087
54306622388
54306630811
54306636548
54306641187
54306650403
54306661999
54306667248
54306676465
54306683911
54306691479
54306696545
54306703992
54306713757
54306722363
54306731762
54306736584
54306749096
54306758191
54306762768
54306773205
54306778943
54306789624
54306797314
54306808178
54306815319
54306824597
54306834851
54306842663
54306851086
54306857739
54306867871
54306875561
54306883129
54306892040
54306902111
54306910412
54306918408
54306925732
54306936718
54306943981
54306950146
54306959423
54306967297
54306974865
54306982067
54306990307
54306998669
54307007336
54307013744
54307021740
54307029064
54307041271
54307046093
54307057323
54307062389
54307074596
54307082225
54307089977
54307098278
54307105419
54307114513
54307119762
54307128307
54307139598
54307145214
54307154552
54307159496
54307169994
54307178539
54307203807
54307212657
54307220287
54307228587
54307237621
54307243846
54307253429
54307258434
54307270824
54307278209
54307290050
54307298472
54307304027
54307313243
54307321666
54307328258
54307336375
54307345347
54307352061
54307360362
54307367747
54307375254
54307383677
54307392588
54307399363
54307406382
54307415538
54307421275
54307429759
54307436228
54307447886
54307455882
54307465525
54307474009
54307483714
54307492625
54307499400
54307507945
54307515269
54307525706
54307538279
54307546824
54307555674
54307563853
54307570200
54307577097
54307586069
54307593149
54307602610
54307606333
54307616831
54307622507
54307629221
54307635447
54307643015
54307647776
54307652720
54307659494
54307664072
54307671335
54307677195
54307683420
54307689035
54307696115
54307701120
54307707041
54307709970
54307718271
54307724985
54307731150
54307736093
54307740305
54307746286
54307753122
54307759958
54307763742
54307772043
54307777414
54307783640
54307788645
54307794992
54307801584
54307806894
54307812265
54307818979
54307822519
54307829782
54307834177
54307840768
54307845834
54307852609
54307858408
54307864267
54307872018
54307877023
54307882394
54307886423
54307895029
54307899911
54307906625
54307912607
54307919626
54307922861
54307930124
54307935922
54307942697
54307947336
54307952401
54307960458
54307965036
54307973520
54307978463
54307984201
54307985727
54307994882
54308000314
54308007760
54308012704
54308017160
54308022409
54308030465
54308035226
54308039865
54308047372
54308052987
54308061654
54308068185
54308073922
54308079415
54308085214
54308089852
54308096566
54308101937
54308108468
54308113656
54308117928
54308124764
54308130196
54308135262
54308143075
54308148568
54308156319
54308162301
54308169869
54308175851
54308183480
54308188180
54308195443
54308200997
54308206978
54308213021
54308220101
54308228402
54308232308
54308239693
54308244698
54308252205
54308259041
54308264412
54308270882
54308277230
54308282174
54308288338
54308294320
54308300972
54308306649
54308310982
54308315987
54308323921
54308327645
54308334481
54308340401
54308345223
54308351998
54308358589
54308365181
54308370491
54308375801
54308380867
54308387581
54308393623
54308399483
54308404732
54308412178
54308418343
54308421944
54308427132
54308432808
54308438179
54308444160
54308451790
54308456917
54308462044
54308467415
54308474373
54308480476
54308486763
54308491829
54308498665
54308501961
54308512031
54308516731
54308522774
54308527534
54308532722
54308540169
54308545479
54308551094
