85683957467
85683963021
85683968575
85683973458
85683978524
85683984750
85683991830
85683996834
85684003976
85684008431
85684014901
85684019539
85684027657
85684032296
85684038033
85684044381
85684050240
85684056771
85684063057
85684071297
85684077523
85684084053
85684090950
85684095528
85684103341
85684110176
85684117989
85684121895
85684130989
85684137398
85684143379
85684149605
85684156441
85684163765
85684169441
85684176399
85684181343
85684188667
85684195198
85684201546
85684210030
85684215340
85684222359
85684228645
85684235359
85684241646
85684247627
85684257393
85684263374
85684269295
85684276802
85684283150
85684287239
85684295723
85684305061
85684310737
85684318428
85684325691
85684333137
85684339546
85684347358
85684354683
85684362312
85684370186
85684377449
85684383491
85684390510
85684396919
85684403328
85684411567
85684418464
85684425483
85684433418
85684438301
85684445991
85684453498
85684460517
85684466438
85684474738
85684482429
85684488960
85684496345
85684504401
85684510993
85684519660
85684526374
85684532783
85684539802
85684546760
85684554206
85684561774
85684567939
85684575996
85684583259
85684589606
85684596320
85684603278
85684612494
85684618659
85684626594
85684632087
85684639350
85684645392
85684652717
85684659797
85684666633
85684673346
85684680487
85684688544
85684694220
85684702643
85684710273
85684716803
85684725775
85684731330
85684739997
85684745490
85684752143
85684758124
85684765875
85684772894
85684779608
85684787665
85684794501
85684801520
85684808051
85684816229
85684822821
85684829474
85684838141
85684843207
85684850897
85684857123
85684864691
85684871344
85684880194
85684884405
85684893744
85684898138
85684908392
85684918219
85684927130
85684934515
85684940619
85684949164
85684958258
85684965948
85684972906
85684982794
85684988836
85685000067
85685004766
85685014776
85685020269
85685029547
85685037420
85685044012
85685053594
85685059698
85685069708
85685077398
85685085638
85685092962
85685103216
85685111944
85685119756
85685128790
85685135076
85685142095
85685150823
85685161260
85685168584
85685176824
85685183538
85685191045
85685199773
85685207586
85685217534
85685226934
85685232488
85685243230
85685250615
85685257756
85685264226
85685273259
85685279851
85685293218
85685300908
85685309209
85685317021
85685325749
85685332280
85685340703
85685346868
85685358342
85685365483
85685375371
85685382573
85685391423
85685397954
85685405400
85685413762
85685425176
85685431889
85685440434
85685449040
85685455632
85685463444
85685472966
85685478581
85685489689
85685497075
85685505620
85685512150
85685520024
85685526738
85685535405
85685543644
85685553837
85685558781
85685570561
85685575688
85685586186
85685595097
85685601750
85685611943
85685619877
85685626957
85685634831
85685643620
85685652714
85685660771
85685668583
85685678288
85685683354
85685694523
85685702824
85685709904
85685717411
85685724247
85685735661
85685742252
85685750919
85685756779
85685764835
85685773319
85685779728
85685789066
85685797184
85685805973
85685813175
85685819828
85685826603
85685834903
85685843448
85685850895
85685861026
85685866092
85685875431
85685883182
85685891056
85685897953
85685905826
85685914981
85685921573
85685929935
85685937808
85685945865
85685951785
85685960330
85685969974
85685978946
85685987125
85685995487
85686002322
85686008853
85686017642
85686024051
85686031497
85686038638
85686045840
85686052676
85686059268
85686067020
85686074161
85686082583
85686089725
85686096988
85686104678
85686111148
85686120181
85686127383
85686135318
85686141116
85686149844
85686157168
85686163272
85686169436
85686176638
85686184268
85686190005
85686198245
85686202212
85686211489
85686219973
85686225283
85686235232
85686240725
85686250918
85686257754
85686265200
85686273806
85686278506
85686288821
85686293765
85686304018
85686310488
85686317507
85686324648
85686331240
85686339419
85686348574
85686354067
85686363100
85686369204
85686377627
85686385683
85686391360
85686400820
85686408388
85686414614
85686421694
85686429262
85686436403
85686444094
85686449343
85686457399
85686463259
85686471621
85686479128
85686485598
85686492800
85686499330
85686505861
85686513857
85686521181
85686527468
85686534731
85686540834
85686547731
85686554079
85686560732
85686566713
85686575075
85686583620
85686589662
85686597170
85686602785
85686611330
85686618044
85686624574
85686632143
85686637331
85686644899
85686648683
85686657594
85686666261
85686673768
85686679872
85686686586
85686692506
85686699586
85686703981
85686712343
85686719484
85686725587
85686733033
85686737794
85686744691
85686752015
85686758424
85686764467
85686771486
85686778321
85686784364
85686790284
85686797914
85686803834
85686810243
85686817445
85686822755
85686830323
85686836488
85686842652
85686848817
85686856324
85686863343
85686871278
85686877381
85686884034
85686891297
85686898499
85686905274
85686911439
85686918885
85686925233
85686932740
85686941651
85686947083
85686954835
85686960450
85686968812
85686976746
85686983277
85686991150
85686998597
85687005005
85687011719
85687018616
85687026307
85687033692
85687040162
85687047852
85687054749
85687060364
85687066529
85687075318
85687083435
85687089234
85687096741
85687103150
85687109436
85687115723
85687122681
85687129395
85687136902
85687143189
85687150086
85687156311
85687163269
85687169495
85687176941
85687183167
85687191467
85687197998
85687204956
85687212219
85687220215
85687226624
85687232422
85687239197
85687246765
85687250610
85687259338
85687266601
85687274658
85687280762
85687286072
85687293579
85687299438
85687306457
85687312988
85687319763
85687327942
85687333984
85687342224
85687349365
85687354858
85687364563
85687371093
85687377746
85687385315
85687390503
85687398010
85687406921
85687412475
85687422302
85687429077
85687435485
85687441467
85687447143
85687456725
85687463134
85687469482
85687476867
85687482360
85687489990
85687498046
85687504699
85687511474
85687518310
85687524596
85687532226
85687538207
85687545715
85687552550
85687559264
85687565978
85687573058
85687579162
85687584838
85687593688
85687599792
85687605590
85687614379
85687618041
85687627562
85687635009
85687640380
85687648009
85687654784
85687661315
85687668761
85687675902
85687683226
85687689391
85687697264
85687703429
85687709960
85687717223
85687724791
85687732665
85687739134
85687746947
85687753905
85687758605
85687767821
85687773558
85687781554
85687788878
85687796812
85687803038
85687808470
85687817137
85687825865
85687831114
85687839659
85687846007
85687852354
85687859984
85687866148
85687874632
85687881590
85687888853
85687895079
85687900816
85687907957
85687915892
85687922117
85687929686
85687936949
85687944700
85687948851
85687958494
85687965269
85687972532
85687979368
85687985777
85687991209
85687996519
85688003965
85688010923
85688018553
85688025694
85688031919
85688038206
85688044431
85688051145
85688058042
85688065305
85688072752
85688076841
85688084287
85688089353
85688098020
85688105589
85688112852
85688120359
85688126279
85688132505
85688137876
85688144773
85688152891
85688160276
85688166135
85688171201
85688178464
85688185728
85688192258
85688199155
85688205930
85688212400
85688217649
85688225889
85688229856
85688237668
85688246763
85688254392
85688261594
85688265805
85688275266
85688281614
85688286313
85688295102
85688300717
85688307675
85688313230
85688319943
85688324643
85688332639
85688341184
85688347714
85688354367
85688359433
85688366513
85688372373
85688379514
85688387814
85688393124
85688399960
85688406491
85688412778
85688417722
85688425412
85688434079
85688440488
85688447568
85688454465
85688461362
85688466672
85688473447
85688480893
85688488522
85688494870
85688502377
85688509335
85688515866
85688524045
85688530636
85688537594
85688546811
85688554623
85688560788
85688567501
85688575131
85688582638
85688590512
85688596005
85688603146
85688610897
85688618222
85688625424
85688633358
85688639767
85688646298
85688653500
85688660397
85688668087
85688675655
85688681088
85688688900
85688694515
85688703304
85688710323
85688716244
85688722897
85688729061
85688736507
85688743404
85688749935
85688757015
85688763607
85688770504
85688776913
85688784298
85688792171
85688797542
85688805904
85688811702
85688820858
85688827022
85688831905
85688839962
85688845882
85688856502
85688862484
85688869869
85688875911
85688881221
85688888973
85688897701
85688906002
85688914302
85688921199
85688929256
85688935665
85688944881
85688954158
85688962642
85688973750
85688981807
85688989925
85688999446
85689004512
85689016658
85689024165
85689032527
85689041804
85689049007
85689057002
85689066829
85689073970
85689080562
85689086116
85689094356
85689101314
85689107844
85689115901
85689123103
85689128962
85689136042
85689141963
85689147517
85689155024
85689161616
85689169490
85689173701
85689182612
85689190791
85689197200
85689203974
85689209468
85689218928
85689225947
85689232905
85689239558
85689246272
85689252863
85689260615
85689269831
85689275874
85689283320
85689289118
85689296015
85689302302
85689309077
85689314814
85689323664
85689330012
85689335993
85689343867
85689350703
85689357477
85689364985
85689371088
85689384821
85689390925
85689396906
85689405451
85689411615
85689417597
85689425531
85689432550
85689438166
85689446161
85689451105
85689457392
85689464777
85689471674
85689479242
85689483820
85689494440
85689501886
85689510858
85689517450
85689524713
85689532465
85689540277
85689546869
85689553766
85689561945
85689567926
85689574640
85689580621
85689588739
85689597040
85689603326
85689610773
85689615778
85689623346
85689630975
85689639642
85689647089
85689654779
85689659662
85689666986
85689673395
85689681329
85689687189
85689694879
85689701349
85689707940
85689715570
85689723382
85689729730
85689736200
85689743646
85689752069
85689758844
85689767266
85689773248
85689781121
85689789727
85689797967
85689804132
85689812554
85689818292
85689825799
85689834039
85689838738
85689846551
85689851861
85689858209
85689863946
85689872125
85689876946
85689885308
85689893304
85689898736
85689905877
85689910638
85689918999
85689926202
85689933282
85689940179
85689945794
85689953118
85689960808
85689968865
85689974602
85689981072
85689986626
85689993157
85689999566
85690006157
85690013604
85690021294
85690027337
85690032464
85690039788
85690044854
85690051445
85690058892
85690066399
85690071831
85690080925
85690087151
85690093010
85690099602
85690105706
85690112480
85690118706
85690126213
85690131218
85690138420
85690144097
85690151482
85690158379
85690164238
85690171684
85690179192
85690183891
85690191155
85690196342
85690206230
85690211723
85690219841
85690225456
85690232963
85690239860
85690245842
85690250786
85690260368
85690267082
85690273613
85690280449
85690287529
85690293205
85690301201
85690308891
85690316887
85690319999
85690328056
85690335563
85690342216
85690351005
85690358329
85690364860
85690371086
85690377922
85690384086
85690391105
85690398124
85690405021
85690409355
85690416862
85690424674
85690431266
85690438163
85690445976
85690453727
85690460319
85690465446
85690473869
85690480888
85690486747
85690494193
85690502067
85690509269
85690516349
85690523856
85690529472
85690535148
85690540763
85690547599
85690552970
85690563041
85690569572
85690575858
85690582328
85690589591
85690593802
85690603446
85690610892
85690616202
85690623893
85690629142
85690638419
85690644461
85690649588
85690657523
85690664359
85690670462
85690678702
85690684012
85690692801
85690698905
85690706290
85690713492
85690720023
85690725699
85690733756
85690740286
85690748038
85690754813
85690760062
85690767569
85690772879
85690779044
85690787222
85690793875
85690800833
85690805960
85690813895
85690822501
85690829459
85690836905
85690843130
85690849417
85690857291
85690862173
85690870352
85690877249
85690882254
85690891226
85690896963
85690902823
85690910086
85690915091
85690924490
85690932364
85690938101
85690944510
85690948538
85690956594
85690964163
85690971975
85690979177
85690985647
85690991201
85690999380
85691006887
85691014273
85691020498
85691026541
85691032156
85691037649
85691046743
85691054861
85691061392
85691066946
85691071890
85691079885
85691086355
85691094289
85691100393
85691107412
85691113576
85691119924
85691125539
85691133718
85691140310
85691145376
85691154409
85691160390
85691165761
85691173818
85691182119
85691187978
85691196218
85691200918
85691208120
85691216970
85691225393
85691230581
85691237478
85691243093
85691249440
85691256337
85691264211
85691272267
85691277578
85691283925
85691289052
85691296804
85691305471
85691313771
85691320607
85691327504
85691335500
85691340444
85691347646
85691354482
85691362416
85691368642
85691375417
85691380727
85691388051
85691395436
85691400990
85691407216
85691415395
85691423451
85691428212
85691433400
85691442067
85691450246
85691456776
85691463673
85691469288
85691476552
85691483693
85691489735
85691498036
85691505177
85691510853
85691517506
85691522267
85691531422
85691538990
85691543751
85691553028
85691559559
85691566761
85691573658
85691579212
85691586781
85691594349
85691599781
85691607594
85691614552
85691619923
85691627735
85691633961
85691641407
85691648365
85691654408
85691660572
85691666126
85691674793
85691681812
85691687550
85691693043
85691699146
85691707325
85691715321
85691720020
85691728138
85691734974
85691741810
85691751392
85691755665
85691766041
85691771717
85691778187
85691785755
85691793995
85691800220
85691808887
85691814441
85691821216
85691828601
85691834278
85691841907
85691847522
85691856067
85691861743
85691867420
85691875110
85691881031
85691888233
85691896045
85691902698
85691911731
85691917285
85691923267
85691931629
85691937061
85691943958
85691950549
85691957019
85691963611
85691968860
85691976917
85691983386
85691990100
85691997302
85692003284
85692008777
85692017993
85692024951
85692033313
85692039233
85692045886
85692053638
85692061206
85692069324
85692074695
85692079516
85692087817
85692093860
85692099536
85692108874
85692115954
85692120959
85692128955
85692134204
85692141772
85692151538
85692158496
85692165820
85692173693
85692180224
85692189624
85692193957
85692202441
85692209338
85692216479
85692224352
85692232165
85692236682
85692245226
85692250964
85692258593
85692266100
85692272570
85692280627
85692286730
85692295031
85692301440
85692309069
85692315539
85692319506
85692327990
85692337572
85692343066
85692350451
85692357531
85692363939
85692371386
85692377184
85692385485
85692392138
85692398302
85692404833
85692412157
85692418505
85692425341
85692432360
85692438707
85692445299
85692453844
85692458849
85692466295
85692473009
85692479906
85692486925
85692494249
85692501146
85692506883
85692514452
85692521959
85692528673
85692535387
85692540941
85692549730
85692555956
85692563768
85692570421
85692575609
85692584215
85692591051
85692596483
85692604417
85692610582
85692618394
85692624681
85692631883
85692639574
85692645006
85692652147
85692660936
85692666124
85692674974
85692681321
85692688279
85692695054
85692702745
85692709398
85692714830
85692723985
85692729295
85692735398
85692744615
85692750779
85692758958
85692767808
85692773240
85692780870
85692788865
85692793626
85692802110
85692807725
85692816758
85692823472
85692830674
85692836717
85692842576
85692850205
85692857530
85692865098
85692871873
85692878587
85692885300
85692894395
85692901353
85692908616
85692914536
85692921189
85692927537
85692934312
85692942734
85692951340
85692955613
85692963303
85692968613
85692976243
85692980271
85692989365
85692996445
85693000962
85693007676
85693014389
85693021103
85693026780
85693034653
85693052414
85693060410
85693068833
85693076157
85693083176
85693091477
85693096543
85693104355
85693108383
85693119003
85693125656
85693129685
85693138718
85693143051
85693151657
85693159164
85693166428
85693171799
85693177536
85693186264
85693191086
85693198898
85693205124
85693211227
85693218429
85693225449
85693233322
85693238815
85693245895
85693253586
85693260055
85693265976
85693272873
85693280380
85693286056
85693294662
85693301559
85693308639
85693318100
85693324569
85693331588
85693338241
85693345748
85693352584
85693360153
85693368454
85693374923
85693382492
85693389144
85693396530
85693402145
85693411361
85693417892
85693424239
85693432479
85693438094
85693445175
85693452316
85693458297
85693465560
85693472396
85693479049
85693485152
85693492965
85693501083
85693506332
85693515853
85693520492
85693529220
85693536117
85693543136
85693549666
85693556380
85693563399
85693567611
85693576034
85693584762
85693589950
85693598189
85693606002
85693612716
85693621016
85693626387
85693634200
85693639449
85693646651
85693652266
85693661299
85693667525
85693674056
85693679122
85693686324
85693691329
85693699690
85693703475
85693712203
85693719100
85693724227
85693731307
85693738020
85693742232
85693749495
85693756941
85693763777
85693770430
85693775496
85693782698
85693787703
85693794051
85693800642
85693809004
85693815047
85693820845
85693827742
85693833235
85693840254
85693845625
85693850630
85693860457
85693866255
85693872725
85693878035
85693884138
85693890974
85693896345
85693904036
85693910994
85693917463
85693922651
85693928022
85693935163
85693940535
85693947798
85693954084
85693960371
85693966597
85693973860
85693979292
85693986433
85693992414
85693997724
85694004072
85694013166
85694020063
85694026411
85694032881
85694037397
85694043928
85694049848
85694057172
85694063642
85694071333
85694075849
85694083356
85694087995
85694095686
85694100324
85694108625
85694114057
85694121198
85694126386
85694133588
85694138776
85694146039
85694151655
85694159223
85694164716
85694171918
85694176923
85694184491
85694189679
85694195783
85694201276
85694210737
85694216901
85694223188
85694226789
85694234479
85694239484
85694246991
85694253095
85694259809
85694266828
85694273603
85694277143
85694285138
85694291303
85694297894
85694305402
85694312360
85694320111
85694325421
85694334638
85694340436
85694348126
85694355450
85694362347
85694368878
85694374066
85694381451
85694388654
85694395123
85694401166
85694409222
85694415692
85694422223
85694428998
85694435467
85694441510
85694448224
85694455975
85694463238
85694469281
85694475079
85694482953
85694489300
85694495526
85694502911
85694509930
85694514691
85694522381
85694529095
85694535870
85694542889
85694548077
85694556683
85694562847
85694570355
85694576702
85694583111
85694589642
85694596111
85694604107
85694609234
85694617474
85694622418
85694630596
85694636150
85694642803
85694649090
85694657757
85694664715
85694671001
85694677898
85694684185
85694690899
85694698345
85694705791
85694711468
85694718426
85694726482
85694732891
85694736736
85694745464
85694750469
85694759563
85694766277
85694771343
85694779155
85694784099
85694792339
85694797954
85694806804
85694813030
85694822368
85694827922
85694835125
85694842754
85694850078
85694856731
85694862041
85694869670
85694876689
85694882610
85694888164
85694894573
85694901775
85694908428
85694914104
85694920390
85694925823
85694933391
85694938701
85694944743
85694950603
85694959453
85694963847
85694970988
85694977092
85694983134
85694989238
85694995708
85695003459
85695009624
85695014140
85695023662
85695031596
85695039104
85695045634
85695052470
85695059855
85695067058
85695073405
85695080180
85695086955
85695093181
85695098063
85695108012
85695113322
85695121196
85695128703
85695135356
85695142314
85695148539
85695156108
85695162455
85695169047
85695176066
85695182170
85695189005
85695194926
85695200602
85695209513
85695216471
85695223124
85695228495
85695235514
85695243327
85695248270
85695255717
85695262919
85695269877
85695275370
85695283671
85695289652
85695296915
85695303385
85695310343
85695317179
85695322306
85695329142
85695336100
85695342814
85695350382
85695357523
85695363260
85695370890
85695374918
85695383768
85695390421
85695397318
85695404215
85695411600
85695418192
85695423746
85695431009
85695436686
85695443827
85695449930
85695457865
85695464273
85695470926
85695477091
85695483988
85695489908
85695497843
85695504923
85695511026
85695519571
85695526468
85695532022
85695538126
85695545511
85695551492
85695559000
85695565103
85695573587
85695577798
85695585977
85695592630
85695599954
85695604288
85695613931
85695620767
85695627298
85695633035
85695639871
85695647378
85695652383
85695661294
85695667093
85695674356
85695680764
85695687600
85695694497
85695700784
85695708841
85695715371
85695720987
85695727273
85695733682
85695740457
85695746743
85695754800
85695761880
85695768777
85695775308
85695781228
85695787698
85695795022
85695802346
85695810098
85695815530
85695823769
85695829751
85695836587
85695843728
85695850259
85695857034
85695863747
85695869790
85695876382
85695883767
85695891518
85695897500
85695903664
85695912392
85695920388
85695927285
85695931985
85695938759
85695945595
85695952614
85695959817
85695967141
85695972695
85695978737
85695988015
85695995339
85696002785
85696008889
85696016457
85696022744
85696030373
85696037514
85696043557
85696049721
85696055580
85696063271
85696069191
85696076210
85696081581
85696088661
85696094826
85696100441
85696107094
85696113686
85696120827
85696126991
85696131081
85696139137
85696145912
85696152077
85696159889
85696166420
85696172340
85696178505
85696185524
85696191872
85696198219
85696202980
85696210060
85696219093
85696225075
85696230446
85696237404
85696242775
85696250099
85696256386
85696263893
85696270851
85696276954
85696283241
85696289589
85696295875
85696302101
85696306251
85696315040
85696319130
85696327491
85696334632
85696340614
85696345191
85696352149
85696359535
85696366188
85696373146
85696379249
85696384681
85696391029
85696398048
85696402564
85696410499
85696417701
85696423805
85696428382
85696436561
85696441261
85696449012
85696456214
85696462867
85696468482
85696474891
85696480018
85696488319
85696494361
85696500342
85696506507
85696514075
85696518165
85696526588
85696533851
85696539893
85696544654
85696551612
85696559607
85696565772
85696572547
85696578528
85696584754
85696590796
85696596717
85696602698
85696610694
85696617896
85696623267
85696629981
85696635718
85696642615
85696648719
85696656165
85696663550
85696669043
85696677161
85696680823
85696689002
85696694129
85696702307
85696706275
85696715369
85696722022
85696728430
85696734717
85696741309
85696747168
85696753577
85696759497
85696766272
85696772559
85696779089
85696784888
85696791235
85696797461
85696802527
85696810278
85696817908
85696824316
85696829687
85696837317
85696843847
85696849829
85696857214
85696864050
85696871191
85696878637
85696886023
85696891821
85696899389
85696905310
85696913610
85696920446
85696926733
85696934362
85696940588
85696947912
85696953161
85696962805
85696968176
85696975317
85696980688
85696989050
85696992834
85697001562
85697009985
85697017004
85697024877
85697032324
85697039343
85697044653
85697052770
85697056676
85697065893
85697072240
85697079809
85697083654
85697093114
85697096899
85697105810
85697111974
85697118871
85697126012
85697132543
85697135961
85697144872
85697148412
85697157323
85697161596
85697169835
85697176610
85697183141
85697188756
85697194066
85697201207
85697207616
85697214330
85697221044
85697225560
85697232152
85697238134
85697244542
85697251866
85697256932
85697264012
85697270787
85697276830
85697283971
85697289769
85697294835
85697301244
85697307836
85697315953
85697323277
85697329259
85697334874
85697341405
85697346410
85697354283
85697360265
85697366490
85697372227
85697378880
85697384373
85697390721
85697397923
85697403660
85697412205
85697418736
85697424718
85697431676
85697437108
85697443333
85697448765
85697456639
85697460911
85697469334
85697476536
85697482518
85697488987
85697494969
85697501072
85697505772
85697515110
85697521397
85697527073
85697533848
85697543309
85697548802
85697556126
85697562779
85697569309
85697577061
85697582981
85697589817
85697596104
85697602696
85697610081
85697616917
85697622410
85697630100
85697636143
85697643040
85697646885
85697656528
85697664097
85697670750
85697676548
85697682957
85697690159
85697697178
85697702976
85697710361
85697717991
85697724155
85697731724
85697735325
85697743747
85697750828
85697757358
85697765415
85697772434
85697777683
85697785068
85697791050
85697798191
85697805332
85697811740
85697818698
85697825351
85697832309
85697839267
85697846042
85697851718
85697859348
85697866794
85697872653
85697878818
85697886630
85697893283
85697899326
85697904270
85697912570
85697919223
85697926486
85697934116
85697941257
85697947421
85697954929
85697960910
85697968661
85697974582
85697980685
85697986117
85697993747
85697999301
85698006503
85698010959
85698019015
85698025119
85698032504
85698038913
85698044711
85698050021
85698058200
85698062228
85698070102
85698077853
85698084018
85698088717
85698095736
85698102267
85698108187
85698112704
85698122836
85698128695
85698134616
85698141757
85698147921
85698153781
85698159884
85698167269
85698174166
85698180331
85698186984
85698193942
85698198580
85698206637
85698212008
85698220797
85698226229
85698232821
85698237887
85698244662
85698251192
85698257662
85698263033
85698270357
85698275790
85698283053
85698287997
85698295138
85698300204
85698307650
85698312960
85698321200
85698328585
85698333468
85698340731
85698345675
85698352572
85698358980
85698365938
85698372835
85698379427
85698386324
85698394136
85698400118
85698407381
85698413912
85698422335
85698428316
85698435091
85698442354
85698447725
85698455355
85698461580
85698469393
85698475313
85698482271
85698488680
85698495699
85698502840
85698509737
85698516695
85698524202
85698530672
85698536531
85698543123
85698550447
85698556795
85698563203
85698571199
85698578401
85698584932
85698591585
85698598421
85698604646
85698612276
85698618501
85698624421
85698632356
85698638032
85698644868
85698649080
85698657380
85698666108
85698672395
85698678987
85698683931
85698691377
85698698396
85698704621
85698710542
85698718904
85698725373
85698731355
85698737825
85698744416
85698751618
85698757905
85698766023
85698773042
85698779511
85698784821
85698791535
85698799409
85698805207
85698812226
85698818818
85698826325
85698832734
85698839265
85698845734
85698853303
85698857880
85698866242
85698873322
85698879792
85698885224
85698893342
85698899445
85698905793
85698914216
85698921052
85698927399
85698934235
85698941620
85698949006
85698956452
85698962250
85698970002
85698975617
85698983002
85698988617
85698995636
85699000763
85699009308
85699014679
85699021820
85699027375
85699035248
85699040924
85699047455
85699053253
85699060150
85699063996
85699072540
85699079132
85699085663
85699089264
85699097138
85699103058
85699109039
85699114655
85699122894
85699130280
85699137299
85699143951
85699151642
85699160187
85699164154
85699172394
85699179474
85699186066
85699192779
85699199493
85699206329
85699211883
85699220917
85699226593
85699233978
85699240509
85699247467
85699251678
85699260345
85699268097
85699274810
85699282257
85699287445
85699295623
85699301605
85699308013
85699314117
85699321929
85699330535
85699336822
85699343475
85699349884
85699356841
85699361663
85699370757
85699376068
85699383453
85699390533
85699396880
85699402679
85699410674
85699415069
85699424346
85699432281
85699437103
85699445953
85699452972
85699458831
85699467071
85699473418
85699480010
85699486602
85699490813
85699499358
85699503203
85699511748
85699519073
85699525420
85699529937
85699538848
85699548247
85699553496
85699560210
85699566131
85699576812
85699582915
85699589080
85699595549
85699601836
85699609282
85699614104
85699623259
85699628569
85699636504
85699641936
85699648772
85699654265
85699662688
85699670378
85699676970
85699684355
85699689116
85699697295
85699701872
85699710600
85699716277
85699724822
85699728789
85699737151
85699743193
85699749785
85699756377
85699762907
85699771696
85699776579
85699784453
85699789824
85699797758
85699803251
85699811064
85699817412
85699826018
85699831450
85699838530
85699845427
85699852751
85699859465
85699865690
85699873381
85699879301
85699889067
85699893034
85699901335
85699907133
85699913176
85699919950
85699926725
85699930876
85699939360
85699946195
85699951322
85699957426
85699964933
85699971891
85699978666
85699985746
85699993192
85699999540
85700008329
85700014982
85700022306
85700029142
85700035368
85700042631
85700048978
85700055204
85700062040
85700068754
85700077787
85700082120
85700089811
85700096830
85700103361
85700110074
85700117032
85700123746
85700128873
85700136503
85700141752
85700149686
85700155484
85700162748
85700169400
85700178373
85700182523
85700191251
85700198697
85700203885
85700211209
85700216336
85700225064
85700231107
85700237760
85700246305
85700252591
85700256558
85700265225
85700273709
85700280118
85700285123
85700291715
85700299649
85700304654
85700313321
85700319424
85700327908
85700334866
85700341153
85700348111
85700354581
85700361111
85700367581
85700376614
85700382413
85700388821
85700395779
85700401883
85700407803
85700415249
85700422452
85700429410
85700437344
85700443753
85700451931
85700456753
85700464810
85700470669
85700479519
85700485379
85700493252
85700499783
85700506131
85700512966
85700519314
85700526028
85700532498
85700540615
85700547756
85700553555
85700558987
85700566677
85700572354
85700581143
85700588345
85700594753
85700600185
85700606533
85700613430
85700620571
85700628078
85700633511
85700641872
85700647915
85700654568
85700658413
85700667446
85700674221
85700680996
85700688686
85700693569
85700700588
85700707607
85700715359
85700721157
85700729397
85700735744
85700742702
85700746608
85700755642
85700761989
85700768886
85700776577
85700782009
85700788845
85700796352
85700803310
85700808925
85700816127
85700821926
85700830776
85700838100
85700845058
85700850612
85700857265
85700864833
85700871242
85700878261
85700884059
85700891872
85700898341
85700905971
85700910671
85700918239
85700926173
85700933498
85700940517
85700946864
85700954738
85700961452
85700969264
85700974391
85700982387
85700989833
85700995936
85700998195
85701007167
85701014369
85701020839
85701028285
85701033717
85701041469
85701046351
85701053981
85701058741
85701066310
85701071254
85701079860
85701085719
85701092738
85701099635
85701105128
85701111964
85701117823
85701123378
85701130702
85701136561
85701144007
85701149134
85701155421
85701160487
85701167506
85701172816
85701181544
85701187342
85701195094
85701198695
85701206995
85701212061
85701218775
85701224757
85701233179
85701240321
85701245081
85701251124
85701258570
85701264979
85701269862
85701276514
85701284693
85701290919
85701297877
85701304774
85701312159
85701320948
85701327723
85701334559
85701341822
85701349085
85701356226
85701362024
85701370264
85701375757
85701384180
85701389795
85701396509
85701402063
85701410181
85701415674
85701422754
85701428491
85701437464
85701443689
85701450586
85701454126
85701462793
85701466211
85701475305
85701479273
85701487390
85701493555
85701500147
85701505945
85701513269
85701519556
85701524683
85701532007
85701540308
85701547571
85701554956
85701562524
85701568445
85701575586
85701583093
85701589990
85701597009
85701604028
85701610681
85701618249
85701624475
85701632165
85701638635
85701646570
85701651757
85701659326
85701665490
85701673059
85701678857
85701686486
85701693017
85701698754
85701704736
85701711145
85701718469
85701723962
85701730371
85701736047
85701743676
85701750207
85701756310
85701760095
85701767785
85701773217
85701780663
85701787316
85701794396
85701798547
85701807702
85701815392
85701821618
85701828027
85701835290
85701842004
85701848046
85701855492
85701862817
85701867638
85701874962
85701881432
85701888146
85701895165
85701902184
85701909203
85701913964
85701920434
85701927514
85701932213
85701941308
85701946679
85701952416
85701959008
85701964623
85701971154
85701977440
85701982140
85701991478
85701996971
85702004479
85702009545
85702015587
85702022362
85702028588
85702034447
85702044457
85702048729
85702056725
85702063439
85702069603
85702073570
85702081993
85702086327
85702094750
85702101769
85702108055
85702112633
85702120262
85702124168
85702132774
85702137108
85702146385
85702153526
85702160667
85702169823
85702171959
85702182213
85702190758
85702197594
85702203819
85702210838
85702216820
85702222191
85702229637
85702235557
85702245140
85702250572
85702256858
85702261863
85702270042
85702276756
85702284568
85702291465
85702297264
85702304100
85702309776
85702318199
85702322227
85702330650
85702334617
85702344871
85702351219
85702356590
85702363487
85702370567
85702377220
85702383079
85702391197
85702396812
85702405601
85702410239
85702423301
85702433494
85702444541
85702457908
85702465232
85702478904
85702485984
85702492881
85702499595
85702506492
85702513205
85702520286
85702526572
85702533713
85702540610
85702546836
85702553672
85702559958
85702567954
85702574790
85702580954
85702587485
85702595114
85702600241
85702608298
85702613730
85702622275
85702628134
85702634787
85702640036
85702646750
85702652304
85702659873
85702665366
85702673300
85702680258
85702686789
85702692893
85702699301
85702703513
85702711081
85702719138
85702725912
85702732626
85702739767
85702746603
85702752096
85702760275
85702764609
85702773337
85702780844
85702787558
85702793417
85702800009
85702805746
85702812399
85702820639
85702825705
85702833273
85702838034
85702844809
85702851217
85702857199
85702863729
85702871054
85702878561
85702883566
85702890646
85702897116
85702902792
85702909323
85702915243
85702923727
85702929464
85702937094
85702940939
85702949056
85702955526
85702960836
85702966573
85702974569
85702979025
85702987936
85702991720
85702999410
85703006307
85703012350
85703016805
85703025961
85703032369
85703038290
85703044881
85703050863
85703056478
85703062520
85703070455
85703077718
85703084920
85703090597
85703097494
85703102498
85703109640
85703114522
85703124044
85703129781
85703136617
85703141927
85703148336
85703153768
85703160726
85703166707
85703175008
85703182210
85703188375
85703192342
85703199849
85703207296
85703213460
85703216085
85703227132
85703233602
85703239766
85703242085
85703251546
85703259053
85703265401
85703273152
85703279866
85703285115
85703291585
85703298116
85703302510
85703309346
85703316243
85703322896
85703328694
85703336385
85703341511
85703348103
85703355550
85703361043
85703366475
85703375020
85703381123
85703387532
85703390950
85703399617
85703403096
85703411885
85703419087
85703425801
85703432759
85703439473
85703445820
85703450886
85703457112
85703463765
85703470662
85703477803
85703483723
85703490254
85703496846
85703501850
85703508320
85703515644
85703523213
85703529255
85703535542
85703542805
85703548298
85703555439
85703561176
85703567097
85703574665
85703580647
85703588276
85703594685
85703600971
85703607380
85703612934
85703618793
85703626728
85703635700
85703641743
85703647419
85703653461
85703660358
85703666523
85703673176
85703680317
85703686481
85703692951
85703698078
85703704670
85703711750
85703717121
85703726276
85703729938
85703737873
85703742878
85703750568
85703756733
85703765277
85703770282
85703779865
85703786212
85703794086
85703801288
85703807392
85703815509
85703821918
85703828754
85703835163
85703842182
85703848468
85703856159
85703860065
85703868305
85703874896
85703882098
85703888507
85703894977
85703901508
85703908038
85703914142
85703920734
85703928180
85703935687
85703940997
85703948016
85703953876
85703958697
85703965655
85703970477
85703980121
85703986224
85703992938
85703998553
85704006244
85704012103
85704018268
85704024310
85704031512
85704037555
85704044574
85704050189
85704056964
85704062457
85704070025
85704074359
85704083270
85704090594
85704096759
85704103228
85704109454
85704114215
85704122210
85704128436
85704134783
85704141314
85704147357
85704154437
85704158892
85704166155
85704172381
85704180865
85704186358
85704192400
85704199175
85704205828
85704211016
85704217852
85704223528
85704232989
85704237078
85704245440
85704251848
85704258013
85704264727
85704269488
85704275774
85704284319
85704290911
85704297503
85704306597
85704312273
85704320757
85704326494
85704335833
85704339800
85704349321
85704356340
85704362871
85704369341
85704376055
85704382769
85704390093
85704397478
85704403398
85704411882
85704419145
85704426225
85704433733
85704441362
85704447160
85704454057
85704461015
85704466325
85704472856
85704478594
85704486406
85704492082
85704499284
85704504533
85704511919
85704517656
85704523454
85704528825
85704536943
85704541215
85704549577
85704556230
85704562639
85704566423
85704574785
85704578813
85704588029
85704592058
85704601640
85704608842
85704616777
85704624955
85704630754
85704637895
85704644914
85704651017
85704654802
85704662187
85704665971
85704674455
85704683000
85704689347
85704696122
85704703385
85704710832
85704716325
85704723832
85704731400
85704737809
85704744706
85704751481
85704759477
85704767167
85704773942
85704779862
85704786820
85704792558
85704800736
85704805314
85704812699
85704819352
85704825394
85704833268
85704838334
85704846574
85704851334
85704858597
85704865433
85704871415
85704876053
85704884965
85704891007
85704898575
85704903885
85704910172
85704917801
85704923172
85704928910
85704936417
85704941910
85704949356
85704954544
85704961441
85704966568
85704974564
85704978653
85704988480
85704994583
85705000809
85705008744
85705015640
85705021561
85705026932
85705036331
85705042862
85705049393
85705056046
85705062210
85705068680
85705073563
85705081070
85705087662
85705094986
85705101273
85705106949
85705113296
85705119217
85705125626
85705134842
85705139603
85705146011
85705152664
85705158707
85705165481
85705171280
85705178360
85705185135
85705190750
85705197891
85705202957
85705209549
85705214798
85705221756
85705228836
85705235550
85705240921
85705248794
85705253921
85705261917
85705268081
85705273208
85705278518
85705287673
85705294021
85705300552
85705306594
85705313064
85705317214
85705323989
85705330825
85705337783
85705344619
85705351821
85705360183
85705367751
85705373733
85705382583
85705387466
85705392898
85705401565
85705407912
85705414443
85705421401
85705428237
85705436538
85705441848
85705448318
85705454909
85705462356
85705467361
85705474380
85705479445
85705487868
85705495315
85705500930
85705506362
85705513869
85705519606
85705525588
85705531508
85705540175
85705547133
85705551650
85705556960
85705565017
85705569045
85705577101
85705585952
85705592421
85705600112
85705605971
85705613600
85705621108
85705629225
85705634963
85705642836
85705646864
85705656081
85705663405
85705670424
85705675307
85705683608
85705691542
85705696791
85705705275
85705710707
85705718153
85705725844
85705731581
85705738661
85705746290
85705753859
85705759230
85705766127
85705773451
85705778578
85705786818
85705791945
85705800734
85705808180
85705814650
85705822279
85705829054
85705834852
85705841200
85705848768
85705855543
85705861097
85705868483
85705874220
85705882460
85705889906
85705896376
85705903639
85705908644
85705916822
85705921583
85705929762
85705935133
85705943006
85705949110
85705957533
85705964430
85705971204
85705978407
85705983289
85705990186
85705997083
85706005018
85706010694
85706019361
85706025709
85706032545
85706036329
85706044813
85706053358
85706058362
85706065565
85706072828
85706078626
85706085767
85706092664
85706098646
85706105909
85706111707
85706121167
85706127149
85706133924
85706139539
85706146192
85706154615
85706162122
85706169019
85706174695
85706182813
85706189466
85706195996
85706204419
85706209607
85706217664
85706222669
85706229444
85706236585
85706242749
85706251355
85706257520
85706261914
85706270581
85706279065
85706285413
85706291760
85706296765
85706305554
85706312573
85706318494
85706325513
85706332776
85706338269
85706345349
85706351269
85706360303
85706368420
85706372998
85706380688
85706387646
85706394543
85706400097
85706408459
85706413830
85706421277
85706426526
85706435315
85706439160
85706448254
85706455395
85706461865
85706468823
85706475842
85706482556
85706488049
85706495922
85706502819
85706510327
85706517101
85706523754
85706529370
85706536205
85706542980
85706550976
85706559155
85706564648
85706570629
85706576428
85706584423
85706590771
85706597546
85706605785
85706611095
85706618786
85706626537
85706634533
85706640636
85706646984
85706652843
85706660717
85706666637
85706673656
85706679210
85706686840
85706692394
85706699291
85706706066
85706713268
85706717540
85706725109
85706728771
85706736889
85706743114
85706750255
85706754345
85706762584
85706770031
85706776256
85706782543
85706788707
85706792552
85706800426
85706807323
85706814159
85706821422
85706827709
85706833385
85706839671
85706846446
85706851268
85706859203
85706866039
85706873119
85706878856
85706885814
85706892467
85706897899
85706904369
85706912425
85706919383
85706925853
85706931041
85706937327
85706944163
85706949473
85706956859
85706963511
85706969310
85706975413
85706980784
85706987925
85706993419
85707000560
85707006907
85707013987
85707020213
85707028025
85707034068
85707039683
85707045054
85707051341
85707057017
85707064402
85707071299
85707077769
85707081553
85707089549
85707095713
85707102549
85707109568
85707116038
85707123850
85707131236
85707138133
85707143626
85707152415
85707158946
85707165232
85707172556
85707179392
85707185435
85707192515
85707199229
85707204783
85707213511
85707219675
85707226511
85707233469
85707240000
85707247080
85707252085
85707260813
85707268076
85707274668
85707280039
85707288462
85707292368
85707300669
85707307444
85707314585
85707321116
85707328135
85707334543
85707341990
85707348215
85707354563
85707362436
85707368540
85707375620
85707382273
85707389414
85707396677
85707403147
85707411081
85707418222
85707424143
85707430795
85707436899
85707442819
85707451303
85707455087
85707464853
85707472726
85707477609
85707485056
85707492502
85707497873
85707505136
85707511545
85707517221
85707526376
85707531076
85707542367
85707552621
85707561044
85707572091
85707579904
85707591317
85707602365
85707610482
85707620248
85707630014
85707638742
85707646249
85707657846
85707667001
85707675180
85707686837
85707693307
85707701974
85707709847
85707716744
85707723397
85707728524
85707738168
85707748055
85707753365
85707761788
85707766061
85707774545
85707781380
85707788094
85707795113
85707801949
85707808541
85707816476
85707823861
85707829781
85707836922
85707845101
85707851998
85707860238
85707865487
85707872628
85707879891
85707886239
85707892403
85707899788
85707906319
85707912606
85707919503
85707926033
85707933358
85707938118
85707945748
85707952217
85707960457
85707965767
85707973275
85707978707
85707986031
85707991707
85708001106
85708005928
85708021797
85708033516
85708039803
85708045052
85708055122
85708060982
85708068245
85708073982
85708082588
85708089485
85708099434
85708107063
85708114387
85708121101
85708127815
85708138008
85708145149
85708154243
85708161690
85708168403
85708174995
85708179329
85708187935
85708194526
85708201057
85708205146
85708216133
85708220039
85708229622
85708234626
85708242195
85708249458
85708256477
85708263069
85708270210
85708276496
85708283699
85708289558
85708296211
85708302192
85708308906
85708316108
85708323066
85708327888
85708334480
85708342048
85708347053
85708353767
85708360481
85708368232
85708373664
85708381599
85708387092
85708393684
85708399116
85708405952
85708412116
85708419685
85708426826
85708434394
85708440925
85708448066
85708455695
85708461677
85708469794
85708474250
85708483344
85708488593
85708495429
85708500434
85708508429
85708514045
85708521979
85708528327
85708534735
85708540473
85708546698
85708551825
85708558722
85708566291
85708573310
85708578925
85708585578
85708591803
85708598334
85708602667
85708610846
85708617621
85708624579
85708631842
85708636786
85708644782
85708649847
85708658331
85708663275
85708671881
85708677679
85708683966
85708690985
85708697028
85708701910
85708708502
85708715704
85708722418
85708728277
85708735846
85708740973
85708747687
85708752753
85708760931
85708767950
85708775824
85708781866
85708789068
85708796270
85708801397
85708809881
85708816229
85708824286
85708830450
85708837286
85708844305
85708851324
85708857977
85708865545
85708872747
85708877813
85708887274
85708894110
85708900945
85708906561
85708912420
85708922857
85708928106
85708935064
85708942327
85708947576
85708956121
85708962469
85708969671
85708977361
85708983160
85708991277
85708997930
85709005071
85709014165
85709020147
85709028570
85709034734
85709042242
85709050115
85709058172
85709064092
85709070867
85709078191
85709084539
85709091253
85709097478
85709105779
85709112554
85709119390
85709124761
85709132024
85709138616
85709144780
85709151311
85709157720
85709163884
85709170842
85709176946
85709183660
85709190557
85709195928
85709204350
85709208318
85709216863
85709222844
85709229253
85709234929
85709241033
85709248540
85709255925
85709262273
85709267522
85709274663
85709280217
85709286687
85709292729
85709299809
85709307133
85709313298
85709317326
85709325078
85709333012
85709337712
85709345402
85709353703
85709359685
85709367009
85709373112
85709380131
85709387455
85709395878
85709402348
85709409001
85709416447
85709422612
85709428776
85709436283
85709443852
85709449955
85709456791
85709460392
85709468632
85709474186
85709480656
85709488957
85709494633
85709503788
85709510136
85709515995
85709525517
85709533207
85709538761
85709547184
85709554020
85709560856
85709567814
85709573795
85709582462
85709590580
85709596134
85709605717
85709613285
85709619572
85709627262
85709635013
85709642093
85709649357
85709654362
85709662601
85709670170
85709677982
85709684940
85709692142
85709698978
85709704899
85709711307
85709718387
85709724735
85709732914
85709739688
85709744571
85709752201
85709758060
85709766971
85709773502
85709778873
85709786869
85709792972
85709800113
85709807071
85709814273
85709821170
85709827213
85709833621
85709840457
85709846744
85709855411
85709860172
85709867374
85709873538
85709880130
85709884769
85709891849
85709897952
85709904971
85709912295
85709919375
85709925357
85709933291
85709940494
85709949161
85709955203
85709962588
85709968387
85709975406
85709981387
85709988223
85709994632
85710000308
85710008670
85710015078
85710021548
85710025210
85710033328
85710039492
85710045108
85710051211
85710059390
85710066409
85710072634
85710077517
85710084536
85710091555
85710097781
85710104922
85710111331
85710118350
85710124697
85710131472
85710136233
85710143069
85710149233
85710157046
85710163943
85710169619
85710176699
85710182436
85710189272
85710195254
85710200014
85710210268
85710215884
85710222719
85710227968
85710235049
85710240236
85710246645
85710252077
85710261294
85710266848
85710273195
85710278322
85710285830
85710291018
85710298830
85710303286
85710312014
85710318911
85710325197
85710332277
85710337099
85710343325
85710350161
85710358095
85710364382
85710371401
85710378237
85710384828
85710390138
85710398927
85710402834
85710411684
85710419679
85710424684
85710431642
85710437868
85710443727
85710449953
85710457765
85710464723
85710471071
85710475954
85710482179
85710489259
85710495424
85710503419
85710511537
85710516847
85710523134
85710530153
85710537050
85710543825
85710549745
85710557924
85710563539
85710571229
85710575258
85710583131
85710590150
85710596437
85710603334
85710610963
85710617799
85710625856
85710632081
85710638002
85710644227
85710652528
85710657777
85710666810
85710671998
85710678346
85710685426
85710692689
85710699891
85710706422
85710712647
85710718751
85710725343
85710733155
85710738526
85710745911
85710754701
85710761109
85710766846
85710773743
85710781007
85710786744
85710794984
85710799134
85710807252
85710814576
85710820985
85710826966
85710833375
85710842835
85710847657
85710857239
85710862488
85710868653
85710875794
85710881043
85710889466
85710897278
85710903321
85710909851
85710915894
85710923523
85710928284
85710937378
85710943421
85710951416
85710955872
85710963379
85710970825
85710975464
85710986389
85710993897
85710999756
85711007324
85711011963
85711018921
85711025818
85711033264
85711040649
85711047913
85711054626
85711059265
85711067505
85711072327
85711080444
85711085815
85711092529
85711099670
85711106506
85711110962
85711118469
85711126221
85711132385
85711141235
85711146911
85711153381
85711160522
85711165283
85711174255
85711179748
85711186706
85711192993
85711200561
85711207214
85711213623
85711219848
85711227478
85711234069
85711239318
85711247619
85711251464
85711259643
85711267883
85711275268
85711281188
85711286621
85711295410
85711300353
85711308410
85711316894
85711323058
85711329040
85711336059
85711341735
85711347106
85711355529
85711362243
85711368957
85711375976
85711381469
85711391173
85711398681
85711405212
85711413695
85711421752
85711427733
85711436278
85711442809
85711449035
85711459105
85711466247
85711473815
85711482116
85711487304
85711493956
85711499999
85711508300
85711516478
85711522765
85711531188
85711538146
85711544799
85711551451
85711559691
85711565978
85711573424
85711578124
85711585875
85711592162
85711600951
85711607848
85711613768
85711621764
85711625548
85711633788
85711642088
85711646971
85711655394
85711663084
85711667845
85711675719
85711680601
85711689085
85711695372
85711701964
85711706114
85711714964
85711719725
85711727476
85711735777
85711741697
85711747923
85711754454
85711760069
85711766661
85711773192
85711778074
85711787108
85711792723
85711799315
85711805235
85711812925
85711818235
85711824705
85711830687
85711838865
85711845213
85711851194
85711856932
85711865843
85711872068
85711877134
85711884092
85711890562
85711898069
85711905760
85711911131
85711918821
85711924619
85711930845
85711939207
85711946287
85711952390
85711959348
85711963865
85711971738
85711977781
85711984983
85711989805
85711997068
85712003171
85712009885
85712014402
85712021482
85712027952
85712036863
85712042356
85712048459
85712054990
85712061033
85712065427
85712073240
85712078550
85712086911
85712093381
85712099118
85712104123
85712111875
85712116819
85712125058
85712128842
85712137082
85712143552
85712151548
85712156125
85712163144
85712170285
85712176877
85712183957
85712189328
85712196897
85712203855
85712210935
85712218747
85712226376
85712232358
85712240353
85712244382
85712252011
85712258298
85712264767
85712271909
85712277890
85712283444
85712290829
85712298215
85712304379
85712310910
85712317135
85712323971
85712330136
85712338009
85712343075
85712351376
85712355954
85712362301
85712368283
85712375424
85712379940
85712390072
85712395626
85712403134
85712408322
85712414608
85712421322
85712427243
85712434323
85712442196
85712448849
85712453915
85712459286
85712467037
85712472164
85712480282
85712486935
85712493954
85712497921
85712505795
85712513241
85712518368
85712524410
85712532589
85712538693
85712545467
85712552303
85712557247
85712564571
85712569393
85712575924
85712582455
85712590328
85712597713
85712603451
85712608456
85712616268
85712621700
85712627865
85712632625
85712642330
85712647884
85712654415
85712659664
85712667782
85712673092
85712679012
85712684566
85712694820
85712701778
85712707943
85712713619
85712719600
85712726375
85712733394
85712745418
85712755977
85712767024
85712779598
85712787532
85712796321
85712802486
85712810726
85712817012
85712825435
85712832515
85712838985
85712843074
85712850520
85712854915
85712866389
85712873103
85712877681
85712881465
85712890437
85712895259
85712903804
85712910274
85712916621
85712923518
85712930110
85712936152
85712940608
85712948848
85712953303
85712962031
85712967402
85712973628
85712980159
85712986201
85712992671
85712999202
85713004756
85713013423
85713018611
85713026423
85713031367
85713037593
85713042842
85713050898
85713056391
85713065119
85713068965
85713076838
85713082270
85713089472
85713095637
85713102046
85713106501
85713115656
85713122981
85713129389
85713134455
85713140864
85713147639
85713154047
85713162104
85713169489
85713175471
85713180415
85713188288
85713196345
85713201227
85713208796
85713214899
85713221003
85713229243
85713236445
85713242548
85713248957
85713255060
85713263483
85713269220
85713277277
85713282526
85713289911
85713295038
85713302362
85713308039
85713315912
85713323297
85713329584
85713333124
85713341486
85713344843
85713353144
85713360041
85713367182
85713374201
85713381342
85713389887
85713395746
85713404413
85713410700
85713417780
85713424371
85713431757
85713439508
85713444940
85713451227
85713457269
85713465082
85713473138
85713479791
85713485895
85713492547
85713498102
85713504938
85713512872
85713518304
85713526422
85713532037
85713539483
85713546075
85713552484
85713559808
85713566400
85713573602
85713580682
85713586541
85713593438
85713599786
85713605462
85713613153
85713618768
85713627740
85713632440
85713640618
85713647454
85713652337
85713661675
85713669000
85713675347
85713680718
85713688653
85713694329
85713701837
85713708917
85713715691
85713724053
85713730462
85713736077
85713742547
85713749932
85713757256
85713763909
85713769463
85713777215
85713785027
85713791375
85713796258
85713804925
85713811394
85713818291
85713825249
85713832390
85713838494
85713845513
85713851494
85713857293
85713865838
85713874016
85713880181
85713887139
85713891838
85713900017
85713904961
85713914055
85713919792
85713927605
85713933159
85713940666
85713947685
85713954033
85713961479
85713967949
85713976738
85713984245
85713990959
85713996636
85714003533
85714009270
85714017510
85714023308
85714030571
85714036186
85714042351
85714047844
85714055901
85714060295
85714068413
85714075432
85714083244
85714090446
85714096611
85714103630
85714108696
85714116875
85714123222
85714132011
85714139091
85714143669
85714151237
85714157524
85714164055
85714170646
85714177726
85714182548
85714190422
85714195243
85714202812
85714207634
85714216850
85714222770
85714229606
85714235221
85714242240
85714247734
85714253471
85714260795
85714268608
85714272758
85714280021
85714285575
85714292716
85714298148
85714304923
85714310783
85714318595
85714322562
85714332999
85714339469
85714346122
85714353080
85714360343
85714368949
85714374259
85714381583
85714385490
85714395927
85714401420
85714407767
85714415885
85714421134
85714429374
85714436210
85714442496
85714448234
85714455741
85714464713
85714470206
85714477774
85714483329
85714492667
85714498587
85714503592
85714513480
85714519034
85714526664
85714531058
85714539847
85714546317
85714552481
85714561392
85714567496
85714575797
85714582144
85714588675
85714595023
85714602408
85714609732
85714616507
85714623770
85714630362
85714637076
85714644400
85714651541
85714658438
85714664603
85714671805
85714680044
85714684256
85714692251
85714697073
85714706228
85714713492
85714721121
85714727713
85714734549
85714741202
85714747732
85714752554
85714760244
85714766470
85714773855
85714781546
85714788443
85714795706
85714801626
85714808828
85714817129
85714823416
85714829824
85714836599
85714845266
85714851919
85714858023
85714865469
85714871816
85714878347
85714886038
85714892507
85714898916
85714907522
85714913992
85714919119
85714927114
85714932607
85714941763
85714947866
85714954702
85714962270
85714967214
85714977224
85714983083
85714989736
85714995595
85715003103
85715009756
85715015615
85715022878
85715030324
85715037099
85715044607
85715050649
85715057180
85715065114
85715072744
85715079396
85715086538
85715093190
85715099538
85715107045
85715113942
85715118581
85715127614
85715135060
85715142873
85715148366
85715153920
85715161733
85715170583
85715176076
85715184133
85715192067
85715197682
85715206838
85715211476
85715220631
85715227406
85715233022
85715240163
85715245656
85715253834
85715262135
85715267812
85715275197
85715280873
85715288258
85715296315
85715302724
85715309132
85715315724
85715322987
85715329274
85715335743
85715343251
85715350941
85715358326
85715362721
85715372364
85715378712
85715385182
85715392445
85715398243
85715406300
85715413746
85715418873
85715426197
85715432057
85715440541
85715449208
85715456410
85715462818
85715468678
85715475331
85715482411
85715489369
85715496449
85715501820
85715510120
85715514393
85715524586
85715531544
85715537647
85715546741
85715552906
85715559498
85715566151
85715573658
85715580799
85715588306
85715594593
85715602344
85715608448
85715614734
85715622608
85715628834
85715635303
85715642444
85715649830
85715655506
85715663318
85715671131
85715675769
85715684131
85715689441
85715697437
85715704395
85715710681
85715718372
85715725452
85715733203
85715739673
85715746204
85715753833
85715759448
85715768909
85715776233
85715782947
85715788806
85715793811
85715801868
85715809070
85715815601
85715824329
85715829334
85715837756
85715841479
85715850574
85715857959
85715865344
85715873523
85715880664
85715887744
85715893603
85715900378
85715907825
85715913745
85715923572
85715929492
85715936694
85715943347
85715948718
85715957934
85715964160
85715971423
85715979480
85715985339
85715994616
85716000964
85716007983
85716014575
85716022265
85716028979
85716035571
85716041796
85716045519
85716053271
85716057971
85716066393
85716073779
85716079699
85716086901
85716092944
85716099535
85716109301
85716114733
85716121996
85716129992
85716136706
85716143542
85716149523
85716157214
85716163378
85716169604
85716177843
85716183214
85716191698
85716200487
85716205309
85716213915
85716219958
85716227526
85716233812
85716239977
85716247973
85716253405
85716262133
85716268480
85716275255
85716282763
85716288988
85716298326
85716304125
85716311510
85716318773
85716323717
85716331407
85716339220
85716346788
85716353502
85716359056
85716366442
85716372911
85716379625
85716386400
85716393114
85716399522
85716405565
85716414293
85716419664
85716424730
85716433092
85716440233
85716446153
85716451463
85716460924
85716466844
85716474107
85716482530
85716487718
85716497240
85716504259
85716512254
85716518541
85716523790
85716531724
85716538987
85716546068
85716553453
85716558946
85716566575
85716574449
85716581346
85716588731
85716593858
85716601731
85716608995
85716613877
85716624192
85716630113
85716637925
85716645005
85716649705
85716658189
85716664170
85716671800
85716679368
85716686387
85716692307
85716699204
85716706467
85716714219
85716720628
85716727341
85716734177
85716741746
85716745469
85716754563
85716761948
85716768845
85716776414
85716783433
85716790146
85716796921
85716804612
85716811204
85716817795
85716824448
85716832016
85716839219
85716845688
85716853196
85716859482
85716867905
85716873459
85716882004
85716887680
85716893723
85716901474
85716908432
85716915634
85716922287
85716928086
85716932724
85716939621
85716948105
85716954697
85716960495
85716967026
85716972275
85716979050
85716986252
85716992050
85716998886
85717006271
85717012924
85717019455
85717024277
85717032150
85717037765
85717046310
85717052597
85717059067
85717066330
85717072739
85717079269
85717084518
85717091659
85717096969
85717104599
85717111130
85717117538
85717121750
85717129074
85717137680
85717144699
85717151291
85717156906
85717162948
85717170211
85717176193
85717180404
85717189254
85717197189
85717203353
85717211654
85717218917
85717223922
85717232650
85717238021
85717247665
85717254684
85717262496
85717270126
85717276290
85717283492
85717289596
85717295455
85717303634
85717310531
85717318221
85717325668
85717331893
85717338729
85717346297
85717352523
85717360396
85717369124
85717376693
85717381881
85717388961
85717395736
85717401900
85717410262
85717417403
85717425338
85717431502
85717438521
85717444442
85717451644
85717457503
85717466964
85717472274
85717479781
85717486983
85717493148
85717500655
85717506819
85717515242
85717517684
85717527327
85717535445
85717541182
85717549727
85717556441
85717563521
85717569685
85717577193
85717582808
85717588057
85717596175
85717605208
85717611311
85717619490
85717623213
85717632246
85717638777
85717645247
85717653364
85717659834
85717668074
85717674299
85717680647
85717687483
85717694746
85717701887
85717709150
85717715742
85717722822
85717729719
85717736616
85717743879
85717750532
85717758528
85717763960
85717771772
85717778975
85717785261
85717791670
85717798689
85717805281
85717810835
85717819258
85717825056
85717832380
85717841169
85717847151
85717854658
85717858625
85717866926
85717874067
85717882246
85717889692
85717897871
85717904218
85717909711
85717916547
85717924787
85717930952
85717938886
85717946638
85717953657
85717959211
85717965375
85717973920
85717980573
85717987165
85717993635
85718001264
85718007245
85718012861
85718020673
85718028302
85718035138
85718043012
85718047834
85718056012
85718061811
85718069745
85718075666
85718082563
85718090436
85718097943
85718104474
85718112836
