85947572209
85947577153
85947583440
85947588506
85947592900
85947599309
85947604802
85947609990
85947617192
85947622319
85947628606
85947634160
85947641179
85947646855
85947651616
85947657842
85947664006
85947669865
85947675481
85947681401
85947687077
85947692632
85947700627
85947706303
85947714909
85947721135
85947727116
85947734135
85947740483
85947745366
85947752385
85947760808
85947767155
85947773503
85947779790
85947786686
85947793400
85947799199
85947808476
85947813908
85947819951
85947827153
85947832158
85947840153
85947845219
85947852726
85947860356
85947866459
85947872990
85947878971
85947885563
85947891117
85947900334
85947906742
85947914433
85947922428
85947926823
85947935551
85947943180
85947950260
85947958622
85947964298
85947972050
85947977665
85947985477
85947991032
85948000614
85948008060
85948015079
85948022037
85948029240
85948035038
85948042667
85948049503
85948057621
85948064823
85948070926
85948077579
85948085087
85948090275
85948099369
85948105167
85948112552
85948118290
85948125736
85948131351
85948139347
85948143314
85948155094
85948163272
85948168888
85948177677
85948182743
85948189517
85948196842
85948204776
85948210636
85948218204
85948223880
85948231387
85948236942
85948245364
85948252872
85948259586
85948266971
85948274600
85948281192
85948288028
85948293460
85948300540
85948308108
85948316287
85948323001
85948331058
85948338809
85948345767
85948353274
85948360232
85948367190
85948374392
85948381717
85948387332
85948394961
85948400332
85948409488
85948417849
85948425662
85948432986
85948438662
85948446048
85948453433
85948460452
85948468814
85948475100
85948482730
85948488345
85948496829
85948504519
85948512210
85948519839
85948527529
85948535342
85948541689
85948549563
85948555605
85948566164
85948571475
85948580386
85948585207
85948595156
85948600039
85948610476
85948618410
85948625613
85948634096
85948639651
85948648073
85948653506
85948662722
85948669192
85948676455
85948685488
85948692446
85948701357
85948708742
85948715090
85948724367
85948731752
85948737978
85948746096
85948752809
85948762087
85948769411
85948776735
85948780947
85948791750
85948800112
85948808107
85948815431
85948821718
85948830507
85948836977
85948846315
85948855226
85948863222
85948869997
85948877992
85948888063
85948894167
85948904115
85948911378
85948920656
85948929018
85948936403
85948943056
85948951173
85948957338
85948967470
85948974489
85948982240
85948988893
85948998964
85949006410
85949012819
85949019410
85949029359
85949037660
85949045961
85949053712
85949062196
85949069703
85949078858
85949088746
85949095704
85949104493
85949111817
85949121034
85949129701
85949137513
85949143556
85949152467
85949160889
85949168580
85949176453
85949185242
85949192872
85949200501
85949208863
85949217713
85949226380
85949231019
85949240906
85949247681
85949258118
85949260621
85949273926
85949280396
85949289063
85949297486
85949304444
85949312561
85949319214
85949329468
85949337708
85949346253
85949353821
85949361451
85949368408
85949376038
85949384522
85949392822
85949400025
85949407166
85949416016
85949422241
85949431641
85949436829
85949450195
85949458069
85949464111
85949472351
85949480408
85949487305
85949495178
85949503479
85949511658
85949519409
85949525207
85949533264
85949540222
85949547302
85949554138
85949562744
85949570007
85949577636
85949584717
85949593200
85949600341
85949608886
85949617431
85949626648
85949633178
85949640930
85949647461
85949655578
85949662963
85949671630
85949679260
85949686584
85949693542
85949700622
85949706970
85949714843
85949724426
85949730041
85949738647
85949746337
85949753600
85949761962
85949768798
85949776366
85949785644
85949791137
85949800109
85949807189
85949814269
85949822204
85949829650
85949837829
85949844298
85949852904
85949860045
85949867248
85949874633
85949882811
85949890136
85949897155
85949904113
85949912963
85949919494
85949928832
85949936522
85949943785
85949950866
85949959410
85949967711
85949973815
85949980895
85949994811
85950005675
85950012999
85950023924
85950041014
85950051878
85950060484
85950066649
85950073912
85950080626
85950088988
85950095457
85950102049
85950109373
85950116942
85950123350
85950129088
85950135679
85950142637
85950150511
85950157347
85950163206
85950170164
85950176146
85950183531
85950188963
85950197996
85950205442
85950212034
85950219603
85950226622
85950234007
85950239317
85950247374
85950252684
85950260435
85950265318
85950272825
85950277830
85950284666
85950289427
85950297117
85950304746
85950311949
85950316404
85950323606
85950328123
85950336302
85950340757
85950349119
85950356016
85950362852
85950368040
85950375486
85950380735
85950387510
85950394102
85950400449
85950405759
85950413877
85950419126
85950426939
85950432126
85950438901
85950444028
85950450742
85950456235
85950464048
85950472226
85950479245
85950486997
85950492917
85950501951
85950508664
85950515378
85950521970
85950528928
85950534909
85950541684
85950547422
85950555173
85950563047
85950568845
85950574826
85950580564
85950588681
85950595761
85950602780
85950609738
85950617063
85950624631
85950629697
85950637631
85950643430
85950651303
85950658505
85950665158
85950672299
85950678464
85950686337
85950690915
85950698117
85950705319
85950712765
85950718259
85950726132
85950732358
85950740048
85950747128
85950753781
85950757931
85950766415
85950773800
85950780209
85950785946
85950792355
85950800412
85950807736
85950814206
85950819455
85950827633
85950834225
85950840878
85950844662
85950854550
85950859860
85950866696
85950874630
85950879452
85950887020
85950893856
85950901852
85950907345
85950915157
85950921383
85950928280
85950936215
85950942745
85950948055
85950955380
85950962643
85950969845
85950976192
85950981869
85950990108
85950995296
85951003475
85951007137
85951015316
85951023373
85951030147
85951035396
85951041866
85951048702
85951056453
85951063106
85951068477
85951076656
85951082027
85951089657
85951095150
85951103695
85951109676
85951116512
85951123104
85951130184
85951136531
85951143306
85951149776
85951157405
85951163936
85951169612
85951177425
85951183223
85951191219
85951197505
85951204952
85951211665
85951218623
85951225581
85951230708
85951238948
85951243953
85951252681
85951258418
85951265620
85951271480
85951279048
85951286128
85951292537
85951299556
85951306697
85951313472
85951320979
85951326228
85951333186
85951339717
85951345393
85951353816
85951361079
85951367915
85951375544
85951382319
85951388667
85951395625
85951403010
85951408320
85951416987
85951424495
85951431391
85951436824
85951444026
85951449397
85951458064
85951466059
85951472041
85951478999
85951485591
85951491389
85951495967
85951503718
85951510676
85951517695
85951522822
85951529780
85951536494
85951543147
85951548274
85951554499
85951561762
85951569636
85951574824
85951582392
85951587336
85951593561
85951600214
85951607355
85951612482
85951620600
85951625544
85951632868
85951637934
85951645319
85951650385
85951657648
85951663263
85951671442
85951677302
85951683893
85951687677
85951695551
85951700861
85951709406
85951716242
85951722712
85951728998
85951735529
85951739313
85951746576
85951754328
85951761347
85951766901
85951773126
85951780145
85951786554
85951792536
85951798944
85951803949
85951811151
85951819635
85951824457
85951830866
85951837091
85951844782
85951849298
85951856378
85951862909
85951869928
85951875787
85951883478
85951890863
85951898187
85951903741
85951912286
85951918878
85951927301
85951935113
85951941339
85951949090
85951954706
85951964471
85951968438
85951978387
85951985040
85951992303
85951998468
85952004327
85952011468
85952017266
85952025689
85952029901
85952038934
85952045220
85952051507
85952058221
85952064935
85952072442
85952079827
85952085565
85952091485
85952098931
85952105645
85952111932
85952118829
85952125237
85952132195
85952138726
85952146294
85952151116
85952160760
85952166375
85952173455
85952178582
85952185967
85952191338
85952199212
85952205559
85952213738
85952220818
85952227288
85952233819
85952240166
85952246819
85952253777
85952260857
85952266533
85952274224
85952279351
85952288262
85952295220
85952301812
85952306878
85952314324
85952321831
85952328484
85952335747
85952340752
85952347954
85952355278
85952361504
85952367363
85952375054
85952380486
85952388542
85952394707
85952401421
85952409416
85952417107
85952423271
85952431328
85952438347
85952445244
85952452568
85952456657
85952465996
85952473015
85952479362
85952485344
85952491508
85952498405
85952504814
85952507133
85952516899
85952525139
85952529838
85952536918
85952543022
85952549980
85952554741
85952562431
85952569694
85952576286
85952583244
85952588920
85952593559
85952601310
85952605888
85952613273
85952620475
85952628349
85952633537
85952639579
85952646110
85952653190
85952658134
85952664115
85952670951
85952679069
85952684867
85952690788
85952695915
85952703605
85952708671
85952715446
85952721061
85952731193
85952737235
85952744254
85952752799
85952758598
85952767081
85952774039
85952780692
85952787894
85952794425
85952801627
85952806632
85952814750
85952822135
85952828300
85952833976
85952842093
85952846305
85952854239
85952860831
85952868522
85952876456
85952882926
85952890433
85952897391
85952904593
85952910147
85952917105
85952924002
85952931144
85952939139
85952946036
85952953971
85952958975
85952966666
85952972098
85952979666
85952986441
85952992056
85952998892
85953004813
85953009757
85953017203
85953024588
85953031058
85953036490
85953043387
85953048819
85953055960
85953061514
85953068289
85953074637
85953082510
85953088065
85953095633
85953102225
85953106863
85953112479
85953120840
85953128226
85953134695
85953142447
85953149954
85953157950
85953162161
85953172903
85953178518
85953184927
85953193106
85953198050
85953207022
85953213980
85953221365
85953226919
85953235525
85953241751
85953248587
85953255728
85953262319
85953269399
85953276846
85953283193
85953290090
85953296072
85953301687
85953309683
85953315237
85953324209
85953328298
85953337576
85953344106
85953350942
85953356863
85953365652
85953372854
85953378591
85953385488
85953393850
85953400625
85953406057
85953412588
85953420034
85953428029
85953434926
85953440053
85953446950
85953454152
85953460134
85953465932
85953473867
85953482717
85953489309
85953494374
85953500783
85953508046
85953514577
85953521352
85953528737
85953536367
85953541677
85953548452
85953556569
85953563161
85953569936
85953577504
85953584584
85953590871
85953597707
85953602712
85953611562
85953616139
85953623830
85953630910
85953638783
85953645497
85953652150
85953655812
85953663869
85953671071
85953678212
85953685231
85953692738
85953699208
85953704091
85953713002
85953718861
85953726124
85953731862
85953740468
85953744557
85953752919
85953759694
85953766530
85953772938
85953780629
85953787220
85953794667
85953800038
85953807301
85953813771
85953819569
85953827198
85953834645
85953841297
85953848805
85953855580
85953862293
85953867359
85953875599
85953883228
85953889637
85953895558
85953903126
85953909535
85953915943
85953920033
85953930409
85953936329
85953942677
85953950245
85953957630
85953963978
85953971058
85953977467
85953983082
85953991321
85953999378
85954006519
85954011707
85954018604
85954025623
85954032459
85954039234
85954046436
85954052845
85954059986
85954066028
85954071582
85954080249
85954086841
85954093555
85954099659
85954106617
85954113208
85954119922
85954127063
85954134693
85954140918
85954147022
85954154773
85954161243
85954167835
85954174304
85954181262
85954188098
85954194629
85954200916
85954207752
85954214160
85954221668
85954227893
85954235400
85954241321
85954249377
85954256091
85954260181
85954267810
85954274829
85954283679
85954290271
85954295032
85954303088
85954310107
85954315967
85954323352
85954329516
85954335620
85954344348
85954351672
85954358508
85954365954
85954372912
85954379077
85954386340
85954392993
85954397998
85954406054
85954410510
85954417834
85954424487
85954431506
85954438830
85954445849
85954451037
85954457507
85954464221
85954470873
85954476122
85954482531
85954489916
85954497424
85954502856
85954508593
85954515551
85954520922
85954528002
85954534960
85954540881
85954547350
85954552843
85954560229
85954565783
85954572253
85954577685
85954585985
85954592821
85954598864
85954602953
85954611193
85954618883
85954623522
85954627306
85954637072
85954644884
85954651110
85954656298
85954662584
85954666185
85954675707
85954682360
85954689623
85954696764
85954701464
85954707445
85954714037
85954720201
85954726671
85954732531
85954739488
85954746874
85954751818
85954759691
85954764635
85954771471
85954776476
85954783373
85954790819
85954796922
85954804064
85954809068
85954815721
85954821397
85954827928
85954835436
85954842760
85954848741
85954854662
85954861620
85954867113
85954875108
85954878953
85954889390
85954896348
85954902513
85954908250
85954914598
85954918565
85954927415
85954934617
85954941820
85954948350
85954954576
85954960862
85954966905
85954973436
85954979417
85954985887
85954992601
85954999986
85955006639
85955013047
85955017747
85955025071
85955031846
85955039048
85955046128
85955052598
85955057725
85955065537
85955070542
85955077134
85955084397
85955090379
85955095689
85955104051
85955109239
85955116929
85955123216
85955129929
85955135911
85955144090
85955150376
85955157029
85955160691
85955169602
85955175095
85955181687
85955188767
85955196274
85955203354
85955208298
85955214768
85955221116
85955227158
85955233384
85955240586
85955247849
85955253647
85955260544
85955267197
85955271897
85955279526
85955284287
85955293198
85955298752
85955307053
85955312180
85955317856
85955324448
85955330063
85955336655
85955342942
85955349716
85955357102
85955362168
85955370041
85955375046
85955381027
85955386093
85955395371
85955401779
85955409531
85955415512
85955422226
85955426315
85955433456
85955438828
85955448288
85955454636
85955460983
85955467453
85955472214
85955478744
85955484970
85955491928
85955499557
85955506576
85955512619
85955518844
85955524887
85955530441
85955536422
85955543380
85955549789
85955557907
85955562484
85955570663
85955575119
85955581955
85955588668
85955595626
85955602584
85955609603
85955614791
85955621383
85955626449
85955633102
85955639633
85955646285
85955651596
85955660446
85955667159
85955676498
85955682723
85955689681
85955696334
85955703475
85955708907
85955715804
85955723495
85955729415
85955738082
85955742416
85955752975
85955759872
85955766219
85955771834
85955779647
85955786666
85955790755
85955801070
85955808089
85955815536
85955822188
85955829635
85955835921
85955844405
85955849837
85955856917
85955865096
85955871810
85955878524
85955885848
85955892806
85955898909
85955906722
85955913619
85955920272
85955927718
85955933333
85955940535
85955946822
85955953719
85955962020
85955965804
85955974837
85955980635
85955988326
85955995528
85956000960
85956009444
85956018050
85956025496
85956031538
85956037642
85956046065
85956053389
85956060225
85956068709
85956074751
85956084029
85956090864
85956098067
85956105391
85956109785
85956119856
85956125776
85956132551
85956138716
85956144026
85956154158
85956161116
85956168135
85956175642
85956180159
85956188459
85956196089
85956201216
85956210249
85956216719
85956224226
85956230818
85956238142
85956244612
85956249861
85956258039
85956261762
85956271467
85956278547
85956284528
85956293989
85956299299
85956306684
85956313520
85956321088
85956329389
85956336042
85956342329
85956348615
85956355024
85956361982
85956369428
85956377363
85956384443
85956390424
85956395978
85956402814
85956410200
85956415571
85956425214
85956431745
85956436689
85956444684
85956449994
85956458783
85956466596
85956473676
85956480146
85956487531
85956496076
85956502851
85956509320
85956515973
85956523114
85956531171
85956538190
85956546124
85956554364
85956560895
85956567731
85956574933
85956582501
85956589093
85956594952
85956605267
85956612225
85956617535
85956624860
85956630658
85956638043
85956643903
85956651898
85956658490
85956664716
85956671368
85956678204
85956683697
85956690594
85956698346
85956704022
85956713727
85956720868
85956726239
85956735882
85956742718
85956749737
85956756878
85956768292
85956783978
85956791790
85956799115
85956806561
85956812298
85956821087
85956827679
85956835186
85956842083
85956850445
85956857647
85956864178
85956870831
85956878094
85956885113
85956889324
85956899090
85956907085
85956912212
85956921429
85956927776
85956934246
85956941998
85956947247
85956955669
85956962871
85956968975
85956977459
85956982708
85956991802
85956999248
85957006328
85957012493
85957019512
85957025799
85957033916
85957041790
85957049114
85957055462
85957062786
85957069378
85957077922
85957083538
85957089946
85957097576
85957104473
85957111370
85957118267
85957125713
85957133647
85957140178
85957147258
85957154338
85957160503
85957167339
85957172954
85957182475
85957188823
85957195049
85957203655
85957208720
85957215984
85957223735
85957230083
85957235942
85957242595
85957249370
85957256816
85957263408
85957270854
85957278789
85957285991
85957292888
85957300883
85957305705
85957312419
85957320048
85957326457
85957333659
85957340312
85957347331
85957353862
85957361125
85957369487
85957375773
85957382731
85957390788
85957396830
85957403605
85957410563
85957417460
85957425273
85957430827
85957438639
85957443888
85957451762
85957458720
85957466227
85957473063
85957478922
85957486979
85957493449
85957500773
85957507853
85957515116
85957521708
85957528788
85957535441
85957541788
85957549723
85957558268
85957565592
85957574564
85957583597
85957591654
85957599833
85957608011
85957616862
85957626444
85957635050
85957642496
85957649271
85957658426
85957662821
85957674784
85957683634
85957690470
85957700540
85957706949
85957715433
85957725931
85957731729
85957739664
85957746805
85957753336
85957759805
85957766886
85957775369
85957782449
85957789285
85957796671
85957801981
85957809305
85957815164
85957823831
85957830484
85957837381
85957846841
85957851175
85957860513
85957867654
85957873147
85957880960
85957889810
85957896890
85957903177
85957908609
85957920144
85957925210
85957931924
85957940835
85957947732
85957954873
85957962625
85957968484
85957977212
85957984658
85957991861
85957998025
85958003396
85958013040
85958019509
85958029214
85958038003
85958045571
85958055215
85958063088
85958069741
85958077676
85958084939
85958091164
85958098977
85958105752
85958113503
85958120339
85958127908
85958134927
85958141640
85958152138
85958163186
85958172646
85958179665
85958184121
85958192544
85958198952
85958206643
85958215127
85958222268
85958228737
85958235573
85958242592
85958248696
85958254189
85958264321
85958270790
85958277565
85958285012
85958291542
85958297402
85958304482
85958311623
85958319313
85958326454
85958332863
85958338845
85958346413
85958352883
85958358498
85958366432
85958373024
85958379616
85958388161
85958393776
85958401833
85958408852
85958417213
85958424477
85958430092
85958437050
85958443459
85958452919
85958459389
85958467873
85958474098
85958480568
85958487526
85958495827
85958500587
85958508644
85958516395
85958523353
85958529884
85958535011
85958544532
85958551674
85958558998
85958565773
85958572914
85958579383
85958586952
85958594154
85958601844
85958609291
85958615882
85958622352
85958629371
85958636329
85958644203
85958650611
85958657630
85958664527
85958671058
85958677589
85958684425
85958691139
85958698951
85958706519
85958713111
85958720313
85958728126
85958734229
85958742103
85958749671
85958755775
85958762977
85958770179
85958777320
85958785010
85958791419
85958798377
85958804358
85958812964
85958820350
85958828040
85958835669
85958840796
85958849646
85958856238
85958863746
85958872168
85958878577
85958886084
85958894446
85958900550
85958909033
85958915564
85958923499
85958930884
85958938086
85958945716
85958952124
85958958899
85958965857
85958973792
85958979590
85958986548
85958995093
85959000098
85959007422
85959015601
85959022314
85959028662
85959036536
85959041907
85959052771
85959064368
85959074682
85959086645
85959099402
85959112158
85959119543
85959127722
85959134436
85959142675
85959149572
85959158178
85959165564
85959173010
85959180944
85959188330
85959195776
85959202978
85959209326
85959216345
85959221350
85959229345
85959237768
85959243200
85959251684
85959257849
85959264684
85959271703
85959276647
85959285925
85959291479
85959298559
85959303808
85959311742
85959315588
85959325231
85959329626
85959338354
85959345800
85959353002
85959360509
85959365941
85959374547
85959380468
85959387487
85959394933
85959401403
85959408971
85959416356
85959422277
85959428441
85959436498
85959444433
85959451390
85959456823
85959465184
85959473058
85959480138
85959486425
85959493016
85959499547
85959505895
85959511449
85959521337
85959528295
85959535375
85959541905
85959547032
85959555699
85959561315
85959568639
85959576329
85959584325
85959590978
85959597142
85959603612
85959611974
85959617223
85959626012
85959632054
85959639317
85959645848
85959651646
85959660924
85959667149
85959674657
85959682042
85959688695
85959695408
85959700780
85959708775
85959716527
85959722447
85959729832
85959736119
85959743199
85959752049
85959759617
85959766026
85959773106
85959779698
85959785862
85959794041
85959801670
85959808567
85959815098
85959822056
85959828892
85959835606
85959840855
85959849278
85959856907
85959863560
85959871006
85959874668
85959883030
85959891087
85959898350
85959904331
85959910130
85959918064
85959924107
85959931431
85959938145
85959945835
85959953831
85959957493
85959967319
85959972690
85959980869
85959988743
85959992893
85960003147
85960009434
85960016758
85960023655
85960028415
85960038669
85960046238
85960050693
85960059299
85960065036
85960072239
85960079990
85960086887
85960093967
85960099338
85960108798
85960115940
85960121494
85960129795
85960135288
85960144077
85960150424
85960157443
85960163608
85960170078
85960178073
85960183322
85960192600
85960198642
85960205600
85960211948
85960217136
85960225070
85960232455
85960240085
85960246860
85960252536
85960260837
85960267856
85960275058
85960281466
85960289279
85960297030
85960303195
85960310153
85960318637
85960325351
85960331454
85960339572
85960344577
85960353183
85960358798
85960367160
85960373751
85960380648
85960388583
85960394015
85960401217
85960408236
85960414706
85960421481
85960428134
85960436007
85960440035
85960450411
85960455721
85960463168
85960471163
85960475192
85960485445
85960491122
85960497836
85960506747
85960512728
85960519259
85960525545
85960532687
85960538851
85960544344
85960554415
85960560274
85960567354
85960575838
85960579684
85960589876
85960596224
85960603182
85960610628
85960616915
85960623812
85960629915
85960637423
85960646273
85960651888
85960658724
85960666414
85960674471
85960681246
85960688204
85960696260
85960701815
85960709932
85960716768
85960724336
85960731233
85960738069
85960743807
85960751619
85960758821
85960764925
85960771761
85960778841
85960785127
85960792635
85960799043
85960806306
85960813142
85960821504
85960828279
85960834810
85960842012
85960848787
85960856355
85960862886
85960869539
85960877351
85960885042
85960891572
85960899202
85960905305
85960912202
85960919160
85960925691
85960931123
85960939058
85960947480
85960952913
85960960298
85960968110
85960974092
85960980683
85960987519
85960995515
85961001130
85961009126
85961016023
85961024140
85961030915
85961038300
85961046540
85961050446
85961059968
85961066987
85961073335
85961082124
85961088105
85961094758
85961102326
85961108186
85961116975
85961121064
85961130585
85961138703
85961143525
85961152924
85961158295
85961165620
85961174286
85961180451
85961188935
85961195221
85961202241
85961209565
85961216889
85961223237
85961231415
85961238068
85961243805
85961250031
85961257416
85961262665
85961272431
85961278534
85961284699
85961293000
85961298310
85961305695
85961310944
85961319977
85961327423
85961333710
85961339997
85961347687
85961356232
85961362579
85961369049
85961376740
85961383698
85961390411
85961396210
85961404510
85961412628
85961419342
85961426544
85961431793
85961439667
85961446258
85961452972
85961459503
85961466339
85961471832
85961478485
85961484344
85961489837
85961497040
85961502472
85961510650
85961517242
85961523468
85961529937
85961536407
85961541961
85961549652
85961558441
85961564056
85961570587
85961576385
85961584381
85961591217
85961597503
85961604827
85961610626
85961616607
85961623382
85961629119
85961634429
85961642974
85961649383
85961656219
85961663848
85961670135
85961676788
85961681487
85961690032
85961697112
85961703338
85961708892
85961716643
85961722808
85961728912
85961732940
85961743255
85961750030
85961754729
85961761260
85961767486
85961774688
85961781890
85961788726
85961793853
85961802337
85961806304
85961815215
85961822051
85961828032
85961832183
85961841887
85961849944
85961854888
85961862151
85961868621
85961875212
85961880156
85961889495
85961897002
85961903899
85961911406
85961917876
85961924285
85961931792
85961938384
85961946196
85961952239
85961960295
85961967314
85961972746
85961980803
85961988005
85961995329
85962002653
85962010344
85962016753
85962022246
85962030791
85962037504
85962044585
85962048308
85962057158
85962065520
85962071745
85962080229
85962087980
85962093596
85962101225
85962106840
85962114836
85962124174
85962131315
85962137480
85962143950
85962152006
85962157499
85962165861
85962171415
85962179716
85962185697
85962193022
85962198271
85962206205
85962212492
85962220365
85962225981
85962234525
85962240446
85962246610
85962254484
85962260709
85962268705
85962275663
85962282377
85962290372
85962296537
85962304350
85962311430
85962315946
85962324430
85962329374
85962336881
85962343961
85962350492
85962358854
85962364042
85962372404
85962378629
85962385282
85962393522
85962398282
85962408170
85962413541
85962421659
85962428861
85962435453
85962443204
85962448697
85962457669
85962464444
85962471341
85962478360
85962483426
85962491117
85962498563
85962507474
85962513883
85962519437
85962527188
85962533536
85962540250
85962548184
85962554410
85962562528
85962570096
85962576566
85962583829
85962589444
85962597745
85962603970
85962610684
85962617947
85962625333
85962632168
85962638150
85962646573
85962653836
85962660794
85962667874
85962673184
85962679288
85962685086
85962693020
85962700345
85962706631
85962714138
85962719815
85962727078
85962733731
85962741055
85962749356
85962754788
85962761074
85962768154
85962774929
85962780300
85962788174
85962792202
85962802822
85962811245
85962815335
85962823940
85962831631
85962839871
85962846340
85962851406
85962859219
85962867642
85962873013
85962881496
85962889675
85962896694
85962904507
85962911465
85962917202
85962923305
85962932278
85962936489
85962945034
85962952053
85962958340
85962966518
85962971889
85962979763
85962986904
85962993862
85962998989
85963006679
85963011623
85963018947
85963023281
85963032009
85963039699
85963045681
85963052578
85963059413
85963065578
85963071071
85963081081
85963087978
85963094753
85963100429
85963106777
85963113185
85963118373
85963126979
85963133571
85963139919
85963148280
85963154506
85963163173
85963171962
85963177516
85963185878
85963193324
85963200893
85963208156
85963213344
85963223415
85963229762
85963235011
85963242396
85963248622
85963257106
85963264003
85963271327
85963278224
85963284755
85963291957
85963298060
85963305690
85963313563
85963321254
85963328700
85963334193
85963341212
85963348719
85963356044
85963364039
85963371241
85963378199
85963384364
85963390040
85963398280
85963403956
85963412501
85963419581
85963426051
85963434107
85963440394
85963447230
85963454188
85963461146
85963469508
85963476893
85963482874
85963489710
85963497767
85963506373
85963513087
85963519495
85963528712
85963533839
85963541773
85963548365
85963554896
85963562586
85963567957
85963576136
85963582300
85963592737
85963600794
85963605799
85963613306
85963621607
85963626490
85963634485
85963639307
85963648401
85963653772
85963661829
85963667322
85963675379
85963681482
85963688379
85963695215
85963703455
85963710169
85963717371
85963724817
85963730310
85963736597
85963742273
85963752222
85963759058
85963765833
85963771875
85963778650
85963784631
85963792078
85963798425
85963806055
85963812463
85963818323
85963825586
85963833826
85963838891
85963845910
85963852868
85963860193
85963867273
85963873315
85963880395
85963886438
85963893579
85963901452
85963908410
85963915002
85963923547
85963928735
85963937524
85963944604
85963950586
85963957971
85963965722
85963970910
85963977319
85963984094
85963991174
85963996301
85964003564
85964012353
85964019616
85964027429
85964034326
85964041467
85964046899
85964056237
85964062524
85964069543
85964074731
85964082604
85964089074
85964096703
85964103173
85964109154
85964117333
85964122887
85964130639
85964134606
85964143029
85964151635
85964156945
85964165673
85964170800
85964178734
85964184533
85964190819
85964199059
85964204674
85964210717
85964220543
85964226830
85964233788
85964241356
85964247277
85964255333
85964259850
85964269860
85964277184
85964283592
85964290795
85964297386
85964303856
85964310448
85964318260
85964322960
85964330895
85964336998
85964342552
85964348717
85964356224
85964363426
85964370628
85964375816
85964381981
85964388573
85964394676
85964401451
85964407616
85964415123
85964423057
85964428306
85964435020
85964440330
85964447655
85964452904
85964461204
85964468467
85964473778
85964479088
85964486839
85964493370
85964499962
85964503380
85964512413
85964519127
85964526085
85964532798
85964537925
85964544334
85964551109
85964557762
85964564964
85964571556
85964578147
85964584800
85964589805
85964597373
85964604637
85964609458
85964617698
85964623741
85964630943
85964636924
85964644187
85964649741
85964654868
85964662376
85964670005
85964676780
85964682395
85964689353
85964694968
85964702720
85964706809
85964716392
85964720542
85964728477
85964734824
85964740928
85964747764
85964754050
85964758140
85964768027
85964773337
85964779441
85964786887
85964793113
85964800010
85964804709
85964812217
85964818869
85964826560
85964831199
85964837912
85964844016
85964851523
85964856101
85964863974
85964870932
85964877280
85964883994
85964889243
85964895468
85964902670
85964907248
85964916037
85964921530
85964929892
85964935080
85964941672
85964946799
85964955283
85964960471
85964969687
85964973654
85964981711
85964986960
85964994894
85965000815
85965007407
85965011069
85965019797
85965025229
85965033224
85965039999
85965046713
85965053122
85965059897
85965065817
85965073324
85965079550
85965086264
85965092367
85965098959
85965107199
85965112692
85965120077
85965127707
85965133871
85965139486
85965146810
85965152487
85965159506
85965165121
85965172628
85965178610
85965187826
85965194357
85965201681
85965209005
85965216635
85965223776
85965229757
85965236837
85965244528
85965250021
85965257528
85965262899
85965270406
85965276022
85965284322
85965289327
85965294759
85965302938
85965309164
85965315267
85965319051
85965329610
85965336629
85965342855
85965349630
85965354696
85965361898
85965368245
85965375753
85965382589
85965390096
85965394979
85965401937
85965408223
85965415303
85965420064
85965427144
85965433858
85965440877
85965447713
85965453450
85965460347
85965466268
85965473226
85965479878
85965487081
85965493184
85965500691
85965505879
85965511189
85965518941
85965524190
85965530965
85965539388
85965546712
85965553609
85965560933
85965568684
85965573933
85965581929
85965589925
85965595601
85965603230
85965608601
85965616231
85965623189
85965628377
85965636983
85965642842
85965650532
85965656087
85965663960
85965670186
85965676594
85965682698
85965689900
85965696980
85965703694
85965707539
85965715535
85965722065
85965728352
85965732258
85965740864
85965748738
85965753743
85965760639
85965767231
85965773518
85965780110
85965785786
85965792683
85965798969
85965805439
85965812031
85965818562
85965824970
85965830036
85965837238
85965844563
85965851399
85965856281
85965863300
85965868061
85965875690
85965880634
85965888630
85965896137
85965903522
85965909077
85965915302
85965920551
85965928242
85965933613
85965940876
85965947773
85965954853
85965960224
85965966877
85965972187
85965979633
85965984882
85965993061
85965998615
85966005756
85966010822
85966018573
85966023578
85966031635
85966037677
85966045490
85966049518
85966057758
85966064106
85966070758
85966077289
85966083820
85966090900
85966097858
85966104083
85966110980
85966119220
85966125446
85966132221
85966137958
85966145282
85966151325
85966161029
85966167499
85966174823
85966181415
85966188861
85966196735
85966202777
85966209857
85966215900
85966224811
85966231341
85966238727
85966244647
85966251727
85966258380
85966265704
85966272479
85966280658
85966287005
85966294696
85966299823
85966308001
85966315570
85966321917
85966330157
85966337725
85966343707
85966350360
85966357623
85966364276
85966371173
85966380023
85966386920
85966394793
85966402361
85966409014
85966415667
85966421282
85966429095
85966436907
85966444415
85966451556
85966458758
85966465289
85966472186
85966479144
85966487017
85966495379
85966500628
85966507403
85966513994
85966520525
85966527483
85966536455
85966542803
85966550127
85966556414
85966563372
85966570574
85966576250
85966586382
85966592791
85966600054
85966607988
85966615313
85966622637
85966629412
85966635698
85966643938
85966652666
85966658403
85966667864
85966674211
85966681291
85966690264
85966697649
85966704485
85966710893
85966716142
85966723894
85966731462
85966738359
85966746904
85966753008
85966760820
85966769365
85966774248
85966781511
85966786821
85966795000
85966802324
85966808794
85966816484
85966825029
85966832658
85966840654
85966848527
85966855546
85966861467
85966868730
85966876664
85966883622
85966890703
85966895890
85966903337
85966908342
85966917802
85966924699
85966931169
85966937394
85966944108
85966948991
85966955583
85966961808
85966968949
85966976945
85966981828
85966989274
85966994157
85967000321
85967006791
85967013749
85967021073
85967026688
85967033891
85967040238
85967045304
85967053239
85967058366
85967065568
85967073136
85967078751
85967086564
85967091935
85967097489
85967104203
85967109757
85967118058
85967124955
85967131608
85967140153
85967147355
85967154557
85967162064
85967167191
85967174515
85967181351
85967187088
85967194169
85967199540
85967206131
85967211747
85967219681
85967225235
85967233963
85967241227
85967247452
85967251541
85967258988
85967266190
85967273697
85967280411
85967286514
85967291092
85967298966
85967303543
85967311478
85967319046
85967325699
85967331863
85967338089
85967344070
85967350540
85967358048
85967362930
85967371170
85967378372
85967384476
85967391190
85967396927
85967403702
85967409561
85967416397
85967423355
85967428726
85967436966
85967442093
85967449966
85967453567
85967460953
85967466202
85967475601
85967479629
85967487930
85967491653
85967500381
85967507278
85967513809
85967517532
85967528701
85967534378
85967540847
85967547195
85967553726
85967559646
85967566116
85967572586
85967579788
85967586318
85967591140
85967597610
85967604080
85967610977
85967617812
85967624282
85967629775
85967638747
85967644241
85967650649
85967655837
85967663467
85967668655
85967675613
85967683608
85967690383
85967694228
85967702773
85967708999
85967715407
85967719131
85967729507
85967735366
85967741714
85967748488
85967754775
85967759536
85967766128
85967772475
85967781386
85967787063
85967793654
85967800368
85967806960
85967813796
85967818862
85967825209
85967832595
85967839370
85967846450
85967851882
85967859511
85967867263
85967873244
85967881362
85967887892
85967894484
85967901625
85967908339
85967915541
85967922377
85967929640
85967937270
85967943373
85967951003
85967956862
85967962538
85967970106
85967975844
85967983839
85967991774
85967999281
85968006605
85968012831
85968019972
85968024061
85968033034
85968041029
85968047987
85968054396
85968059279
85968066176
85968071180
85968079969
85968087050
85968093336
85968099989
85968106398
85968112440
85968119276
85968124281
85968131483
85968139418
85968145704
85968151991
85968155714
85968162794
85968168470
85968177748
85968184767
85968192640
85968200208
85968206678
85968213758
85968222669
85968229871
85968237440
85968244825
85968251478
85968259351
85968263380
85968273145
85968280897
85968286878
85968296278
85968302564
85968309583
85968316785
85968322523
85968330823
85968336927
85968343702
85968351148
85968356824
85968365064
85968372327
85968380262
85968386853
85968392896
85968399488
85968406568
85968414746
85968422193
85968429151
85968435071
85968441907
85968449597
85968455945
85968462720
85968469251
85968475720
85968482007
85968488599
85968494763
85968498731
85968508862
85968514356
85968520520
85968527478
85968532117
85968539990
85968544568
85968551648
85968557935
85968565747
85968570508
85968578076
85968584912
85968590222
85968596570
85968605115
85968612317
85968618909
85968624585
85968632458
85968640027
85968646740
85968654309
85968661206
85968668530
85968676342
85968682812
85968688733
85968696301
85968701855
85968711621
85968718518
85968724255
85968732434
85968738781
85968746960
85968754528
85968761853
85968768261
85968776013
85968782604
85968788769
85968796154
85968804455
85968811291
85968818066
85968825207
85968832226
85968840282
85968854015
85968863598
85968877270
85968890880
85968897472
85968904980
85968915172
85968922069
85968930797
85968935680
85968944286
85968951549
85968959179
85968966259
85968974682
85968980785
85968987804
85968995494
85969002697
85969009105
85969016185
85969022716
85969029613
85969036510
85969043224
85969049327
85969056896
85969063854
85969071605
85969077403
85969085155
85969091258
85969096446
85969107677
85969115062
85969122569
85969129283
85969135692
85969141246
85969148692
85969155772
85969162242
85969169688
85969175670
85969182628
85969190257
85969197337
85969205211
85969211741
85969219188
85969225535
85969232066
85969239390
85969247203
85969253795
85969260508
85969265818
85969273631
85969279429
85969288401
85969296031
85969301524
85969310252
85969315684
85969323619
85969329722
85969335276
85969344187
85969350535
85969357554
85969364695
85969369517
85969379222
85969386057
85969391490
85969399363
85969404734
85969410594
85969418833
85969423533
85969433726
85969441477
85969446909
85969454356
85969459910
85969466074
85969474070
85969479868
85969488169
85969495676
85969502451
85969509836
85969515146
85969524180
85969529795
85969536020
85969542185
85969547007
85969555002
85969562388
85969569101
85969576609
85969581919
85969591135
85969596201
85969603830
85969611155
85969618784
85969625376
85969633371
85969640024
85969647409
85969655466
85969660959
85969668283
85969675913
85969681467
85969689279
85969696848
85969703134
85969711130
85969716501
85969722543
85969727914
85969734811
85969742136
85969749155
85969755807
85969762460
85969770029
85969775522
85969783517
85969789072
85969797067
85969805246
85969812875
85969819284
85969826608
85969833322
85969839120
85969846505
85969852487
85969860055
85969866037
85969874521
85969881112
85969888375
85969894174
85969901254
85969907357
85969915353
85969924142
85969931344
85969938974
85969947274
85969953500
85969960946
85969967111
85969976327
85969982736
85969989144
85969996713
85970002023
85970011605
85970018380
85970024728
85970032723
85970039132
85970045174
85970051583
85970057870
85970065133
85970072884
85970078255
85970084420
85970090218
85970097115
85970103463
85970111580
85970118600
85970126961
85970133187
85970139473
85970146309
85970154671
85970161690
85970166146
85970174447
85970179451
85970188973
85970196663
85970202767
85970208443
85970215645
85970221749
85970229744
85970235543
85970245308
85970252022
85970257942
85970265084
85970272042
85970278023
85970286873
85970293526
85970298897
85970306892
85970311714
85970319161
85970327522
85970333687
85970340767
85970346626
85970353279
85970359199
85970368416
85970376106
85970380440
85970388313
85970394600
85970401253
85970408394
85970416511
85970422615
85970430671
85970435676
85970444282
85970449775
85970457222
85970466194
85970470649
85970478340
85970485176
85970489997
85970499397
85970506599
85970515266
85970521980
85970528083
85970535224
85970539924
85970549873
85970556648
85970562568
85970570197
85970576667
85970582710
85970590583
85970597480
85970603889
85970610420
85970617378
85970625190
85970631171
85970638923
85970646735
85970651374
85970660102
85970666389
85970672675
85970678352
85970684211
85970692206
85970700629
85970705939
85970713935
85970717170
85970726813
85970733771
85970739203
85970749091
85970754584
85970760871
85970769599
85970776618
85970784186
85970790229
85970797065
85970804023
85970810004
85970816169
85970823981
85970830085
85970838996
85970843756
85970850714
85970857794
85970862189
85970870795
85970878668
85970884284
85970889472
85970894415
85970903571
85970910285
85970917365
85970924139
85970927313
85970935004
85970943365
85970949652
85970956427
85970963934
85970969611
85970975165
85970982062
85970989752
85970998297
85971003241
85971010443
85971014105
85971023810
85971030768
85971038519
85971045660
85971052435
85971057867
85971066168
85971072882
85971079168
85971086615
85971093328
85971101751
85971107794
85971114935
85971120245
85971127996
85971134283
85971142095
85971149786
85971156195
85971161993
85971169317
85971175176
85971182684
85971189337
85971196661
85971201727
85971208135
85971215948
85971220586
85971229314
85971234686
85971240911
85971247320
85971254339
85971261480
85971269170
85971275701
85971282232
85971289739
85971295965
85971302740
85971308294
85971315862
85971322149
85971327947
85971334783
85971340886
85971349431
85971354070
85971362493
85971368108
85971374089
85971381353
85971386174
85971394109
85971400640
85971408147
85971415471
85971419133
85971427190
85971430730
85971441289
85971448735
85971454900
85971460515
85971466557
85971472966
85971479802
85971484563
85971493291
85971500737
85971506841
85971512944
85971518071
85971527531
85971535100
85971540227
85971549199
85971555302
85971561467
85971569279
85971576298
85971582219
85971589970
85971596806
85971603764
85971608830
85971617558
85971625859
85971631291
85971638981
85971643864
85971652897
85971659550
85971666691
85971674931
85971681584
85971689762
85971694950
85971702092
85971709050
85971716862
85971723515
85971729801
85971735234
85971744145
85971750614
85971756413
85971764775
85971771610
85971778507
85971786381
85971789616
85971798405
85971805729
85971810795
85971819523
85971825871
85971832401
85971841618
85971848209
85971855411
85971863529
85971868656
85971876469
85971882877
85971889896
85971897587
85971904789
85971911442
85971917179
85971923832
85971929996
85971936649
85971944278
85971952640
85971958378
85971963993
85971969852
85971978336
85971983341
85971993656
85972000919
85972007083
85972013126
85972018619
85972024967
85972034000
85972039371
85972047306
85972052555
85972058414
85972064517
85972071475
85972078922
85972085330
85972093875
85972098331
85972104434
85972111331
85972115665
85972124637
85972132877
85972138004
85972145572
85972150882
85972158206
85972165652
85972173465
85972179629
85972186832
85972191958
85972198001
85972205691
85972213443
85972219546
85972225467
85972232730
85972236819
85972245120
85972252200
85972258181
85972266787
85972272219
85972279483
85972286074
85972291140
85972300906
85972306399
85972312014
85972320193
85972325503
85972333560
85972341250
85972347964
85972354678
85972360415
85972368960
85972374270
85972381899
85972390872
85972396792
85972402224
85972409548
85972415469
85972423403
85972429934
85972436709
85972444643
85972450259
85972458254
85972464785
85972472719
85972481325
85972487124
85972492922
85972500185
85972505984
85972515017
85972522036
85972527895
85972535830
85972541811
85972550112
85972556398
85972563967
85972571474
85972576784
85972583193
85972590822
85972596865
85972604128
85972609377
85972615724
85972624514
85972631899
85972638613
85972644716
85972651979
85972659731
85972665407
85972671755
85972680849
85972685243
85972692568
85972701173
85972706361
85972715456
85972721315
85972727968
85972733949
85972742189
85972748781
85972756532
85972762758
85972769899
85972774110
85972782411
85972790590
85972797304
85972802919
85972811159
85972816896
85972824037
85972829957
85972836488
85972842103
85972849855
85972856508
85972862855
85972870362
85972875245
85972883851
85972890077
85972896241
85972904481
85972909059
85972917237
85972924989
85972931153
85972938050
85972945313
85972951112
85972958192
85972963563
85972973268
85972980287
85972986146
85972991761
85972996400
85973006348
85973014405
85973021485
85973028382
85973033509
85973039368
85973046143
85973053467
85973060975
85973067567
85973073548
85973081238
85973088441
85973094727
85973102234
85973108948
85973116211
85973123719
85973129822
85973136353
85973143738
85973151307
85973157593
85973163453
85973170411
85973176697
85973185364
85973193299
85973198365
85973206848
85973212464
85973218933
85973227783
85973234864
85973242371
85973248230
85973255127
85973261475
85973268372
85973276062
85973284912
85973289612
85973296631
85973304138
85973310852
85973318970
85973324524
85973332214
85973339172
85973343872
85973351074
85973358887
85973365539
85973374817
85973379333
85973387329
85973393371
85973399475
85973407409
85973414062
85973422424
85973428650
85973435669
85973442932
85973448303
85973457153
85973463806
85973470092
85973476074
85973482360
85973490966
85973498230
85973504516
85973511962
85973515930
85973525512
85973531433
85973538391
85973544433
85973551879
85973557800
85973566100
85973571899
85973581481
85973585937
85973594238
85973600585
85973605956
85973615905
85973622192
85973627990
85973635192
85973642699
85973648437
85973655883
85973662597
85973670165
85973676574
85973683044
85973689940
85973697021
85973704711
85973708007
85973716369
85973722655
85973728698
85973736693
85973744811
85973751159
85973757384
85973763366
85973770385
85973777037
85973785399
85973791442
85973799620
85973805846
85973814513
85973819091
85973828612
85973834288
85973840453
85973848082
85973853392
85973862792
85973870787
85973875853
85973884764
85973888365
85973897582
85973904112
85973912352
85973920775
85973926329
85973932127
85973940123
85973944273
85973953551
85973960326
85973965819
85973972349
85973979857
85973984740
85973994017
85974000609
85974008726
85974015013
85974023131
85974030089
85974037901
85974045164
85974052061
85974058836
85974064756
85974072386
85974079283
85974085752
85974093626
85974098631
85974105345
85974112303
85974118345
85974126646
85974132933
85974139280
85974146238
85974152891
85974160520
85974165891
85974175047
85974181028
85974189146
85974195554
85974202757
85974209287
85974216550
85974224607
85974231260
85974236936
85974243040
85974250303
85974257505
85974263120
85974271848
85974276853
85974284055
85974291929
85974298581
85974305723
85974311643
85974319516
85974325498
85974332395
85974340207
85974346555
85974352903
85974359678
85974367002
85974373349
85974378049
85974385556
85974392453
85974400144
85974406613
85974413449
85974420529
85974428037
85974436704
85974442441
85974450925
85974456906
85974463925
85974470639
85974478207
85974483823
85974492368
85974498593
85974504025
85974513120
85974519711
85974525571
85974533261
85974538937
85974547360
85974553097
85974559933
85974566220
85974571347
85974578854
85974587277
85974593503
85974600216
85974607480
85974613156
85974620419
85974627560
85974635983
85974639340
85974648800
85974654660
85974661190
85974667843
85974675839
85974684994
85974692074
85974695431
85974703976
85974711605
85974720150
85974727108
85974733822
85974739865
85974746700
85974753842
85974761349
85974769405
85974777889
85974785580
85974792782
85974799557
85974806637
85974814449
85974820614
85974828365
85974834408
85974845150
85974851375
85974858272
85974865291
85974872494
85974878475
85974886288
85974891537
85974900936
85974907223
85974913509
85974920711
85974928829
85974935360
85974942989
85974948116
85974957515
85974963436
85974969356
85974977718
85974982173
85974991329
85974998470
85975005184
85975011531
85975019344
85975025508
85975031185
85975041622
85975049373
85975052730
85975061641
85975070064
85975074947
85975082576
85975089351
85975096309
85975102840
85975109370
85975116328
85975122615
85975131221
85975138057
85975142268
85975150813
85975157771
85975164912
85975171260
85975176997
85975184688
85975191340
85975198237
85975206050
85975212398
85975218196
85975225520
85975230403
85975239131
85975246150
85975251948
85975260310
85975266963
85975272944
85975280452
85975286372
85975292048
85975298030
85975306636
85975312678
85975320918
85975326899
85975334529
85975342341
85975350398
85975355341
85975363459
85975369929
85975377985
85975383967
85975389460
85975397089
85975404231
85975410944
85975417719
85975423273
85975430231
85975438349
85975444758
85975452387
85975456843
85975465754
85975471674
85975479670
85975487238
85975495417
85975504023
85975515925
85975525324
85975535578
85975544428
85975556940
85975565912
85975576227
85975587213
85975594782
85975607355
85975616327
85975624018
85975634210
85975641046
85975647150
85975653192
85975658319
85975667780
85975675714
85975680597
85975689874
85975694818
85975700555
85975708734
85975714044
85975724054
85975730463
85975736993
85975743951
85975749200
85975758905
85975766351
85975771295
85975778741
85975785638
85975791376
85975798334
85975804254
85975812494
85975819574
85975824945
85975831170
85975837701
85975845086
85975851312
85975858026
85975867181
85975875360
85975880975
85975888238
85975894952
85975901544
85975910882
85975919000
85975931817
85975940667
85975946343
85975954400
85975962640
85975969232
85975975091
85975981927
85975988824
85975996209
85976004571
85976010247
85976018121
85976024041
85976030144
85976037713
85976051263
85976058709
85976064263
85976073174
85976079095
85976084649
85976091424
85976099358
85976106621
85976112603
85976119378
85976129021
85976136651
85976142632
85976150139
85976158562
85976165398
85976172844
85976176384
85976185662
85976192070
85976198357
85976205864
85976211418
85976220635
85976227532
85976233940
85976240654
85976249199
85976255669
85976261772
85976269158
85976276909
85976284416
85976290154
85976296684
85976306389
85976312614
85976321159
85976328361
85976333733
85976341545
85976347771
85976355644
85976362053
85976369316
85976376701
85976383110
85976388664
85976396110
85976400627
85976409233
85976415703
85976421928
85976429008
85976436271
85976444145
85976447868
85976457817
85976464592
85976470390
85976476738
85976481864
85976489067
85976496025
85976502799
85976511344
85976518730
85976523551
85976530570
85976537406
85976545036
85976551261
85976557609
85976564994
85976570548
85976578910
85976587638
85976593864
85976600822
85976606193
85976611930
85976620048
85976624747
85976634025
85976641837
85976648429
85976655387
85976662162
85976668510
85976675773
85976683280
85976691215
85976697989
85976705069
85976712394
85976719474
85976726615
85976733573
85976739920
85976746329
85976752921
85976760245
85976767997
85976774466
85976780875
85976787711
85976795096
85976802298
85976808829
85976816886
85976823660
85976829764
85976837271
85976844107
85976848258
85976858817
85976865408
85976872550
85976880118
85976887076
85976893668
85976900992
85976908743
85976915884
85976922964
85976929312
85976936148
85976945608
85976951773
85976958731
85976966177
85976972586
85976981375
85976987295
85976994620
85977003225
85977009573
85977015127
85977024099
85977031546
85977037954
85977046011
85977053030
85977059866
85977067495
85977073294
85977080557
85977085684
85977095571
85977102957
85977109670
85977115530
85977122305
85977128591
85977134451
85977143118
85977149648
85977156545
85977165151
85977170217
85977179433
85977187063
85977194570
85977202322
85977207998
85977217153
85977223989
85977231069
85977238454
85977245168
85977253225
85977260183
85977266591
85977272634
85977277822
85977289296
85977297109
85977302541
85977309560
85977314565
85977321889
85977328176
85977337453
85977344289
85977350820
85977356618
85977361257
85977369313
85977375051
85977383962
85977389882
85977396779
85977404531
85977413014
85977419789
85977427663
85977435109
85977454762
85977461293
85977470937
85977478322
85977483449
85977491872
85977499196
85977506398
85977513783
85977521535
85977528126
85977534962
85977541981
85977549489
85977556386
85977563038
85977571889
85977576771
85977584401
85977590382
85977597157
85977604970
85977610951
85977620350
85977626210
85977632679
85977640248
85977645863
85977653859
85977658375
85977668019
85977674855
85977680287
85977687733
85977693348
85977699635
85977705067
85977713734
85977720875
85977727345
85977734730
85977741688
85977747486
85977753285
85977763111
85977772144
85977778065
85977786366
85977792774
85977799061
85977804859
85977812000
85977818897
85977823597
85977831898
85977837269
85977845569
85977851246
85977857593
85977863148
85977871876
85977880298
85977886036
85977901905
85977911365
85977922229
85977938282
85977947498
85977954517
85977962818
85977969593
85977978015
85977985584
85977993823
85978002552
85978010730
85978018726
85978026538
85978033740
85978042285
85978050159
85978057849
85978063953
85978071948
85978080493
85978086902
85978092273
85978100024
85978107104
85978113330
85978120776
85978126392
85978135425
85978142505
85978149768
85978156238
85978164355
85978170764
85978178454
85978183520
85978192248
85978198352
85978206286
85978214160
85978219653
85978226855
85978232043
85978241626
85978246630
85978254809
85978262744
85978268359
85978277453
85978284716
85978292041
85978298693
85978305407
85978313037
85978320605
85978328906
85978335803
85978341906
85978348864
85978355822
85978361926
85978371325
85978378771
85978385851
85978392565
85978399523
85978406481
85978414172
85978419970
85978427660
85978434313
85978440111
85978446337
85978452563
85978459826
85978467272
85978473742
85978480333
85978486742
85978492235
85978499071
85978507372
85978514208
85978520556
85978525927
85978533495
85978537340
85978548449
85978554857
85978561693
85978567186
85978574144
85978578905
85978585558
85978593370
85978601610
85978607836
85978613207
85978619371
85978626268
85978632494
85978637377
85978646654
85978652452
85978659959
85978665575
85978673143
85978678758
85978685411
85978691087
85978698534
85978705370
85978712328
85978716356
85978724596
85978731554
85978736253
85978741807
85978750780
85978757188
85978763536
85978771715
85978776842
85978784654
85978790147
85978798448
85978804979
85978812120
85978816026
85978824449
85978831285
85978837693
85978841417
85978853135
85978858323
85978864610
85978871751
85978878099
85978883470
85978889878
85978896531
85978903916
85978910874
85978917466
85978922715
85978929429
85978935533
85978942246
85978949448
85978957383
85978962815
85978970078
85978975510
85978982896
85978988999
85978994004
85979001694
85979008775
85979016770
85979022568
85979030015
85979035752
85979041855
85979047532
85979055161
85979061082
85979069016
85979076157
85979080796
85979086350
85979094224
85979101487
85979108506
85979115403
85979120041
85979127793
85979134079
85979140122
85979146347
85979150925
85979159165
85979167099
85979173447
85979178940
85979185410
85979192429
85979198899
85979200913
85979211228
85979218308
85979225022
85979230820
85979237534
85979243515
85979250046
85979257309
85979264694
85979272202
85979277878
85979284653
85979290390
85979296677
85979303879
85979310593
85979316452
85979324570
85979328537
85979336593
85979342148
85979348800
85979354477
85979363266
85979370895
85979377304
85979383957
85979390182
85979396713
85979403000
85979409652
85979416122
85979422348
85979428695
85979435226
85979441574
85979448043
85979452926
85979461837
85979467514
85979474655
85979481796
85979488388
85979494674
85979500411
85979507430
85979514144
85979520797
85979528121
85979532333
85979539901
85979545638
85979553817
85979557906
85979567428
85979574996
85979581222
85979587508
85979593734
85979600143
85979606368
85979612472
85979619063
85979626388
85979632674
85979639571
85979644393
85979652022
85979658370
85979665389
85979672835
85979679671
85979684798
85979691878
85979698531
85979705123
85979710189
85979717208
85979722457
85979730574
85979735701
85979743575
85979748702
85979756270
85979761458
85979769393
85979776229
85979783309
85979786910
85979795149
85979798812
85979807417
85979813277
85979822981
85979828658
85979835249
85979840010
85979847090
85979853865
85979860274
85979866560
85979873763
85979879988
85979887068
85979892989
85979897932
85979905623
85979910506
85979920515
85979925886
85979934309
85979939497
85979946455
85979951521
85979958418
85979963484
85979971541
85979976729
85979984968
85979990950
85979996565
85980001753
85980009565
85980014692
85980024153
85980027998
85980036360
85980041487
85980048872
85980053999
85980062239
85980066023
85980074812
85980081892
85980088484
85980092085
85980100508
85980104231
85980113691
85980117353
85980127912
85980133344
85980139753
85980146223
85980152876
85980159101
85980165754
85980172651
85980180280
85980185407
85980191877
85980198957
85980203657
85980210371
85980216474
85980224592
85980232343
85980238569
85980244367
85980251569
85980258405
85980264875
85980270185
85980278669
85980284040
85980291974
85980297284
85980305219
85980310529
85980318097
85980323285
85980331769
85980337812
85980344770
85980351056
85980357526
85980363752
85980370343
85980373883
85980383100
85980390180
85980396771
85980402387
85980408917
85980415509
85980422101
85980429242
85980434491
85980442609
85980447736
85980455426
85980460431
85980468304
85980473859
85980480389
85980488263
85980494244
85980501446
85980507062
85980514264
85980520917
85980526532
85980533551
85980539166
85980547467
85980551373
85980559918
85980563641
85980571881
85980577191
85980585736
85980590130
85980599041
85980606121
85980612408
85980618023
85980624432
85980630535
85980638226
85980645123
85980651348
85980657635
85980664044
85980670513
85980677044
85980682171
85980689190
85980696087
85980702679
85980708965
85980715984
85980722210
85980727154
85980734051
85980741741
85980749065
85980754681
85980762066
85980767620
85980773846
85980779400
85980788189
85980795391
85980801861
85980808697
85980815655
85980824688
85980831890
85980839214
85980845074
85980852947
85980858318
85980864788
85980871502
85980877727
85980882976
85980891399
85980897686
85980906414
85980913616
85980920208
85980927166
85980934490
85980941265
85980948162
85980954998
85980963237
85980969402
85980976177
85980982646
85980990215
85980996379
85981002300
85981010539
85981017314
85981025005
85981029826
85981038554
85981046611
85981054424
85981059978
85981066020
85981074443
85981080730
85981086162
85981095805
85981102641
85981108317
85981113444
85981117656
85981125835
85981134074
85981141459
85981149272
85981156596
85981162394
85981170024
85981174357
85981182536
85981189799
85981196330
85981204570
85981209941
85981216471
85981224833
85981229777
85981237651
85981244059
85981250956
85981258097
85981267008
85981273966
85981279948
85981286173
85981292582
85981297282
85981305766
85981312541
85981319377
85981327799
85981334574
85981340739
85981347514
85981353983
85981361308
85981366129
85981373698
85981380839
85981388102
85981395548
85981402262
85981410136
85981418192
85981423990
85981431376
85981438090
85981446940
85981452555
85981459940
85981467264
85981473795
85981480509
85981487528
85981496561
85981502604
85981508585
85981516764
85981520670
85981530069
85981536600
85981542215
85981550333
85981558695
85981565775
85981571329
85981578348
85981585794
85981593241
85981600138
85981605936
85981613626
85981619913
85981625406
85981635721
85981641763
85981648843
85981656046
85981660135
85981667947
85981672037
85981683267
85981691019
85981698160
85981704629
85981710245
85981718240
85981725503
85981733804
85981741678
85981747720
85981755716
85981761331
85981767679
85981774576
85981783120
85981791543
85981799600
85981804849
85981812722
85981817544
85981828286
85981836892
85981844278
85981849527
85981856301
85981862893
85981869668
85981875344
85981883340
85981890481
85981895791
85981902688
85981910562
85981917703
85981924844
85981932351
85981934976
85981945535
85981949990
85981957925
85981963723
85981969582
85981977456
85981981606
85981990762
85981997719
85982004128
85982008156
85982019143
85982024758
85982030923
85982037087
85982043313
85982050026
85982056496
85982062722
85982069619
85982077126
85982083962
85982090065
85982094582
85982102578
85982107094
85982114785
85982121926
85982129067
85982134194
85982140786
85982147377
85982153786
85982158852
85982165871
85982174294
85982179299
85982184365
85982191811
85982196877
