86061296894
86061304645
86061309894
86061316242
86061322590
86061328449
86061333576
86061340229
86061345234
86061350483
86061355121
86061360920
86061366352
86061372638
86061377460
86061382709
86061387836
86061393329
86061398700
86061403766
86061409259
86061413959
86061419147
86061425800
86061432331
86061437274
86061443500
86061449176
86061455036
86061460407
86061466022
86061471210
86061476154
86061482562
86061487506
86061493793
86061498615
86061505023
86061513202
86061520282
86061526691
86061532977
86061539752
86061547809
86061553302
86061559650
86061566974
86061575519
86061580463
86061589557
86061598773
86061605365
86061612262
86061621234
86061627887
86061636859
86061643573
86061653949
86061662066
86061669940
86061677081
86061683795
86061692950
86061700701
86061708026
86061715716
86061721514
86061730609
86061740435
86061747027
86061755511
86061763629
86061769610
86061777667
86061785235
86061794695
86061802630
86061809893
86061816485
86061822894
86061831438
86061840044
86061846392
86061855303
86061861529
86061869585
86061877764
86061884478
86061891802
86061899676
86061909197
86061915972
86061922564
86061929094
86061936052
86061942461
86061952044
86061959368
86061966875
86061973711
86061980364
86061987261
86061994829
86062003069
86062011003
86062018694
86062025347
86062032671
86062040056
86062046221
86062052996
86062063616
86062069719
86062076311
86062083635
86062091264
86062099992
86062108537
86062114275
86062124467
86062130754
86062138322
86062144731
86062154375
86062163042
86062171342
86062178361
86062186296
86062193193
86062202287
86062210954
86062218278
86062226274
86062234941
86062241472
86062248308
86062256120
86062263566
86062270341
86062280473
86062285722
86062294084
86062301103
86062308305
86062315812
86062322709
86062332109
86062338944
86062346879
86062353105
86062362687
86062367387
86062377946
86062387345
86062397660
86062405595
86062411942
86062420609
86062426713
86062435563
86062445267
86062454056
86062460465
86062469254
86062476945
86062484391
86062490861
86062499650
86062507279
86062516739
86062524430
86062532670
86062537430
86062547623
86062555619
86062565140
86062570572
86062582169
86062588822
86062596817
86062605912
86062612320
86062621170
86062631241
86062639481
86062646317
86062656693
86062666519
86062672806
86062681717
86062692154
86062699295
86062708633
86062717484
86062730423
86062742325
86062756180
86062772049
86062789322
86062801224
86062809158
86062816116
86062824234
86062834427
86062841446
86062849014
86062856033
86062865066
86062873001
86062880081
86062888626
86062896560
86062904800
86062912002
86062920120
86062929458
86062937149
86062944351
86062952163
86062959182
86062967849
86062975234
86062981094
86062989333
86062997207
86063003127
86063013564
86063020339
86063027602
86063035964
86063045425
86063053420
86063061721
86063070205
86063077834
86063086501
86063094680
86063099990
86063110610
86063120559
86063127150
86063136245
86063144973
86063153029
86063162062
86063171950
86063180739
86063188308
86063195205
86063204055
86063211989
86063219496
86063227675
86063235732
86063245375
86063252638
86063259963
86063268630
86063277113
86063284804
86063291518
86063299391
86063307021
86063314650
86063323439
86063331068
86063338759
86063346693
86063354445
86063363295
86063370070
86063377943
86063383009
86063391798
86063400587
86063405409
86063413222
86063420546
86063429823
86063438795
86063445204
86063454054
86063461866
86063472242
86063480543
86063487196
86063495863
86063502516
86063509535
86063516859
86063526380
86063533216
86063540296
86063547987
86063555372
86063563734
86063570326
86063579115
86063587354
86063594312
86063600843
86063607984
86063614454
86063621839
86063630933
86063638380
86063646070
86063654127
86063661390
86063669263
86063679151
86063685316
86063691602
86063697400
86063704725
86063713209
86063720472
86063727308
86063734205
86063740674
86063747205
86063754529
86063761792
86063768811
86063776502
86063783704
86063789075
86063794690
86063803479
86063810498
86063818006
86063825391
86063831677
86063838269
86063845410
86063850904
86063859509
86063865003
86063871533
86063876904
86063884778
86063888257
86063896863
86063904187
86063910230
86063919202
86063924268
86063931226
86063937756
86063946240
86063952832
86063959058
86063966992
86063973584
86063980664
86063987622
86063994092
86064000744
86064007397
86064014477
86064022351
86064028637
86064035901
86064044507
86064050305
86064058300
86064062207
86064070752
86064077221
86064084973
86064091870
86064097912
86064105664
86064112561
86064117443
86064125256
86064130566
86064139965
86064146618
86064153210
86064159435
86064164623
86064172131
86064180187
86064187573
86064193676
86064202587
86064219738
86064226330
86064236828
86064243603
86064251903
86064258922
86064266308
86064271618
86064280285
86064288097
86064295177
86064303417
86064308300
86064317272
86064324596
86064329967
86064338512
86064344982
86064353038
86064360180
86064365123
86064373058
86064380077
86064388073
86064394542
86064401317
86064407421
86064412792
86064421031
86064427623
86064435069
86064442027
86064448070
86064455638
86064461742
86064469676
86064477489
86064482677
86064489513
86064494884
86064502696
86064509166
86064516185
86064524608
86064529735
86064537791
86064542491
86064550059
86064556712
86064562205
86064569835
86064576793
86064581859
86064589671
86064594798
86064602427
86064607676
86064615245
86064622264
86064629222
86064636241
86064642405
86064647105
86064653941
86064660411
86064667064
86064674449
86064680918
86064687266
86064693309
86064700083
86064706248
86064711802
86064718577
86064726390
86064733775
86064739268
86064745982
86064752818
86064757456
86064765818
86064771250
86064779368
86064784617
86064792368
86064798350
86064805003
86064811045
86064817698
86064824778
86064832651
86064837229
86064844797
86064851878
86064856577
86064863047
86064870249
86064878367
86064884836
86064891611
86064896250
86064903452
86064909739
86064916453
86064923533
86064930246
86064937388
86064943613
86064948862
86064956369
86064961802
86064968760
86064974619
86064982798
86064986704
86064994394
86064999826
86065006967
86065013193
86065019541
86065026071
86065033579
86065040354
86065046579
86065051401
86065058603
86065065866
86065073190
86065079843
86065086374
86065092783
86065097604
86065105783
86065110727
86065118295
86065123727
86065132211
86065137888
86065143625
86065150949
86065156869
86065163949
86065170236
86065176950
86065184884
86065190439
86065197763
86065203805
86065210153
86065216195
86065223153
86065229501
86065236581
86065243295
86065249887
86065256967
86065261972
86065268319
86065275338
86065282174
86065289254
86065295236
86065301705
86065307504
86065313973
86065320443
86065325631
86065333871
86065339303
86065345712
86065352548
86065358163
86065365060
86065371041
86065378426
86065385140
86065390206
86065396676
86065403207
86065409249
86065415841
86065421639
86065430062
86065437020
86065443001
86065449654
86065455575
86065461251
86065466317
86065474618
86065481515
86065488473
86065494942
86065501107
86065505684
86065512948
86065516732
86065525704
86065532906
86065539620
86065546639
86065552987
86065560128
86065564827
86065572579
86065579476
86065586922
86065594124
86065599556
86065606331
86065613289
86065618538
86065626534
86065632454
86065640145
86065646370
86065651802
86065657417
86065664497
86065670113
86065677437
86065684151
86065690926
86065698006
86065704109
86065708748
86065715340
86065721687
86065728828
86065735847
86065742866
86065749763
86065756294
86065762581
86065769111
86065774727
86065782295
86065788399
86065796028
86065801826
86065808845
86065814033
86065821052
86065827583
86065833809
86065841865
86065847480
86065854683
86065860176
86065867561
86065872993
86065879829
86065885688
86065893928
86065899726
86065906745
86065910224
86065918281
86065923347
86065930488
86065935737
86065944587
86065952155
86065957099
86065963447
86065970100
86065977058
86065982673
86065990852
86065996467
86066003852
86066010261
86066016669
86066023017
86066028266
86066037360
86066044074
86066049384
86066055366
86066062141
86066068427
86066075141
86066081061
86066090095
86066096808
86066102607
86066109015
86066114203
86066121100
86066126105
86066133368
86066143134
86066148261
86066154425
86066161689
86066168341
86066174628
86066181159
86066187751
86066194831
86066201422
86066207465
86066213751
86066220160
86066226447
86066232855
86066240180
86066246955
86066253607
86066259345
86066265997
86066272223
86066277350
86066283698
86066290961
86066298834
86066305121
86066310614
86066315985
86066324286
86066330633
86066336005
86066342596
86066350958
86066358282
86066364447
86066369208
86066376044
86066382574
86066389227
86066397162
86066403631
86066409552
86066415777
86066422735
86066427984
86066435003
86066442328
86066450079
86066454779
86066462164
86066468939
86066474920
86066479437
86066487738
86066495916
86066501226
86066506597
86066514654
86066518377
86066527288
86066533758
86066539190
86066547796
86066552740
86066560613
86066566717
86066570623
86066579534
86066585638
86066591985
86066598150
86066604009
86066610601
86066616155
86066624029
86066632146
86066638921
86066645330
86066652105
86066660039
86066666753
86066672185
86066680120
86066688421
86066695073
86066701482
86066709661
86066716741
86066722600
86066731145
86066738103
86066744512
86066749456
86066757940
86066764165
86066771611
86066778752
86066786199
86066795964
86066804875
86066815312
86066822576
86066830144
86066836858
86066844975
86066853459
86066860356
86066867497
86066874699
86066884404
86066892278
86066897221
86066904118
86066909795
86066916264
86066922429
86066931889
86066938237
86066945134
86066951543
86066957036
86066963017
86066970341
86066979313
86066985112
86066992680
86066998417
86067006901
86067012089
86067019841
86067026921
86067034184
86067040715
86067046635
86067053105
86067059574
86067066777
86067071965
86067081059
86067085209
86067093083
86067099064
86067106022
86067112492
86067120548
86067128239
86067136357
86067143131
86067149662
86067154911
86067163090
86067171452
86067177189
86067182133
86067190006
86067195499
86067202396
86067208805
86067216984
86067223515
86067228580
86067234135
86067242069
86067248295
86067253971
86067260197
86067268680
86067272587
86067281376
86067285221
86067293888
86067301151
86067306400
86067315433
86067320743
86067327335
86067333805
86067340641
86067347171
86067352542
86067360233
86067367618
86067375309
86067382389
86067388370
86067397342
86067405338
86067412479
86067418460
86067425296
86067429874
86067437808
86067444156
86067450748
86067456790
86067463931
86067471744
86067477359
86067484439
86067489444
86067497012
86067502139
86067510013
86067516116
86067523563
86067529239
86067535403
86067541080
86067548221
86067553714
86067561832
86067569400
86067576968
86067583316
86067588382
86067593936
86067601382
86067607547
86067614566
86067620974
86067628543
86067635623
86067642215
86067646426
86067654177
86067658816
86067666812
86067675112
86067680606
86067686648
86067693240
86067700869
86067705874
86067713442
86067721072
86067726565
86067733584
86067741519
86067747927
86067756289
86067764773
86067772158
86067779116
86067784975
86067793887
86067800295
86067806399
86067812075
86067821780
86067828738
86067835573
86067839114
86067847353
86067854555
86067860903
86067866091
86067872744
86067880007
86067886477
86067893252
86067897951
86067905947
86067910524
86067917421
86067925112
86067931826
86067939028
86067946291
86067951479
86067958925
86067964174
86067971132
86067979494
86067985170
86067990236
86067998415
86068004518
86068010805
86068016908
86068023744
86068031435
86068037843
86068044557
86068050661
86068057680
86068063722
86068069582
86068075929
86068082948
86068090150
86068096681
86068101381
86068108827
86068115663
86068121889
86068127687
86068135927
86068141481
86068149293
86068155580
86068161012
86068166627
86068174562
86068181581
86068188722
86068195802
86068200807
86068207094
86068214296
86068221254
86068228212
86068235719
86068242433
86068247743
86068254090
86068261537
86068266420
86068273561
86068279420
86068287721
86068295350
86068302247
86068308290
86068316712
86068324769
86068331788
86068338014
86068344911
86068352296
86068357362
86068364320
86068370911
86068377930
86068384827
86068391541
86068398988
86068405274
86068410096
86068416993
86068423890
86068430299
86068435670
86068443848
86068449402
86068457520
86068461487
86068469544
86068476197
86068483094
86068490113
86068496705
86068504456
86068509278
86068516358
86068522522
86068529114
86068536805
86068543396
86068550354
86068555970
86068561280
86068569519
86068574951
86068582154
86068589173
86068596741
86068603638
86068609802
86068613892
86068621521
86068627869
86068635620
86068642700
86068649536
86068656128
86068662537
86068668762
86068675171
86068679932
86068686523
86068694763
86068699951
86068707519
86068712707
86068720581
86068725769
86068732056
86068740051
86068746643
86068752258
86068759704
86068765198
86068771057
86068778015
86068783752
86068792297
86068799133
86068805481
86068812072
86068818359
86068824829
86068830749
86068838073
86068844787
86068851562
86068856323
86068862854
86068869384
86068875915
86068882141
86068889648
86068896667
86068903930
86068910217
86068915100
86068921874
86068928710
86068934265
86068941772
86068948913
86068954345
86068961791
86068967101
86068973266
86068980163
86068987182
86068992858
86069001769
86069005309
86069013183
86069019103
86069027587
86069031249
86069040282
86069047362
86069054259
86069059325
86069066039
86069072387
86069078979
86069085143
86069092467
86069099303
86069106078
86069111693
86069118224
86069124083
86069130858
86069137816
86069143126
86069152159
86069157775
86069163817
86069170653
86069176635
86069183409
86069189513
86069195983
86069204527
86069209838
86069217650
86069223448
86069230162
86069235899
86069243285
86069249632
86069256773
86069263487
86069269835
86069274535
86069281004
86069284483
86069293639
86069303099
86069308226
86069315672
86069320555
86069327940
86069332701
86069340697
86069346495
86069354124
86069359190
86069367003
86069371947
86069378355
86069383604
86069391478
86069397093
86069405882
86069412230
86069417173
86069422178
86069429869
86069435850
86069443235
86069451597
86069458494
86069464476
86069470945
86069472959
86069482481
86069489317
86069496153
86069502134
86069509092
86069515867
86069522459
86069528867
86069533384
86069539976
86069548032
86069556333
86069561826
86069570737
86069575010
86069585203
86069593320
86069598508
86069606992
86069611509
86069619199
86069623716
86069632200
86069636777
86069644163
86069649045
86069656797
86069664060
86069672239
86069678769
86069687131
86069694578
86069701169
86069707456
86069714353
86069721250
86069727781
86069735105
86069741697
86069748777
86069756284
86069763608
86069769223
86069776914
86069783689
86069789243
86069795835
86069801816
86069810300
86069816831
86069822080
86069829221
86069834409
86069841855
86069847958
86069854855
86069862912
86069869992
86069876523
86069882870
86069889340
86069894040
86069897580
86069907407
86069914426
86069921078
86069928158
86069934384
86069941159
86069945859
86069954159
86069961361
86069967587
86069974850
86069982541
86069988522
86069997860
86070005002
86070012143
86070016964
86070023861
86070031002
86070037167
86070044125
86070050289
86070057614
86070062435
86070069821
86070077023
86070084347
86070089657
86070095761
86070102474
86070108761
86070118038
86070125057
86070131771
86070138363
86070145077
86070151424
86070155270
86070164547
86070172970
86070178036
86070184444
86070190670
86070197506
86070203609
86070210323
86070217403
86070224850
86070229977
86070237179
86070243526
86070250423
86070257931
86070264156
86070271969
86070278743
86070284115
86070290035
86070297176
86070303157
86070308773
86070316524
86070322811
86070330623
86070334346
86070343685
86070347530
86070356014
86070363399
86070368709
86070377681
86070382930
86070389766
86070396114
86070403438
86070409603
86070415645
86070422298
86070429317
86070436519
86070442500
86070449336
86070455501
86070462154
86070467342
86070475093
86070481746
86070488582
86070494441
86070501277
86070508601
86070514217
86070520564
86070526118
86070533504
86070538631
86070545711
86070550960
86070559016
86070564448
86070571773
86070577327
86070585261
86070591426
86070597285
86070602473
86070609980
86070615474
86070622981
86070629268
86070635798
86070642329
86070648371
86070653865
86070661311
86070667720
86070674739
86070681941
86070688594
86070693476
86070700923
86070708247
86070714472
86070721308
86070726618
86070735590
86070740534
86070747797
86070754084
86070760920
86070765742
86070772639
86070779353
86070786555
86070793452
86070801203
86070806757
86070815302
86070822565
86070827448
86070835749
86070840876
86070847956
86070854181
86070861689
86070866511
86070873224
86070879816
86070887690
86070894953
86070900202
86070906916
86070914179
86070919489
86070926142
86070932184
86070940302
86070945673
86070953119
86070959467
86070965509
86070971125
86070978266
86070985102
86070992792
86070996637
86071004694
86071011408
86071017755
86071024530
86071031427
86071040155
86071045221
86071052301
86071058405
86071065179
86071071344
86071077325
86071084528
86071092645
86071100030
86071106561
86071111749
86071118097
86071124872
86071132257
86071137872
86071145929
86071151910
86071158624
86071164422
86071169916
86071177423
86071182733
86071191583
86071198419
86071205133
86071211480
86071216241
86071223565
86071227349
86071236566
86071245050
86071249993
86071257562
86071262139
86071270623
86071275323
86071283441
86071291009
86071298944
86071304376
86071311639
86071316827
86071323602
86071328729
86071336175
86071341973
86071350152
86071356255
86071362542
86071367852
86071376397
86071382623
86071389519
86071396111
86071402764
86071409295
86071415520
86071422112
86071428277
86071434807
86071441155
86071447625
86071454217
86071461052
86071467827
86071473382
86071480217
86071486199
86071493279
86071501152
86071506340
86071514214
86071519402
86071526116
86071531304
86071538811
86071547295
86071554131
86071559990
86071566582
86071570366
86071578606
86071584587
86071591789
86071598870
86071605705
86071612175
86071618645
86071624016
86071630547
86071637566
86071645134
86071652031
86071657036
86071665031
86071669670
86071676384
86071682671
86071689323
86071697014
86071704399
86071710380
86071718498
86071724113
86071732536
86071739067
86071746391
86071750908
86071759025
86071766655
86071772209
86071780632
86071786247
86071794731
86071802299
86071809318
86071814994
86071822807
86071828300
86071836967
86071844169
86071851310
86071857719
86071865104
86071873466
86071879325
86071887016
86071894889
86071903617
86071910209
86071918022
86071924918
86071931388
86071938224
86071945121
86071951164
86071959220
86071966117
86071973624
86071980338
86071988334
86071996452
86072002860
86072009330
86072018302
86072023978
86072030997
86072038077
86072045463
86072051200
86072059195
86072066764
86072073111
86072079520
86072086539
86072092582
86072101432
86072108085
86072115043
86072121329
86072129142
86072135001
86072140799
86072148551
86072156790
86072163871
86072169486
86072177298
86072185294
86072192008
86072198599
86072206473
86072213187
86072219290
86072227408
86072235281
86072242850
86072250601
86072257864
86072264090
86072270865
86072277335
86072284720
86072291312
86072296988
86072305411
86072311819
86072318777
86072326224
86072334707
86072341116
86072348623
86072354849
86072361563
86072366507
86072373953
86072381460
86072389090
86072395071
86072400442
86072407156
86072414053
86072421133
86072428518
86072436575
86072442617
86072449819
86072455740
86072461782
86072468679
86072475942
86072481924
86072488577
86072495840
86072501394
86072508108
86072513601
86072521963
86072529470
86072537466
86072543691
86072550649
86072556570
86072562185
86072567922
86072575735
86072583425
86072589895
86072596548
86072602712
86072609121
86072616506
86072622365
86072629445
86072637441
86072645131
86072654104
86072659841
86072668447
86072672475
86072681569
86072690419
86072698415
86072703786
86072711843
86072718312
86072725942
86072732473
86072739858
86072747060
86072753163
86072761342
86072767263
86072774770
86072782582
86072789540
86072798818
86072806447
86072819447
86072828298
86072840199
86072855763
86072865651
86072872792
86072881886
86072888539
86072895924
86072902760
86072910023
86072916676
86072923817
86072930287
86072939442
86072945790
86072952260
86072959279
86072965809
86072972523
86072979359
86072984974
86072992970
86073000294
86073004139
86073012806
86073020497
86073025990
86073034779
86073042836
86073049244
86073053822
86073060841
86073068287
86073075917
86073083363
86073090138
86073096485
86073103382
86073110218
86073115772
86073123768
86073130299
86073138477
86073145069
86073149220
86073157032
86073164051
86073173206
86073178822
86073185047
86073193287
86073199329
86073204456
86073211841
86073220264
86073226307
86073231922
86073241443
86073247852
86073255909
86073264332
86073270923
86073278614
86073284534
86073290271
86073300098
86073307911
86073314380
86073324817
86073331958
86073340137
86073346118
86073354541
86073361988
86073367603
86073376148
86073382373
86073389148
86073395435
86073403491
86073410266
86073418140
86073424915
86073431018
86073438831
86073447498
86073455249
86073462024
86073468188
86073476123
86073482043
86073488879
86073497363
86073504443
86073511890
86073518603
86073525561
86073531787
86073538318
86073545581
86073553271
86073559314
86073567126
86073573291
86073580249
86073586352
86073592944
86073600085
86073606982
86073613330
86073620227
86073627734
86073633837
86073640185
86073648486
86073655505
86073662341
86073668872
86073675585
86073682421
86073689623
86073695422
86073703112
86073711901
86073716418
86073724291
86073730151
86073738574
86073747607
86073753832
86073761034
86073767687
86073773852
86073779345
86073788500
86073796252
86073802416
86073811632
86073817797
86073824694
86073831347
86073837755
86073845080
86073850207
86073857775
86073864123
86073871691
86073879808
86073885424
86073893236
86073901232
86073907396
86073914293
86073921373
86073927538
86073935900
86073942491
86073950731
86073956591
86073964098
86073971178
86073978563
86073986131
86073992967
86073999437
86074005907
86074014085
86074020616
86074028246
86074034837
86074042833
86074050829
86074057481
86074064378
86074071947
86074079332
86074086595
86074093797
86074099962
86074106492
86074112352
86074117845
86074124071
86074131212
86074138353
86074144334
86074151170
86074157091
86074165513
86074171312
86074177537
86074185594
86074191880
86074197679
86074204393
86074211351
86074217759
86074223191
86074232286
86074235887
86074244371
86074250535
86074256822
86074263169
86074269456
86074276170
86074283494
86074290269
86074295335
86074303391
86074308824
86074314927
86074321336
86074331529
86074337449
86074343797
86074350510
86074357896
86074364243
86074369920
86074377244
86074382188
86074389817
86074395981
86074403794
86074409836
86074415330
86074423874
86074429368
86074435837
86074442551
86074448960
86074457016
86074463730
86074470261
86074477341
86074483201
86074488511
86074495652
86074503281
86074510483
86074517014
86074524033
86074530320
86074536728
86074543442
86074550339
86074557358
86074563584
86074570481
86074577133
86074583847
86074589646
86074596909
86074604782
86074613876
86074620712
86074628037
86074634750
86074643662
86074652328
86074659409
86074666428
86074675217
86074681442
86074689865
86074697677
86074705490
86074712265
86074719223
86074726181
86074732956
86074738815
86074747177
86074753708
86074761215
86074769577
86074775070
86074782394
86074790268
86074796066
86074804123
86074810897
86074818100
86074823837
86074831527
86074838363
86074845443
86074852523
86074859237
86074867172
86074874069
86074879928
86074888107
86074894332
86074901290
86074909713
86074916122
86074922591
86074929244
86074935226
86074941451
86074950118
86074957198
86074963912
86074970199
86074976119
86074986861
86074993880
86075000350
86075007735
86075014205
86075020736
86075027755
86075034896
86075041305
86075049788
86075055404
86075060714
86075068404
86075076156
86075084029
86075092086
86075098372
86075104964
86075112960
86075117537
86075125289
86075131148
86075139510
86075146468
86075152815
86075161666
86075167708
86075175582
86075183333
86075189925
86075197737
86075203414
86075212813
86075219649
86075227095
86075233626
86075240401
86075247908
86075254439
86075261092
86075269392
86075274458
86075282210
86075290327
86075297102
86075303999
86075310896
86075317122
86075325300
86075332258
86075340071
86075347883
86075354963
86075361738
86075368635
86075376509
86075384321
86075389998
86075397993
86075404402
86075410994
86075418074
86075424116
86075431868
86075438826
86075445967
86075453230
86075460920
86075467390
86075474470
86075482832
86075488508
86075496748
86075503156
86075510420
86075519392
86075525678
86075533735
86075539594
86075546247
86075554121
86075559858
86075568281
86075574628
86075581831
86075589399
86075595197
86075601545
86075609907
86075615217
86075623334
86075628705
86075636396
86075643842
86075650556
86075658002
86075663434
86075671491
86075677961
86075685529
86075693097
86075700971
86075707013
86075715131
86075722089
86075728070
86075733380
86075741193
86075747541
86075755048
86075762555
86075769757
86075776227
86075782086
86075790753
86075799542
86075804608
86075812970
86075819440
86075826154
86075833478
86075841046
86075846967
86075855450
86075860944
86075867352
86075874615
86075881634
86075889142
86075896344
86075903546
86075910199
86075917218
86075923810
86075931317
86075939679
86075945843
86075954083
86075959637
86075966595
86075972455
86075982525
86075988385
86075995892
86076001873
86076009686
86076016156
86076024273
86076030682
86076038006
86076045147
86076051922
86076060345
86076065899
86076074566
86076081829
86076088299
86076097149
86076102703
86076110027
86076116802
86076124310
86076131023
86076139385
86076146282
86076154034
86076158916
86076166241
86076175335
86076183636
86076189922
86076197552
86076203594
86076209026
86076217754
86076224163
86076230755
86076238140
86076245159
86076250835
86076256511
86076264873
86076273235
86076280193
86076285930
86076293377
86076298565
86076306133
86076312908
86076316997
86076327007
86076333721
86076338359
86076344951
86076351665
86076358196
86076365276
86076371990
86076377300
86076384746
86076388591
86076397685
86076405254
86076412212
86076419109
86076426006
86076433330
86076439128
86076446391
86076451884
86076459148
86076465617
86076472331
86076479106
86076485026
86076491496
86076497478
86076504130
86076511210
86076518046
86076525798
86076533183
86076541118
86076546550
86076555156
86076562236
86076568889
86076578410
86076583659
86076592082
86076598735
86076605937
86076612956
86076619364
86076627238
86076634318
86076640544
86076647685
86076655680
86076661784
86076669535
86076676127
86076682536
86076689250
86076697062
86076704325
86076710612
86076719157
86076724406
86076731120
86076738688
86076745158
86076752543
86076759257
86076766703
86076773417
86076779887
86076788492
86076793986
86076802042
86076808390
86076816385
86076823099
86076828348
86076836161
86076841532
86076848978
86076857645
86076864420
86076871012
86076878214
86076885477
86076892191
86076899576
86076906961
86076913553
86076920023
86076928873
86076936869
86076943094
86076949686
86076957193
86076964029
86076971292
86076978311
86076986856
86076993448
86077000284
86077007486
86077014688
86077021524
86077029153
86077036050
86077043069
86077050516
86077056924
86077064432
86077072061
86077077615
86077085611
86077093057
86077100381
86077106851
86077116372
86077123269
86077129739
86077137185
86077144876
86077152566
86077159158
86077166055
86077174295
86077180886
86077188577
86077196511
86077202737
86077209573
86077216836
86077224465
86077231240
86077238626
86077246926
86077252114
86077259927
86077266458
86077274209
86077282144
86077286904
86077294839
86077300637
86077306741
86077315591
86077322854
86077329507
86077334451
86077342202
86077347451
86077353982
86077360451
86077369179
86077376198
86077382790
86077387978
86077394326
86077401040
86077408608
86077415993
86077420022
86077430214
86077438637
86077447243
86077454689
86077461709
86077469643
86077475808
86077481362
86077489479
86077495766
86077502785
86077510537
86077515847
86077519814
86077528725
86077532753
86077541664
86077548378
86077555336
86077562233
86077569496
86077575661
86077580361
86077588844
86077596474
86077602943
86077611244
86077616554
86077622047
86077631325
86077637672
86077644020
86077651222
86077656349
86077664894
86077672096
86077678505
86077683693
86077690956
86077696266
86077703224
86077711647
86077717262
86077722999
86077730995
86077737282
86077743629
86077749916
86077755165
86077763527
86077770240
86077776954
86077781837
86077788368
86077794715
86077802101
86077809425
86077817298
86077822364
86077829383
86077836097
86077842201
86077848976
86077854103
86077861671
86077869117
86077874305
86077880897
86077887611
86077893531
86077900245
86077905799
86077914405
86077923499
86077933631
86077943092
86077951209
86077960975
86077969215
86077981116
86077990516
86077998450
86078006690
86078017615
86078025794
86078036170
86078044227
86078054664
86078063941
86078073279
86078080787
86078088843
86078095618
86078102759
86078109595
86078117102
86078124121
86078131507
86078137610
86078144324
86078149207
86078155860
86078162940
86078171362
86078177710
86078184790
86078190772
86078197302
86078204016
86078209082
86078216650
86078224768
86078232520
86078238806
86078244849
86078251562
86078259070
86078265906
86078273169
86078280676
86078287939
86078294775
86078303686
86078311072
86078319006
86078326208
86078331762
86078338415
86078347143
86078352636
86078359716
86078365393
86078372412
86078381140
86078387548
86078391516
86078399572
86078406103
86078414404
86078418798
86078432775
86078440771
86078445715
86078454809
86078460729
86078469640
86078477148
86078484594
86078490759
86078498144
86078508886
86078516393
86078532201
86078541235
86078549779
86078557714
86078563146
86078571325
86078576391
86078583776
86078589696
86078598791
86078604772
86078613012
86078620092
86078627294
86078635778
86078642858
86078650609
86078656347
86078663671
86078669713
86078675267
86078681493
86078688573
86078695287
86078701390
86078708654
86078714818
86078721532
86078727696
86078734410
86078738317
86078746495
86078754247
86078759435
86078766820
86078773168
86078777806
86078785252
86078791600
86078799474
86078808202
86078813817
86078821263
86078826390
86078833104
86078840733
86078849156
86078856602
86078863133
86078867039
86078875035
86078881566
86078888035
86078891881
86078900120
86078907322
86078914097
86078920323
86078926793
86078933690
86078940159
86078946080
86078952977
86078959019
86078965916
86078972691
86078977696
86078985264
86078990452
86078997959
86079003392
86079012852
86079018284
86079024266
86079030979
86079036961
86079043675
86079051060
86079056736
86079064182
86079069431
86079077549
86079083592
86079089634
86079095738
86079102329
86079108555
86079114719
86079120640
86079128452
86079132114
86079140903
86079144749
86079154209
86079161716
86079168796
86079174778
86079181125
86079186375
86079192844
86079199253
86079206211
86079212986
86079218296
86079226352
86079231357
86079238865
86079243747
86079249973
86079257785
86079265842
86079271518
86079277134
86079284092
86079289890
86079296909
86079302036
86079309421
86079317600
86079321323
86079328952
86079334506
86079342929
86079346836
86079356174
86079363437
86079370273
86079376804
86079383090
86079387912
86079395175
86079399997
86079407993
86079412204
86079421786
86079429050
86079435580
86079442233
86079448703
86079455356
86079463107
86079469821
86079475314
86079482089
86079488742
86079495700
86079500949
86079506869
86079515353
86079521579
86079529086
86079534640
86079539950
86079547091
86079552340
86079561190
86079567599
86079574862
86079578585
86079587497
86079591159
86079599215
86079605136
86079613009
86079620150
86079627169
86079629244
86079639010
86079645053
86079651156
86079657870
86079664401
86079671053
86079677523
86079684176
86079689303
86079697115
86079701632
86079709628
86079715121
86079722506
86079729952
86079737032
86079743075
86079752779
86079759798
86079767794
86079774691
86079780001
86079787203
86079795199
86079801119
86079808016
86079814913
86079822481
86079829073
86079835848
86079842928
86079848848
86079855501
86079861849
86079867952
86079876558
86079882784
86079890352
86079897249
86079904207
86079911470
86079916719
86079924227
86079931612
86079937776
86079944856
86079952669
86079956636
86079965486
86079973787
86079980989
86079986421
86079993196
86079999361
86080006258
86080013826
86080019319
86080027193
86080032747
86080040437
86080046480
86080054780
86080059297
86080068208
86080074861
86080081819
86080088350
86080095552
86080103120
86080108796
86080117341
86080124727
86080131440
86080135103
86080144746
86080150972
86080157930
86080165071
86080172456
86080179658
86080185456
86080193391
86080199739
86080208039
86080215119
86080222261
86080229707
86080235017
86080241364
86080247834
86080253694
86080260224
86080267060
86080272248
86080280305
86080285615
86080293244
86080298310
86080305268
86080312287
86080318635
86080325227
86080333222
86080340302
86080349152
86080355744
86080361481
86080368256
86080374726
86080382844
86080389557
86080397187
86080404084
86080410737
86080416535
86080423615
86080432282
86080438324
86080446442
86080453095
86080461274
86080466401
86080475861
86080482941
86080487397
86080495087
86080502411
86080510224
86080516571
86080525543
86080532196
86080539581
86080546417
86080551727
86080559784
86080564972
86080572174
86080578705
86080586456
86080592987
86080599945
86080606537
86080613434
86080619598
86080627411
86080634430
86080640106
86080649506
86080653412
86080662933
86080670746
86080677704
86080683868
86080690826
86080696686
86080703094
86080709381
86080716034
86080722625
86080728363
86080736358
86080743927
86080750641
86080755401
86080762542
86080767364
86080774017
86080782318
86080790008
86080795990
86080802886
86080810150
86080816192
86080821380
86080829193
86080835845
86080843414
86080849700
86080856231
86080862212
86080868987
86080876067
86080881500
86080889190
86080896819
86080901946
86080908721
86080915435
86080920562
86080927337
86080935027
86080942351
86080948943
86080956328
86080964202
86080971038
86080978179
86080985808
86080992400
86080998198
86081005523
86081012114
86081019744
86081026458
86081034331
86081040374
86081047271
86081053313
86081060698
86081066985
86081074370
86081081267
86081087737
86081094878
86081101470
86081108367
86081115325
86081120635
86081128203
86081135832
86081142485
86081151213
86081158598
86081165434
86081172637
86081177397
86081185820
86081193266
86081200407
86081206938
86081213957
86081219267
86081226225
86081233610
86081241728
86081248198
86081255217
86081261503
86081268645
86081274931
86081280119
86081287321
86081295195
86081301481
86081307341
86081317228
86081323942
86081331389
86081336638
86081345366
86081350615
86081356352
86081364714
86081371122
86081377775
86081384794
86081392790
86081399809
86081406034
86081415068
86081419279
86081428861
86081433073
86081442716
86081447050
86081455595
86081462370
86081468900
86081477384
86081482450
86081489530
86081496488
86081504667
86081509611
86081517118
86081524137
86081530057
86081535001
86081541532
86081548246
86081555082
86081562711
86081568754
86081573636
86081580533
86081587430
86081593290
86081601102
86081608732
86081617032
86081623075
86081627897
86081634794
86081641141
86081648160
86081654813
86081661466
86081668851
86081675138
86081681729
86081687772
86081693631
86081700772
86081708280
86081715238
86081721402
86081725919
86081734097
86081738736
86081745572
86081752896
86081759854
86081766751
86081773709
86081779691
86081788785
86081796170
86081803006
86081811246
86081816739
86081824124
86081829495
86081838162
86081842984
86081850979
86081859402
86081866604
86081873440
86081880704
86081887112
86081892666
86081899807
86081909146
86081915860
86081920498
86081927945
86081936001
86081940884
86081949429
86081954312
86081963101
86081968777
86081975674
86081983670
86081989651
86081995022
86082003628
86082007778
86082017239
86082023464
86082029934
86082037258
86082042141
86082050442
86082056240
86082064907
86082070095
86082077786
86082084011
86082091518
86082098537
86082105801
86082111965
86082118618
86082126858
86082132412
86082138760
86082145656
86082153957
86082157619
86082167263
86082171535
86082181301
86082187649
86082194668
86082201198
86082209011
86082216396
86082223415
86082229213
86082236965
86082243740
86082250332
86082257534
86082265041
86082271877
86082277065
86082285244
86082291469
86082298671
86082305934
86082312648
86082320705
86082327907
86082334926
86082340114
86082346828
86082354884
86082360927
86082366542
86082375148
86082382594
86082388942
86082394923
86082401393
86082408839
86082416286
86082423549
86082428859
86082436915
86082443202
86082449794
86082453639
86082462794
86082469935
86082476588
86082482936
86082489467
86082496791
86082503749
86082511012
86082516932
86082525721
86082529506
86082538478
86082542506
86082550868
86082558497
86082565882
86082573878
86082579615
86082586024
86082593409
86082600245
86082605677
86082612452
86082621974
86082628749
86082635829
86082642176
86082647852
86082654383
86082662745
86082671046
86082676539
86082683192
86082691065
86082698145
86082704615
86082710230
86082716761
86082725062
86082732203
86082738489
86082743983
86082751856
86082758692
86082766260
86082773890
86082780482
86082786280
86082793055
86082800257
86082805201
86082813257
86082819239
86082827539
86082833277
86082841333
86082845728
86082854029
86082861048
86082868372
86082876123
86082883203
86082890650
86082896204
86082902918
86082908838
86082917261
86082923975
86082931055
86082935205
86082943384
86082950769
86082957483
86082963587
86082971155
86082978967
86082984949
86082994470
86082998743
86083006921
86083015222
86083022241
86083029748
86083036279
86083042261
86083048608
86083054162
86083060693
86083067102
86083072412
86083081018
86083086389
86083092737
86083099267
86083105798
86083113000
86083118127
86083126001
86083133508
86083139245
86083147119
86083154748
86083162133
86083168237
86083177331
86083183007
86083191491
86083197900
86083202722
86083210046
86083216943
86083224084
86083232690
86083238305
86083244714
86083252099
86083258202
86083263940
86083272118
86083279015
86083285790
86083292687
86083299340
86083306298
86083313622
86083319970
86083327782
86083334191
86083339928
86083347253
86083355309
86083362023
86083368188
86083375573
86083382409
86083389977
86083395958
86083403283
86083411217
86083417260
86083423729
86083428856
86083438317
86083445031
86083452050
86083458275
86083465233
86083472252
86083481041
86083487511
86083492943
86083501671
86083508934
86083515892
86083523400
86083530296
86083536339
86083543175
86083550194
86083554833
86083561363
86083567650
86083574791
86083580406
86083588707
86083595726
86083601830
86083606407
86083614525
86083619163
86083625938
86083632713
86083641380
86083646629
86083655052
86083661766
86083668724
86083675987
86083684410
86083692283
86083697777
86083705101
86083710472
86083718712
86083725181
86083732261
86083739463
86083746238
86083753074
86083760032
86083767173
86083772666
86083780357
86083786643
86083794395
86083800437
86083807823
86083814475
86083821128
86083828208
86083834190
86083842307
86083849265
86083855735
86083861350
86083869529
86083874900
86083883811
86083891135
86083898154
86083903648
86083910545
86083917564
86083922752
86083930930
86083938438
86083944724
86083950095
86083958335
86083965476
86083972678
86083980857
86083987754
86083994468
86084001731
86084007956
86084014914
86084021140
86084028952
86084036460
86084043235
86084050254
86084056357
86084063132
86084069358
86084076071
86084082602
86084090354
86084098471
86084103903
86084112509
86084116721
86084125144
86084128806
86084138938
86084147116
86084152548
86084159567
86084166953
86084174155
86084179831
86084188376
86084194662
86084201559
86084208090
86084214865
86084221579
86084228293
86084235251
86084242392
86084248312
86084256308
86084262961
86084269125
86084277182
86084284506
86084291830
86084299032
86084305136
86084310995
86084317587
86084323507
86084329977
86084336935
86084342123
86084350424
86084355856
86084363913
86084368917
86084375631
86084380514
86084387472
86084395529
86084402304
86084409567
86084416220
86084421957
86084430929
86084439108
86084446859
86084453695
86084459493
86084467916
86084474752
86084481893
86084485677
86084494955
86084502340
86084509603
86084514425
86084522298
86084529012
86084536092
86084542562
86084549825
86084556417
86084563314
86084568807
86084575460
86084582235
86084587362
86084593770
86084600728
86084607381
86084614827
86084620870
86084627889
86084633565
86084638570
86084645345
86084652852
86084659993
86084667745
86084674703
86084681478
86084689046
86084695882
86084701863
86084710652
86084716878
86084724019
86084727620
86084737996
86084743855
86084751851
86084760457
86084765401
86084772664
86084780110
86084786946
86084792622
86084801472
86084808247
86084815205
86084821370
86084828023
86084834920
86084842183
86084848286
86084855549
86084862935
86084868367
86084876179
86084882466
86084889180
86084895649
86084902607
86084910969
86084915852
86084923298
86084930317
86084937703
86084942891
86084950703
86084957783
86084965351
86084971943
86084978596
86084985676
86084992024
86084999958
86085007710
86085013752
86085021687
86085028095
86085034687
86085041889
86085049641
86085056538
86085062519
86085069477
86085075764
86085082233
86085089130
86085095295
86085100727
86085108295
86085115009
86085121845
86085128315
86085134724
86085141376
86085147541
86085152973
86085159626
86085166645
86085173847
86085180073
86085184955
86085193256
86085198017
86085206623
86085214496
86085221698
86085227069
86085235492
86085243671
86085250446
86085258808
86085264057
86085271259
86085279010
86085285175
86085291217
86085298541
86085305377
86085312885
86085320453
86085327716
86085333637
86085340900
86085347858
86085353412
86085362201
86085369220
86085376178
86085383197
86085390094
86085395831
86085403033
86085409259
86085417438
86085424152
86085429584
86085437945
86085443927
86085451739
86085456439
86085464618
86085471576
86085478900
86085486468
86085491717
86085499774
86085505145
86085513690
86085520343
86085527118
86085534259
86085541095
86085545977
86085552935
86085560321
86085566241
86085575640
86085581378
86085589984
86085594195
86085603472
86085610797
86085617816
86085622454
86085631121
86085635882
86085643328
86085650286
86085657305
86085661028
86085670611
86085675127
86085683977
86085689959
86085696612
86085703326
86085709734
86085714800
86085721636
86085728655
86085736223
86085742205
86085747210
86085755205
86085760088
86085766741
86085772722
86085781695
86085787432
86085796892
86085803301
86085811480
86085817644
86085824724
86085833940
86085839556
86085847429
86085853594
86085861040
86085864824
86085873735
86085881243
86085888140
86085894731
86085902239
86085907854
86085915361
86085921648
86085927446
86085935198
86085940874
86085948991
86085956255
86085963091
86085969194
86085976396
86085983903
86085991350
86085997148
86086004228
86086010576
86086015947
86086024126
86086033769
86086040727
86086047197
86086052324
86086059892
86086067216
86086073564
86086081804
86086088395
86086094804
86086100786
86086106218
86086114091
86086122026
86086129533
86086136613
86086141923
86086150285
86086155778
86086163407
86086168717
86086176591
86086183366
86086190873
86086197526
86086204240
86086210893
86086217668
86086224137
86086231522
86086238236
86086245683
86086254289
86086258256
86086267045
86086273454
86086281998
86086286881
86086295121
86086302384
86086308793
86086313798
86086320389
86086323868
86086333268
86086340714
86086347794
86086354264
86086360734
86086366593
86086373185
86086379715
86086385026
86086394059
86086398941
86086405106
86086411454
86086418168
86086424454
86086431290
86086438797
86086445328
86086453080
86086460648
86086467545
86086474076
86086481461
86086489456
86086496048
86086503861
86086510636
86086514603
86086522904
86086530228
86086537125
86086545120
86086550125
86086558365
86086563126
86086571365
86086576920
86086584427
86086590836
86086599564
86086606277
86086613113
86086619949
86086626480
86086633926
86086639236
86086647720
86086656204
86086662308
86086667862
86086676285
86086682693
86086690750
86086695816
86086703933
86086711136
86086717788
86086725051
86086731765
86086737442
86086744339
86086752578
86086759231
86086766250
86086772476
86086779129
86086783706
86086790359
86086796768
86086803787
86086810989
86086817581
86086822280
86086829543
86086836196
86086842300
86086850112
86086856277
86086863540
86086871108
86086878860
86086885818
86086893325
86086900710
86086908584
86086914931
86086922011
86086926162
86086934524
86086942214
86086948623
86086955642
86086962783
86086968703
86086975722
86086983352
86086988967
86086996718
86087004226
86087008986
86087016494
86087022963
86087028151
86087036269
86087042739
86087049330
86087058058
86087064162
86087072402
86087079238
86087086012
86087093093
86087100173
86087107314
86087112013
86087120986
86087126845
86087135451
86087141982
86087149428
86087153883
86087162917
86087169753
86087175917
86087183302
86087189345
86087194594
86087201430
86087209120
86087215590
86087222792
86087227614
86087235365
86087240065
86087247084
86087253737
86087260756
86087267958
86087273329
86087280165
86087286451
86087291212
86087299452
86087307264
86087313551
86087319044
86087327040
86087333082
86087342970
86087349073
86087355665
86087364637
86087370008
86087376478
86087381788
86087390638
86087397169
86087403456
86087411146
86087417738
86087424757
86087431104
86087437940
86087444410
86087451368
86087459242
86087465772
86087471326
86087479261
86087485120
86087493055
86087500257
86087507276
86087515027
86087521985
86087528821
86087534070
86087541150
86087549024
86087555616
86087564039
86087570691
86087577283
86087583631
86087590772
86087598096
86087604627
86087610120
86087618787
86087624219
86087632032
86087638196
86087645093
86087652356
86087659131
86087666822
86087674024
86087680554
86087685987
86087694348
86087700025
86087706311
86087712415
86087720776
86087727673
86087734082
86087741345
86087747693
86087754895
86087762830
86087770459
86087775769
86087783826
86087790662
86087797864
86087805615
86087812634
86087820447
86087825574
86087833874
86087840222
86087845959
86087852063
86087858838
86087865857
86087873059
86087878125
86087884900
86087891125
86087898510
86087905163
86087910534
86087916943
86087925244
86087931042
86087940014
86087946545
86087955395
86087961560
86087968334
86087976513
86087982250
86087990124
86087995800
86088003246
86088009777
86088017285
86088024548
86088031323
86088038342
86088044750
86088052074
86088059399
86088065624
86088074596
86088079418
86088086071
86088093395
86088100719
86088107128
86088113964
86088120434
86088127514
86088134899
86088143383
86088150158
86088157909
86088165477
86088172069
86088179943
86088186962
86088193432
86088198864
86088205577
86088210826
86088219066
86088225780
86088231823
86088237072
86088245189
86088249095
86088256542
86088261913
86088270030
86088276744
86088281627
86088286937
86088294872
86088301097
86088308116
86088311839
86088320323
86088327525
86088333751
86088340160
86088346263
86088352611
86088358592
86088363231
86088370799
86088374644
86088383006
86088390453
86088396739
86088403026
86088409129
86088413707
86088421031
86088427867
86088434154
86088440928
86088447093
86088453868
86088458384
86088466441
86088471690
86088479625
86088486583
86088494151
86088500499
86088507212
86088513926
86088519725
86088526744
86088534007
86088540171
86088548533
86088555918
86088563059
86088569529
86088578440
86088585032
86088592784
86088599192
86088606700
86088611460
86088620371
86088625987
86088633250
86088641245
86088648081
86088652110
86088660899
86088668345
86088673472
86088682566
86088690073
86088695994
86088703196
86088709421
86088714915
86088723215
86088730356
86088737986
86088741953
86088750132
86088757822
86088764292
86088771433
86088776743
86088786142
86088791575
86088798471
86088806833
86088813242
86088817087
86088825693
86088833139
86088839670
86088846567
86088852976
86088861582
86088866831
86088874033
86088882395
86088888864
86088895212
86088902536
86088909128
86088915537
86088922739
86088927805
86088936105
86088943063
86088950449
86088956003
86088963022
86088968515
86088976205
86088983346
86088990610
86088998117
86089004587
86089011728
86089018747
86089024423
86089031686
86089040658
86089047372
86089054696
86089062082
86089068612
86089074838
86089081735
86089089608
86089096200
86089101449
86089107553
86089114267
86089120370
86089125009
86089133309
86089141122
86089147836
86089154672
86089159371
86089167550
86089172128
86089180184
86089187753
86089194406
86089201608
86089208627
86089215463
86089222665
86089230721
86089237985
86089245675
86089251107
86089258126
86089263680
86089272042
86089275948
86089284859
86089293954
86089299081
86089306649
86089312874
86089319955
86089327035
86089333870
86089339547
86089348031
86089354500
86089361825
86089366768
86089374032
86089380745
86089387642
86089396187
86089403084
86089409798
86089415230
86089423775
86089430001
86089437569
86089444222
86089450875
86089456795
86089463265
86089470589
86089477730
86089483345
86089490486
86089497688
86089505562
86089511604
86089517281
86089525032
86089533028
86089539742
86089546883
86089553963
86089560371
86089565865
86089574532
86089580025
86089586616
86089592842
86089600716
86089607735
86089614204
86089622261
86089627144
86089634285
86089642341
86089650093
86089655647
86089663826
86089670417
86089676094
86089682747
86089689949
86089697578
86089704048
86089711494
86089718635
86089724494
86089731819
86089738349
86089745185
86089752571
86089758430
86089766548
86089773261
86089779609
86089787055
86089793952
86089800727
86089807990
86089814277
86089820014
86089828071
86089834113
86089842353
86089850471
86089857185
86089864021
86089871467
86089877875
86089885505
86089891975
86089898871
86089907538
86089916083
86089920966
86089929328
86089934394
86089941840
86089948798
86089956244
86089963752
86089969977
86089977546
86089984443
86089990424
86089996894
86090005439
86090013434
86090019599
86090026252
86090032233
86090040656
86090047553
86090053412
86090059455
86090066840
86090072882
86090081122
86090087958
86090094794
86090099005
86090108283
86090114935
86090122809
86090130316
86090135260
86090143988
86090149298
86090156805
86090163824
86090170599
86090176947
86090184393
86090192206
86090198675
86090206305
86090213324
86090221319
86090227911
86090235541
86090242193
86090248175
86090255133
86090262762
86090269110
86090275335
86090283514
86090289373
86090296148
86090303839
86090310675
86090316778
86090324896
86090332159
86090338568
86090345526
86090352423
86090359197
86090365545
86090372381
86090379095
86090387945
86090393926
86090400945
86090409429
86090414739
86090420538
86090428106
86090436407
86090443060
86090450323
86090455328
86090463079
86090470647
86090477300
86090482976
86090490545
86090496465
86090504644
86090511541
86090518255
86090524602
86090531804
86090540410
86090546209
86090553228
86090559026
86090567022
86090573613
86090580999
86090586370
86090594304
86090601995
86090607061
86090615789
86090620916
86090629399
86090635442
86090643437
86090649724
86090655583
86090663823
86090670598
86090677190
86090685185
86090692265
86090697514
86090704900
86090713139
86090718938
86090724858
86090731511
86090740422
86090747441
86090753972
86090760808
86090767949
86090773198
86090780095
86090787724
86090794682
86090800481
86090807622
86090813237
86090822514
86090826970
86090835637
86090842595
86090849553
86090856938
86090862797
86090869328
86090876591
86090883488
86090890934
86090899235
86090903630
86090911381
86090917668
86090924687
86090931767
86090940068
86090947575
86090953373
86090961918
86090966191
86090977116
86090983647
86090990788
86090996830
86091003727
86091008793
86091017826
86091026493
86091032597
86091038334
86091045963
86091053593
86091058475
86091066654
86091071537
86091078190
86091084598
86091091862
86091097050
86091104679
86091111942
86091118534
86091123905
86091129947
86091137028
86091143802
86091150272
86091157901
86091163395
86091170780
86091177677
86091183353
86091188907
86091195316
86091204715
86091211185
86091215030
86091222721
86091229618
86091235965
86091239933
86091247867
86091256534
86091263004
86091268436
86091274722
86091281741
86091287784
86091292606
86091301273
86091309696
86091314578
86091321841
86091326724
86091333926
86091340091
86091346500
86091353152
86091361941
86091367740
86091376102
86091380618
86091389773
86091397586
86091405276
86091412173
86091417544
86091425540
86091431216
86091438540
86091446048
86091452945
86091461001
86091465823
86091474368
86091479190
86091487002
86091494143
86091499942
86091508609
86091515200
86091519412
86091527713
86091536013
86091542178
86091548342
86091555728
86091564517
86091570254
86091577273
86091583010
86091591738
86091596316
86091606081
86091613650
86091620425
86091627444
86091634768
86091641238
86091646365
86091655276
86091660830
86091669802
86091675844
86091682070
86091688601
86091695986
86091702883
86091709597
86091717165
86091724611
86091730288
86091737368
86091745119
86091750612
86091757753
86091763918
86091773256
86091780092
86091786745
86091794435
86091799379
86091806337
86091812868
86091822328
86091827761
86091834902
86091840517
86091849306
86091853395
86091862428
86091867067
86091876039
86091881105
86091889772
86091897829
86091903322
86091910097
86091918520
86091924928
86091931764
86091937624
86091944276
86091952760
86091957948
86091964784
86091973146
86091978212
86091986452
86091993715
86091999391
86092005128
86092012330
86092021425
86092027955
86092034974
86092041322
86092047181
86092053712
86092061586
86092066835
86092075624
86092081544
86092089051
86092094789
86092102601
86092109315
86092116395
86092124269
86092130982
86092138002
86092143006
86092150209
86092157350
86092163758
86092171266
86092178895
86092185182
86092192262
86092199159
86092205567
86092212647
86092219483
86092227113
86092234132
86092240418
86092245850
86092253846
86092259461
86092267335
86092274415
86092281190
86092288453
86092294800
86092302369
86092307191
86092315369
86092323548
86092331116
86092337342
86092344239
86092351380
86092357911
86092365235
86092370240
86092379090
86092386536
86092392456
86092399598
86092406189
86092411988
86092420471
86092425782
86092434937
86092442688
86092447693
86092455078
86092462525
86092468994
86092478333
86092484741
86092491150
86092496887
86092503723
86092510437
86092517944
86092524841
86092531921
86092539246
86092545288
86092552612
86092558594
86092564453
86092572510
86092579407
86092588074
86092600220
86092609436
86092620239
86092632934
86092651245
86092659179
86092666076
86092672790
86092679748
86092685852
86092692871
86092702270
86092708862
86092714660
86092721862
86092728515
86092735778
86092741699
86092749877
86092757018
86092764037
86092770324
86092776489
86092784240
86092790344
86092797912
86092805846
86092812377
86092819152
86092825744
86092832214
86092839111
86092845824
86092853698
86092860717
86092868835
86092874999
86092881774
86092888366
86092895263
86092902587
86092910338
86092917724
86092924804
86092931029
86092939086
86092946959
86092953856
86092960631
86092967406
86092974303
86092980590
86092986449
86092992919
86092998534
86093005248
86093012877
86093017760
86093024718
86093030944
86093037535
86093044554
86093050353
86093055846
86093065184
86093071288
86093079772
86093085631
86093094298
86093102355
86093107604
86093115904
86093123412
86093129637
86093137938
86093144041
86093151549
86093156676
86093165526
86093171934
86093178892
86093183836
86093192015
86093199278
86093205076
86093213438
86093220457
86093227965
86093234678
86093242186
86093248533
86093255369
86093262632
86093270140
86093277159
86093283262
86093287107
86093295225
86093302366
86093308836
86093315916
86093322569
86093328123
86093334410
86093341245
86093347532
86093353208
86093360166
86093368955
86093374082
86093382261
86093386900
86093393552
86093399656
86093406736
86093412351
86093420591
86093427610
86093435239
86093441587
86093449033
86093457639
86093463193
86093471982
86093478086
86093484556
86093492856
86093499204
86093505308
86093511960
86093519712
86093526914
86093533140
86093538633
86093546567
86093552060
86093560300
86093568174
86093574765
86093580869
86093587461
86093594236
86093600705
86093607724
86093615842
86093623777
86093629453
86093637692
86093644284
86093650998
86093657651
86093664609
86093673032
86093677976
86093686093
86093690915
86093699216
86093704770
86093712888
86093720334
86093728390
86093733273
86093741086
86093748105
86093754697
86093762143
86093770261
86093776486
86093782101
86093791196
86093795163
86093803586
86093810727
86093817563
86093825192
86093832577
86093838986
86093844479
86093853024
86093858517
86093865414
86093874874
86093881405
86093886654
86093893124
86093900509
86093906918
86093913998
86093921871
86093928768
86093934262
86093942501
86093950070
86093954769
86093961422
86093968929
86093977535
86093984615
86093990902
86093997982
86094004757
86094010372
86094017086
86094023495
86094032223
86094039242
86094045834
86094053524
86094058285
86094065731
86094072811
86094081844
86094087337
86094096920
86094101742
86094110958
86094118038
86094125118
86094131527
86094138241
86094145870
86094153072
86094159847
86094168331
86094175106
86094178768
86094187618
86094194454
86094200862
86094204402
86094212154
86094218196
86094225765
86094233089
86094240169
86094244625
86094252498
86094256832
86094265071
86094269344
86094277828
86094285945
86094290950
86094298885
86094303645
86094311763
86094316402
86094323299
86094330806
86094337337
86094344173
86094350764
86094357478
86094363338
86094370051
86094376521
86094383906
86094390071
86094396663
86094402583
86094407832
86094415278
86094420466
86094428279
86094434443
86094442683
86094447749
86094454219
86094461726
86094467036
86094472224
86094480342
86094486628
86094493830
86094499751
86094507319
86094510798
86094519770
86094525752
86094532710
86094539363
86094546198
86094551081
86094557795
86094564570
86094571040
86094575373
86094583430
86094590754
86094597773
86094604609
86094609614
86094616023
86094622431
86094629023
86094635920
86094643549
86094648737
86094656489
86094661249
86094668513
86094674738
86094680903
86094688776
86094696345
86094701838
86094711054
86094717402
86094725397
86094732538
86094739863
86094746576
86094753412
86094760248
86094765741
86094772577
86094778009
86094786859
86094795099
86094801874
86094807794
86094814447
86094821771
86094828729
86094835260
86094842890
86094849787
86094855219
86094863092
86094869806
86094876154
86094883295
86094890497
86094899408
86094904352
86094911676
86094918817
86094924554
86094932794
86094938531
86094945917
86094952325
86094958795
86094965692
86094972894
86094979425
86094986749
86094992059
86095000604
86095006219
86095014093
86095019952
86095027887
86095031976
86095040704
86095049615
86095054498
86095061639
86095068109
86095075250
86095082879
86095088678
86095097345
86095103082
86095108880
86095116693
86095124017
86095130364
86095137261
86095145196
86095151116
86095158257
86095164910
86095170525
86095177850
86095183770
86095191583
86095198541
86095205193
86095212395
86095218804
86095226556
86095231377
86095239922
86095245965
86095254754
86095260979
86095268059
86095272088
86095280205
86095287285
86095294182
86095301018
86095307427
86095315117
86095320061
86095327324
86095334343
86095341607
86095350029
86095356804
86095361687
86095369133
86095376030
86095382561
86095389824
86095397637
86095404595
86095410210
86095419243
86095426934
86095433525
86095438469
86095447197
86095454521
86095461418
86095468010
86095474419
86095481621
86095486137
86095493889
86095499565
86095507500
86095514519
86095519707
86095526054
86095533195
86095539848
86095546013
86095553276
86095559807
86095565361
86095573540
86095580253
86095588737
86095597587
86095603386
86095611259
86095616508
86095624931
86095631584
86095638420
86095645683
86095652824
86095659843
86095665214
86095673454
86095680778
86095687126
86095692558
86095700981
86095704948
86095714103
86095721610
86095728263
86095733879
86095740653
86095747611
86095754875
86095763664
86095768974
86095777458
86095781242
