85871554277
85871560014
85871565568
85871572038
85871577531
85871585710
85871592362
85871596025
85871604325
85871611344
85871617875
85871625321
85871631852
85871638261
85871646439
85871653153
85871658341
85871665971
85871674332
85871681535
85871689530
85871697892
85871704423
85871712724
85871720841
85871727067
85871735612
85871741349
85871749467
85871756913
85871764725
85871771378
85871778092
85871785904
85871792740
85871797989
85871805558
85871813492
85871820450
85871826798
85871831864
85871839066
85871847428
85871854508
85871861527
85871868302
85871877579
85871885147
85871892838
85871900223
85871906388
85871915543
85871923355
85871931900
85871941727
85871949295
85871955399
85871965103
85871972550
85871979630
85871989151
85871996048
85872003189
85872011246
85872019241
85872027359
85872036148
85872043167
85872049881
85872058060
85872065872
85872072464
85872080765
85872089248
85872095108
85872103409
85872111160
85872118484
85872126419
85872134414
85872141311
85872148025
85872156448
85872165298
85872172561
85872178848
85872185134
85872193496
85872201065
85872207534
85872214919
85872221755
85872228530
85872235122
85872241714
85872249221
85872256118
85872262039
85872270156
85872277541
85872285171
85872295181
85872302322
85872308669
85872319411
85872325088
85872334060
85872341567
85872349441
85872357497
85872366714
85872374343
85872382094
85872387832
85872396254
85872404860
85872412795
85872419875
85872429091
85872436416
85872443923
85872451308
85872458205
85872466384
85872474929
85872482802
85872490554
85872496718
85872504042
85872512892
85872519545
85872528700
85872536330
85872544203
85872551222
85872558730
85872563063
85872572463
85872581435
85872589064
85872596632
85872602309
85872610609
85872618300
85872625075
85872632155
85872641310
85872649245
85872657606
85872664808
85872672072
85872679762
85872688490
85872697035
85872704359
85872713331
85872719679
85872727369
85872734327
85872743971
85872751173
85872761244
85872766493
85872775038
85872781690
85872789930
85872796522
85872804823
85872812696
85872822889
85872830335
85872840528
85872845472
85872854810
85872862318
85872869337
85872878736
85872887464
85872896009
85872902174
85872910718
85872918775
85872926038
85872935316
85872943189
85872950391
85872959180
85872965833
85872974500
85872979444
85872990125
85872995740
85873005628
85873012891
85873021375
85873028943
85873036206
85873043470
85873052381
85873061963
85873069959
85873079175
85873087232
85873097425
85873106763
85873115064
85873124707
85873131299
85873140759
85873148511
85873158154
85873167310
85873174329
85873185437
85873192334
85873201855
85873210095
85873218213
85873227429
85873236401
85873245007
85873251538
85873262219
85873271557
85873280224
85873287854
85873295422
85873304821
85873310254
85873320691
85873328686
85873336621
85873344616
85873352124
85873362133
85873370251
85873380078
85873388134
85873396801
85873406445
85873416638
85873424877
85873432324
85873443188
85873451794
85873460583
85873470226
85873477062
85873488537
85873498119
85873508678
85873514294
85873526012
85873534496
85873541393
85873552929
85873558849
85873566295
85873574047
85873581188
85873588329
85873597545
85873604381
85873612621
85873619213
85873626354
85873634288
85873642833
85873651989
85873659191
85873667858
85873676403
85873684215
85873692394
85873699230
85873709239
85873713512
85873721568
85873730358
85873735423
85873746410
85873752879
85873760692
85873769542
85873778636
85873786510
85873794627
85873799571
85873807933
85873816356
85873823497
85873830577
85873836742
85873847240
85873855052
85873860972
85873870128
85873874400
85873884349
85873891917
85873897044
85873906566
85873912120
85873919261
85873926280
85873933482
85873939158
85873947947
85873955821
85873960826
85873967845
85873974681
85873981517
85873986888
85873993601
85874000682
85874008494
85874015086
85874021433
85874026316
85874034190
85874042124
85874047984
85874056040
85874060923
85874069041
85874075816
85874082774
85874089915
85874095957
85874102671
85874109263
85874117441
85874121348
85874129710
85874133799
85874141672
85874150217
85874155649
85874162180
85874169077
85874175913
85874182139
85874189585
85874197397
85874202463
85874210581
85874216990
85874224436
85874231516
85874237558
85874246836
85874251902
85874259836
85874265146
85874273447
85874277231
85874284983
85874292856
85874299814
85874306894
85874312265
85874319345
85874326364
85874332102
85874340219
85874346750
85874351206
85874359140
85874364511
85874371835
85874375436
85874383981
85874392221
85874397409
85874404306
85874410409
85874416086
85874422739
85874428903
85874434640
85874442575
85874448251
85874454660
85874460153
85874469369
85874475534
85874481881
85874488656
85874495370
85874500863
85874507516
85874514352
85874521310
85874526315
85874533639
85874542550
85874548593
85874553842
85874558847
85874566354
85874572518
85874579354
85874587777
85874594979
85874601205
85874607247
85874614511
85874619088
85874626473
85874633920
85874640450
85874646615
85874653634
85874660287
85874666756
85874672738
85874679391
85874687325
85874692208
85874699776
85874704720
85874712105
85874717110
85874723763
85874732247
85874738717
85874746041
85874752816
85874760689
85874766549
85874774483
85874782052
85874788888
85874796212
85874803780
85874810372
85874817940
85874823616
85874829842
85874837349
85874844551
85874851326
85874859749
85874865670
85874872078
85874876961
85874886299
85874892952
85874899239
85874905647
85874911995
85874919136
85874926827
85874934090
85874939766
85874947334
85874952705
85874959175
85874964119
85874971809
85874977974
85874985847
85874991463
85874997810
85875006050
85875011604
85875019600
85875027534
85875033699
85875041633
85875046516
85875053718
85875059883
85875068733
85875073005
85875081917
85875088447
85875095405
85875101387
85875107307
85875115974
85875123787
85875129951
85875136787
85875143318
85875149910
85875156623
85875162544
85875170051
85875176826
85875183601
85875191291
85875197578
85875204170
85875211616
85875220954
85875227546
85875234809
85875239753
85875248115
85875255134
85875262702
85875269172
85875276191
85875283881
85875287910
85875297675
85875304633
85875310187
85875318732
85875325263
85875332160
85875338264
85875344550
85875350593
85875357795
85875363593
85875370978
85875377692
85875383124
85875390265
85875396552
85875402411
85875410041
85875416083
85875423224
85875429206
85875436408
85875442145
85875450629
85875455512
85875463629
85875471259
85875478583
85875484442
85875491278
85875498053
85875505560
85875511481
85875518805
85875524725
85875531744
85875538031
85875544257
85875550482
85875557867
85875563910
85875572516
85875578619
85875583563
85875590521
85875599982
85875605963
85875612189
85875618353
85875625372
85875631354
85875638434
85875644171
85875651922
85875657721
85875665106
85875671759
85875677862
85875682501
85875690863
85875698614
85875705084
85875712225
85875719976
85875726568
85875732367
85875739080
85875746099
85875752996
85875759466
85875765020
85875772344
85875778509
85875784551
85875792303
85875799261
85875805303
85875811712
85875817510
85875822759
85875830267
85875836553
85875843633
85875849859
85875856695
85875863531
85875870184
85875876775
85875884649
85875892095
85875898748
85875905340
85875911260
85875917852
85875924749
85875930608
85875937749
85875944280
85875950811
85875957708
85875963689
85875970342
85875975652
85875984136
85875989751
85875997258
85876003240
85876008977
85876015020
85876022832
85876029729
85876036199
85876042485
85876048772
85876056279
85876063665
85876069341
85876076726
85876084111
85876091069
85876097905
85876102117
85876110051
85876116948
85876123479
85876129887
85876136479
85876143559
85876149052
85876155949
85876160893
85876169438
85876178288
85876185246
85876190800
85876197331
85876203923
85876210271
85876218388
85876226445
85876233403
85876239506
85876247075
85876253422
85876258915
85876266057
85876272221
85876280522
85876287175
85876294316
85876300602
85876305485
85876314274
85876320073
85876328190
85876334111
85876341496
85876345097
85876353398
85876360234
85876365727
85876374211
85876379643
85876387394
85876393986
85876400395
85876407108
85876411991
85876419804
85876426334
85876434025
85876439823
85876445988
85876453617
85876460392
85876467472
85876474918
85876480900
85876486332
85876492252
85876498905
85876505375
85876511783
85876521061
85876528080
85876533512
85876541263
85876546818
85876554508
85876561832
85876568668
85876575809
85876581241
85876588077
85876594669
85876601444
85876608402
85876616336
85876623417
85876628055
85876635929
85876642032
85876648929
85876655521
85876663883
85876670413
85876677127
85876683353
85876688602
85876697147
85876704715
85876711734
85876717655
85876724857
85876730594
85876738529
85876743839
85876751102
85876758304
85876766666
85876771609
85876780093
85876783939
85876793521
85876801028
85876808292
85876814578
85876821536
85876827151
85876832522
85876841067
85876848514
85876854983
85876862002
85876868716
85876875491
85876880679
85876889834
85876897097
85876903933
85876909976
85876917300
85876922793
85876929751
85876936831
85876943301
85876950747
85876957278
85876963442
85876970339
85876976809
85876984194
85876989688
85876998355
85877004641
85877011233
85877017519
85877024050
85877030642
85877037051
85877044619
85877050723
85877056887
85877062930
85877070071
85877076418
85877083010
85877090761
85877098086
85877104067
85877109499
85877117007
85877122561
85877128359
85877134585
85877141787
85877148989
85877155581
85877162172
85877168459
85877176577
85877181765
85877189821
85877196901
85877203188
85877210756
85877217836
85877224062
85877229494
85877237978
85877244448
85877252016
85877257326
85877265688
85877271547
85877278139
85877285646
85877292726
85877300356
85877306520
85877312990
85877319948
85877326357
85877334108
85877338869
85877346498
85877353700
85877360231
85877363527
85877371461
85877379823
85877387392
85877393007
85877400575
85877407289
85877413209
85877419618
85877428407
85877432985
85877441163
85877447511
85877453554
85877459657
85877471742
85877477540
85877491517
85877502870
85877514283
85877521485
85877528810
85877537049
85877544313
85877549989
85877558106
85877565003
85877572206
85877580689
85877586793
85877593507
85877600160
85877606202
85877613282
85877619996
85877627808
85877632996
85877640260
85877647340
85877653748
85877660340
85877666566
85877671754
85877679200
85877683594
85877690980
85877698243
85877704224
85877712342
85877717591
85877726136
85877733094
85877739441
85877746094
85877752808
85877758912
85877765564
85877773194
85877781678
85877788147
85877795166
85877802185
85877808228
85877813172
85877822022
85877828064
85877834534
85877841126
85877848206
85877853821
85877859314
85877866211
85877872254
85877880371
85877887024
85877893189
85877899109
85877905396
85877911621
85877918518
85877925110
85877931030
85877937622
85877943176
85877951050
85877957703
85877964172
85877971741
85877978699
85877985596
85877990478
85877997558
85878003113
85878009399
85878016907
85878023437
85878031128
85878038879
85878045898
85878052612
85878059875
85878067077
85878073547
85878081421
85878087097
85878093994
85878099975
85878107116
85878114746
85878121887
85878128723
85878134643
85878141479
85878145813
85878155090
85878160461
85878167724
85878172729
85878181335
85878185546
85878193359
85878199462
85878207763
85878215942
85878221496
85878229308
85878236022
85878242431
85878249877
85878255126
85878263061
85878268615
85878276061
85878283202
85878289245
85878296874
85878302123
85878310119
85878315429
85878323852
85878329589
85878336303
85878340331
85878348571
85878356383
85878363219
85878370055
85878376952
85878383300
85878388915
85878396972
85878401549
85878411376
85878417907
85878424315
85878430236
85878435363
85878443663
85878448363
85878455931
85878463927
85878470091
85878477477
85878482237
85878491088
85878497130
85878506041
85878513304
85878520201
85878526915
85878532896
85878540343
85878548094
85878553831
85878561705
85878568114
85878574644
85878581663
85878589171
85878597227
85878604735
85878610533
85878618101
85878623717
85878629332
85878637755
85878645689
85878652281
85878660704
85878665770
85878673582
85878682127
85878687132
85878695494
85878700926
85878708372
85878713804
85878721678
85878725706
85878733152
85878741453
85878748045
85878754087
85878760191
85878766722
85878773374
85878778318
85878786375
85878792356
85878798521
85878808225
85878814329
85878820249
85878827879
85878833616
85878842649
85878848753
85878856077
85878861082
85878869443
85878876585
85878882078
85878890134
85878895689
85878902830
85878909055
85878915830
85878922117
85878928281
85878935789
85878942930
85878949949
85878955625
85878962034
85878967771
85878976011
85878983091
85878989621
85878996518
85879003965
85879008786
85879016355
85879021360
85879029782
85879035703
85879042722
85879048581
85879055783
85879062253
85879068906
85879074826
85879082639
85879089231
85879096372
85879102109
85879108334
85879116269
85879121335
85879129392
85879135800
85879143918
85879150754
85879156796
85879163083
85879168088
85879175839
85879182675
85879188657
85879194211
85879201901
85879209653
85879216366
85879223508
85879229977
85879237057
85879241513
85879248410
85879255002
85879262753
85879268857
85879274655
85879280209
85879288998
85879294613
85879301876
85879308163
85879315060
85879322445
85879329769
85879336117
85879343075
85879350094
85879356625
85879362362
85879370175
85879376217
85879383419
85879399960
85879408810
85879416500
85879423458
85879429928
85879437069
85879442684
85879448238
85879456844
85879463070
85879469967
85879476131
85879481502
85879489010
85879496212
85879501766
85879507686
85879515255
85879521602
85879527828
85879534786
85879541073
85879548336
85879555233
85879561397
85879567196
85879574642
85879581173
85879587276
85879593746
85879600643
85879606990
85879613948
85879620601
85879626644
85879633724
85879637691
85879647579
85879654048
85879660823
85879666805
85879672847
85879680049
85879688045
85879694148
85879702205
85879707210
85879715083
85879720332
85879728450
85879733577
85879741573
85879748592
85879755183
85879761226
85879768794
85879775813
85879782222
85879789180
85879797053
85879802180
85879809627
85879815852
85879822017
85879827327
85879835139
85879842524
85879850337
85879856746
85879863643
85879870234
85879877986
85879883235
85879890193
85879897273
85879904597
85879910640
85879918147
85879923152
85879931880
85879937312
85879945674
85879950862
85879958430
85879964045
85879970637
85879974726
85879983515
85879990473
85879997126
85880003413
85880008357
85880016291
85880021357
85880028498
85880035639
85880042719
85880048396
85880056635
85880063105
85880069392
85880075922
85880082026
85880088373
85880094538
85880102167
85880109980
85880116022
85880123469
85880128290
85880137385
85880142939
85880150385
85880156427
85880162897
85880169062
85880173822
85880182062
85880189325
85880195368
85880202875
85880209345
85880213373
85880221308
85880229486
85880236811
85880243097
85880248041
85880254694
85880261225
85880267328
85880274835
85880283502
85880287775
85880295587
85880301569
85880308832
85880316095
85880320917
85880330255
85880335443
85880341852
85880348749
85880354913
85880360529
85880367487
85880374872
85880380792
85880388116
85880394159
85880400751
85880407831
85880414972
85880422052
85880430414
85880437555
85880442437
85880451227
85880456659
85880466363
85880472406
85880479547
85880487481
85880493829
85880500848
85880506890
85880515069
85880524469
85880530267
85880537469
85880544366
85880551873
85880557122
85880563775
85880569573
85880576592
85880582086
85880588555
85880594048
85880601617
85880608636
85880614983
85880623956
85880629632
85880637017
85880642022
85880649346
85880655022
85880662408
85880669610
85880676873
85880683404
85880689629
85880698296
85880703240
85880711358
85880717888
85880724724
85880732293
85880737725
85880745659
85880752007
85880758782
85880765557
85880773430
85880781060
85880786187
85880793450
85880800774
85880807244
85880813408
85880820854
85880826897
85880834526
85880841118
85880846794
85880854241
85880861504
85880867485
85880874443
85880881462
85880889092
85880892937
85880901238
85880910210
85880916313
85880923332
85880929863
85880938103
85880942070
85880950859
85880958733
85880965019
85880972526
85880977714
85880985954
85880991752
85880998894
85881006706
85881013847
85881020012
85881025871
85881033073
85881039726
85881045829
85881053215
85881060600
85881067070
85881073845
85881080009
85881085258
85881093376
85881099907
85881106376
85881112785
85881120475
85881126884
85881133476
85881139518
85881147453
85881152275
85881160819
85881166252
85881173942
85881179679
85881187309
85881194877
85881201286
85881208122
85881215019
85881221915
85881227714
85881235648
85881243278
85881249747
85881255851
85881262382
85881268607
85881273795
85881280997
85881288199
85881296073
85881302482
85881309867
85881316337
85881322196
85881329947
85881336539
85881343497
85881351981
85881356986
85881365104
85881371451
85881377982
85881384757
85881392081
85881398307
85881404898
85881411307
85881416373
85881424002
85881429984
85881437003
85881444754
85881450675
85881457327
85881463919
85881470084
85881477347
85881483389
85881491080
85881497427
85881503165
85881509818
85881516470
85881521658
85881531119
85881536734
85881542960
85881549368
85881556326
85881561819
85881569449
85881575369
85881584158
85881590628
85881596976
85881603750
85881610647
85881617605
85881625662
85881631765
85881639578
85881646658
85881653677
85881658926
85881666494
85881672720
85881680166
85881686819
85881694143
85881702078
85881709341
85881716360
85881723074
85881729727
85881736807
85881743826
85881750540
85881755789
85881762502
85881768484
85881776541
85881784170
85881790090
85881796316
85881802236
85881810476
85881816335
85881824392
85881830434
85881836965
85881843801
85881850759
85881858266
85881865163
85881871206
85881879079
85881885671
85881892629
85881899526
85881905691
85881911306
85881919607
85881925893
85881932668
85881939016
85881945546
85881953664
85881959951
85881967885
85881974782
85881981618
85881985524
85881993154
85882000905
85882007680
85882014394
85882021779
85882029042
85882035634
85882041738
85882045583
85882053456
85882063405
85882068349
85882075185
85882082082
85882088368
85882094838
85882102284
85882109670
85882116322
85882122853
85882128896
85882135731
85882141713
85882148366
85882152882
85882162526
85882167470
85882175770
85882181080
85882189198
85882192738
85882201039
85882208302
85882214955
85882222218
85882230580
85882236866
85882244496
85882251759
85882257924
85882264454
85882272328
85882275990
85882284535
85882292164
85882298695
85882307179
85882313038
85882320362
85882327198
85882334156
85882339894
85882346913
85882354908
85882361622
85882366749
85882373585
85882380726
85882385731
85882392384
85882398731
85882408070
85882412342
85882419788
85882425831
85882431995
85882438404
85882445362
85882452991
85882459156
85882465931
85882471851
85882478260
85882486194
85882491993
85882496570
85882505543
85882512806
85882519031
85882526111
85882533802
85882540271
85882547413
85882554981
85882560169
85882567554
85882574451
85882579944
85882587024
85882595325
85882601734
85882608264
85882612842
85882621265
85882626148
85882634265
85882640247
85882647449
85882653003
85882660571
85882666248
85882672229
85882678943
85882686694
85882693958
85882699390
85882707629
85882713123
85882719592
85882724841
85882731982
85882740710
85882747424
85882755176
85882759570
85882767016
85882774219
85882780383
85882786059
85882794848
85882801440
85882808215
85882814685
85882820178
85882829150
85882835376
85882843249
85882848742
85882853320
85882860766
85882866504
85882872058
85882879382
85882885424
85882891284
85882895495
85882901965
85882906298
85882913745
85882922045
85882927905
85882934802
85882941393
85882947741
85882952746
85882959887
85882964892
85882973010
85882980578
85882987048
85882992663
85882998217
85883004504
85883011095
85883018359
85883023302
85883030138
85883037524
85883043261
85883046618
85883054003
85883061877
85883068774
85883073656
85883079272
85883084704
85883089037
85883095019
85883099657
85883106676
85883112047
85883118700
85883125536
85883131334
85883137194
85883142321
85883149340
85883154955
85883161852
85883168627
85883174242
85883180773
85883187975
85883195726
85883201342
85883209398
85883215319
85883221239
85883227770
85883233934
85883243089
85883250353
85883257128
85883261339
85883268358
85883273851
85883280077
85883286058
85883293810
85883300279
85883304491
85883311876
85883317979
85883323351
85883330064
85883336961
85883341966
85883347032
85883356004
85883363267
85883372056
85883383104
85883390733
85883401658
85883408311
85883418260
85883422960
85883433336
85883442491
85883452745
85883462083
85883470628
85883479661
85883487840
85883497300
85883507676
85883515245
85883521775
85883527696
85883534410
85883541795
85883549485
85883556382
85883562852
85883570237
85883576402
85883583482
85883590440
85883597886
85883604600
85883612290
85883618211
85883624314
85883634446
85883640122
85883645493
85883652329
85883658372
85883663682
85883669724
85883676194
85883680588
85883686997
85883693040
85883698533
85883704575
85883711716
85883717576
85883724289
85883730149
85883737595
85883744004
85883750657
85883756577
85883763474
85883768418
85883775559
85883783921
85883790207
85883797837
85883808762
85883816696
85883828232
85883835495
85883843918
85883848313
85883856918
85883863510
85883869187
85883877304
85883882553
85883891098
85883896225
85883904831
85883911423
85883916061
85883922714
85883931381
85883937973
85883948105
85883958725
85883966537
85883972458
85883979416
85883985702
85883992966
85883998153
85884005417
85884010177
85884017135
85884026413
85884031845
85884038315
85884045456
85884052169
85884058578
85884064804
85884071823
85884077804
85884084213
85884091171
85884096298
85884102340
85884109298
85884116622
85884122482
85884128585
85884131820
85884140731
85884146102
85884150253
85884158553
85884164535
85884170394
85884175033
85884183395
85884189986
85884197982
85884205001
85884210677
85884218246
85884224654
85884230758
85884237655
85884242843
85884251083
85884256942
85884262862
85884269820
85884274398
85884282027
85884285384
85884294173
85884301192
85884305953
85884313094
85884319686
85884325972
85884335128
85884340682
85884348372
85884354476
85884362349
85884369551
85884375106
85884382308
85884388350
85884395552
85884402510
85884408370
85884414046
85884419478
85884427535
85884433699
85884439803
85884446578
85884452498
85884457564
85884464400
85884470686
85884475752
85884483565
85884488020
85884496809
85884502242
85884509383
85884517989
85884525130
85884530684
85884535323
85884543196
85884549055
85884556258
85884563460
85884570845
85884575850
85884582381
85884589400
85884594160
85884601057
85884606001
85884613691
85884621931
85884627791
85884635054
85884639326
85884646040
85884651167
85884658979
85884665266
85884671064
85884677290
85884683760
85884689497
85884696089
85884702314
85884707014
85884715986
85884722395
85884728559
85884735945
85884741926
85884750471
85884756757
85884763471
85884768842
85884774458
85884780195
85884785932
85884794538
85884801191
85884807539
85884813581
85884819196
85884823774
85884831342
85884837690
85884844892
85884848371
85884857709
85884863142
85884867719
85884874494
85884881269
85884887067
85884893781
85884900190
85884906782
85884914167
85884920331
85884927900
85884935285
85884941816
85884946271
85884955426
85884959455
85884967328
85884974347
85884981427
85884987836
85884992414
85884998212
85885004376
85885010663
85885016034
85885024762
85885032025
85885037885
85885041486
85885048200
85885054730
85885061688
85885070233
85885075116
85885082684
85885088605
85885094281
85885098920
85885105634
85885109418
85885119244
85885124921
85885130414
85885135419
85885141522
85885147259
85885152264
85885159894
85885166119
85885172040
85885177655
85885182904
85885188885
85885194501
85885201459
85885207440
85885213116
85885219098
85885224713
85885229168
85885235821
85885243451
85885249371
85885256268
85885262738
85885270245
85885277142
85885282757
85885291729
85885297833
85885305584
85885311383
85885317120
85885322247
85885328045
85885335186
85885341168
85885346905
85885351177
85885357891
85885362835
85885369244
85885377850
85885383404
85885390484
85885396465
85885401043
85885406902
85885413067
85885418072
85885425274
85885431683
85885437664
85885443035
85885449200
85885455791
85885462078
85885470318
85885477459
85885484478
85885490215
85885495891
85885501995
85885507549
85885514080
85885520672
85885526531
85885533062
85885538982
85885545635
85885551677
85885561931
85885568767
85885574749
85885581768
85885589641
85885595623
85885603557
85885611553
85885617839
85885625286
85885632183
85885638591
85885644512
85885651470
85885659709
85885666606
85885673991
85885679424
85885686382
85885691875
85885697978
85885704753
85885711772
85885718974
85885725322
85885733684
85885739299
85885747050
85885754191
85885762004
85885768718
85885773234
85885780803
85885787395
85885795573
85885799663
85885808696
85885813151
85885821879
85885828959
85885835917
85885841105
85885847209
85885853984
85885859294
85885867656
85885874491
85885880900
85885887797
85885895671
85885902323
85885908488
85885916484
85885920634
85885928813
85885936198
85885940836
85885950480
85885955790
85885962565
85885967570
85885974589
85885980265
85885988688
85885993143
85886002787
85886008891
85886015482
85886022623
85886027628
85886036784
85886044840
85886052042
85886060099
85886067545
85886074015
85886078959
85886086649
85886093912
85886100260
85886107462
85886111979
85886119303
85886126261
85886134073
85886140360
85886147013
85886154459
85886160807
85886165262
85886172037
85886178446
85886184610
85886192972
85886199808
85886205850
85886210245
85886217081
85886223123
85886229471
85886235819
85886245218
85886249368
85886257303
85886263773
85886268778
85886275308
85886281229
85886288370
85886295206
85886301736
85886308206
85886314432
85886321329
85886326578
85886334207
85886340616
85886347208
85886353616
85886359292
85886366678
85886372110
85886380105
85886387002
85886393716
85886399942
85886404886
85886411966
85886417154
85886424112
85886431497
85886438516
85886444864
85886451150
85886457742
85886464273
85886471902
85886478921
85886486062
85886491250
85886498941
85886505227
85886511575
85886518106
85886525002
85886532083
85886537026
85886545632
85886550637
85886558389
85886564614
85886571511
85886578591
85886585488
85886590432
85886596963
85886603799
85886608559
85886617287
85886622903
85886631264
85886637368
85886643655
85886647378
85886655495
85886662514
85886669289
85886676735
85886684731
85886690529
85886697182
85886703347
85886708596
85886715859
85886721230
85886729165
85886735634
85886742348
85886749489
85886755776
85886763283
85886770180
85886777687
85886784340
85886789711
85886797097
85886803566
85886810951
85886816384
85886823769
85886830910
85886837380
85886844338
85886851479
85886857643
85886863381
85886871132
85886878151
85886884254
85886890907
85886897255
85886905067
85886910622
85886918739
85886924904
85886931312
85886938759
85886945045
85886951637
85886959328
85886965248
85886972877
85886980079
85886986305
85886992836
85887001930
85887010475
85887022255
85887032447
85887046180
85887058326
85887065712
85887073280
85887080665
85887087562
85887094886
85887101600
85887108558
85887115821
85887122535
85887130409
85887136878
85887145179
85887151710
85887158302
85887165382
85887171546
85887178931
85887183753
85887192115
85887197181
85887204566
85887211707
85887218787
85887225257
85887232215
85887238624
85887246314
85887252723
85887260596
85887267188
85887275062
85887281592
85887288917
85887295997
85887303016
85887307532
85887314002
85887322852
85887328894
85887336036
85887340186
85887349097
85887356726
85887362159
85887370032
85887376563
85887385108
85887388709
85887397437
85887404761
85887411658
85887418433
85887426184
85887431677
85887439673
85887446082
85887453772
85887458228
85887466101
85887472571
85887479590
85887484717
85887492224
85887497961
85887506018
85887512610
85887519751
85887526648
85887531775
85887539831
85887544958
85887553564
85887559241
85887567724
85887571631
85887579931
85887586157
85887593908
85887600378
85887606909
85887615149
85887622107
85887628759
85887636511
85887641272
85887649267
85887654089
85887662634
85887668737
85887675939
85887682287
85887689428
85887696020
85887702123
85887712194
85887717809
85887724706
85887729772
85887738256
85887744299
85887750646
85887757238
85887764135
85887771215
85887777868
85887785070
85887790990
85887798986
85887805822
85887811986
85887818700
85887824621
85887831518
85887837865
85887844213
85887849218
85887856725
85887862768
85887870275
85887877172
85887884191
85887891393
85887897680
85887905858
85887912938
85887919713
85887925206
85887932958
85887939122
85887945958
85887952794
85887959691
85887965367
85887971715
85887978063
85887982884
85887991735
85887997899
85888005528
85888012670
85888018773
85888022496
85888030736
85888035191
85888043919
85888052220
85888058324
85888064610
85888071751
85888077916
85888083653
85888089696
85888096349
85888103978
85888111546
85888118687
85888125951
85888131749
85888139317
85888146214
85888153599
85888159398
85888166478
85888173497
85888177647
85888185032
85888193638
85888198643
85888205906
85888212193
85888219029
85888226109
85888232335
85888237950
85888246800
85888253086
85888259190
85888265477
85888271397
85888277867
85888284336
85888291600
85888296787
85888304966
85888309361
85888316319
85888322727
85888329258
85888334873
85888342808
85888349217
85888355320
85888359409
85888367161
85888373997
85888380772
85888389011
85888394443
85888401340
85888406467
85888414280
85888421909
85888428501
85888435581
85888442600
85888449863
85888455540
85888462253
85888468296
85888474338
85888483371
85888489597
85888496860
85888501621
85888509800
85888515049
85888522556
85888528110
85888536594
85888540989
85888549594
85888556552
85888561618
85888570224
85888578098
85888583774
85888589694
85888598667
85888602390
85888610691
85888617771
85888622653
85888630893
85888638461
85888644687
85888650241
85888657504
85888665744
85888672824
85888679599
85888686923
85888693759
85888699985
85888706149
85888713473
85888718051
85888726657
85888732455
85888739352
85888744601
85888752475
85888760348
85888766391
85888774508
85888779391
85888786532
85888793429
85888800448
85888805392
85888813144
85888819552
85888825656
85888832858
85888839206
85888847323
85888854769
85888861239
85888870150
85888876803
85888884188
85888889132
85888897982
85888904147
85888911410
85888919711
85888925387
85888933871
85888937899
85888945529
85888953463
85888959078
85888966464
85888972018
85888980807
85888987276
85888991854
85889000155
85889006014
85889013399
85889018954
85889026644
85889032870
85889039767
85889047945
85889053927
85889061739
85889067965
85889074312
85889081514
85889087923
85889094881
85889102144
85889108858
85889115267
85889122835
85889127108
85889136995
85889143038
85889150850
85889157564
85889163607
85889170381
85889176607
85889182588
85889189852
85889196504
85889204500
85889209810
85889217073
85889223909
85889230013
85889235933
85889243562
85889252046
85889258089
85889265962
85889272859
85889279451
85889285738
85889292329
85889300020
85889307100
85889313447
85889318269
85889326143
85889331087
85889338350
85889343965
85889351716
85889357637
85889365938
85889372041
85889378328
85889384309
85889391450
85889398530
85889403901
85889411287
85889416780
85889422639
85889429353
85889435640
85889441377
85889451020
85889457246
85889463655
85889469453
85889475984
85889480928
85889487397
85889495088
85889500520
85889507783
85889514558
85889520722
85889525910
85889531648
85889538728
85889545930
85889552888
85889558442
85889563813
85889571626
85889578400
85889584504
85889593598
85889598969
85889606721
85889611848
85889619050
85889624360
85889631196
85889637726
85889646271
85889650300
85889658600
85889665925
85889672455
85889679230
85889684968
85889692902
85889696564
85889706086
85889712433
85889719452
85889725739
85889732392
85889739594
85889747834
85889754731
85889760407
85889768402
85889775238
85889782379
85889789520
85889796478
85889802338
85889810455
85889816376
85889822785
85889830292
85889837616
85889844330
85889851166
85889857330
85889862335
85889870148
85889876617
85889885651
85889892059
85889898590
85889904694
85889912567
85889918121
85889923859
85889932403
85889936859
85889945526
85889952545
85889958282
85889965851
85889972381
85889980316
85889986847
85889992767
85889999298
85890005157
85890012359
85890017425
85890026397
85890031829
85890039886
85890045501
85890051727
85890058441
85890065582
85890073333
85890079009
85890086151
85890094207
85890100677
85890107330
85890112518
85890121490
85890126983
85890134673
85890140106
85890147979
85890154754
85890161468
85890168975
85890174346
85890182342
85890188140
85890195464
85890201141
85890207671
85890213836
85890220428
85890227935
85890233977
85890240447
85890245757
85890253448
85890261748
85890267791
85890274871
85890281707
85890287932
85890293120
85890301726
85890308440
85890314727
85890322783
85890327544
85890335051
85890339568
85890347136
85890355132
85890360930
85890367705
85890375456
85890381377
85890386931
85890394438
85890402312
85890408721
85890413359
85890421416
85890430266
85890435454
85890443694
85890448698
85890459685
85890465910
85890473967
85890479704
85890488066
85890496001
85890503020
85890509001
85890516997
85890522002
85890529692
85890534697
85890542937
85890551481
85890558439
85890564360
85890569975
85890577726
85890585966
85890592680
85890599516
85890605925
85890613798
85890618803
85890626616
85890630339
85890638151
85890646391
85890653288
85890659574
85890665251
85890673002
85890678190
85890686125
85890690275
85890699858
85890706449
85890713651
85890719450
85890725797
85890733610
85890741544
85890747831
85890754789
85890761381
85890769498
85890775663
85890782194
85890789884
85890796720
85890802885
85890809843
85890815336
85890820829
85890828031
85890833951
85890842130
85890848905
85890853788
85890861051
85890866544
85890873563
85890880094
85890887845
85890893766
85890901151
85890908536
85890914884
85890920194
85890927762
85890933438
85890940763
85890947477
85890954496
85890960599
85890967496
85890973905
85890980435
85890987577
85890994779
85890999845
85891006558
85891013455
85891018887
85891027371
85891032681
85891040433
85891047757
85891054105
85891060696
85891067715
85891074551
85891079495
85891089200
85891097012
85891101407
85891108609
85891115018
85891123379
85891130765
85891137723
85891143948
85891151761
85891157254
85891163968
85891171109
85891176602
85891184353
85891188321
85891197110
85891204556
85891209866
85891217984
85891223965
85891230923
85891237332
85891244290
85891251004
85891256924
85891264065
85891269314
85891276760
85891281887
85891291531
85891296475
85891303127
85891310024
85891317715
85891324185
85891330593
85891339626
85891343777
85891351772
85891358486
85891364712
85891372036
85891380398
85891386440
85891392300
85891399136
85891405361
85891411892
85891420742
85891426967
85891434048
85891441067
85891447109
85891452175
85891459499
85891465847
85891472866
85891480800
85891487026
85891492336
85891498500
85891506252
85891511562
85891520229
85891526882
85891533290
85891540187
85891545742
85891552944
85891560329
85891566188
85891571865
85891580348
85891584499
85891592494
85891599269
85891605373
85891612026
85891618862
85891625392
85891632167
85891637660
85891644252
85891651271
85891657802
85891664699
85891672145
85891678432
85891686061
85891690761
85891698268
85891704188
85891711635
85891718043
85891725368
85891732326
85891738917
85891745875
85891751796
85891760097
85891765712
85891773585
85891780421
85891787440
85891793788
85891798793
85891806849
85891812892
85891820399
85891826442
85891833888
85891837977
85891845912
85891850245
85891859828
85891866969
85891873561
85891880702
85891886683
85891894007
85891900782
85891907374
85891914210
85891920924
85891928248
85891933863
85891941676
85891948023
85891954554
85891962183
85891968531
85891975062
85891980128
85891987086
85891993800
85892002161
85892008936
85892014918
85892021876
85892026636
85892035914
85892041224
85892048975
85892053126
85892061121
85892067591
85892074061
85892080164
85892088404
85892095545
85892101343
85892107569
85892115259
85892121729
85892126184
85892134912
85892141626
85892148340
85892155481
85892159998
85892167139
85892174524
85892181116
85892187158
85892194910
85892199976
85892207849
85892214502
85892220545
85892228662
85892233179
85892240320
85892247156
85892253564
85892261194
85892267480
85892273279
85892280664
85892288782
85892295373
85892302331
85892308862
85892315759
85892321008
85892328576
85892333154
85892343042
85892348352
85892355798
85892362512
85892368127
85892374780
85892382348
85892388574
85892396447
85892400964
85892408288
85892414819
85892421655
85892429345
85892436486
85892443444
85892450341
85892457116
85892463342
85892469323
85892477929
85892483056
85892490380
85892496850
85892503503
85892508935
85892517053
85892524621
85892531152
85892537682
85892545434
85892551049
85892559533
85892565881
85892572961
85892579613
85892587426
85892593163
85892600365
85892606225
85892613061
85892621972
85892627038
85892634667
85892639428
85892646813
85892653283
85892658776
85892666283
85892673241
85892678795
85892686852
85892692650
85892698388
85892704308
85892711754
85892719139
85892727196
85892732872
85892740746
85892746910
85892753685
85892761498
85892769860
85892775963
85892782677
85892787071
85892794640
85892801659
85892808251
85892815880
85892822533
85892827721
85892835350
85892842674
85892848778
85892856102
85892864525
85892871056
85892878319
85892885704
85892891014
85892898033
85892904442
85892910179
85892918968
85892926170
85892931114
85892938926
85892943809
85892951072
85892957786
85892964500
85892971824
85892978843
85892984275
85892991050
85892997642
85893004417
85893011375
85893018882
85893024864
85893031150
85893038780
85893043724
85893052024
85893059715
85893064720
85893072349
85893076866
85893084983
85893090110
85893098289
85893104331
85893113548
85893117393
85893125633
85893130515
85893138328
85893145713
85893153098
85893158591
85893166160
85893172141
85893178123
85893186607
85893190635
85893199485
85893207053
85893213767
85893220115
85893225608
85893233054
85893238364
85893245749
85893252829
85893259177
85893265830
85893272361
85893281150
85893285300
85893294089
85893302878
85893310080
85893316428
85893321738
85893329062
85893334861
85893342368
85893349936
85893356284
85893363730
85893370688
85893377585
85893383322
85893391379
85893399680
85893406394
85893413413
85893419516
85893426718
85893433676
85893438864
85893446249
85893452963
85893460776
85893464499
85893474692
85893481161
85893488119
85893496481
85893502219
85893509604
85893514120
85893521628
85893528403
85893534750
85893543112
85893548605
85893555807
85893561178
85893568319
85893575216
85893582174
85893590353
85893595541
85893603598
85893608236
85893615438
85893620443
85893628134
85893635092
85893642782
85893648458
85893654928
85893662191
85893668478
85893675375
85893681051
85893688375
85893693685
85893702657
85893706381
85893714193
85893721945
85893728719
85893735677
85893742818
85893749349
85893754537
85893763265
85893769979
85893776571
85893783651
85893790975
85893797323
85893801961
85893809713
85893815633
85893821920
85893828206
85893836080
85893842733
85893850301
85893854390
85893862264
85893868673
85893875203
85893883504
85893889302
85893895833
85893901204
85893908101
85893913289
85893921041
85893924947
85893933797
85893940389
85893947347
85893954122
85893959127
85893965779
85893975301
85893982259
85893988973
85893995442
85894002034
85894007893
85894015584
85894021260
85894028584
85894034322
85894041585
85894047810
85894054463
85894061055
85894067891
85894076619
85894082539
85894089192
85894094990
85894102986
85894106709
85894115437
85894121846
85894128377
85894136372
85894141438
85894149556
85894153828
85894161946
85894170796
85894175862
85894182881
85894190083
85894198079
85894204609
85894211018
85894217610
85894225178
85894230427
85894237690
85894244648
85894251423
85894257710
85894266804
85894271809
85894279255
85894284260
85894292072
85894295735
85894303791
85894313496
85894319111
85894327900
85894333210
85894341145
85894344990
85894353779
85894361042
85894367878
85894373615
85894380512
85894386799
85894392292
85894400349
85894408527
85894415058
85894421100
85894427875
85894434345
85894439777
85894448078
85894453937
85894460834
85894467914
85894473041
85894481525
85894486957
85894495929
85894501056
85894510334
85894517658
85894524799
85894532245
85894536396
85894546161
85894553729
85894560993
85894568134
85894575031
85894580951
85894586383
85894594684
85894599445
85894607868
85894615253
85894621539
85894627338
85894633807
85894641620
85894648822
85894655963
85894662555
85894669635
85894676715
85894683124
85894690997
85894698505
85894704913
85894711444
85894718768
85894724444
85894729449
85894737750
85894741961
85894749896
85894757159
85894764117
85894770831
85894776385
85894783831
85894791095
85894797869
85894804583
85894811419
85894818682
85894824359
85894831683
85894837908
85894844317
85894851824
85894857379
85894865313
85894871722
85894877520
85894885211
85894891741
85894897357
85894905169
85894911395
85894916216
85894924090
85894930010
85894937701
85894945025
85894951067
85894958514
85894963396
85894971819
85894978289
85894985308
85894991045
85895000017
85895006426
85895013140
85895019732
85895024676
85895032732
85895039812
85895046709
85895052874
85895060076
85895066912
85895073504
85895080889
85895086870
85895094133
85895100969
85895106035
85895113054
85895119280
85895125200
85895133135
85895138140
85895146379
85895150164
85895158892
85895165850
85895172319
85895181230
85895186907
85895193620
85895198992
85895204607
85895209978
85895217790
85895222673
85895232439
85895239030
85895244218
85895252641
85895257768
85895265214
85895272905
85895279375
85895285844
85895292680
85895299028
85895305681
85895312639
85895320085
85895326555
85895333146
85895338212
85895346635
85895353227
85895359758
85895365495
85895372209
85895378618
85895385881
85895393205
85895400346
85895406511
85895413468
85895420304
85895427384
85895432695
85895440324
85895447648
85895453507
85895462113
85895467607
85895474870
85895480302
85895488175
85895496781
85895501847
85895511613
85895518266
85895524857
85895531144
85895537553
85895544572
85895551347
85895558427
85895563309
85895570939
85895575638
85895583573
85895588883
85895595353
85895601273
85895607316
85895613053
85895620804
85895627274
85895633744
85895638199
85895646744
85895653641
85895661026
85895667008
85895673966
85895679398
85895685135
85895692337
85895699356
85895706803
85895714188
85895720658
85895727799
85895732926
85895741837
85895747757
85895754654
85895762100
85895767655
85895775772
85895781998
85895789200
85895796585
85895802567
85895811295
85895816238
85895824600
85895831436
85895838455
85895846085
85895851456
85895858841
85895864639
85895872269
85895876419
85895884231
85895892654
85895897476
85895904068
85895910110
85895917312
85895924026
85895930435
85895936111
85895944961
85895951309
85895957779
85895962051
85895968826
85895975662
85895982193
85895990127
85895995071
85896001968
85896008377
85896014846
85896019668
85896027725
85896031753
85896040725
85896047866
85896054336
85896061477
85896066299
85896072952
85896080398
85896086379
85896091750
85896099868
85896106948
85896113235
85896120559
85896125686
85896133987
85896139358
85896146865
85896153518
85896159866
85896166762
85896171828
85896180984
85896187331
85896195510
85896199477
85896207778
85896214126
85896221084
85896229690
85896235000
85896241347
85896249221
85896254775
85896261794
85896267653
85896274001
85896281325
85896288894
85896294936
85896302138
85896308974
85896315871
85896328688
85896341078
85896350661
85896362563
85896373244
85896386855
85896395888
85896403090
85896410841
85896416762
85896424574
85896432265
85896439162
85896447157
85896453017
85896460158
85896467299
85896473707
85896479079
85896486891
85896495070
85896501112
85896507399
85896513258
85896521498
85896528090
85896534498
85896542128
85896548353
85896555006
85896561537
85896568739
85896573378
85896581800
85896586378
85896595472
85896602003
85896609022
85896616041
85896621961
85896629957
85896637281
85896643507
85896650160
85896657240
85896663465
85896668470
85896676344
85896683119
85896689954
85896696974
85896704542
85896710767
85896719617
85896725416
85896732801
85896741163
85896748304
85896754530
85896761488
85896769056
85896775159
85896783216
85896790174
85896795850
85896802625
85896806592
85896815381
85896822584
85896828626
85896837720
85896843519
85896850904
85896857984
85896864087
85896869458
85896875379
85896881787
85896889844
85896896558
85896902784
85896906446
85896914929
85896921765
85896928479
85896934766
85896942334
85896948682
85896954175
85896961987
85896968213
85896976026
85896983533
85896989880
85896996961
85897004224
85897010815
85897015698
85897023938
85897030713
85897037732
85897044202
85897049756
85897057446
85897063489
85897069470
85897078137
85897083508
85897090344
85897096814
85897102307
85897108838
85897114636
85897122265
85897129956
85897133862
85897143689
85897149487
85897155591
85897163403
85897169079
85897176281
85897182385
85897190503
85897194287
85897202404
85897208996
85897213635
85897222241
85897229382
85897235302
85897240246
85897247875
85897252636
85897260449
85897266186
85897274120
85897280163
85897287182
85897293957
85897301647
85897309094
85897316296
85897323376
85897330639
85897335766
85897342724
85897347729
85897355053
85897359203
85897367687
85897375317
85897381542
85897386852
85897397472
85897412060
85897422802
85897429455
85897436413
85897443676
85897450390
85897456310
85897463695
85897471080
85897477245
85897484203
85897489513
85897498119
85897504161
85897510936
85897518932
85897525463
85897533580
85897539012
85897545299
85897550853
85897558422
85897567394
85897573802
85897580333
85897585460
85897593700
85897599559
85897607005
85897611766
85897619212
85897627269
85897633861
85897639171
85897645396
85897652354
85897659373
85897666514
85897671825
85897680430
85897687205
85897693858
85897698985
85897705882
85897713939
85897719554
85897726451
85897731456
85897739940
85897747508
85897754100
85897761790
85897768565
85897775462
85897781749
85897788523
85897792552
85897799937
85897807383
85897814219
85897821299
85897827830
85897834910
85897840281
85897847727
85897855540
85897864329
85897870127
85897876170
85897882639
85897889170
85897895396
85897900645
85897908823
85897915415
85897922434
85897928843
85897935313
85897941172
85897948191
85897956003
85897961741
85897969187
85897975840
85897982188
85897988657
85897995005
85898001536
85898008433
85898015452
85898022165
85898027842
85898034128
85898039927
85898046274
85898055368
85898060373
85898068857
85898075327
85898082834
85898089609
85898096323
85898104319
85898110544
85898117319
85898122812
85898130808
85898136972
85898143259
85898151743
85898158945
85898165170
85898170114
85898178293
85898184274
85898190805
85898198618
85898205637
85898211618
85898219308
85898226755
85898232858
85898240366
85898247934
85898254404
85898262704
85898267770
85898276071
85898281747
85898288888
85898295846
85898302926
85898309274
85898316415
85898323007
85898328622
85898336129
85898341684
85898349862
85898354562
85898362680
85898369760
85898376291
85898381417
85898387826
85898395944
85898403695
85898409371
85898416085
85898421273
85898428231
85898435922
85898441781
85898449288
85898456674
85898463204
85898469735
85898477487
85898483163
85898489938
85898498910
85898506112
85898512582
85898518014
85898524422
85898530282
85898537545
85898544808
85898550912
85898558663
85898565377
85898572030
85898577401
85898584054
85898590767
85898598519
85898605050
85898609994
85898617379
85898623116
85898629891
85898636483
85898643197
85898649971
85898656075
85898663277
85898668526
85898677071
85898684700
85898691964
85898697640
85898705757
85898711373
85898717049
85898724617
85898733406
85898738411
85898742134
85898750740
85898757332
85898763619
85898770088
85898775154
85898784859
85898791145
85898797493
85898803352
85898810982
85898818001
85898824532
85898831428
85898838081
85898844551
85898851448
85898857918
85898863167
85898871223
85898877571
85898884834
85898890816
85898896675
85898905220
85898911384
85898918098
85898926277
85898933357
85898939399
85898945259
85898952644
85898960579
85898966621
85898976570
85898981941
85898989509
85898995063
85899002937
85899006965
85899015510
85899023323
85899029060
85899037361
85899042182
85899049079
85899055671
85899062568
85899068427
85899076301
85899083930
85899089546
85899097541
85899104133
85899109748
85899115485
85899123969
85899130805
85899137092
85899143684
85899149970
85899155891
85899163825
85899170356
85899176398
85899183112
85899188788
85899195319
85899201423
85899210700
85899217231
85899224189
85899230170
85899237128
85899242316
85899249884
85899256720
85899261115
85899270575
85899276862
85899282843
85899289557
85899295600
85899302802
85899308051
85899316107
85899322028
85899330573
85899336554
85899342414
85899349677
85899357001
85899364630
85899370123
85899376837
85899381781
85899389288
85899395026
85899401679
85899411688
85899416754
85899424322
85899431219
85899437628
85899443121
85899451788
85899455878
85899465338
85899469427
85899478155
85899484625
85899489569
85899496710
85899504584
85899511725
85899518377
85899525946
85899532171
85899538824
85899545843
85899551031
85899559149
85899564825
85899572882
85899579718
85899585882
85899592474
85899599493
85899606085
85899611212
85899619207
85899626104
85899632635
85899638067
85899645696
85899652838
85899659673
85899666509
85899671758
85899680242
85899686224
85899692938
85899700994
85899708318
85899714544
85899720769
85899727850
85899735479
85899741460
85899749151
85899756292
85899763494
85899769170
85899776494
85899782354
85899789495
85899796087
85899803350
85899809881
85899816106
85899822515
85899828924
85899836065
85899841497
85899849370
85899855840
85899862310
85899868352
85899874822
85899881536
85899888799
85899897100
85899902959
85899909368
85899915166
85899922917
85899929082
85899934636
85899942693
85899950749
85899957036
85899963567
85899970158
85899975774
85899983891
85899991948
85899997258
85900005742
85900011052
85900017400
85900022404
85900030461
85900034367
85900043584
85900050236
85900057072
85900062504
85900068913
85900075749
85900084172
85900091740
85900097416
85900104435
85900110783
85900118046
85900123784
85900130558
85900134953
85900144413
85900151493
85900158207
85900165348
85900171391
85900179570
85900187626
85900193119
85900202030
85900207585
85900215702
85900222599
85900230168
85900236149
85900242314
85900250126
85900255253
85900262333
85900267460
85900275333
85900279606
85900288090
85900294254
85900300724
85900307865
85900314762
85900322086
85900329838
85900336796
85900342838
85900349918
85900356266
85900359867
85900368473
85900376591
85900383549
85900390507
85900395878
85900403385
85900410770
85900416630
85900424015
85900428714
85900436893
85900442325
85900448307
85900455570
85900460758
85900467105
85900474613
85900482303
85900488590
85900495487
85900502079
85900509220
85900516117
85900522464
85900529605
85900534854
85900542301
85900549991
85900556156
85900563480
85900570499
85900576785
85900583621
85900589542
85900595279
85900602542
85900609988
85900617435
85900623843
85900629947
85900637515
85900642459
85900651675
85900658206
85900665591
85900672671
85900678653
85900686404
85900690616
85900698123
85900706790
85900713260
85900721255
85900728091
85900733950
85900739261
85900746707
85900752566
85900762393
85900768801
85900775576
85900781070
85900787234
85900794192
85900801516
85900809024
85900814700
85900822207
85900825808
85900833621
85900840640
85900847781
85900854739
85900862368
85900868838
85900874331
85900881716
85900887881
85900893801
85900898074
85900907473
85900914370
85900921084
85900927737
85900934756
85900941286
85900947512
85900955446
85900960085
85900967776
85900973147
85900981142
85900985781
85900992922
85901001284
85901008425
85901013857
85901020754
85901026247
85901033205
85901039187
85901045290
85901053041
85901060305
85901066225
85901072939
85901078981
85901084413
85901090639
85901099001
85901104189
85901111086
85901115908
85901122743
85901129762
85901135622
85901143678
85901150697
85901157411
85901163759
85901170412
85901176576
85901183046
85901188173
85901196169
85901203493
85901209901
85901215272
85901221254
85901227052
85901234499
85901241945
85901248781
85901254762
85901260988
85901267824
85901274782
85901281679
85901288270
85901297059
85901303468
85901309755
85901316346
85901322633
85901329774
85901334535
85901342958
85901350282
85901357240
85901362977
85901369264
85901376893
85901381898
85901390260
85901396424
85901404420
85901411805
85901417665
85901423219
85901429872
85901438539
85901444154
85901451295
85901456544
85901463868
85901469849
85901475831
85901484193
85901489503
85901497193
85901503785
85901510865
85901516846
85901524476
85901529359
85901537171
85901543580
85901552308
85901563111
85901571046
85901582276
85901589295
85901601136
85901610291
85901619080
85901630677
85901639527
85901647644
85901656189
85901668091
85901677185
85901685425
85901695496
85901704651
85901715637
85901722412
85901729920
85901736817
85901744446
85901751648
85901757507
85901766174
85901774353
85901780945
85901787720
85901793152
85901799866
85901805542
85901812805
85901819824
85901825867
85901833008
85901840942
85901847900
85901853149
85901861328
85901869812
85901877319
85901883728
85901889038
85901896606
85901903564
85901910217
85901917785
85901925415
85901930786
85901938232
85901944580
85901951049
85901957336
85901964538
85901971008
85901978820
85901984252
85901991638
85901998474
85902005981
85902014648
85902019775
85902031860
85902039123
85902049255
85902057128
85902062255
85902072631
85902079528
85902085815
85902092956
85902099731
85902105346
85902112731
85902120605
85902126647
85902133666
85902140746
85902150634
85902160216
85902170165
85902177184
85902182982
85902191283
85902198485
85902204955
85902212096
85902218505
85902227111
85902231444
85902239867
85902248412
85902255248
85902262511
85902269896
85902276244
85902283080
85902290404
85902296813
85902303038
85902311583
85902319518
85902326293
85902333556
85902338561
85902346068
85902351134
85902359251
85902365843
85902372618
85902379881
85902385497
85902393553
85902401183
85902406126
85902415831
85902424132
85902431151
85902438170
85902444578
85902452818
85902457945
85902466673
85902471983
85902479796
85902486693
85902493162
85902500792
85902505674
85902513548
85902522520
85902528379
85902535643
85902541685
85902548704
85902555113
85902562742
85902567869
85902574644
85902581297
85902587034
85902593748
85902599790
85902605528
85902614317
85902621763
85902627012
85902634947
85902640989
85902648008
85902653806
85902662107
85902668028
85902675657
85902681699
85902688779
85902695554
85902703062
85902710386
85902716489
85902723386
85902729673
85902736265
85902744321
85902749448
85902756833
85902762937
85902770627
85902777158
85902783445
85902789975
85902796079
85902803403
85902810239
85902816953
85902822629
85902830625
85902836545
85902843076
85902850461
85902857053
85902863217
85902868283
85902876340
85902882932
85902889524
85902895078
85902903623
85902907773
85902916684
85902920346
85902929013
85902935544
85902940610
85902949033
85902954099
85902961972
85902966489
85902973691
85902978635
85902986630
85902992429
85903001279
85903005917
85903012570
85903019772
85903026364
85903034115
85903039120
85903047482
85903053708
85903061093
85903066464
85903073666
85903077633
85903085751
85903093258
85903099362
85903106259
85903112729
85903119259
85903126950
85903133786
85903136654
85903147152
85903153073
85903160275
85903166561
85903171933
85903180233
85903189144
85903195553
85903202084
85903207516
85903215267
85903222714
85903229794
85903236874
85903243649
85903250546
85903256100
85903263973
85903267574
85903276180
85903283138
85903289608
85903296932
85903303890
85903310604
85903316647
85903322201
85903330929
85903336910
85903344540
85903351070
85903358883
85903364803
85903371273
85903379513
85903386226
85903392940
85903398922
85903407161
85903413387
85903420223
85903427425
85903432735
85903439388
85903446590
85903451290
85903457820
85903465389
85903471981
85903479854
85903484188
85903492122
85903498958
85903504573
85903512081
85903518733
85903527645
85903534053
85903540340
85903546077
85903553523
85903559261
85903567867
85903572505
85903581111
85903584956
85903593867
85903599544
85903606136
85903612971
85903620479
85903627376
85903631770
85903640437
85903644160
85903652949
85903659480
85903664729
85903673762
85903679561
85903686946
85903692317
85903699458
85903704829
85903712092
85903718318
85903726435
85903732112
85903739131
85903745539
85903751399
85903759761
85903766780
85903773188
85903781794
85903786921
85903794612
85903800227
85903805659
85903811335
85903820674
85903827326
85903834101
85903842524
85903848383
85903854914
85903863337
85903870234
85903875971
85903883356
85903890070
85903896235
85903903620
85903912775
85903920039
85903926997
85903932062
85903940241
85903943964
85903951594
85903958368
85903965326
85903972529
85903978571
85903985895
85903991449
85903999872
85904007196
85904014460
85904020197
85904027826
85904033136
85904038874
85904046503
85904053217
85904059015
85904066767
85904073236
85904079523
85904084467
85904093317
85904099848
85904106500
85904113458
85904120477
85904128046
85904132135
85904139948
85904148676
85904153986
85904161981
85904167230
85904174860
85904180475
85904188226
85904195306
85904201593
85904209466
85904215753
85904224359
85904232355
85904238946
85904246026
85904252679
85904259454
85904266351
85904272149
85904279962
85904286493
85904293329
85904299859
85904308038
85904313043
85904321161
85904326959
85904334222
85904341851
85904348687
85904354119
85904361077
85904366449
85904373468
85904379937
85904385797
85904393670
85904400750
85904406610
85904413140
85904419610
85904425775
85904432000
85904439935
85904447381
85904454034
85904460870
85904466180
85904474419
85904479913
85904486993
85904492120
85904500481
85904507561
85904514214
85904520806
85904530022
85904536187
85904543389
85904549920
85904556573
85904561089
85904569146
85904574639
85904582573
85904589165
85904595757
85904601983
85904609246
85904614800
85904621514
85904628716
85904634270
85904642327
85904647271
85904655999
85904662529
85904668755
85904674187
85904683037
85904687737
85904695610
85904702446
85904708428
85904715080
85904722344
85904729607
85904735649
85904743706
85904749748
85904756462
85904762749
85904769157
85904776299
85904781914
85904789909
85904795341
85904802666
85904809563
85904816337
85904823845
85904830376
85904836967
85904844414
85904850944
85904857231
85904864799
85904872551
85904879020
85904886589
85904893120
85904899467
85904906120
85904913200
85904920280
85904926750
85904933952
85904940971
85904947624
85904955741
85904961784
85904970146
85904976799
85904984367
85904990837
85904998161
85905004997
85905010185
85905018730
85905024162
85905032157
85905035941
85905045097
85905052909
85905060233
85905067435
85905074760
85905081229
85905089591
85905096244
85905103324
85905109367
85905116569
85905123344
85905130240
85905137260
85905143790
85905150260
85905158195
85905165946
85905172843
85905179374
85905183158
85905190726
85905198478
85905204947
85905212760
85905218070
85905225760
85905232962
85905238578
85905243949
85905251639
85905257498
85905266471
85905272757
85905279227
85905286063
85905291251
85905300101
85905306510
85905312613
85905320914
85905327323
85905334647
85905340689
85905347952
85905354605
85905362112
85905368460
85905374564
85905382437
85905389151
85905395621
85905403067
85905410208
85905416434
85905422842
85905428885
85905434561
85905442923
85905447745
85905456045
85905463858
85905470999
85905476797
85905482535
85905490530
85905497732
85905504690
85905511282
85905516165
85905523794
85905528799
85905536489
85905542959
85905550711
85905555288
85905562796
85905569143
85905575186
85905582022
85905589468
85905595144
85905602224
85905609670
85905616018
85905622427
85905630117
85905635122
85905643423
85905649709
85905657583
85905662710
85905669668
85905675832
85905684072
