33456383040
33456388533
33456394209
33456399458
33456404158
33456409346
33456413557
33456420515
33456426070
33456432112
33456436751
33456443037
33456448775
33456454207
33456459028
33456466475
33456473067
33456478743
33456485579
33456491438
33456497542
33456503523
33456508650
33456516279
33456523542
33456530073
33456535627
33456542402
33456548933
33456555342
33456562544
33456569624
33456575117
33456580366
33456587568
33456594160
33456600386
33456607160
33456613691
33456620649
33456625959
33456634138
33456640302
33456647566
33456652265
33456659406
33456666059
33456672712
33456679060
33456684492
33456692731
33456699140
33456705671
33456711958
33456718977
33456726728
33456731611
33456739728
33456745649
33456755414
33456762006
33456769452
33456775983
33456782148
33456788984
33456797223
33456804792
33456812177
33456818830
33456824445
33456831586
33456837445
33456845685
33456852704
33456859967
33456866437
33456874005
33456880597
33456887860
33456894635
33456899762
33456907697
33456914960
33456922040
33456930036
33456935590
33456941754
33456949506
33456956403
33456963300
33456969708
33456977704
33456982770
33456990277
33456997906
33457004926
33457013226
33457019696
33457026288
33457034405
33457041547
33457046429
33457053570
33457060773
33457068219
33457075055
33457080426
33457087384
33457094708
33457103009
33457110394
33457116253
33457122906
33457130047
33457136883
33457143231
33457150982
33457158551
33457165570
33457173687
33457179974
33457185589
33457193707
33457200726
33457207928
33457214764
33457223065
33457230145
33457235943
33457244610
33457250408
33457257366
33457266094
33457273113
33457279705
33457286846
33457293316
33457300091
33457306866
33457312420
33457319317
33457328533
33457335796
33457342083
33457350384
33457356731
33457365948
33457371807
33457381206
33457387981
33457396343
33457405681
33457411724
33457418804
33457428508
33457436077
33457441692
33457448589
33457456890
33457464397
33457472515
33457478313
33457486492
33457495281
33457501506
33457509197
33457515850
33457523601
33457529949
33457539043
33457546550
33457554485
33457561565
33457568706
33457575664
33457584209
33457592204
33457599651
33457611064
33457617717
33457623820
33457635722
33457641337
33457651164
33457657573
33457667338
33457674052
33457684611
33457690837
33457700725
33457709941
33457716716
33457725444
33457733439
33457742839
33457751506
33457759623
33457766886
33457775065
33457783610
33457792033
33457799174
33457806803
33457817362
33457825419
33457832743
33457840983
33457848063
33457855448
33457864420
33457871500
33457881205
33457888468
33457896525
33457903849
33457913493
33457920756
33457930338
33457938273
33457947855
33457955057
33457964030
33457971842
33457981180
33457988627
33457997538
33458005106
33458014322
33458021769
33458029215
33458036600
33458043802
33458051737
33458059732
33458068705
33458077494
33458085672
33458092630
33458100321
33458106729
33458114054
33458122965
33458130899
33458140909
33458148111
33458156290
33458164041
33458170267
33458179849
33458186502
33458194498
33458202127
33458210184
33458217020
33458224893
33458231912
33458239419
33458247171
33458255166
33458263345
33458271341
33458279458
33458286966
33458295511
33458300271
33458308267
33458317239
33458326883
33458335916
33458342813
33458351419
33458358010
33458365762
33458373757
33458383035
33458391702
33458398110
33458408608
33458416543
33458422097
33458429360
33458438332
33458446328
33458454568
33458461526
33458468606
33458475442
33458481484
33458489724
33458498208
33458505288
33458512124
33458518532
33458525429
33458532265
33458539284
33458547829
33458555153
33458562844
33458570656
33458577981
33458585488
33458594521
33458602639
33458610817
33458618752
33458626687
33458635292
33458641518
33458650063
33458657021
33458665688
33458672219
33458680947
33458688210
33458696450
33458703957
33458712258
33458720741
33458728066
33458735573
33458743691
33458753944
33458760536
33458771828
33458779396
33458787086
33458796181
33458802772
33458812965
33458820351
33458830177
33458838356
33458848427
33458857399
33458863685
33458871681
33458879005
33458886757
33458894874
33458900551
33458911659
33458916786
33458924598
33458932289
33458940590
33458947181
33458957008
33458963356
33458972145
33458979957
33458986488
33458993873
33459001869
33459008155
33459017066
33459022682
33459032203
33459038184
33459047950
33459054054
33459065101
33459071449
33459080421
33459086402
33459094459
33459103980
33459112098
33459118262
33459126868
33459136512
33459143958
33459150245
33459158729
33459166724
33459174048
33459179053
33459189612
33459197913
33459205542
33459213355
33459222083
33459230079
33459236853
33459244117
33459252600
33459259497
33459269324
33459276770
33459285132
33459292029
33459300635
33459307837
33459312903
33459323279
33459330603
33459341101
33459350745
33459358862
33459368323
33459375952
33459385474
33459393652
33459402014
33459409094
33459414526
33459420996
33459428992
33459436865
33459441931
33459450720
33459455908
33459462134
33459467322
33459474280
33459479406
33459486853
33459492041
33459498877
33459504614
33459510351
33459515478
33459523413
33459529333
33459534948
33459540991
33459548742
33459554663
33459559179
33459566320
33459572729
33459577368
33459584020
33459590429
33459596044
33459603552
33459609228
33459615515
33459621862
33459626196
33459634069
33459639257
33459645422
33459650243
33459656713
33459663732
33459668981
33459675512
33459681799
33459685705
33459692907
33459698400
33459704687
33459710668
33459716100
33459721349
33459726659
33459733373
33459738927
33459743627
33459749975
33459754613
33459762548
33459767736
33459772741
33459778600
33459784520
33459789892
33459796544
33459802404
33459807592
33459813268
33459819127
33459825841
33459832189
33459837499
33459847020
33459853002
33459859349
33459865148
33459871190
33459877599
33459884252
33459892369
33459898229
33459904881
33459910741
33459917394
33459923863
33459931004
33459938878
33459944798
33459951512
33459958836
33459966893
33459973363
33459980504
33459987645
33459994420
33460002537
33460007786
33460015050
33460022374
33460029332
33460035191
33460043431
33460049962
33460057286
33460063756
33460071324
33460077672
33460084996
33460091038
33460099095
33460105015
33460113133
33460118931
33460125401
33460132847
33460140232
33460148045
33460154393
33460161778
33460168248
33460176426
33460182041
33460188938
33460196751
33460203282
33460209141
33460215611
33460224033
33460231602
33460237278
33460246006
33460252598
33460260349
33460266270
33460271275
33460277012
33460283360
33460290073
33460296665
33460302280
33460307224
33460314365
33460320103
33460326206
33460332859
33460339512
33460345188
33460352451
33460357700
33460364658
33460370395
33460375156
33460383091
33460388828
33460394993
33460400486
33460406711
33460412449
33460418003
33460426242
33460431186
33460438022
33460443698
33460450046
33460455600
33460461399
33460467319
33460474521
33460479404
33460485202
33460490879
33460495456
33460501743
33460508762
33460513889
33460519260
33460526523
33460532199
33460538486
33460545017
33460550388
33460555942
33460562106
33460568027
33460573276
33460577792
33460584506
33460590243
33460597446
33460601596
33460608493
33460614535
33460619113
33460625461
33460630954
33460637057
33460642550
33460648532
33460655002
33460660800
33460666537
33460671908
33460678378
33460683871
33460690402
33460696383
33460703036
33460709567
33460717196
33460723300
33460729647
33460736422
33460742831
33460749484
33460756503
33460762179
33460769686
33460775912
33460782382
33460788302
33460795748
33460803256
33460808749
33460817355
33460825472
33460832797
33460839266
33460844271
33460850741
33460859286
33460865633
33460873995
33460879549
33460885653
33460894869
33460901156
33460906710
33460913546
33460921175
33460929232
33460934969
33460943453
33460949679
33460955721
33460964205
33460970431
33460976839
33460984041
33460991121
33460998385
33461004488
33461012239
33461020601
33461027376
33461033419
33461039827
33461046907
33461053438
33461060274
33461067964
33461075228
33461083406
33461090242
33461098421
33461105013
33461112642
33461117708
33461125765
33461132051
33461136385
33461143953
33461148286
33461154695
33461160860
33461167757
33461172700
33461179720
33461185213
33461190279
33461195039
33461202425
33461208223
33461214143
33461219881
33461226045
33461231599
33461236726
33461242158
33461248994
33461255708
33461261934
33461267915
33461275422
33461281953
33461288118
33461293977
33461300508
33461305818
33461312043
33461317842
33461323762
33461330537
33461335054
33461341584
33461348237
33461353059
33461359468
33461365266
33461370637
33461375398
33461382844
33461388398
33461395417
33461400849
33461405305
33461411714
33461416413
33461423554
33461428925
33461435212
33461441560
33461447114
33461453278
33461459077
33461466279
33461472138
33461476411
33461483613
33461487885
33461494599
33461500458
33461506928
33461512238
33461517975
33461524567
33461529938
33461535187
33461540986
33461547883
33461555329
33461561188
33461567536
33461574738
33461580719
33461587189
33461595612
33461601593
33461608674
33461614472
33461621430
33461627350
33461633942
33461641999
33461647309
33461654511
33461660492
33461668305
33461674652
33461681488
33461688935
33461696320
33461702301
33461710236
33461716522
33461722992
33461730072
33461736908
33461744293
33461751495
33461758820
33461765472
33461771210
33461778961
33461784759
33461793365
33461799774
33461807159
33461813995
33461819916
33461829132
33461836517
33461844208
33461852447
33461858856
33461865631
33461873932
33461881988
33461887359
33461897064
33461902862
33461910858
33461917205
33461925079
33461932220
33461939544
33461947113
33461953216
33461961456
33461968414
33461975189
33461981597
33461988983
33461996124
33462001312
33462007659
33462014739
33462019805
33462026946
33462032562
33462038177
33462045257
33462048980
33462057525
33462063689
33462068755
33462075957
33462082183
33462088042
33462093902
33462100249
33462104583
33462112273
33462118072
33462125396
33462131560
33462137542
33462144195
33462148345
33462154876
33462162322
33462167266
33462174102
33462179717
33462185576
33462192168
33462196135
33462203276
33462207305
33462214690
33462221587
33462226287
33462232878
33462237334
33462244048
33462248076
33462255828
33462260588
33462266997
33462272185
33462278838
33462284575
33462288725
33462296721
33462301482
33462308013
33462313262
33462319182
33462324370
33462330779
33462337187
33462342070
33462350310
33462355559
33462361174
33462368498
33462375151
33462381682
33462387175
33462393706
33462398955
33462404631
33462410673
33462415129
33462423430
33462428557
33462436369
33462441435
33462447783
33462455351
33462461393
33462467741
33462475309
33462481962
33462488310
33462493559
33462499968
33462507048
33462512236
33462519682
33462525846
33462533598
33462539701
33462545378
33462551481
33462558744
33462565397
33462572599
33462577604
33462584867
33462591093
33462597379
33462603605
33462612394
33462618742
33462626371
33462634245
33462640592
33462647977
33462654264
33462660734
33462667387
33462674955
33462679777
33462687162
33462693449
33462701505
33462708036
33462712980
33462721097
33462729764
33462737577
33462744779
33462751981
33462759061
33462766019
33462774076
33462780729
33462787992
33462794889
33462802152
33462808927
33462814786
33462823392
33462831876
33462838040
33462845365
33462852323
33462857999
33462862943
33462870572
33462877896
33462883267
33462888944
33462894986
33462901822
33462908353
33462913846
33462920682
33462925870
33462931607
33462938199
33462944791
33462951016
33462956876
33462964200
33462970059
33462975613
33462982388
33462986722
33462993802
33463000516
33463006375
33463012784
33463018643
33463025967
33463031705
33463037625
33463044888
33463049222
33463056119
33463062832
33463068509
33463073819
33463079678
33463085354
33463091275
33463097439
33463102566
33463108487
33463113308
33463119229
33463124722
33463131802
33463135830
33463141629
33463146633
33463152127
33463157681
33463163418
33463170071
33463174710
33463180752
33463186855
33463191433
33463196499
33463201992
33463207546
33463213650
33463219204
33463224514
33463229641
33463235134
33463240444
33463246182
33463252773
33463257900
33463263638
33463269253
33463274929
33463280544
33463287258
33463293240
33463299770
33463307705
33463312588
33463318996
33463325527
33463331081
33463338405
33463345546
33463351406
33463357021
33463362758
33463369350
33463375087
33463381923
33463390102
33463395717
33463402004
33463409023
33463415126
33463420559
33463429042
33463434780
33463442287
33463450405
33463456142
33463462367
33463468471
33463476222
33463481838
33463488368
33463496303
33463502895
33463509731
33463514369
33463521694
33463527980
33463534145
33463543666
33463549648
33463556483
33463563564
33463569301
33463574794
33463582729
33463588222
33463596767
33463603236
33463610194
33463616420
33463622218
33463628444
33463634669
33463642726
33463649867
33463657496
33463662440
33463668666
33463675990
33463683070
33463688197
33463696498
33463704005
33463710170
33463715113
33463721583
33463726222
33463732447
33463737208
33463744776
33463750331
33463756007
33463761378
33463767420
33463772791
33463779078
33463785243
33463792079
33463797877
33463802943
33463809962
33463816065
33463821864
33463826136
33463833643
33463838770
33463845667
33463850306
33463856226
33463860865
33463868006
33463873743
33463880701
33463886500
33463891566
33463898279
33463903834
33463909022
33463914271
33463919398
33463925379
33463931605
33463935633
33463942042
33463947352
33463952295
33463958643
33463964808
33463970057
33463975794
33463980799
33463985193
33463990137
33463995935
33464002283
33464008081
33464014246
33464018702
33464023889
33464029932
33464035364
33464040552
33464046595
33464051782
33464056970
33464061853
33464067713
33464073267
33464078882
33464086206
33464091455
33464097193
33464102258
33464107691
33464112695
33464118677
33464122644
33464129114
33464137415
33464142236
33464148279
33464154687
33464161340
33464166345
33464174951
33464180994
33464187829
33464193506
33464199243
33464204858
33464211450
33464216150
33464223413
33464230981
33464237573
33464243005
33464250085
33464257470
33464262842
33464269738
33464277795
33464284021
33464290368
33464296594
33464302942
33464309716
33464316125
33464324914
33464331384
33464336267
33464342431
33464349755
33464356469
33464363000
33464370141
33464377587
33464383203
33464390161
33464396142
33464403100
33464408837
33464415795
33464424706
33464431298
33464438195
33464444421
33464450036
33464457726
33464463158
33464469628
33464476891
33464483178
33464490136
33464496239
33464502953
33464509179
33464516137
33464523644
33464530175
33464534875
33464542626
33464549157
33464555748
33464561974
33464568505
33464577477
33464582604
33464588890
33464593712
33464599633
33464604393
33464611168
33464615929
33464622948
33464627953
33464634850
33464640221
33464646019
33464651451
33464657433
33464663048
33464669945
33464675682
33464682335
33464687645
33464692589
33464698021
33464703697
33464709801
33464716148
33464721520
33464727013
33464733116
33464737572
33464744530
33464748802
33464755089
33464760765
33464767540
33464772301
33464777977
33464783836
33464789207
33464795189
33464802818
33464808616
33464813927
33464820518
33464825584
33464830528
33464835655
33464841758
33464847435
33464854210
33464858482
33464864891
33464869224
33464875328
33464879661
33464886985
33464892357
33464897667
33464905235
33464909446
33464916160
33464921531
33464928062
33464932823
33464938682
33464945152
33464950462
33464955833
33464961509
33464968223
33464974510
33464979820
33464984397
33464990989
33464996604
33465003440
33465009666
33465015525
33465021934
33465028770
33465034812
33465043113
33465049400
33465054771
33465063255
33465069724
33465075950
33465081931
33465088767
33465095054
33465102317
33465110190
33465115684
33465123801
33465129661
33465137412
33465143638
33465151206
33465157981
33465165610
33465170676
33465179160
33465186606
33465194175
33465200217
33465208579
33465214743
33465221335
33465228537
33465235129
33465243064
33465248801
33465257224
33465264487
33465270041
33465276877
33465285788
33465292441
33465298422
33465306723
33465315146
33465322226
33465329001
33465335104
33465342123
33465349570
33465356467
33465363730
33465371725
33465377219
33465385886
33465392233
33465400595
33465407492
33465413901
33465420920
33465427450
33465435812
33465441916
33465448568
33465455343
33465461813
33465467672
33465474936
33465480490
33465486349
33465493002
33465498861
33465504904
33465510763
33465517355
33465523397
33465529196
33465537069
33465541952
33465548300
33465554586
33465558859
33465567037
33465574545
33465579733
33465586141
33465591329
33465598837
33465604086
33465609884
33465614950
33465623190
33465628988
33465635275
33465641073
33465647237
33465653158
33465659078
33465665914
33465672384
33465677694
33465682882
33465689962
33465695089
33465701009
33465707540
33465713460
33465717977
33465724447
33465729696
33465734884
33465740316
33465745626
33465752828
33465756368
33465763570
33465769552
33465774190
33465781697
33465787252
33465794637
33465799764
33465804341
33465810689
33465817159
33465823018
33465828389
33465833760
33465839437
33465845418
33465851888
33465856343
33465862020
33465868733
33465874898
33465880818
33465884908
33465891866
33465898641
33465904256
33465909505
33465917806
33465923970
33465930562
33465936421
33465944112
33465950825
33465956013
33465965413
33465971333
33465976826
33465982808
33465989705
33465997334
33466002461
33466010823
33466017537
33466024373
33466030842
33466037556
33466044026
33466051838
33466058979
33466066609
33466071064
33466079914
33466086872
33466092732
33466100300
33466107930
33466116780
33466123432
33466129536
33466136250
33466143635
33466150227
33466157734
33466165119
33466172444
33466179890
33466185627
33466193928
33466200276
33466207966
33466214680
33466221699
33466229206
33466234699
33466243488
33466249104
33466257038
33466264057
33466272236
33466279133
33466286213
33466290974
33466299030
33466306232
33466313740
33466320942
33466327472
33466334736
33466340656
33466346576
33466352192
33466358478
33466366108
33466372638
33466379047
33466385028
33466391681
33466397541
33466404743
33466410602
33466416889
33466422809
33466429096
33466433612
33466439960
33466445331
33466451618
33466458515
33466465106
33466471088
33466475971
33466482562
33466487445
33466493244
33466498126
33466505939
33466513690
33466518817
33466524249
33466530597
33466535419
33466540729
33466546161
33466552020
33466558246
33466562091
33466568622
33466572955
33466579303
33466583636
33466590350
33466596698
33466601947
33466606952
33466612689
33466617694
33466623126
33466629535
33466635333
33466641742
33466646991
33466653521
33466660968
33466665606
33466672747
33466678119
33466683429
33466688556
33466694903
33466701800
33466706195
33466713946
33466720050
33466726214
33466732073
33466737933
33466743853
33466749468
33466756854
33466761126
33466767840
33466775958
33466781268
33466788531
33466794695
33466801653
33466808001
33466815691
33466821490
33466829668
33466835284
33466841509
33466848650
33466856585
33466861834
33466869219
33466875140
33466882220
33466889055
33466895769
33466902544
33466909014
33466918169
33466923662
33466930254
33466936052
33466946611
33466954851
33466961077
33466968340
33466976152
33466982378
33466987871
33466996843
33467005266
33467011187
33467017107
33467025652
33467031511
33467038530
33467044390
33467052996
33467059038
33467066850
33467073503
33467080034
33467088457
33467095293
33467102007
33467108843
33467115434
33467122270
33467127031
33467134660
33467140886
33467147234
33467155901
33467161088
33467168169
33467175188
33467181657
33467187517
33467194414
33467201494
33467208940
33467214799
33467221574
33467227556
33467233964
33467240007
33467245439
33467251298
33467257097
33467262895
33467269181
33467276933
33467282182
33467287858
33467294938
33467301896
33467307817
33467313249
33467318681
33467325028
33467332231
33467338456
33467343217
33467349320
33467356156
33467362504
33467367814
33467373918
33467379533
33467384293
33467393510
33467399247
33467403886
33467409257
33467415971
33467422074
33467426041
33467433183
33467437760
33467444047
33467449296
33467454789
33467459855
33467465409
33467471635
33467477311
33467482621
33467487321
33467493485
33467497697
33467503922
33467510636
33467516434
33467521744
33467528153
33467532547
33467538590
33467543595
33467548905
33467554459
33467561661
33467566178
33467572159
33467576554
33467582779
33467588028
33467595291
33467599320
33467605973
33467610855
33467615311
33467622818
33467629776
33467636246
33467642349
33467647660
33467654434
33467661331
33467668411
33467675247
33467683304
33467689652
33467695816
33467701614
33467706986
33467714066
33467718826
33467727249
33467732986
33467739639
33467745865
33467752945
33467760269
33467766067
33467775345
33467782120
33467789810
33467795975
33467802200
33467808059
33467815017
33467823074
33467828750
33467836136
33467841995
33467850235
33467856216
33467863113
33467869827
33467878067
33467884475
33467890152
33467897171
33467902420
33467910293
33467915847
33467925857
33467931167
33467938857
33467945693
33467950576
33467957290
33467964126
33467972793
33467979202
33467985549
33467992629
33467999954
33468004775
33468012038
33468021926
33468027541
33468034927
33468041824
33468049331
33468055678
33468061355
33468069350
33468074538
33468080581
33468087112
33468092361
33468098708
33468104751
33468110549
33468116652
33468121596
33468129226
33468134841
33468140822
33468146071
33468152785
33468158767
33468164748
33468171096
33468176772
33468182509
33468188308
33468192641
33468200148
33468207167
33468212294
33468217543
33468222975
33468228408
33468234511
33468241225
33468245375
33468251967
33468258071
33468262831
33468267531
33468274611
33468279738
33468286940
33468290785
33468297072
33468302626
33468308546
33468313979
33468318190
33468326796
33468331862
33468337294
33468343703
33468348036
33468354506
33468360976
33468366225
33468371290
33468376356
33468381361
33468387160
33468394057
33468399672
33468406325
33468411390
33468416578
33468423292
33468429457
33468436049
33468441115
33468447157
33468452467
33468458693
33468463331
33468469130
33468475172
33468482557
33468490553
33468495008
33468502088
33468506422
33468514723
33468521803
33468528150
33468534620
33468540907
33468546949
33468554151
33468559156
33468567152
33468572035
33468581495
33468587843
33468595472
33468602003
33468607008
33468613355
33468621778
33468630750
33468637098
33468643262
33468649793
33468655958
33468662122
33468669691
33468676588
33468684400
33468691175
33468696607
33468703992
33468709852
33468717603
33468724561
33468731702
33468738599
33468745313
33468752393
33468759229
33468765516
33468771436
33468779432
33468785962
33468793164
33468799695
33468806226
33468812574
33468820325
33468827649
33468834851
33468840955
33468846692
33468855054
33468861707
33468868482
33468875684
33468882825
33468889661
33468896558
33468902844
33468908276
33468915051
33468919934
33468927624
33468933423
33468939160
33468944531
33468950818
33468956677
33468962659
33468970349
33468975476
33468981885
33468986523
33468993298
33468998730
33469003857
33469009472
33469015698
33469021863
33469027966
33469033215
33469039196
33469045666
33469051648
33469058117
33469063916
33469069775
33469075085
33469080761
33469086560
33469092663
33469099743
33469105786
33469110668
33469116650
33469121472
33469126965
33469132641
33469139172
33469144909
33469150036
33469156078
33469160595
33469166515
33469171215
33469178478
33469184765
33469189587
33469194714
33469200878
33469205639
33469212231
33469218456
33469223766
33469230358
33469235180
33469240917
33469246899
33469252819
33469259777
33469265819
33469271191
33469276012
33469281750
33469286877
33469292126
33469298595
33469304333
33469309276
33469314831
33469322887
33469328685
33469335338
33469342418
33469347850
33469354503
33469359630
33469366710
33469372326
33469378917
33469384899
33469391063
33469397899
33469404125
33469409862
33469417308
33469423900
33469431224
33469438487
33469445690
33469450572
33469458202
33469463268
33469472118
33469479198
33469485973
33469492442
33469498607
33469505138
33469512950
33469517772
33469525890
33469534740
33469541209
33469548228
33469554698
33469561534
33469567882
33469574290
33469582591
33469589976
33469597301
33469602611
33469609263
33469616954
33469622935
33469629466
33469636546
33469644114
33469651133
33469656871
33469663707
33469669505
33469676463
33469685008
33469691355
33469697215
33469703501
33469710704
33469717356
33469723704
33469730418
33469735789
33469743418
33469749339
33469755137
33469759593
33469766245
33469772166
33469778819
33469784190
33469789866
33469795664
33469801157
33469807078
33469813303
33469818369
33469824473
33469830088
33469834727
33469840708
33469847178
33469852732
33469859995
33469865427
33469870981
33469876719
33469882395
33469889536
33469895029
33469899729
33469906870
33469911570
33469918100
33469923472
33469928293
33469935740
33469940561
33469947519
33469951792
33469957041
33469963511
33469968515
33469974619
33469980600
33469985788
33469991342
33469996591
33470002390
33470007212
33470012827
33470017771
33470024668
33470030283
33470036081
33470042368
33470046091
33470052866
33470058664
33470062937
33470069650
33470074716
33470080393
33470085581
33470091501
33470097482
33470103037
33470109567
33470114572
33470120615
33470126169
33470130563
33470136850
33470142160
33470150522
33470156442
33470162057
33470168954
33470174142
33470181039
33470185678
33470194772
33470200570
33470206186
33470213083
33470218515
33470225717
33470230356
33470237375
33470244943
33470250070
33470257089
33470264230
33470269052
33470276193
33470284799
33470290414
33470297982
33470303475
33470310922
33470316659
33470323495
33470328927
33470338510
33470343331
33470350472
33470356698
33470362679
33470370553
33470376351
33470384591
33470391427
33470397408
33470404977
33470411385
33470417611
33470423959
33470429024
33470436715
33470445382
33470451241
33470458871
33470464303
33470470772
33470476571
33470487008
33470491952
33470499215
33470505990
33470513497
33470519967
33470526864
33470533516
33470539254
33470547005
33470553231
33470560128
33470566597
33470573311
33470580696
33470587288
33470593026
33470597847
33470604500
33470609444
33470616707
33470622872
33470629036
33470635323
33470639656
33470646370
33470652718
33470658211
33470663094
33470671333
33470677376
33470682930
33470688545
33470694771
33470698860
33470705391
33470712044
33470718513
33470723579
33470728279
33470737068
33470742683
33470747566
33470753242
33470761116
33470765877
33470773262
33470779121
33470786873
33470792732
33470797432
33470805305
33470810371
33470815986
33470821235
33470825630
33470830391
33470835945
33470843757
33470849922
33470854560
33470860908
33470865547
33470870063
33470875984
33470883308
33470888252
33470893867
33470899848
33470904121
33470910530
33470915840
33470922615
33470927131
33470933174
33470938423
33470944282
33470949104
33470954658
33470960700
33470966377
33470972602
33470977912
33470983344
33470988166
33470994575
33471000861
33471008247
33471013923
33471020576
33471026252
33471031074
33471038642
33471045051
33471052253
33471059089
33471065681
33471069221
33471076606
33471083564
33471088508
33471097602
33471104255
33471111213
33471117743
33471124640
33471131904
33471138800
33471145881
33471152289
33471159064
33471165290
33471172431
33471179450
33471187140
33471192084
33471201178
33471207892
33471213568
33471221503
33471227790
33471233832
33471241889
33471247321
33471255560
33471260809
33471268805
33471274420
33471282538
33471289191
33471296454
33471302924
33471309515
33471315802
33471322943
33471329230
33471335333
33471341742
33471349676
33471355963
33471362982
33471369269
33471374884
33471382269
33471387762
33471397894
33471404181
33471410711
33471417364
33471422796
33471428228
33471435125
33471442572
33471448553
33471455023
33471460394
33471465277
33471470404
33471476995
33471484014
33471488775
33471495794
33471501654
33471508123
33471513433
33471518804
33471524603
33471531011
33471538275
33471542608
33471549444
33471553655
33471560796
33471565984
33471573126
33471578802
33471583990
33471590826
33471596075
33471601507
33471607977
33471615728
33471620977
33471627386
33471632024
33471638128
33471643316
33471648687
33471654241
33471660345
33471667242
33471671758
33471677373
33471681890
33471689275
33471694951
33471701116
33471706548
33471712224
33471718511
33471722966
33471729192
33471734990
33471740911
33471746160
33471752568
33471757940
33471762700
33471768804
33471775396
33471780583
33471786931
33471791143
33471796819
33471802373
33471807500
33471812261
33471820256
33471825871
33471830632
33471836003
33471841313
33471848210
33471854497
33471861516
33471868657
33471873784
33471880986
33471887517
33471891850
33471899419
33471907414
33471913762
33471919987
33471926884
33471932927
33471937443
33471944524
33471951237
33471958439
33471964665
33471971440
33471978215
33471983769
33471991154
33471997990
33472005253
33472012211
33472018803
33472025761
33472032597
33472039433
33472045109
33472053959
33472060246
33472065922
33472072148
33472079350
33472085697
33472090763
33472098576
33472106266
33472112614
33472120243
33472125920
33472132267
33472139347
33472145878
33472152836
33472160709
33472167667
33472173283
33472180607
33472187870
33472194401
33472202641
33472208012
33472214603
33472220646
33472227360
33472233829
33472241154
33472249515
33472255863
33472261661
33472267948
33472274357
33472280277
33472286930
33472291263
33472298465
33472305179
33472310001
33472316410
33472321170
33472327274
33472333561
33472340763
33472346439
33472352970
33472357425
33472364200
33472370670
33472374942
33472383487
33472388980
33472393741
33472400272
33472406009
33472411197
33472415714
33472421695
33472428226
33472434757
33472440799
33472445987
33472453006
33472457401
33472461917
33472469486
33472475589
33472481082
33472485904
33472492435
33472497684
33472502078
33472509219
33472514590
33472520938
33472526126
33472530582
33472535159
33472542056
33472548587
33472553470
33472559451
33472565738
33472571292
33472575442
33472581241
33472588138
33472592715
33472598636
33472603885
33472608889
33472614749
33472619571
33472626834
33472632754
33472638308
33472643069
33472648501
33472654605
33472659915
33472664981
33472672122
33472675906
33472684146
33472690859
33472696414
33472703372
33472709353
33472715579
33472722842
33472729189
33472735842
33472741885
33472748782
33472755129
33472761538
33472768557
33472774966
33472780459
33472788088
33472795107
33472801760
33472809206
33472814028
33472821535
33472827761
33472834841
33472843203
33472848635
33472857363
33472863650
33472869753
33472875918
33472882631
33472889284
33472896608
33472905764
33472911989
33472920107
33472927126
33472934328
33472940859
33472946474
33472953127
33472960573
33472969545
33472976015
33472984499
33472991274
33472998598
33473005190
33473012941
33473018190
33473025942
33473033754
33473039491
33473047914
33473053896
33473062502
33473069093
33473076112
33473082765
33473089113
33473096010
33473103883
33473110963
33473117494
33473121828
33473129030
33473135866
33473140748
33473146913
33473153749
33473160768
33473166688
33473171876
33473177675
33473184816
33473190187
33473195131
33473201722
33473208070
33473213929
33473220338
33473227235
33473232423
33473239442
33473244691
33473251710
33473258729
33473263734
33473271180
33473276429
33473282594
33473289857
33473296876
33473301515
33473308595
33473313294
33473319703
33473326600
33473332581
33473338136
33473344117
33473348695
33473355286
33473360902
33473367188
33473372987
33473379090
33473384339
33473390382
33473396058
33473400880
33473407838
33473412537
33473419495
33473424866
33473430909
33473436280
33473442994
33473448670
33473452881
33473459595
33473465699
33473471192
33473477356
33473482117
33473488099
33473493470
33473500123
33473505127
33473509766
33473516175
33473522950
33473528565
33473533936
33473539612
33473544983
33473550415
33473556702
33473563782
33473571778
33473576721
33473584351
33473591187
33473597351
33473602722
33473609925
33473615418
33473623779
33473629883
33473635925
33473643494
33473648804
33473656494
33473661926
33473669861
33473675781
33473682556
33473690552
33473697205
33473703430
33473712158
33473717285
33473723938
33473732605
33473736999
33473745239
33473752807
33473758301
33473766784
33473772033
33473780456
33473785705
33473794189
33473799499
33473808105
33473813537
33473823486
33473829406
33473837463
33473844604
33473852417
33473858154
33473865905
33473871765
33473880004
33473886657
33473892700
33473901000
33473907714
33473914306
33473920837
33473929199
33473935302
33473942077
33473948608
33473955444
33473963744
33473970458
33473978149
33473983642
33473991759
33473998473
33474005126
33474011779
33474019714
33474026977
33474031737
33474037719
33474045531
33474049438
33474057494
33474063292
33474067992
33474073791
33474080016
33474085936
33474094054
33474099425
33474106139
33474111693
33474118346
33474124694
33474130126
33474136473
33474141600
33474148803
33474154174
33474161498
33474166564
33474172850
33474178038
33474185973
33474191893
33474198363
33474204344
33474209349
33474216673
33474221373
33474228819
33474235472
33474241454
33474246886
33474252806
33474259093
33474265013
33474272337
33474277647
33474283202
33474288634
33474294188
33474298277
33474305174
33474310789
33474316405
33474323973
33474328673
33474334715
33474339354
33474345885
33474350645
33474357725
33474363096
33474369444
33474374815
33474379576
33474386168
33474391722
33474397032
33474403135
33474408751
33474414915
33474420103
33474426146
33474431089
33474437132
33474442503
33474448484
33474453855
33474460508
33474465269
33474471922
33474478208
33474484312
33474491087
33474497557
33474505064
33474511350
33474517820
33474525083
33474529905
33474535887
33474544187
33474550230
33474557310
33474563902
33474569212
33474577207
33474582517
33474589964
33474595884
33474604856
33474611509
33474617673
33474623716
33474632505
33474639219
33474645200
33474653623
33474659055
33474667539
33474674131
33474680784
33474688169
33474694700
33474700925
33474707578
33474715207
33474721982
33474729612
33474736386
33474744138
33474749082
33474756711
33474763608
33474771421
33474776303
33474784726
33474791501
33474797605
33474806211
33474811643
33474820126
33474827756
33474834653
33474840024
33474847104
33474854672
33474861874
33474867246
33474876645
33474882565
33474890134
33474896054
33474903439
33474911069
33474917172
33474924863
33474932126
33474937863
33474944821
33474953000
33474957821
33474963009
33474970089
33474975339
33474982480
33474987729
33474995541
33475001523
33475007504
33475013485
33475019528
33475026913
33475032162
33475039608
33475044796
33475050656
33475056881
33475062802
33475069088
33475075070
33475082028
33475087826
33475094113
33475100033
33475105770
33475111569
33475117794
33475123715
33475130612
33475134884
33475141781
33475147701
33475154537
33475160824
33475165463
33475173397
33475178097
33475184017
33475191524
33475195248
33475202938
33475209286
33475214352
33475220394
33475227108
33475231808
33475238643
33475244198
33475249569
33475255184
33475260555
33475268062
33475273678
33475279232
33475284603
33475290157
33475294124
33475300899
33475308040
33475314022
33475319210
33475325313
33475331417
33475336177
33475342403
33475347164
33475354305
33475359554
33475365474
33475370967
33475376827
33475382137
33475387996
33475393367
33475399349
33475405269
33475411739
33475418208
33475424617
33475431941
33475436763
33475445003
33475450435
33475457271
33475464290
33475471126
33475476497
33475484126
33475490352
33475497859
33475503780
33475510371
33475516536
33475523860
33475530513
33475536861
33475546016
33475551387
33475558101
33475565669
33475573787
33475579097
33475585750
33475592524
33475599299
33475607478
33475614680
33475622248
33475626521
33475635310
33475639888
33475649287
33475653926
33475663203
33475670283
33475675776
33475684809
33475690730
33475697260
33475704951
33475711848
33475719538
33475726191
33475732234
33475740412
33475746455
33475753474
33475761042
33475769465
33475776118
33475783503
33475790217
33475796076
33475801997
33475810175
33475816950
33475824457
33475831171
33475838312
33475845026
33475852350
33475859003
33475866144
33475872919
33475880549
33475886652
33475892450
33475898493
33475904657
33475910639
33475917048
33475922968
33475929682
33475935724
33475942316
33475946772
33475953669
33475959528
33475965448
33475974054
33475978632
33475986444
33476002069
33476011347
33476020075
33476029657
33476036432
33476041132
33476048517
33476055292
33476059198
33476066644
33476073541
33476078241
33476086176
33476091486
33476098444
33476103754
33476110956
33476116144
33476122735
33476130121
33476136529
33476141656
33476147333
33476152704
33476158380
33476163690
33476170160
33476175470
33476180536
33476188043
33476192254
33476199151
33476203363
33476209283
33476215387
33476222467
33476229058
33476234368
33476239740
33476245965
33476251275
33476257012
33476262384
33476268121
33476273492
33476279595
33476284905
33476290643
33476296014
33476301751
33476309442
33476314202
33476320855
33476325555
33476332208
33476336968
33476342523
33476349786
33476354852
33476362542
33476367913
33476375603
33476382134
33476388177
33476394341
33476400628
33476407769
33476413933
33476421258
33476427849
33476434807
33476440972
33476447991
33476453301
33476460381
33476466790
33476474236
33476480889
33476486870
33476495476
33476501519
33476508538
33476517022
33476523430
33476529412
33476537529
33476544243
33476550835
33476559563
33476567009
33476573784
33476581047
33476587944
33476594231
33476601067
33476608696
33476615532
33476623589
33476628716
33476636101
33476642937
33476650078
33476656792
33476663872
33476670586
33476677727
33476684502
33476691887
33476698662
33476706047
33476712822
33476719780
33476727409
33476732780
33476739494
33476746208
33476752922
33476759819
33476766472
33476774223
33476781486
33476789116
33476793449
33476801567
33476809379
33476814628
33476823478
33476828971
33476836174
33476841545
33476848075
33476853385
33476859916
33476866691
33476872856
33476878105
33476884513
33476889701
33476897270
33476902397
33476908866
33476914054
33476920951
33476928642
33476934318
33476940238
33476946830
33476952628
33476958060
33476965385
33476970939
33476976737
33476983085
33476989127
33476995475
33477001517
33477008536
33477014396
33477019706
33477025748
33477033256
33477039237
33477045402
33477051810
33477056449
33477064139
33477068900
33477074881
33477080802
33477086722
33477093680
33477100333
33477104606
33477111747
33477116629
33477123832
33477128592
33477134757
33477139640
33477146476
33477151786
33477158255
33477163687
33477169608
33477175040
33477180045
33477185477
33477191702
33477198355
33477202506
33477207999
33477215079
33477220938
33477226859
33477231863
33477237967
33477242972
33477249075
33477254813
33477261465
33477266287
33477270987
33477278067
33477284293
33477291067
33477297110
33477304129
33477310232
33477317984
33477324576
33477331595
33477335745
33477344168
33477350332
33477357351
33477364248
33477369742
33477377127
33477382620
33477390432
33477398916
33477406912
33477413687
33477420279
33477426992
33477434561
33477441397
33477447561
33477454397
33477462454
33477469290
33477475637
33477483572
33477490896
33477497671
33477505728
33477514272
33477519521
33477528249
33477534048
33477542104
33477548025
33477555837
33477561697
33477569143
33477575002
33477582693
33477588674
33477596670
33477602651
33477611440
33477617422
33477625600
33477632314
33477638906
33477644948
33477653615
33477660329
33477666555
33477675039
33477682180
33477688833
33477695668
33477702260
33477709523
33477716115
33477723745
33477730580
33477736928
33477743642
33477752004
33477759084
33477763845
33477769948
33477776845
33477782826
33477789479
33477793447
33477801686
33477805592
33477813710
33477819570
33477824269
33477832814
33477838063
33477845448
33477850819
33477857411
33477862599
33477869130
33477875905
33477882069
33477887685
33477894093
33477902028
33477907155
33477912282
33477919240
33477926869
33477932484
33477939808
33477944935
33477950917
33477957509
33477963490
33477970570
33477976735
33477982472
33477988209
33477993275
33478000538
33478004872
33478010182
33478017811
33478023610
33478028370
33478034840
33478039540
33478045765
33478050465
33478057423
33478062855
33478069142
33478074574
33478080799
33478086048
33478091786
33478097157
33478102101
33478107655
33478113514
33478120167
33478126331
33478132313
33478137257
33478143360
33478147999
33478154591
33478160145
33478166004
33478171314
33478177540
33478183338
33478189258
33478195057
33478200977
33478206715
33478211475
33478218616
33478225513
33478232105
33478240101
33478247486
33478253895
33478260364
33478266102
33478273731
33478278797
33478286365
33478291553
33478299854
33478306141
33478313037
33478320484
33478327076
33478334644
33478341846
33478350574
33478355762
33478363635
33478370777
33478378589
33478385425
33478390430
33478400256
33478406421
33478413318
33478421802
33478427783
33478436389
33478442432
33478449878
33478458606
33478465503
33478471057
33478477771
33478484607
33478493762
33478500049
33478507434
33478515918
33478521716
33478527514
33478535876
33478543078
33478548511
33478557422
33478563952
33478570300
33478576770
33478583300
33478590686
33478597644
33478604296
33478609668
33478617663
33478624255
33478630114
33478636706
33478644396
33478649768
33478657397
33478662707
33478672289
33478678759
33478684558
33478691454
33478697253
33478701952
33478709277
33478715075
33478720751
33478726977
33478733080
33478739672
33478745593
33478752551
33478757006
33478765429
33478771471
33478778124
33478783495
33478790209
33478795885
33478802477
33478808459
33478813647
33478821154
33478826342
33478833178
33478838366
33478845629
33478851549
33478858324
33478864306
33478869677
33478875353
33478881517
33478887438
33478894457
33478900316
33478906359
33478911669
33478917650
33478921678
33478928698
33478934679
33478938890
33478944811
33478951891
33478957567
33478963610
33478969835
33478975511
33478980211
33478987169
33478992906
33478998216
33479004808
33479010057
33479015489
33479020799
33479025926
33479034288
33479038866
33479044786
33479050340
33479057726
33479063280
33479068956
33479074449
33479080980
33479087877
33479092454
33479098985
33479103929
33479109849
33479115587
33479121202
33479128648
33479135240
33479141404
33479148118
33479152635
33479160020
33479164781
33479172471
33479179612
33479186815
33479194200
33479201341
33479208909
33479215135
33479221543
33479227952
33479234605
33479241319
33479248948
33479255601
33479262254
33479269517
33479277329
33479285020
33479290818
33479299424
33479304673
33479314195
33479320664
33479328782
33479335252
33479342454
33479350816
33479356004
33479364732
33479370835
33479376816
33479385544
33479391526
33479400010
33479406846
33479413437
33479420151
33479426255
33479432175
33479441086
33479447800
33479455369
33479462510
33479470017
33479475266
33479485093
33479492966
33479498337
33479505051
33479513718
33479518235
33479527756
33479534287
33479541977
33479546616
33479554367
33479562241
33479569748
33479577194
33479582993
33479590927
33479596909
33479602829
33479608139
33479614121
33479620407
33479625900
33479630905
33479637131
33479644577
33479651474
33479657211
33479662155
33479667465
33479674057
33479679367
33479684677
33479690536
33479698166
33479702743
33479709091
33479713058
33479720566
33479724594
33479731491
33479736374
33479743271
33479749435
33479755722
33479761886
33479766281
33479772812
33479779159
33479785202
33479790390
33479797348
33479802108
33479808212
33479813034
33479818710
33479825729
33479832199
33479838058
33479843673
33479848678
33479853683
33479858627
33479864425
33479870468
33479876327
33479881637
33479886093
33479892745
33479897506
33479903854
33479909042
33479915328
33479920638
33479925887
33479930831
33479936568
33479941879
33479947799
33479954269
33479958846
33479964523
33479970138
33479975692
33479980209
33479986373
33479993026
33479998519
33480003951
33480010055
33480015548
33480019576
33480025008
33480032638
33480040694
33480046126
33480052718
33480057784
33480065230
33480071029
33480077559
33480083724
33480090987
33480097029
33480103865
33480108260
33480114852
33480120650
33480127120
33480136275
33480142256
33480150008
33480155440
33480163130
33480168746
33480176314
33480182112
33480189498
33480195418
33480203536
33480209700
33480216292
33480222578
33480228377
33480233870
33480243941
33480250471
33480256209
33480262556
33480269209
33480275679
33480282881
33480289656
33480298018
33480304976
33480310286
33480316389
33480322432
33480328718
33480336348
33480344832
33480352095
33480358259
33480365339
33480371138
33480378462
33480384748
33480390181
33480399458
33480405195
33480411726
33480417219
33480425642
33480431257
33480437727
33480444136
33480452375
33480459150
33480465437
33480473371
33480479414
33480485395
33480490705
33480497785
33480503523
33480509138
33480515485
33480521467
33480525922
33480531477
33480538068
33480543806
33480549787
33480556562
33480561750
33480567182
33480573347
33480578596
33480584699
33480591535
33480596601
33480603559
33480608442
33480614362
33480621015
33480625593
33480630292
33480637678
33480643476
33480649518
33480655072
33480661176
33480666669
33480672406
33480678937
33480685285
33480691144
33480696820
33480702924
33480707257
33480712445
33480718305
33480725995
33480730634
33480736127
33480740521
33480746381
33480752728
33480759015
33480764142
33480770001
33480775250
33480780988
33480786542
33480792218
33480796857
33480802472
33480809064
33480813580
33480819318
33480823773
33480829633
33480835797
33480841229
33480846478
33480851971
33480858563
33480862591
33480868878
33480873028
33480879498
33480883465
33480891217
33480895856
33480901715
33480906170
33480913006
33480920331
33480925458
33480930401
33480939435
33480945538
33480951092
33480956830
33480963177
33480968792
33480975140
33480981793
33480987774
33480994793
33481001263
33481007672
33481014874
33481020367
33481028424
33481036358
33481042828
33481049542
33481056011
33481061444
33481067730
33481073895
33481080364
33481087689
33481094402
33481101605
33481108074
33481114544
33481120953
33481128216
33481135540
33481143047
33481150799
33481156353
33481162456
33481169659
33481176372
33481181988
33481189922
33481195904
33481203045
33481208538
33481216472
33481221905
33481229473
33481235882
33481244121
33481250774
33481257854
33481264324
33481269512
33481275859
33481283123
33481289592
33481296489
33481303020
33481310039
33481314800
33481322490
33481328716
33481335247
33481342754
33481351360
33481355693
33481364055
33481368816
33481375163
33481381450
33481386272
33481393535
33481398723
33481405193
33481410014
33481415630
33481422466
33481428264
33481431621
33481440715
33481446269
33481452129
33481457744
33481462688
33481468181
33481473796
33481480937
33481487163
33481492900
33481499003
33481504741
33481510417
33481516398
33481520671
33481526713
33481532634
33481539409
33481545756
33481551555
33481556376
33481562419
33481567180
33481575297
33481580973
33481585307
33481590495
33481596049
33481601420
33481607768
33481613139
33481619364
33481623210
33481629008
33481634013
33481640605
33481645121
33481650859
33481656962
33481662882
33481668437
33481672770
33481678446
33481682780
33481689127
33481694499
33481700846
33481706156
33481712443
33481717448
33481723429
33481728190
33481733927
33481740641
33481745219
33481750895
33481755411
33481761332
33481767618
33481772196
33481777506
33481784342
33481790323
33481796305
33481802469
33481809000
33481812723
33481819803
33481827982
33481833292
33481840067
33481845194
33481852335
33481857340
33481863993
33481871622
33481877665
33481883829
33481890665
33481896524
33481902994
33481909525
33481916544
33481921183
33481930338
33481936563
33481943582
33481949625
33481957376
33481963846
33481969400
33481979898
33481986551
33481992410
33481998697
33482006571
33482012796
33482019449
33482026041
33482033609
33482038553
33482045694
33482052042
33482058755
33482066690
33482071756
33482078836
33482086099
33482093912
33482101175
33482107828
33482112832
33482120767
33482125650
33482134317
33482140237
33482147928
33482153604
33482159951
33482168008
33482173684
33482181985
33482189370
33482195962
33482202371
33482208840
33482215676
33482222085
33482229104
33482235757
33482243203
33482247659
33482253945
33482259377
33482264626
33482269998
33482276345
33482283669
33482288186
33482293923
33482300027
33482306741
33482311013
33482316995
33482323037
33482329324
33482336098
33482341775
33482346596
33482352517
33482357278
33482364297
33482369057
33482376687
33482382302
33482387551
33482393105
33482398903
33482404397
33482410805
33482416726
33482422219
33482427956
33482433877
33482439309
33482445229
33482451333
33482457375
33482462990
33482469216
33482473488
33482479958
33482485451
33482491066
33482497536
33482501442
33482507973
33482514504
33482518593
33482524758
33482530068
33482535073
33482539772
33482546059
33482552284
33482557961
33482561867
33482568276
33482572182
33482577126
33482583351
33482590492
33482595131
33482600929
33482606545
33482611366
33482617409
33482622414
33482626686
33482635292
33482640419
33482645424
33482650307
33482655922
33482660011
33482667274
33482674904
33482681496
33482687355
33482692543
33482699928
33482704872
33482711952
33482717933
33482724586
33482730751
33482737526
33482743202
33482749061
33482754738
33482761085
33482767128
33482775184
33482779640
33482788612
33482794899
33482800270
33482807106
33482814125
33482822059
33482827857
33482834083
33482839576
33482847389
33482852821
33482860877
33482867530
33482875343
33482881873
33482887733
33482894080
33482901954
33482908485
33482913795
33482920631
33482928565
33482935279
33482942786
33482949317
33482956031
33482960792
33482968909
33482974341
33482982947
33482990516
33482997718
33483004066
33483011207
33483016578
33483023536
33483032447
33483038916
33483044471
33483049903
33483057105
33483062476
33483069861
33483075354
33483084265
33483090796
33483096717
33483105323
33483110999
33483117530
33483124121
33483131629
33483136756
33483143530
33483150000
33483156226
33483161414
33483168677
33483174780
33483181311
33483187232
33483193701
33483199378
33483205664
33483210181
33483217078
33483222876
33483229651
33483235083
33483241919
33483248144
33483253027
33483259314
33483263892
33483271948
33483277930
33483283118
33483288367
33483294775
33483299048
33483305029
33483312720
33483317969
33483324255
33483328894
33483334387
33483341040
33483346106
33483351904
33483358130
33483363745
33483369604
33483374548
33483380346
33483386450
33483390905
33483398046
33483403051
33483408178
33483413305
33483419042
33483424291
33483428503
33483435522
33483441992
33483447241
33483451879
33483458715
33483462927
33483468237
33483476354
33483480993
33483486791
33483493505
33483498876
33483502233
33483508276
33483514562
33483520849
33483525121
33483531347
33483536840
33483542699
33483549535
33483554723
33483563390
33483569860
33483575475
33483582250
33483587987
33483595312
33483602209
33483609166
33483615819
33483620885
33483627172
33483634435
33483639501
33483647069
33483654454
33483661351
33483666295
33483673192
33483680211
33483686925
33483692845
33483701329
33483707799
33483714330
33483720800
33483728185
33483732884
33483741612
33483749486
33483755223
33483762364
33483767857
33483775548
33483782323
33483789159
33483796178
33483803441
33483810216
33483816624
33483823460
33483830174
33483837132
33483845433
33483853917
33483860875
33483866612
33483874608
33483879613
33483885960
33483893834
33483901524
33483907384
33483915440
33483921788
33483927830
33483934178
33483941075
33483947850
33483955418
33483962559
33483969761
33483975926
33483980564
33483987156
33483992039
33484000950
33484006748
33484012852
33484018589
33484023533
33484028965
33484035069
33484041294
33484047703
33484053990
33484058689
33484065098
33484070713
33484076450
33484081822
33484089268
33484093479
33484099278
33484105869
33484111851
33484117161
33484123142
33484128880
33484133945
33484140232
33484146946
33484151829
33484157322
33484164036
33484170139
33484175632
33484182041
33484187717
33484192356
33484196567
33484203159
33484209141
33484214939
33484221653
33484227085
33484231846
33484236362
33484243808
33484249180
33484254734
33484259861
33484265903
33484271396
33484275547
33484281528
33484285923
33484293430
33484299839
33484304843
33484308567
33484314548
33484320957
33484326389
33484332981
33484338108
33484343601
33484348789
33484353793
33484358920
33484364597
33484371188
33484376010
33484382236
33484389316
33484394321
33484400241
33484407443
33484414767
33484420016
33484426303
33484433322
33484438754
33484445895
33484451511
33484458102
33484465854
33484473056
33484480197
33484485690
33484491794
33484498630
33484503756
33484512179
33484520236
33484527987
33484533725
33484539096
33484547274
33484554293
33484561435
33484568820
33484576083
33484582003
33484589022
33484595492
33484601107
33484609835
33484616793
33484624301
33484630587
33484637240
33484643710
33484651217
33484658419
33484664034
33484671969
33484678195
33484683810
33484691805
33484697115
33484705477
33484712801
33484719942
33484725008
33484733065
33484738497
33484745333
33484752474
33484760714
33484767550
33484773592
33484781344
33484787081
33484793245
33484799715
33484806429
33484813387
33484819430
33484825106
33484831698
33484837435
33484842501
33484847384
33484855318
33484862459
33484868135
33484873507
33484879244
33484884676
33484890352
33484896212
33484903231
33484909090
33484914339
33484920198
33484925691
33484931673
33484937410
33484943697
33484949678
33484954561
33484960054
33484966951
33484972749
33484978426
33484986055
33484990205
33484996858
33485002290
33485007967
33485014742
33485019441
33485025911
33485031160
33485036775
33485041841
33485047395
33485052644
33485058259
33485063631
33485070344
33485075471
33485080232
33485085298
33485091463
33485096528
33485102693
33485108369
33485114839
33485119966
33485125337
33485130769
33485135408
33485142915
33485147981
33485153840
33485158235
33485164827
33485170930
33485175935
33485181184
33485187287
33485192475
33485197114
33485203523
33485209077
33485214204
33485218232
33485226777
33485232453
33485238984
33485246430
33485251496
33485259248
33485265778
33485272797
33485279939
33485286042
33485291352
33485299104
33485304719
33485311799
33485320161
33485326386
33485333039
33485339326
33485347504
33485352509
33485358796
33485365815
33485374055
33485380707
33485387543
33485393647
33485400239
33485406159
33485413666
33485423066
33485429169
33485436005
33485441620
33485448883
33485454377
33485463166
33485469818
33485477570
33485483063
33485490753
33485497773
33485502838
33485511322
33485517060
33485526276
33485532746
33485539337
33485545441
33485552521
33485559662
33485566437
33485573456
33485580902
33485587555
33485593109
33485599396
33485604889
33485613678
33485620453
33485627411
33485634064
33485641876
33485646149
33485654449
33485660370
33485667389
33485674652
33485681061
33485687286
33485692657
33485697601
33485703155
33485709320
33485715790
33485722137
33485727691
33485732391
33485738861
33485744293
33485749664
33485755767
33485763458
33485768035
33485774566
33485780792
33485785064
33485792022
33485798126
33485804412
33485809539
33485815399
33485820342
33485827972
33485833831
33485842498
33485851043
33485857208
33485863372
33485869293
33485875396
33485881072
33485887603
33485893462
33485897491
33485903838
33485910125
33485916473
33485921416
33485928252
33485934051
33485939605
33485945647
33485951446
33485955901
33485962310
33485967254
33485973723
33485980376
33485985442
33485992156
33485997710
33486003020
33486009551
33486013396
33486021453
33486026763
33486033477
33486038848
33486044341
33486050566
33486054656
33486062285
33486067656
33486072722
33486079802
33486085295
33486091704
33486097991
33486105437
33486112395
33486120024
33486126250
33486131804
33486139861
33486146269
33486153777
33486158476
33486166411
33486173857
33486178923
33486186736
33486193633
33486199675
33486207243
33486213469
33486221159
33486228361
33486234404
33486243193
33486250090
33486256682
33486265043
33486271330
33486278166
33486284819
33486293364
33486298735
33486307524
33486315031
33486321745
33486329374
33486334440
33486342375
33486349089
33486356108
33486363615
33486370939
33486377653
33486384489
33486391264
33486398405
33486406156
33486413786
33486420317
33486428007
33486432340
33486442289
33486449369
33486455351
33486462858
33486469022
33486476896
33486482816
33486491422
33486497343
33486504789
33486510709
33486517850
33486523893
33486533720
33486540861
33486548917
33486555936
33486562650
33486568571
33486574491
33486580411
33486586637
33486592557
33486599576
33486603910
33486612394
33486618985
33486624234
33486643522
33486648343
33486655545
33486660245
33486667569
33486672269
33486680387
33486685392
33486692166
33486697293
33486703641
33486708829
33486715665
33486720731
33486728543
33486733609
33486740140
33486747464
33486752591
33486758450
33486765408
33486771451
33486778104
33486783841
33486789151
33486794888
33486801602
33486807339
33486812772
33486819730
33486825284
33486831265
33486835538
33486840909
33486847928
33486853543
33486859585
33486865323
33486869961
33486877041
33486882290
33486887356
33486892117
33486898770
33486904141
33486909939
33486916714
33486921231
33486927884
33486933560
33486939175
33486943325
33486950833
33486955044
33486960293
33486967373
33486974148
33486978787
33486985867
33486991238
33486996731
33487003445
33487007839
33487015469
33487021816
33487027859
33487033901
33487040188
33487046902
33487053066
33487059597
33487067471
33487072292
33487079678
33487084621
33487093288
33487098721
33487106045
33487111538
33487119045
33487124355
33487132107
33487137966
33487145962
33487151943
33487159450
33487165310
33487172573
33487180813
33487187404
33487194057
33487201503
33487208217
33487214199
33487221035
33487228115
33487234829
33487242031
33487249172
33487256191
33487262905
33487271083
33487277736
33487284389
33487291225
33487297634
33487304592
33487311916
33487319179
33487327480
33487333156
33487341091
33487347804
33487355800
33487363490
33487368861
33487375514
33487382106
33487391505
33487396938
33487404689
33487412379
33487420436
33487426356
33487433192
33487440761
33487447291
33487454921
33487461574
33487467616
33487477260
33487484157
33487491664
33487497706
33487503810
33487509669
33487516139
33487522059
33487528041
33487533900
33487541224
33487547084
33487553431
33487559352
33487565638
33487572108
33487576808
33487584620
33487589381
33487595179
33487600978
33487608729
33487613368
33487620509
33487627162
33487632472
33487638758
33487644129
33487649012
33487655665
33487660487
33487667994
33487673121
33487680140
33487685511
33487691615
33487697230
33487702845
33487708582
33487714503
33487719752
33487725306
33487731654
33487735743
33487741968
33487747584
33487753992
33487760462
33487764918
33487771021
33487776636
33487781641
33487787439
33487793360
33487799280
33487803003
33487809534
33487815027
33487819483
33487825220
33487831629
33487837976
33487843287
33487848719
33487853785
33487859156
33487864160
33487869348
33487874964
33487880335
33487886194
33487891870
33487897119
33487901514
33487907739
33487914148
33487920130
33487926172
33487932337
33487937891
33487944055
33487949793
33487956629
33487964685
33487969995
33487977502
33487982568
33487990137
33487996057
33488001672
33488007776
33488015893
33488020471
33488027673
33488033472
33488040613
33488047021
33488053674
33488062707
33488068567
33488075830
33488081384
33488088037
33488095117
33488102136
33488107690
33488116113
33488122461
33488129052
33488135339
33488142663
33488148950
33488154321
33488162805
33488170251
33488175256
33488182702
33488189172
33488196069
33488202783
33488209374
33488216332
33488223779
33488230493
33488235986
33488243493
33488248986
33488256249
33488261804
33488271569
33488278161
33488284936
33488291344
33488297997
33488304284
33488310998
33488317590
33488325463
33488332177
33488338647
33488344994
33488351647
33488357995
33488364647
33488371361
33488378014
33488383935
33488388756
33488395165
33488400109
33488405907
33488412194
33488419457
33488425316
