55653087508
55653094222
55653099532
55653105818
55653111128
55653117293
55653123396
55653130110
55653135786
55653141280
55653148115
55653154646
55653160078
55653166121
55653172652
55653179487
55653185530
55653192000
55653200178
55653205122
55653212568
55653220381
55653227339
55653235701
55653242537
55653247664
55653255964
55653263411
55653270246
55653278120
55653284651
55653291731
55653298506
55653305220
55653312178
55653318769
55653326460
55653333113
55653338850
55653346113
55653355146
55653360700
55653369306
55653374738
55653381574
55653388837
55653395490
55653401167
55653410139
55653416242
55653425092
55653432783
55653440229
55653447187
55653454511
55653461835
55653468549
55653476057
55653481306
55653489423
55653497541
55653505597
55653511579
55653522443
55653530134
55653537458
55653545209
55653553144
55653561811
55653567975
55653577497
55653585736
55653592328
55653600934
55653609784
55653616193
55653624555
55653633100
55653642804
55653650189
55653659162
55653665570
55653674970
55653681500
55653689374
55653696698
55653707440
55653716229
55653723737
55653730756
55653737958
55653744916
55653752423
55653760113
55653768048
55653774518
55653781964
55653788678
55653796002
55653803631
55653810956
55653818585
55653827252
55653834149
55653842144
55653850079
55653856488
55653864117
55653870709
55653881207
55653888409
55653895428
55653901959
55653912030
55653919720
55653927471
55653933087
55653942913
55653950848
55653958294
55653964459
55653971722
55653980267
55653987774
55653994366
55654002239
55654010418
55654019146
55654027935
55654034649
55654042705
55654050091
55654059124
55654066204
55654074993
55654081951
55654090862
55654097759
55654107952
55654115642
55654125652
55654132549
55654140239
55654149517
55654157756
55654164409
55654172771
55654181072
55654191448
55654199260
55654205547
55654213359
55654219768
55654227764
55654234111
55654243511
55654250347
55654260784
55654268474
55654276775
55654281596
55654292033
55654300700
55654308940
55654316692
55654324748
55654332194
55654339763
55654347941
55654356242
55654364604
55654374431
55654383342
55654392253
55654399577
55654407878
55654415934
55654422282
55654431804
55654438456
55654447306
55654454997
55654465007
55654472087
55654480510
55654487712
55654495402
55654503276
55654510966
55654518351
55654526469
55654535258
55654543315
55654550944
55654558512
55654565592
55654573344
55654580607
55654588114
55654596110
55654604227
55654613505
55654620829
55654628641
55654636271
55654643595
55654650553
55654657938
55654664774
55654672343
55654680460
55654688456
55654694620
55654702799
55654710306
55654718607
55654727457
55654735209
55654742716
55654750345
55654759012
55654764933
55654773783
55654780863
55654791300
55654798807
55654808695
55654815225
55654823160
55654829325
55654837137
55654843179
55654851419
55654857950
55654867349
55654875040
55654882608
55654887247
55654897623
55654905679
55654916177
55654924844
55654931558
55654939798
55654947732
55654955179
55654962564
55654970682
55654977640
55654987771
55654993692
55655002298
55655008401
55655017251
55655025735
55655035318
55655043557
55655052468
55655059671
55655067727
55655077188
55655084573
55655091470
55655102578
55655109658
55655120095
55655127419
55655137246
55655147256
55655155374
55655164468
55655172891
55655180398
55655189187
55655200723
55655208047
55655212685
55655223489
55655230691
55655240884
55655246987
55655253762
55655261574
55655269265
55655276467
55655283608
55655292275
55655300149
55655307900
55655314919
55655322670
55655330239
55655337746
55655345559
55655354042
55655360939
55655368142
55655375344
55655382790
55655389504
55655396828
55655404763
55655412758
55655420326
55655429482
55655437782
55655443642
55655453285
55655459206
55655467690
55655475075
55655482704
55655488808
55655496742
55655503151
55655509193
55655515175
55655525124
55655532936
55655540321
55655549232
55655554481
55655564003
55655570289
55655579323
55655586097
55655595314
55655602516
55655609962
55655618995
55655624427
55655633522
55655643043
55655650978
55655659584
55655668312
55655676551
55655683998
55655692604
55655699562
55655706214
55655711891
55655717933
55655725196
55655731422
55655737769
55655744117
55655750526
55655756385
55655761695
55655768714
55655773719
55655781898
55655788795
55655796241
55655802222
55655807288
55655813819
55655819434
55655826697
55655835181
55655841590
55655848548
55655854468
55655860999
55655866309
55655873633
55655879981
55655886756
55655893531
55655898597
55655905860
55655911902
55655918616
55655924903
55655931006
55655937110
55655944007
55655949561
55655957740
55655964881
55655968970
55655977820
55655984107
55655988623
55655995642
55656000342
55656007483
55656013831
55656021582
55656028967
55656035498
55656041663
55656046729
55656053504
55656059424
55656067297
55656074500
55656081152
55656086951
55656092261
55656098364
55656104834
55656112769
55656119971
55656126440
55656133276
55656139990
55656147314
55656154700
55656161047
55656165930
55656172278
55656177588
55656184118
55656187536
55656195410
55656202002
55656208532
55656211950
55656220251
55656223486
55656232275
55656239172
55656244482
55656251867
55656257116
55656263586
55656269812
55656276647
55656281591
55656289282
55656294531
55656301489
55656308081
55656314428
55656319616
55656326513
55656331884
55656338415
55656346899
55656352453
55656357275
55656363683
55656368993
55656376867
55656382909
55656390295
55656394018
55656402319
55656408971
55656415075
55656421117
55656427038
55656432226
55656440771
55656448095
55656453771
55656460180
55656467382
55656473791
55656479650
55656488561
55656495092
55656501012
55656508336
55656514318
55656521459
55656526708
55656534703
55656542089
55656547582
55656555028
55656562047
55656565709
55656574254
55656580907
55656587560
55656593846
55656598912
55656605504
55656612096
55656618505
55656623692
55656630589
55656637120
55656642796
55656649266
55656655736
55656662572
55656669530
55656675511
55656681371
55656687779
55656693639
55656699620
55656704503
55656709386
55656715184
55656720189
55656728062
55656733800
55656740636
55656746617
55656753270
55656757054
55656764683
55656770421
55656776524
55656783665
55656789464
55656794224
55656800084
55656805821
55656810215
55656816563
55656824254
55656830601
55656836094
55656842564
55656847630
55656854710
55656860020
55656865879
55656872959
55656878758
55656884068
55656890354
55656896519
55656902378
55656908665
55656913731
55656920017
55656924534
55656932835
55656938633
55656944187
55656951023
55656957615
55656962925
55656968662
55656975193
55656981419
55656985691
55656993443
55657000095
55657006626
55657011814
55657017673
55657023289
55657030247
55657037083
55657041904
55657049961
55657056553
55657062229
55657067722
55657075779
55657081028
55657086338
55657092014
55657097873
55657104892
55657109836
55657116489
55657121738
55657129673
55657136325
55657142490
55657149875
55657154697
55657162326
55657167453
55657173862
55657179416
55657185642
55657190402
55657196750
55657203281
55657209873
55657215549
55657221897
55657228427
55657234958
55657241184
55657245334
55657251437
55657257724
55657264072
55657269260
55657275974
55657281406
55657288547
55657294162
55657300998
55657306796
55657312167
55657318210
55657324252
55657329990
55657336398
55657342807
55657347629
55657355197
55657359836
55657367526
55657373324
55657379855
55657386081
55657392184
55657398471
55657404513
55657410617
55657416293
55657421420
55657427646
55657433444
55657440097
55657446200
55657452304
55657458590
55657463839
55657472079
55657475802
55657483920
55657490206
55657496798
55657503939
55657509432
55657515780
55657522311
55657528781
55657535250
55657540316
55657546420
55657552523
55657558566
55657564364
55657569003
55657576388
55657583224
55657588473
55657595003
55657601656
55657605868
55657613924
55657619417
55657626253
55657632479
55657638399
55657641878
55657650851
55657657747
55657663973
55657669649
55657674105
55657680391
55657688082
55657694857
55657699434
55657705294
55657710238
55657718538
55657722689
55657730928
55657737825
55657744844
55657750399
55657757112
55657763277
55657770235
55657776583
55657783419
55657789278
55657796236
55657801851
55657808809
55657815706
55657820528
55657826570
55657832002
55657837435
55657843416
55657850313
55657856722
55657861910
55657868745
55657874422
55657879182
55657885103
55657891878
55657896883
55657904451
55657910188
55657916292
55657923494
55657928194
55657933076
55657939607
55657945527
55657952180
55657958345
55657964754
55657971040
55657977083
55657982942
55657989717
55657995454
55657999727
55658006562
55658011384
55658018831
55658024629
55658030549
55658034211
55658043000
55658049836
55658056489
55658061799
55658068635
55658075471
55658083222
55658088288
55658092927
55658098481
55658103486
55658111115
55658116609
55658123994
55658130036
55658135529
55658140046
55658145905
55658152497
55658159943
55658166169
55658172883
55658179780
55658184846
55658190766
55658196259
55658202607
55658208039
55658214997
55658221101
55658228730
55658239350
55658245820
55658252411
55658258271
55658264863
55658270051
55658277436
55658282929
55658289277
55658293305
55658301545
55658307404
55658313141
55658318695
55658324311
55658330414
55658336213
55658342255
55658347260
55658355561
55658360443
55658368073
55658374481
55658379425
55658385590
55658392731
55658397919
55658404694
55658410919
55658417511
55658421356
55658429474
55658435639
55658441132
55658447540
55658454376
55658459381
55658465851
55658470978
55658475739
55658482208
55658488129
55658493927
55658499237
55658505768
55658511017
55658516632
55658522125
55658528229
55658534637
55658541107
55658546722
55658553070
55658559356
55658565094
55658571014
55658575897
55658581451
55658588104
55658594024
55658599945
55658604522
55658609771
55658616912
55658623443
55658628997
55658634369
55658641815
55658647979
55658654022
55658659637
55658666473
55658672637
55658679046
55658685394
55658692352
55658698333
55658703948
55658710723
55658716705
55658722564
55658727447
55658733795
55658738616
55658745940
55658749542
55658758331
55658765167
55658771941
55658778350
55658784515
55658790801
55658797027
55658803985
55658808929
55658817535
55658822784
55658829253
55658836394
55658841460
55658847930
55658854461
55658861114
55658865996
55658873321
55658879546
55658884856
55658891875
55658896331
55658902739
55658907622
55658914702
55658920256
55658926543
55658931731
55658939849
55658946013
55658950713
55658955474
55658962249
55658967986
55658973784
55658979338
55658985259
55658990508
55658996062
55659001738
55659006072
55659012541
55659018706
55659025237
55659031584
55659038115
55659043669
55659049284
55659055449
55659060698
55659065398
55659071623
55659076506
55659083098
55659088713
55659094450
55659100615
55659105986
55659113066
55659119902
55659125578
55659130095
55659137907
55659143584
55659149748
55659156645
55659161833
55659167387
55659175078
55659180693
55659188261
55659192350
55659200468
55659204435
55659212187
55659218412
55659224028
55659228422
55659234098
55659240263
55659246733
55659253202
55659260099
55659265776
55659271879
55659277189
55659282743
55659289091
55659294584
55659301054
55659306059
55659313749
55659320768
55659327421
55659333830
55659340299
55659346342
55659352262
55659358671
55659363676
55659370084
55659375028
55659381132
55659386625
55659393400
55659396757
55659404142
55659410734
55659417387
55659423002
55659429349
55659436063
55659442472
55659448148
55659452482
55659459257
55659466337
55659472501
55659476468
55659482328
55659487455
55659495328
55659501188
55659508451
55659514005
55659521512
55659527066
55659534879
55659541898
55659549588
55659556119
55659561307
55659568021
55659574796
55659578397
55659589139
55659595120
55659601834
55659608182
55659614896
55659621915
55659627652
55659634854
55659640286
55659647000
55659652737
55659658719
55659662808
55659670010
55659675259
55659681058
55659686490
55659693143
55659700406
55659705655
55659713101
55659719876
55659726163
55659732876
55659739041
55659746853
55659752835
55659759488
55659764554
55659771817
55659775296
55659782803
55659788479
55659792935
55659800442
55659807095
55659812588
55659819485
55659826138
55659833096
55659840054
55659845669
55659852688
55659859463
55659865628
55659872463
55659879177
55659886563
55659892605
55659899502
55659905850
55659912441
55659918728
55659923061
55659929287
55659936855
55659943874
55659949673
55659955532
55659966091
55659975002
55659981899
55659988064
55659995144
55660001858
55660007534
55660012905
55660018825
55660023769
55660030239
55660036709
55660044277
55660050014
55660056484
55660062160
55660067714
55660072536
55660079372
55660086635
55660091274
55660098415
55660104030
55660109829
55660114894
55660123806
55660131069
55660137050
55660142055
55660148647
55660155300
55660160549
55660172023
55660177577
55660184596
55660191249
55660196987
55660204189
55660209377
55660216701
55660220180
55660227992
55660234523
55660240932
55660244838
55660253261
55660259486
55660265468
55660271205
55660275844
55660283107
55660289882
55660295619
55660300319
55660307948
55660313869
55660320521
55660326198
55660332728
55660338222
55660345180
55660350734
55660358241
55660362025
55660369655
55660372950
55660380214
55660385890
55660390223
55660396449
55660403651
55660408961
55660415370
55660420863
55660426661
55660432948
55660438319
55660444911
55660451014
55660458949
55660466517
55660472193
55660479518
55660485987
55660490748
55660497340
55660503199
55660511256
55660519251
55660525843
55660532069
55660538783
55660546412
55660552699
55660558314
55660564661
55660569849
55660575831
55660581690
55660588099
55660593653
55660601404
55660607691
55660612269
55660617213
55660623316
55660628443
55660635828
55660642115
55660648340
55660651819
55660659876
55660665003
55660670374
55660676050
55660682032
55660687281
55660693262
55660698999
55660703455
55660710962
55660715723
55660723658
55660728601
55660734461
55660741053
55660747217
55660752832
55660759668
55660765222
55660771814
55660777124
55660785974
55660792322
55660797876
55660805078
55660811853
55660818262
55660825098
55660831018
55660836511
55660841333
55660847070
55660853906
55660858911
55660865259
55660872034
55660877405
55660884973
55660890710
55660895715
55660901025
55660906091
55660912805
55660917566
55660924341
55660931238
55660936975
55660941369
55660948633
55660954431
55660960901
55660964319
55660973840
55660979944
55660986169
55660991906
55660998559
55661002832
55661008874
55661014489
55661020715
55661029138
55661034387
55661040185
55661045556
55661052514
55661058190
55661065454
55661071313
55661077783
55661083337
55661088464
55661093469
55661100305
55661103845
55661112023
55661119470
55661124841
55661131554
55661138085
55661143639
55661150048
55661156213
55661163842
55661170861
55661177392
55661182641
55661188500
55661193627
55661198205
55661204247
55661208886
55661214867
55661220299
55661227318
55661232567
55661240136
55661245995
55661254052
55661258080
55661266198
55661269738
55661282311
55661288353
55661295311
55661301537
55661307274
55661314659
55661321312
55661326439
55661331444
55661339012
55661343834
55661351219
55661359032
55661364525
55661370934
55661375817
55661380882
55661385582
55661393089
55661397118
55661405724
55661409142
55661418175
55661421715
55661430870
55661437645
55661443565
55661448998
55661455406
55661463341
55661469078
55661474815
55661481285
55661488609
55661495262
55661502342
55661508201
55661515037
55661521080
55661527550
55661535423
55661541527
55661547630
55661553612
55661558250
55661564781
55661569420
55661575645
55661581016
55661587486
55661591148
55661599510
55661603233
55661612388
55661619468
55661625511
55661630149
55661635704
55661641624
55661645957
55661653404
55661658287
55661665061
55661669822
55661675682
55661681480
55661689597
55661693809
55661701194
55661705039
55661713340
55661719993
55661726157
55661732200
55661737754
55661743613
55661748130
55661754722
55661760276
55661765525
55661771018
55661776450
55661783530
55661789329
55661796287
55661802390
55661807151
55661814109
55661821921
55661827109
55661832053
55661838828
55661846091
55661851218
55661856833
55661864768
55661871421
55661876548
55661882163
55661889548
55661893576
55661902915
55661907004
55661916587
55661923728
55661929526
55661937583
55661942832
55661949301
55661954245
55661961630
55661970175
55661976523
55661981894
55661988303
55661995078
55661999960
55662006857
55662013327
55662019919
55662027182
55662033530
55662039755
55662047507
55662055014
55662067038
55662072714
55662080954
55662086386
55662093649
55662099692
55662107504
55662114096
55662120932
55662125326
55662134054
55662140585
55662147421
55662153341
55662158957
55662165426
55662173178
55662179403
55662184713
55662191122
55662196615
55662203512
55662208639
55662215109
55662220236
55662227560
55662233297
55662237020
55662243246
55662248861
55662253988
55662262533
55662269308
55662275717
55662281210
55662286215
55662292745
55662298422
55662305929
55662312216
55662320516
55662327657
55662333578
55662339925
55662346334
55662352743
55662359701
55662366720
55662371725
55662379293
55662382711
55662391500
55662395711
55662402730
55662409017
55662414937
55662420003
55662426046
55662433004
55662437826
55662445516
55662450460
55662456624
55662462545
55662468404
55662473409
55662480001
55662485128
55662491719
55662497945
55662504903
55662508382
55662516805
55662523702
55662530172
55662535909
55662542073
55662548543
55662554219
55662559285
55662565023
55662571370
55662577901
55662584920
55662590474
55662596761
55662602010
55662608174
55662612752
55662619649
55662623189
55662631978
55662637166
55662643086
55662650105
55662655110
55662662190
55662669026
55662675557
55662683186
55662689900
55662695454
55662700947
55662704304
55662710957
55662717488
55662724202
55662730794
55662737141
55662742512
55662748005
55662754353
55662758748
55662765706
55662771687
55662782185
55662788227
55662794331
55662801411
55662808552
55662814289
55662820271
55662828083
55662834065
55662839558
55662844563
55662850178
55662856343
55662863362
55662870320
55662875691
55662883015
55662888996
55662894917
55662901753
55662908955
55662914448
55662920246
55662925495
55662930988
55662937702
55662944416
55662950703
55662957050
55662962421
55662968342
55662974811
55662979267
55662986530
55662993000
55662999409
55663004291
55663010944
55663015705
55663021381
55663028156
55663034809
55663040790
55663048359
55663051716
55663059040
55663062458
55663070209
55663073871
55663083210
55663089924
55663096454
55663102436
55663109455
55663115131
55663119587
55663126789
55663131855
55663138507
55663144184
55663151203
55663154865
55663166644
55663174030
55663178607
55663184894
55663191669
55663197528
55663202472
55663207660
55663213702
55663219745
55663225055
55663232257
55663238422
55663244159
55663249957
55663256366
55663262836
55663269550
55663276385
55663284320
55663290301
55663296161
55663302875
55663308551
55663316058
55663322711
55663327472
55663334491
55663341083
55663348102
55663353106
55663360125
55663367022
55663372149
55663378253
55663384173
55663389788
55663395770
55663400714
55663407000
55663412371
55663418170
55663421771
55663430438
55663433734
55663443316
55663447161
55663455523
55663459002
55663467974
55663475848
55663480853
55663488909
55663494647
55663500872
55663506243
55663513995
55663519305
55663526995
55663530535
55663539385
55663546099
55663551287
55663558428
55663564654
55663570391
55663574602
55663580706
55663587420
55663593340
55663598040
55663603411
55663608782
55663616167
55663621844
55663628130
55663633501
55663641131
55663644793
55663653765
55663661455
55663668047
55663673174
55663679705
55663686480
55663691179
55663698198
55663705400
55663711687
55663717119
55663723772
55663729143
55663735552
55663740373
55663746172
55663751909
55663758989
55663764360
55663772295
55663775896
55663784197
55663790849
55663797014
55663802873
55663808733
55663814958
55663819231
55663824846
55663831072
55663836443
55663841936
55663850114
55663855608
55663862627
55663868059
55663874406
55663879533
55663886186
55663891496
55663897539
55663904436
55663910295
55663915239
55663920793
55663926164
55663932390
55663938920
55663944047
55663951555
55663956559
55663964433
55663969743
55663976579
55663982316
55663988542
55663993242
55663999528
55664004350
55664011552
55664017839
55664023271
55664030473
55664037126
55664043351
55664049394
55664054460
55664060014
55664066178
55664072160
55664078935
55664085954
55664092606
55664097611
55664103166
55664108109
55664115983
55664122331
55664127946
55664133500
55664139664
55664144791
55664151871
55664155289
55664162369
55664165665
55664173356
55664180131
55664186783
55664193314
55664197587
55664205887
55664216569
55664235673
55664244645
55664254654
55664263810
55664272538
55664281693
55664290848
55664299210
55664305069
55664311722
55664318192
55664324417
55664330643
55664336991
55664344681
55664350601
55664356644
55664362686
55664368241
55664376236
55664382706
55664388992
55664395218
55664399857
55664408280
55664415848
55664421768
55664427078
55664434036
55664439163
55664446548
55664453079
55664459183
55664465103
55664470657
55664477127
55664484207
55664490433
55664498184
55664504165
55664510391
55664516617
55664521988
55664528579
55664536087
55664541031
55664548050
55664554031
55664559524
55664566787
55664574600
55664581009
55664587295
55664593032
55664599624
55664606338
55664613296
55664620010
55664625686
55664632705
55664638015
55664645523
55664651504
55664658035
55664664504
55664672317
55664677261
55664685073
55664689895
55664698440
55664703384
55664710281
55664715530
55664722976
55664728286
55664735061
55664740310
55664747146
55664753066
55664758681
55664765761
55664771621
55664777663
55664784499
55664791030
55664796767
55664802871
55664807082
55664814956
55664818984
55664826369
55664832778
55664838210
55664844130
55664850173
55664856826
55664861953
55664867873
55664873793
55664879287
55664885756
55664890700
55664896560
55664901686
55664909499
55664915847
55664921889
55664926406
55664932692
55664940077
55664945204
55664952712
55664957717
55664964919
55664971755
55664977675
55664982619
55664989882
55664994887
55665002028
55665007887
55665013869
55665018568
55665026564
55665032729
55665039442
55665045973
55665052199
55665056044
55665065810
55665070082
55665078688
55665085341
55665091322
55665098219
55665104872
55665112318
55665116835
55665122694
55665128615
55665133742
55665139601
55665145949
55665151747
55665156813
55665163588
55665170790
55665175245
55665182570
55665188368
55665195814
55665201185
55665207106
55665212233
55665219374
55665226515
55665233717
55665240064
55665246351
55665251844
55665257704
55665262647
55665268202
55665274549
55665280897
55665287122
55665293409
55665298536
55665303114
55665309156
55665315076
55665320326
55665325513
55665333387
55665338819
55665346693
55665352979
55665358961
55665362623
55665369703
55665376234
55665382520
55665387952
55665393690
55665399305
55665403638
55665410779
55665415601
55665422315
55665430311
55665436048
55665440870
55665448255
55665453382
55665460279
55665465039
55665472303
55665475599
55665482679
55665488904
55665495252
55665500989
55665507459
55665514295
55665519239
55665525525
55665531873
55665536817
55665542737
55665547742
55665554456
55665561109
55665566724
55665572156
55665576978
55665582532
55665587537
55665596204
55665602857
55665608960
55665616040
55665621167
55665628491
55665634167
55665639966
55665644849
55665651196
55665657483
55665662305
55665668591
55665675366
55665679028
55665686291
55665689892
55665698865
55665703015
55665712353
55665719616
55665724927
55665728344
55665738049
55665745251
55665750317
55665757946
55665765210
55665770886
55665777356
55665784253
55665790722
55665797009
55665802990
55665809460
55665817395
55665824047
55665829846
55665834973
55665841259
55665847119
55665854504
55665861889
55665868420
55665874767
55665879467
55665886852
55665893749
55665900585
55665906567
55665914074
55665919872
55665927746
55665934643
55665940746
55665947460
55665956493
55665960705
55665969616
55665977733
55665982921
55665986767
55665996410
55666002636
55666008495
55666014904
55666020153
55666023388
55666032970
55666039867
55666045421
55666052135
55666056469
55666062023
55666068004
55666072887
55666079601
55666085277
55666090953
55666098278
55666102001
55666110240
55666115612
55666122753
55666129467
55666135875
55666141063
55666146739
55666152599
55666158336
55666163585
55666169872
55666176708
55666183605
55666189647
55666195201
55666202403
55666207896
55666214183
55666219371
55666226390
55666232188
55666236400
55666243053
55666247447
55666253368
55666259715
55666266856
55666273875
55666280162
55666284679
55666291209
55666297435
55666301707
55666307689
55666312266
55666319652
55666329051
55666333140
55666341014
55666344554
55666352061
55666358958
55666366710
55666373423
55666378184
55666384898
55666391673
55666398326
55666403941
55666411753
55666417674
55666424143
55666428843
55666434397
55666439280
55666446910
55666450389
55666459239
55666462412
55666471934
55666475169
55666483592
55666490366
55666496958
55666503184
55666510630
55666516978
55666524485
55666529856
55666536387
55666542918
55666549387
55666556589
55666562937
55666570627
55666576426
55666583079
55666589548
55666595408
55666602671
55666606638
55666614878
55666618784
55666627085
55666630564
55666641672
55666647959
55666653025
55666659494
55666665293
55666671885
55666676889
55666684336
55666689035
55666695993
55666702402
55666709177
55666714670
55666721323
55666727060
55666733347
55666740183
55666745615
55666751474
55666759470
55666765146
55666772165
55666775705
55666785288
55666789560
55666797800
55666804819
55666811716
55666818674
55666824472
55666831552
55666838571
55666842599
55666852243
55666859750
55666866891
55666873422
55666878976
55666886972
55666892099
55666899240
55666906320
55666912301
55666919198
55666924508
55666929269
55666936349
55666942880
55666950387
55666957650
55666964486
55666970224
55666977182
55666982858
55666988534
55666993173
55666999887
55667006600
55667013436
55667019967
55667026254
55667031442
55667037423
55667043710
55667050912
55667058358
55667063668
55667070443
55667076974
55667082711
55667087045
55667095162
55667100900
55667105843
55667113046
55667118295
55667125497
55667129891
55667137582
55667143258
55667150155
55667155465
55667161019
55667166695
55667174264
55667179513
55667186776
55667192879
55667198433
55667203744
55667209542
55667213082
55667219674
55667225411
55667231209
55667235787
55667241890
55667247261
55667253182
55667258675
55667264595
55667270089
55667276131
55667281624
55667285958
55667293831
55667300240
55667305489
55667311531
55667318367
55667324471
55667330208
55667334786
55667341377
55667348335
55667356453
55667361275
55667368111
55667374519
55667380684
55667385872
55667390938
55667398506
55667404610
55667412300
55667417671
55667423470
55667429756
55667435677
55667442390
55667448982
55667454353
55667460945
55667466743
55667471565
55667477363
55667483650
55667490181
55667496651
55667504585
55667512581
55667518318
55667526252
55667533760
55667540840
55667545295
55667553169
55667561409
55667567390
55667572273
55667578498
55667586006
55667592048
55667598701
55667604682
55667609931
55667617256
55667624763
55667630928
55667635383
55667641548
55667648445
55667656074
55667661872
55667669135
55667676399
55667681770
55667689155
55667695991
55667702705
55667709663
55667714912
55667720893
55667727058
55667732124
55667739326
55667746162
55667752265
55667757636
55667765082
55667771430
55667776618
55667781989
55667790717
55667794257
55667803534
55667810370
55667816474
55667823127
55667828376
55667834479
55667840949
55667847663
55667852546
55667858527
55667864875
55667869452
55667875373
55667881781
55667887091
55667892890
55667898200
55667905280
55667910285
55667918524
55667924628
55667930976
55667937079
55667942755
55667948981
55667954657
55667959967
55667965460
55667971869
55667976386
55667983466
55667988287
55667996649
55668002325
55668008307
55668013251
55668019843
55668026739
55668032965
55668038580
55668045599
55668049383
55668056402
55668061651
55668068365
55668071722
55668079108
55668085638
55668093023
55668098700
55668105597
55668112372
55668118597
55668124518
55668131415
55668139166
55668143866
55668152105
55668157782
55668163519
55668169134
55668175116
55668181341
55668188238
55668194036
55668200079
55668205877
55668210028
55668216864
55668222296
55668227667
55668234442
55668239630
55668244390
55668251043
55668256170
55668263738
55668270391
55668276983
55668282232
55668287847
55668293646
55668300054
55668306585
55668312933
55668318304
55668324041
55668330999
55668337896
55668343877
55668350774
55668356817
55668362371
55668369756
55668376714
55668382024
55668388311
55668394719
55668401189
55668407415
55668412786
55668418706
55668425298
55668430364
55668436895
55668443303
55668449163
55668456365
55668461553
55668466436
55668472173
55668477361
55668485784
55668491948
55668497563
55668503057
55668510991
55668514592
55668523320
55668530095
55668535954
55668541020
55668546880
55668553044
55668560491
55668566716
55668571233
55668577763
55668582402
55668587956
55668592900
55668601445
55668607976
55668614629
55668620366
55668626286
55668632024
55668637944
55668642216
55668650822
55668657475
55668662297
55668669743
55668674321
55668681645
55668688786
55668695927
55668701726
55668708317
55668711979
55668720036
55668725773
55668732365
55668739323
55668745976
55668751957
55668757939
55668764836
55668769169
55668775822
55668782109
55668787846
55668793278
55668800907
55668806095
55668813114
55668819218
55668824223
55668829655
55668837162
55668843144
55668849430
55668856144
55668863896
55668873661
55668880253
55668889774
55668896122
55668904179
55668910831
55668917423
55668920780
55668929447
55668935184
55668941715
55668947758
55668953983
55668959049
55668963261
55668969913
55668975040
55668983890
55668989689
55668996036
55669002018
55669008243
55669014896
55669019962
55669026188
55669032169
55669039676
55669045047
55669050907
55669057071
55669062748
55669067325
55669073551
55669078922
55669084476
55669089908
55669097660
55669103214
55669109622
55669115543
55669123599
55669129337
55669135806
55669141971
55669146427
55669152408
55669158267
55669163333
55669169010
55669175906
55669182864
55669189090
55669194522
55669202090
55669207523
55669212955
55669217715
55669224795
55669228336
55669236514
55669240176
55669248233
55669252750
55669259036
55669266116
55669272891
55669274905
55669285098
55669292117
55669299014
55669304324
55669310061
55669317813
55669321719
55669330081
55669334842
55669341983
55669348819
55669354983
55669360110
55669366092
55669372256
55669376651
55669384646
55669389895
55669396731
55669403079
55669409060
55669414431
55669422122
55669425723
55669433535
55669438540
55669445925
55669451663
55669457888
55669463748
55669470339
55669476626
55669482851
55669490176
55669495242
55669501101
55669507143
55669512392
55669519472
55669524966
55669531863
55669537173
55669542788
55669550234
55669555544
55669561831
55669567324
55669574343
55669580446
55669586733
55669592592
55669598635
55669604311
55669610354
55669616457
55669622744
55669629091
55669635378
55669641420
55669647829
55669653444
55669660158
55669666384
55669673159
55669680178
55669686525
55669692873
55669699770
55669705812
55669710695
55669716127
55669721865
55669728090
55669734133
55669740358
55669746706
55669752443
55669758913
55669764528
55669771242
55669777040
55669784242
55669790041
55669795595
55669800295
55669806581
55669812379
55669816957
55669824709
55669829958
55669833681
55669842836
55669848329
55669854921
55669862367
55669867982
55669874818
55669879701
55669887208
55669891542
55669900087
55669904176
55669911866
55669919069
55669925111
55669930482
55669937257
55669942323
55669948304
55669954347
55669959779
55669966676
55669972291
55669979249
55669985597
55669991517
55669995057
55670001771
55670007752
55670013856
55670020509
55670027101
55670032777
55670039247
55670044984
55670050904
55670058900
55670064576
55670070802
55670075745
55670081483
55670086182
55670093446
55670099732
55670105653
55670111817
55670117615
55670121888
55670127625
55670134217
55670139283
55670144959
55670150513
55670156678
55670161317
55670167969
55670174927
55670181397
55670187073
55670194031
55670199585
55670206482
55670212281
55670216797
55670221436
55670228943
55670232422
55670239747
55670245301
55670251099
55670256104
55670262268
55670268677
55670275818
55670280945
55670287354
55670293762
55670299134
55670305603
55670311157
55670318726
55670325928
55670332642
55670337647
55670343201
55670348877
55670354675
55670360474
55670365173
55670372803
55670378052
55670385193
55670390198
55670397644
55670403320
55670408752
55670416504
55670421509
55670426453
55670434021
55670438110
55670445251
55670451233
55670458069
55670464355
55670470642
55670476684
55670481323
55670487121
55670491333
55670498779
55670505127
55670511169
55670516418
55670523498
55670528381
55670535583
55670541748
55670548034
55670553405
55670558899
55670564697
55670570739
55670576171
55670582641
55670589233
55670596923
55670602294
55670608886
55670613647
55670619872
55670625366
55670631591
55670637939
55670643005
55670649780
55670655212
55670661132
55670666686
55670673217
55670679565
55670685973
55670691650
55670697265
55670702392
55670709716
55670716979
55670721496
55670729003
55670735900
55670742370
55670748168
55670754760
55670760253
55670766601
55670771789
55670779296
55670782897
55670791564
55670798400
55670804748
55670809935
55670816039
55670821959
55670828917
55670833861
55670839904
55670858397
55670862609
55670872618
55670879821
55670885009
55670891539
55670898192
55670903990
55670908995
55670915404
55670923766
55670930113
55670935118
55670942381
55670948790
55670954833
55670959960
55670965697
55670971678
55670978453
55670983763
55670990965
55670996214
55671002684
55671006834
55671015807
55671022642
55671028807
55671034544
55671041441
55671048277
55671055418
55671061461
55671068602
55671075438
55671080626
55671088499
55671093504
55671100645
55671105711
55671112608
55671117918
55671124449
55671129332
55671135252
55671140196
55671147459
55671153440
55671160704
55671166685
55671173216
55671179197
55671186643
55671192747
55671199827
55671206236
55671212889
55671218077
55671224546
55671228147
55671236631
55671240354
55671248106
55671254942
55671261350
55671267271
55671272947
55671277586
55671282957
55671288877
55671294492
55671301511
55671307554
55671314634
55671320615
55671327573
55671332761
55671339048
55671343809
55671350828
55671354185
55671361387
55671364927
55671373655
55671379270
55671385740
55671392759
55671399473
55671404722
55671410703
55671416745
55671421018
55671426816
55671433713
55671438535
55671446164
55671451657
55671456418
55671461850
55671466977
55671474118
55671479734
55671487668
55671491269
55671499265
55671504087
55671509763
55671516049
55671522153
55671527158
55671534055
55671539731
55671545957
55671552487
55671558164
55671564267
55671569821
55671578610
55671582455
55671591367
55671598203
55671604611
55671610532
55671616086
55671621945
55671626645
55671632565
55671639462
55671646542
55671652402
55671657773
55671663693
55671671139
55671677304
55671682187
55671687069
55671692807
55671697506
55671704464
55671710385
55671717038
55671723324
55671729733
55671734799
55671741146
55671746945
55671753598
55671759823
55671766842
55671772702
55671777645
55671783932
55671790524
55671796810
55671801449
55671809323
55671813290
55671821530
55671830441
55671836727
55671843929
55671849850
55671855587
55671861630
55671869564
55671876949
55671884884
55671892574
55671897823
55671905331
55671910763
55671917538
55671922420
55671931209
55671936825
55671944393
55671949764
55671954891
55671962215
55671966915
55671974911
55671980648
55671986812
55671994137
55672001278
55672005794
55672013668
55672019710
55672026180
55672031978
55672038265
55672044551
55672048885
55672055355
55672062374
55672068538
55672074214
55672081905
55672088314
55672094295
55672099605
55672104732
55672109737
55672115657
55672122066
55672128353
55672134944
55672141658
55672148372
55672154903
55672161617
55672167720
55672172176
55672180965
55672188899
55672194453
55672202937
55672207820
55672217586
55672223323
55672230281
55672238216
55672243892
55672249934
55672256648
55672263545
55672270198
55672276851
55672282649
55672290156
55672295955
55672300776
55672306636
55672315608
55672322383
55672328059
55672335627
55672341487
55672347468
55672352778
55672359187
55672365351
55672372554
55672376399
55672384577
55672391047
55672396784
55672402339
55672408076
55672414179
55672420466
55672427302
55672432246
55672438471
55672444453
55672449946
55672457331
55672463618
55672468867
55672475092
55672479792
55672486628
55672490046
55672497675
55672504206
55672510798
55672515986
55672522394
55672528498
55672534907
55672541437
55672547602
55672553339
55672559748
55672566462
55672571589
55672578119
55672584833
55672591364
55672596735
55672604548
55672610712
55672616755
55672622919
55672628290
55672633295
55672640375
55672647089
55672652277
55672658686
55672664789
55672671015
55672676508
55672682062
55672686701
55672693720
55672700189
55672706598
55672711237
55672716791
55672722101
55672730402
55672734308
55672742914
55672749384
55672755792
55672762872
55672769708
55672774896
55672781854
55672788690
55672794733
55672801752
55672807306
55672813470
55672818231
55672825433
55672829095
55672836725
55672841730
55672848199
55672853509
55672859674
55672863092
55672871087
55672874505
55672884088
55672890069
55672896478
55672902337
55672908380
55672914422
55672921258
55672927301
55672932977
55672939691
55672945062
55672951898
55672956903
55672964532
55672972100
55672978387
55672984674
55672990411
55672996392
55673002008
55673007012
55673015618
55673021539
55673026605
55673032769
55673040276
55673046807
55673050652
55673058770
55673065789
55673070916
55673078057
55673084832
55673092034
55673096734
55673103692
55673109429
55673116509
55673123101
55673129510
55673135369
55673141717
55673148064
55673156243
55673161492
55673167168
55673173943
55673179497
55673186821
55673192315
55673200737
55673206231
55673210564
55673216546
55673222039
55673227898
55673234002
55673239800
55673246941
55673252678
55673259514
55673266167
55673271721
55673278923
55673284233
55673290520
55673296746
55673301628
55673311943
55673318169
55673326347
55673331474
55673339287
55673345268
55673353386
55673357048
55673367790
55673373894
55673380302
55673386772
55673392509
55673399773
55673406486
55673413689
55673419487
55673425835
55673432854
55673439934
55673445610
55673453361
55673458610
55673465874
55673470756
55673477653
55673484062
55673489860
55673495292
55673501335
55673507988
55673513969
55673519523
55673525200
55673532035
55673537834
55673543510
55673554435
55673559745
55673567619
55673573905
55673580253
55673585258
55673593681
55673601188
55673608329
55673614494
55673621513
55673626335
55673635978
55673641837
55673649650
55673656425
55673663200
55673669120
55673674979
55673681083
55673685355
55673692130
55673697013
55673702750
55673707450
55673714164
55673719840
55673727347
55673733268
55673739188
55673745475
55673750907
55673756339
55673764091
55673768058
55673775992
55673780021
55673788138
55673792045
55673800895
55673807547
55673814627
55673821219
55673829093
55673833243
55673843741
55673849601
55673856131
55673861624
55673867667
55673873282
55673879752
55673884818
55673891410
55673898429
55673903922
55673910513
55673916495
55673924002
55673930289
55673936514
55673941885
55673948599
55673954031
55673961417
55673968924
55673975577
55673981192
55673987662
55673993338
55673999380
55674005972
55674010733
55674017325
55674024344
55674031058
55674038077
55674043753
55674049307
55674055533
55674060721
55674068350
55674073660
55674079764
55674086966
55674091482
55674098135
55674103018
55674108206
55674114981
55674121634
55674127432
55674133657
55674140982
55674146902
55674154409
55674160574
55674165396
55674171072
55674176748
55674183401
55674190542
55674196401
55674202993
55674209890
55674214773
55674220632
55674228689
55674235220
55674240347
55674245474
55674249990
55674255911
55674260549
55674267324
55674272756
55674280813
55674287405
55674293996
55674297781
55674306753
55674314016
55674320180
55674325674
55674332326
55674339467
55674345693
55674352224
55674357351
55674363454
55674369680
55674374563
55674380483
55674386159
55674391042
55674397634
55674403249
55674412404
55674416311
55674424123
55674430959
55674438405
55674445058
55674452138
55674457570
55674465627
55674472097
55674476430
55674483754
55674488942
55674497731
55674503346
55674509633
55674515981
55674524220
55674529775
55674539113
55674546925
55674554128
55674560597
55674568532
55674574879
55674580983
55674587697
55674594350
55674600636
55674606740
55674614186
55674620717
55674627003
55674632924
55674639271
55674645314
55674652333
55674658681
55674664967
55674671254
55674677174
55674682972
55674689259
55674695790
55674699025
55674707325
55674713917
55674719288
55674727345
55674734364
55674739308
55674746266
55674753407
55674759449
55674764759
55674769581
55674778370
55674784779
55674790089
55674797047
55674802784
55674807667
55674813770
55674819935
55674826649
55674833607
55674838490
55674846668
55674852100
55674858692
55674864002
55674869862
55674873646
55674882374
55674886280
55674895191
55674899525
55674906544
55674912464
55674917957
55674923389
55674931385
55674937244
55674944813
55674951099
55674956287
55674963367
55674968860
55674975086
55674979908
55674986805
55674993763
55674999561
55675005603
55675012073
55675018543
55675024402
55675031177
55675037036
55675044971
55675051441
55675057788
55675063587
55675069263
55675074451
55675081287
55675088062
55675094837
55675100940
55675106555
55675112781
55675120654
55675125354
55675130786
55675137134
55675142505
55675151050
55675157459
55675162097
55675169788
55675177356
55675183032
55675188647
55675195544
55675201404
55675207996
55675213183
55675220264
55675225574
55675232715
55675236133
55675242908
55675248218
55675254809
55675258716
55675266955
55675270312
55675277820
55675283923
55675288379
55675294360
55675301196
55675306384
55675312915
55675318835
55675325854
55675332141
55675336901
55675344592
55675350146
55675355822
55675361804
55675369067
55675374499
55675381762
55675386950
55675393176
55675398730
55675407275
55675411303
55675420947
55675426623
55675433520
55675438952
55675445788
55675449694
55675456530
55675462206
55675468432
55675474718
55675479418
55675485888
55675490404
55675497973
55675503283
55675510241
55675514879
55675521349
55675525927
55675531969
55675538500
55675543566
55675549547
55675556688
55675562548
55675570177
55675574633
55675583117
55675590319
55675595568
55675602587
55675608812
55675614733
55675619188
55675625414
55675631762
55675638720
55675646105
55675651537
55675656176
55675663072
55675668932
55675675279
55675681200
55675688280
55675693468
55675699938
55675703295
55675710191
55675716112
55675723192
55675730455
55675737474
55675743456
55675749925
55675756578
55675761400
55675767992
55675774583
55675781541
55675787279
55675793626
55675800157
55675805467
55675810045
55675817308
55675822374
55675828477
55675833665
55675839281
55675844407
55675851488
55675856614
55675863267
55675869554
55675878221
55675884446
55675889634
55675895189
55675901780
55675907518
55675915025
55675918992
55675928270
55675932786
55675940782
55675946519
55675952867
55675956590
55675964707
55675971482
55675977647
55675982286
55675987962
55675993699
55675997910
55676004197
55676010545
55676017014
55676022935
55676029405
55676034043
55676039597
55676045762
55676051438
55676055955
55676064988
55676070542
55676077622
55676081589
55676090623
55676097581
55676103135
55676108872
55676117600
55676121812
55676130723
55676137559
55676143906
55676149216
55676155869
55676162522
55676167649
55676174119
55676180405
55676186142
55676192734
55676199082
55676205124
55676211472
55676217148
55676223557
55676229111
55676236618
55676240830
55676248764
55676254441
55676260666
55676265488
55676271591
55676278000
55676284348
55676290573
55676296677
55676302597
55676307114
55676314926
55676320541
55676327438
55676334641
55676340683
55676346603
55676354294
55676361862
55676368454
55676374618
55676378647
55676385605
55676391525
55676397446
55676402206
55676409286
55676413742
55676420761
55676427658
55676433945
55676441330
55676446823
55676455490
55676461899
55676468124
55676474594
55676480575
55676488449
55676494003
55676501144
55676507736
55676514022
55676519332
55676527145
55676533371
55676539474
55676543075
55676550582
55676556747
55676560958
55676564315
55676572494
55676580367
55676585861
55676592391
55676600814
55676606796
55676613815
55676619979
55676625900
55676632308
55676638290
55676646407
55676652938
55676657882
55676663436
55676671004
55676676986
55676683578
55676691146
55676696090
55676702621
55676709273
55676713363
55676721480
55676728377
55676735152
55676741500
55676748519
55676754195
55676760116
55676764998
55676771102
55676776412
55676782393
55676789168
55676794661
55676801192
55676808089
55676813704
55676821028
55676826461
55676833541
55676839095
55676843856
55676850814
55676856551
55676863509
55676867171
55676876082
55676883101
55676889693
55676893233
55676901961
55676908064
55676914778
55676921004
55676926131
55676932906
55676940535
55676947737
55676954085
55676960677
55676967879
55676973982
55676979292
55676985640
55676993452
55676998946
55677002608
55677012984
55677016768
55677023543
55677029768
55677039351
55677045698
55677052534
55677059553
55677064985
55677071638
55677078657
55677085981
55677091047
55677098616
55677103682
55677108870
55677115095
55677121260
55677126936
55677134504
55677139204
55677148542
55677152449
55677161970
55677165815
55677175581
55677182234
55677188215
55677195112
55677201582
55677205854
55677213545
55677220014
55677225630
55677231062
55677237653
55677243818
55677249311
55677257368
55677263410
55677270856
55677277143
55677283735
55677289472
55677295881
55677300947
55677308820
55677315595
55677321088
55677327009
55677332380
55677336774
55677345868
55677351728
55677357282
55677363508
55677369184
55677375959
55677383954
55677390973
55677397138
55677405500
55677413373
55677421735
55677430768
55677437421
55677442792
55677449201
55677455548
55677461469
55677467816
55677475019
55677482282
55677489423
55677496076
55677502606
55677507184
55677513837
55677518964
55677526410
55677533490
55677541852
55677546246
55677554425
55677561749
55677566876
55677573163
55677580426
55677586896
55677599591
55677607770
55677613568
55677619244
55677625958
55677631878
55677640362
55677646039
55677651959
55677660016
55677664227
55677672162
55677677838
55677683209
55677690167
55677695294
55677701641
55677707257
55677714337
55677719097
55677726422
55677730145
55677739300
55677746075
55677752117
55677760235
55677763897
55677771404
55677778485
55677784527
55677789288
55677796063
55677802288
55677808758
55677814800
55677820843
55677827679
55677833477
55677840862
55677846355
55677850140
55677858562
55677865032
55677869122
55677876995
55677883648
55677889019
55677894329
55677902264
55677907879
55677913982
55677920757
55677928020
55677933941
55677940960
55677948101
55677952251
55677959209
55677965862
55677973491
55677978985
55677984539
55677991314
55677996441
55678003154
55678010967
55678017253
55678024028
55678029338
55678037273
55678043254
55678050273
55678057476
55678062419
55678074565
55678080791
55678087749
55678093364
55678101787
55678107707
55678114909
55678121990
55678127116
55678134624
55678141460
55678147197
55678153056
55678159465
55678164409
55678171611
55678177959
55678182597
55678189067
55678195232
55678201640
55678207744
55678213908
55678220622
55678226787
55678231730
55678239665
55678246074
55678252238
55678257792
55678264628
55678269694
55678277079
55678283000
55678289653
55678296305
55678300578
55678309123
55678315043
55678320719
55678326091
55678335795
55678343180
55678348002
55678353984
55678360942
55678367777
55678373820
55678380168
55678386332
55678393107
55678399027
55678405070
55678410990
55678417887
55678425333
55678431620
55678437907
55678444071
55678451823
55678458109
55678464396
55678471293
55678475138
55678482706
55678488688
55678495707
55678503153
55678509257
55678514506
55678520853
55678528910
55678536112
55678542643
55678548014
55678553751
55678560587
55678566874
55678574625
55678581278
55678586954
55678592081
55678599100
55678605509
55678611429
55678618875
55678624857
55678631937
55678637552
55678645365
55678650247
55678658670
55678663248
55678672281
55678676431
55678684183
55678691629
55678697977
55678705057
55678710550
55678718485
55678724466
55678731058
55678737955
55678744363
55678750528
55678757852
55678763284
55678768655
55678775003
55678781961
55678788736
55678794656
55678802286
55678809061
55678814981
55678819681
55678826394
55678832193
55678838601
55678844705
55678852823
55678858316
55678863260
55678870889
55678875589
55678884927
55678890237
55678897195
55678903238
55678910318
55678915872
55678920877
55678928140
55678933023
55678940713
55678945230
55678954446
55678960855
55678966775
55678972817
55678978982
55678985879
55678992043
55678997903
55679004678
55679012002
55679018288
55679023721
55679030312
55679037087
55679044045
55679048257
55679055459
55679062051
55679068581
55679073403
55679079690
55679086648
55679091775
55679098611
55679105508
55679111123
55679116433
55679122780
55679130044
55679133828
55679141091
55679148415
55679154397
55679159523
55679165688
55679172219
55679178200
55679183937
55679188210
55679196389
55679202919
55679209389
55679216591
55679220620
55679228737
55679235695
55679242287
55679249245
55679255470
55679263344
55679270119
55679275490
55679281593
55679287453
55679293312
55679299904
55679306740
55679311928
55679318337
55679322487
55679329323
55679337746
55679347084
55679354469
55679365395
55679377479
55679383522
55679390297
55679395912
55679401771
55679408912
55679418434
55679423195
55679430641
55679435768
55679442909
55679449684
55679455055
55679462684
55679470070
55679475990
55679481727
55679488502
55679494667
55679500648
55679508522
55679515174
55679519813
55679527870
55679537025
55679542335
55679547950
55679555091
55679561317
55679568824
55679574684
55679581214
55679588050
55679594947
55679600379
55679605384
55679612464
55679616737
55679626746
55679633277
55679640235
55679645728
55679652381
55679658424
55679665687
55679672523
55679679603
55679685645
55679690711
55679697120
55679701209
55679710181
55679716468
55679722510
55679729957
55679734717
55679741736
55679749244
55679755591
55679760596
55679768164
55679775428
55679781409
55679788550
55679794654
55679799781
55679806006
55679813391
55679820105
55679827674
55679834815
55679841223
55679847754
55679854956
55679861914
55679869361
55679874426
55679879920
55679886878
55679891272
55679899878
55679905859
55679912024
55679919287
55679924658
55679931982
55679936133
55679944006
55679950354
55679955664
55679962744
55679967993
55679976050
55679982825
55679988501
55679993872
55680001562
55680005408
55680013647
55680017859
55680026892
55680034277
55680039526
55680047583
55680053381
55680061255
55680067724
55680078344
55680084570
55680090429
55680096289
55680103674
55680110571
55680114721
55680120764
55680126989
55680132177
55680137426
55680142187
55680148352
55680153051
55680159338
55680166113
55680170690
55680176183
55680183019
55680188390
55680195409
55680200842
55680207189
55680212255
55680219396
55680224523
55680233190
55680239294
55680245580
55680251379
55680257848
55680264684
55680270360
55680277624
55680284154
55680290685
55680296850
55680302831
55680306066
55680314001
55680320714
55680325902
55680334142
55680337316
55680346471
55680352636
55680358190
55680364599
55680371007
55680377477
55680382543
55680388890
55680394994
55680404088
55680408971
55680418920
55680421544
55680432347
55680438817
55680442784
55680448705
55680455480
55680462438
55680468236
55680471105
55680477208
55680481969
55680486607
55680493688
55680496556
55680504430
55680507909
55680511876
55680516698
55680520299
55680526524
55680529393
55680536351
55680539830
55680545689
55680550084
55680555211
55680560094
55680566136
55680570348
55680574803
55680580296
55680583958
55680589329
55680595799
55680599034
55680605260
55680610386
55680614537
55680619664
55680624058
55680629246
55680634495
55680639744
55680644200
55680648961
55680652440
55680659153
55680663853
55680669224
55680673741
55680678929
55680683262
55680687046
55680693089
55680697605
55680702793
55680707554
55680712315
55680716160
55680721531
55680727268
55680733189
55680738987
55680742832
55680748326
55680752232
55680756748
55680762730
55680768162
55680772923
55680777500
55680783970
55680789341
55680794041
55680798557
55680804966
55680811253
55680816258
55680821018
55680825657
55680829502
55680834385
55680838474
55680844212
55680851170
55680856785
55680862156
55680868626
55680872776
55680878940
55680883884
55680890903
55680896702
55680902805
55680908726
55680913181
55680917942
55680922275
55680928745
55680934604
55680939853
55680943088
55680950596
55680956394
55680961033
55680965427
55680971286
55680975681
55680980747
55680984836
55680990268
55680993320
55681000217
55681005344
55681010044
55681014560
55681020908
55681025852
55681030796
55681036167
55681043125
55681048801
55681053745
55681059421
55681066989
55681072421
55681077548
55681083652
55681088840
55681093356
55681100253
55681105380
55681112827
55681118625
55681123874
55681129977
55681136081
55681141635
55681145480
55681153293
55681157138
55681164401
55681168185
55681174228
55681179843
55681186496
55681191745
55681197787
55681202548
55681209506
55681215243
55681222323
55681226962
55681232516
55681239413
55681245639
55681250705
55681256808
55681261630
55681265353
55681273227
55681279330
55681284823
55681291293
55681296420
55681304538
55681310214
55681313815
55681322482
55681326083
55681333346
55681337008
55681346224
55681351901
55681358798
55681365328
55681370089
55681376071
55681380526
55681386141
55681390780
55681396761
55681401522
55681408968
55681413790
55681418002
55681427096
55681435336
55681441378
55681448641
55681458041
55681464815
55681472689
55681478487
55681483065
55681489535
55681495028
55681503451
55681508028
55681516146
55681521700
55681528536
55681533724
55681539522
55681545199
55681549288
55681557589
55681561251
55681567659
55681573458
55681579622
55681586824
55681591219
55681597872
55681602816
55681607943
55681615145
55681620088
55681626375
55681630831
55681634798
55681642671
55681648958
55681653963
55681659029
55681666170
55681671663
55681678987
55681684175
55681690889
55681697420
55681703279
55681708955
55681714998
55681721223
55681726839
55681732271
55681738863
55681744600
55681751253
55681755647
55681761262
55681767854
55681773530
55681778902
55681784517
55681791231
55681799531
55681805025
55681810151
55681816194
55681822969
55681828950
55681833833
55681837739
55681846345
55681850557
55681858369
55681861970
55681868867
55681874849
55681880647
55681886506
55681894319
55681899018
55681906221
55681912629
55681914643
55681922761
55681926057
55681935273
55681940034
55681945222
55681950044
55681960542
55681966828
55681972016
55681978364
55681983369
55681986726
55681994721
55682000214
55682005830
55682010957
55682017548
55682020844
55682027314
55682032990
55682037019
55682045075
55682054597
55682061738
55682068513
55682077424
55682083466
55682091950
55682098237
55682103730
55682110138
55682117463
55682123566
55682129181
55682135285
55682141877
55682147919
55682153595
55682159699
55682161652
55682170502
55682176484
55682182099
55682188019
55682194062
55682198639
55682205475
55682210846
55682216584
55682221710
55682228913
55682233490
55682237091
55682248017
55682252960
55682259003
55682263031
55682270844
55682274567
55682281220
55682286347
55682292023
55682298187
55682305573
55682310394
55682315216
55682322235
55682328583
55682333405
55682339813
55682345245
55682351959
55682357208
55682362518
55682368317
55682374115
55682381134
55682386200
55682390350
55682397003
55682402801
55682408600
55682415008
55682420929
55682425750
55682432769
55682436920
55682443878
55682448272
55682455536
55682461517
55682468292
55682474517
55682481475
55682486480
55682492950
55682498748
55682505950
55682510772
55682516387
55682521881
55682528106
55682534820
55682540801
55682545928
55682552459
55682557647
55682563140
55682569244
55682574554
55682580535
55682582610
55682593353
55682598907
55682604339
55682608611
55682614104
55682618743
55682624969
55682630523
55682638335
55682644683
55682653472
55682660979
55682666778
55682672881
55682680450
55682690520
55682700896
55682710479
55682714263
55682727141
55682736419
55682745574
55682755645
55682761687
55682769378
55682772795
55682786834
55682795806
55682803069
55682808684
55682819121
55682827056
55682833830
55682840483
55682849028
55682856108
55682862090
55682870207
55682878752
55682886076
55682893401
55682901030
55682908659
55682914580
55682922514
55682933256
55682941374
55682949919
55682956328
55682965239
55682970305
55682979094
55682987334
55682993010
55683006193
55683012846
55683021513
55683029326
55683035429
55683043364
55683051115
55683058928
55683069181
55683075590
55683084379
55683094633
55683102262
55683107939
55683117948
55683125578
55683132963
55683139982
55683148710
55683155546
55683160734
55683171598
55683179899
55683186491
55683193571
55683202055
55683209074
55683214628
55683225187
55683233427
55683242887
55683250638
55683258329
55683265287
55683270963
55683282316
55683288541
55683296903
55683304716
55683316129
55683323514
55683330594
55683340909
55683344022
55683355130
55683360685
55683370450
55683377652
55683387296
55683397061
55683401029
55683417325
55683421292
55683433805
55683441007
55683451749
55683460721
55683470792
55683479276
55683490567
55683499417
55683503629
55683518277
55683522305
55683533597
55683543668
55683550442
55683558682
55683566006
55683574429
55683580350
55683590420
55683598416
55683605862
55683615933
55683623684
55683633572
55683640713
55683651944
55683661404
55683672940
55683681912
55683689114
55683696133
55683704983
55683711697
55683714016
55683724514
55683728909
55683738491
55683744778
55683751492
55683757534
55683763577
55683771267
55683777493
55683782314
55683788906
55683794827
55683800808
55683805874
55683811367
55683815701
55683822292
55683829311
55683834621
55683839565
55683847561
55683854824
55683860195
55683866238
55683868374
55683877468
55683881679
55683891811
55683895534
55683902736
55683909206
55683913601
55683918606
55683925319
55683930751
55683936794
55683941738
55683948757
55683954067
55683959072
55683965358
55683970729
55683976039
55683982021
55683987331
55683993129
55683999721
55684005275
55684012355
55684017604
55684023769
55684028957
55684034572
55684038234
55684046169
55684052760
55684058925
55684065151
55684072170
55684077358
55684082851
55684089076
55684094264
55684099941
55684106593
55684111903
55684120509
55684125087
55684131984
55684137172
55684142787
55684150111
55684156337
55684160914
55684166469
55684173305
55684178187
55684185756
55684191432
55684195949
55684204738
55684211146
55684217555
55684222865
55684229762
55684233546
55684241542
55684247950
55684254847
55684262233
55684268702
55684274623
55684281581
55684286891
55684296900
55684305506
55684313136
55684319605
55684328028
55684334620
55684339381
55684345301
55684351710
55684357752
55684363246
55684370753
55684376185
55684381922
55684386134
55684393702
55684400111
55684406519
55684410120
55684417628
55684422022
55684430201
55684435206
55684441065
55684447047
55684453516
55684458338
55684464319
55684469507
55684473536
55684483729
55684487757
55684494166
55684499415
55684506251
55684511988
55684517542
55684523707
55684528284
55684534876
55684540003
55684547815
55684553186
55684558802
55684564966
55684572046
55684574060
55684581995
55684588037
55684596765
55684603845
55684609888
55684615503
55684620813
55684626428
55684632166
55684637476
55684640650
55684649988
55684655847
55684661096
55684664758
55684673975
55684677698
55684684412
55684690210
55684696741
55684701379
55684707971
55684713342
55684719507
55684724451
55684730127
55684735986
55684737939
55684746728
55684752954
55684759057
55684763696
55684768823
55684771997
55684779626
55684783105
55684790735
55684797815
55684802759
55684807641
55684813989
55684819055
55684824914
55684829309
55684836145
55684841272
55684848840
