4023738417
4023743300
4023748854
4023754164
4023758497
4023763563
4023768690
4023774367
4023780226
4023784620
4023790419
4023797011
4023802076
4023808485
4023813490
4023820448
4023825148
4023830458
4023836195
4023842665
4023847548
4023853712
4023858473
4023865736
4023871717
4023876905
4023882399
4023889540
4023896437
4023901869
4023908522
4023915418
4023920790
4023927748
4023934583
4023940138
4023947340
4023953260
4023959242
4023964063
4023970472
4023977369
4023981702
4023989027
4023998060
4024004224
4024013746
4024021131
4024027906
4024035657
4024041395
4024050001
4024056531
4024062757
4024069593
4024076063
4024083814
4024088697
4024097181
4024103895
4024111341
4024116651
4024124158
4024130323
4024135938
4024143628
4024149793
4024155591
4024162122
4024169873
4024177503
4024183911
4024191358
4024198194
4024203992
4024211804
4024217664
4024225965
4024232556
4024239881
4024244092
4024253858
4024260693
4024268262
4024272473
4024281262
4024287976
4024295728
4024302991
4024309888
4024316540
4024323560
4024327588
4024336438
4024340771
4024350232
4024354748
4024367444
4024375867
4024383435
4024390271
4024397412
4024403943
4024410962
4024418347
4024425610
4024431042
4024438122
4024443737
4024451855
4024458813
4024465649
4024471936
4024478649
4024485730
4024492321
4024499462
4024504956
4024514965
4024520642
4024528332
4024533947
4024542248
4024548718
4024555615
4024563244
4024569897
4024577038
4024584789
4024592236
4024598034
4024605480
4024611401
4024622204
4024629040
4024638439
4024647228
4024658703
4024664806
4024675792
4024682873
4024691173
4024699596
4024703747
4024712719
4024720226
4024728466
4024735424
4024742443
4024750377
4024755870
4024763317
4024771129
4024778514
4024785411
4024792369
4024797618
4024805736
4024812816
4024820018
4024825633
4024834300
4024839671
4024848155
4024853404
4024861034
4024868663
4024876842
4024882640
4024891978
4024897655
4024905528
4024913158
4024920055
4024928355
4024937083
4024943370
4024948497
4024959849
4024967723
4024975902
4024984385
4024990977
4024998973
4025005443
4025014781
4025021251
4025028758
4025036937
4025043650
4025049632
4025058421
4025065928
4025074412
4025080210
4025088267
4025096629
4025103709
4025112864
4025121592
4025128550
4025137400
4025146006
4025150889
4025161143
4025169322
4025176585
4025183787
4025193430
4025200571
4025207957
4025215098
4025223643
4025232859
4025239268
4025245554
4025255747
4025262034
4025272043
4025278330
4025287668
4025296091
4025302683
4025311106
4025319712
4025325998
4025335947
4025344492
4025351755
4025360056
4025365183
4025380991
4025396616
4025406748
4025416391
4025429941
4025443002
4025451364
4025459604
4025464670
4025475595
4025484995
4025493600
4025501352
4025510629
4025519296
4025525522
4025535898
4025542184
4025551462
4025557870
4025567087
4025575632
4025582773
4025591073
4025597787
4025606027
4025615304
4025621774
4025629770
4025638681
4025643686
4025652658
4025663217
4025670175
4025677499
4025685983
4025692819
4025701303
4025708200
4025717538
4025726571
4025735787
4025742562
4025750314
4025757821
4025763314
4025772164
4025776681
4025785958
4025794259
4025802621
4025807687
4025817330
4025824654
4025831002
4025837533
4025846383
4025853341
4025862557
4025876595
4025882882
4025892098
4025898507
4025905831
4025914498
4025921700
4025928658
4025936470
4025942208
4025950203
4025957833
4025964485
4025972176
4025980843
4025987435
4025995247
4026002999
4026010079
4026017952
4026023506
4026033089
4026038765
4026049934
4026055489
4026065071
4026072090
4026081306
4026088509
4026096565
4026103035
4026112495
4026119331
4026128425
4026136665
4026144234
4026150520
4026158516
4026167061
4026177009
4026187019
4026195503
4026205879
4026218757
4026229866
4026240242
4026254829
4026262886
4026274543
4026281257
4026291511
4026297859
4026306953
4026313239
4026323005
4026331245
4026339546
4026345893
4026350837
4026362312
4026368415
4026379035
4026385200
4026394782
4026399909
4026410590
4026415595
4026425422
4026432563
4026441535
4026448859
4026457160
4026466254
4026473700
4026479987
4026488349
4026496894
4026503425
4026512030
4026520881
4026530951
4026538886
4026549262
4026559211
4026568000
4026577338
4026586859
4026596259
4026606696
4026615241
4026624457
4026633246
4026640021
4026647528
4026654852
4026663580
4026671088
4026678412
4026685736
4026692938
4026700323
4026707526
4026714911
4026722052
4026729498
4026736456
4026743414
4026750494
4026758490
4026763739
4026774115
4026780707
4026789312
4026795782
4026802984
4026809637
4026818365
4026824896
4026832708
4026839178
4026848333
4026854864
4026864080
4026870611
4026878302
4026884893
4026894598
4026900884
4026909185
4026915594
4026922796
4026931219
4026937933
4026944524
4026952459
4026960943
4026967230
4026976446
4026984563
4026991216
4027002386
4027008794
4027020574
4027027837
4027034734
4027044195
4027050115
4027059209
4027068364
4027073064
4027082769
4027090520
4027096441
4027103032
4027112310
4027118779
4027126470
4027133245
4027142888
4027150212
4027157598
4027164922
4027173101
4027177617
4027187261
4027194097
4027203069
4027209599
4027216802
4027223393
4027232305
4027239446
4027248967
4027256169
4027264592
4027271123
4027281499
4027288029
4027296147
4027304814
4027312138
4027320805
4027328129
4027336552
4027342778
4027352055
4027356938
4027367497
4027374516
4027383671
4027390873
4027400944
4027409123
4027415532
4027422795
4027430790
4027440129
4027448490
4027455387
4027464848
4027471134
4027481083
4027489811
4027497013
4027505680
4027511967
4027520634
4027529057
4027537602
4027546879
4027556156
4027563541
4027571781
4027577030
4027587528
4027592533
4027602970
4027610111
4027618961
4027626163
4027634586
4027641605
4027650150
4027654056
4027660221
4027665958
4027670231
4027674259
4027680607
4027684696
4027690799
4027695377
4027702457
4027708072
4027710025
4027719730
4027723575
4027729923
4027732975
4027740482
4027744083
4027752872
4027759220
4027763919
4027770511
4027774662
4027780826
4027786319
4027791507
4027797000
4027804019
4027809024
4027815128
4027818912
4027824161
4027829044
4027835635
4027840701
4027844302
4027850406
4027854068
4027860049
4027865421
4027869571
4027877078
4027881412
4027886966
4027892276
4027896121
4027901370
4027906680
4027911258
4027915897
4027922488
4027927066
4027933291
4027937991
4027942996
4027951236
4027957828
4027961734
4027967654
4027972903
4027977481
4027982913
4027988101
4027993594
4027997683
4028003238
4028006778
4028013919
4028017093
4028023745
4028028750
4028034304
4028039675
4028044497
4028049563
4028056033
4028060855
4028067019
4028071536
4028076907
4028081301
4028090029
4028095217
4028100588
4028104922
4028110720
4028116641
4028120730
4028126528
4028129885
4028137270
4028140749
4028148928
4028154055
4028159853
4028164736
4028169985
4028174075
4028180178
4028184328
4028189638
4028195132
4028200137
4028205508
4028210696
4028215090
4028220217
4028224734
4028229616
4028237429
4028242678
4028246889
4028251284
4028256472
4028260500
4028266176
4028271425
4028275881
4028281496
4028286806
4028292421
4028297304
4028304262
4028310427
4028315493
4028320498
4028329348
4028333925
4028338686
4028343691
4028349306
4028356691
4028363588
4028370424
4028374208
4028380739
4028385622
4028389955
4028394106
4028400270
4028403566
4028410707
4028416384
4028422487
4028429506
4028433656
4028439577
4028443971
4028449098
4028454103
4028459962
4028465700
4028470766
4028475099
4028479738
4028484315
4028490419
4028493471
4028505250
4028509035
4028514040
4028516969
4028523561
4028530702
4028534852
4028540346
4028544435
4028551027
4028555482
4028560792
4028565797
4028571901
4028576417
4028581910
4028586976
4028592164
4028598146
4028601930
4028608094
4028614015
4028622377
4028627748
4028632508
4028638856
4028643495
4028648744
4028654359
4028661134
4028665345
4028670838
4028675721
4028681092
4028686463
4028691285
4028698487
4028704102
4028709413
4028713868
4028718446
4028724305
4028729676
4028734681
4028739137
4028745545
4028748292
4028755738
4028761720
4028766053
4028773194
4028778260
4028783997
4028788880
4028795533
4028799988
4028806824
4028814088
4028819398
4028823121
4028831360
4028839600
4028843751
4028850159
4028855836
4028863099
4028866700
4028873780
4028876771
4028883729
4028887452
4028895997
4028900940
4028906250
4028907959
4028916077
4028919617
4028925782
4028931580
4028935608
4028942017
4028946961
4028955445
4028959778
4028965699
4028971131
4028977356
4028980469
4028987915
4028994446
4029002381
4029006958
4029014527
4029017944
4029024475
4029027649
4029035339
4029038391
4029045105
4029048523
4029056213
4029060059
4029067688
4029071472
4029078796
4029084351
4029088440
4029094177
4029099853
4029106811
4029112427
4029118042
4029122436
4029128723
4029134765
4029141968
4029149170
4029155456
4029157532
4029165649
4029169006
4029175415
4029179992
4029186157
4029191040
4029198669
4029203369
4029207824
4029213379
4029217163
4029222778
4029227417
4029231628
4029237976
4029241638
4029248474
4029251647
4029258544
4029262756
4029269165
4029275634
4029280883
4029287231
4029291198
4029296752
4029300598
4029305480
4029311279
4029317993
4029322631
4029327880
4029332153
4029338439
4029345824
4029355163
4029360473
4029367187
4029371215
4029376098
4029380798
4029386352
4029394286
4029399535
4029403625
4029411132
4029420043
4029425292
4029430053
4029435363
4029438720
4029445678
4029451293
4029456847
4029463012
4029467162
4029470946
4029477172
4029481322
4029489684
4029494628
4029500548
4029506896
4029511351
4029517394
4029521971
4029528197
4029531127
4029538024
4029540953
4029547362
4029550780
4029558531
4029562255
4029569029
4029575560
4029579772
4029584593
4029589720
4029593993
4029599425
4029604491
4029610228
4029616515
4029620604
4029626708
4029630736
4029636717
4029640440
4029648680
4029654234
4029662901
4029667662
4029672850
4029678526
4029682616
4029688719
4029694334
4029700560
4029706785
4029711851
4029716551
4029721861
4029727293
4029734617
4029739683
4029746275
4029750731
4029755858
4029760618
4029765928
4029773436
4029782103
4029789732
4029799986
4029807066
4029814329
4029821714
4029831968
4029839903
4029848570
4029856138
4029864622
4029871946
4029882017
4029889097
4029896726
4029904600
4029914610
4029922483
4029933103
4029941648
4029949888
4029957822
4029969297
4029976316
4029982969
4029994810
4030003599
4030014646
4030021787
4030031370
4030036741
4030046262
4030057371
4030065244
4030073057
4030082090
4030089780
4030097837
4030104795
4030113523
4030122678
4030132138
4030139218
4030144528
4030156674
4030165708
4030172666
4030180417
4030188901
4030196897
4030208249
4030215939
4030226376
4030233212
4030241818
4030248166
4030257382
4030265866
4030273679
4030282040
4030290646
4030298947
4030306088
4030314694
4030320859
4030329831
4030338070
4030346615
4030351925
4030362668
4030370663
4030377621
4030384762
4030394528
4030401852
4030410031
4030417111
4030427548
4030433895
4030444149
4030450680
4030460018
4030467160
4030475277
4030483944
4030495358
4030501705
4030510494
4030519100
4030527340
4030535763
4030543209
4030551571
4030556576
4030568233
4030573482
4030583980
4030588985
4030598995
4030606319
4030616146
4030624447
4030632076
4030639095
4030648067
4030655330
4030664180
4030671505
4030682369
4030690120
4030699215
4030705928
4030714901
4030721553
4030731014
4030738155
4030747005
4030755611
4030763851
4030770809
4030780513
4030788204
4030798763
4030805904
4030816402
4030826839
4030833614
4030843868
4030849300
4030858577
4030866328
4030875667
4030887935
4030894649
4030903804
4030911311
4030917903
4030927058
4030935725
4030943843
4030950435
4030958674
4030967341
4030973445
4030984004
4030990107
4030999995
4031005427
4031016963
4031022090
4031033931
4031039302
4031050288
4031058222
4031066584
4031073908
4031082942
4031089350
4031098078
4031104548
4031113764
4031122431
4031129145
4031137568
4031145869
4031152460
4031160944
4031169062
4031176752
4031185969
4031194025
4031203303
4031211115
4031219965
4031230219
4031240290
4031247919
4031256891
4031263910
4031272577
4031279718
4031289484
4031298761
4031306147
4031315546
4031322199
4031332086
4031338068
4031349237
4031356867
4031364740
4031371698
4031382746
4031389765
4031398676
4031408075
4031415033
4031424371
4031431085
4031441156
4031446588
4031457574
4031465570
4031473444
4031483453
4031491937
4031498956
4031507928
4031515008
4031526422
4031533380
4031543084
4031550165
4031559259
4031568719
4031574151
4031585077
4031592889
4031601068
4031608331
4031618463
4031625543
4031634942
4031642205
4031652093
4031659173
4031668756
4031678155
4031684258
4031697015
4031703179
4031714959
4031722894
4031732110
4031739373
4031750420
4031757439
4031765984
4031776849
4031784966
4031793145
4031799798
4031808526
4031813653
4031825127
4031830193
4031839715
4031847100
4031856011
4031863091
4031871575
4031880852
4031888848
4031896050
4031906121
4031913445
4031921685
4031928276
4031937187
4031944329
4031954338
4031962822
4031971123
4031980583
4031987236
4031996514
4032001946
4032012993
4032022331
4032030144
4032038200
4032046196
4032053154
4032063835
4032070854
4032079399
4032088737
4032096245
4032106132
4032112053
4032123771
4032129143
4032140739
4032149589
4032158195
4032167045
4032174614
4032182853
4032193046
4032200798
4032209831
4032217643
4032225822
4032237358
4032245475
4032252494
4032261405
4032270683
4032280143
4032287467
4032296928
4032303947
4032312980
4032321891
4032329520
4032339469
4032347099
4032355827
4032363761
4032370780
4032380118
4032389091
4032398368
4032401542
4032414542
4032423392
4032430594
4032438224
4032448661
4032456717
4032466178
4032473990
4032482779
4032490592
4032497611
4032507010
4032515921
4032522757
4032533683
4032540702
4032549552
4032558585
4032567862
4032575308
4032582877
4032593741
4032603690
4032612051
4032621878
4032628897
4032636832
4032645987
4032653983
4032662711
4032675101
4032684195
4032693594
4032701712
4032708853
4032715994
4032728262
4032735953
4032745352
4032753164
4032759695
4032769400
4032775686
4032785391
4032791861
4032800589
4032809072
4032819143
4032825735
4032830801
4032842703
4032851004
4032859609
4032865530
4032874868
4032883718
4032890676
4032898611
4032908376
4032916189
4032924917
4032932790
4032941030
4032948049
4032958791
4032965688
4032974599
4032981863
4032990652
4032999074
4033007924
4033016286
4033026784
4033036001
4033043813
4033051931
4033058889
4033068532
4033077810
4033084584
4033093740
4033103322
4033110463
4033119741
4033126882
4033135488
4033146108
4033153859
4033162465
4033170461
4033178761
4033185658
4033194997
4033204579
4033213490
4033220754
4033230763
4033238026
4033246938
4033254994
4033262746
4033270985
4033278187
4033287587
4033294667
4033304616
4033314076
4033322499
4033331715
4033341542
4033348500
4033353932
4033365345
4033374134
4033382985
4033391652
4033400868
4033409230
4033418202
4033424855
4033434742
4033441883
4033451893
4033462086
4033472706
4033478077
4033491688
4033497975
4033508411
4033516773
4033525623
4033536060
4033543262
4033553394
4033559986
4033570240
4033579517
4033589100
4033595631
4033606678
4033612293
4033623157
4033630970
4033640308
4033648060
4033656971
4033664051
4033672779
4033679798
4033689930
4033699390
4033706531
4033715747
4033721424
4033732959
4033742053
4033748340
4033755847
4033766040
4033773181
4033781421
4033788623
4033798755
4033805347
4033809924
4033816699
4033821948
4033826526
4033832813
4033837390
4033843249
4033847827
4033853992
4033858325
4033864307
4033869495
4033873828
4033880847
4033885791
4033891528
4033895923
4033901843
4033906543
4033913440
4033919238
4033923999
4033928637
4033934192
4033943408
4033948413
4033955249
4033961902
4033967334
4033972155
4033977893
4033982776
4033988269
4033992907
4033999377
4034003833
4034007617
4034014514
4034020556
4034027148
4034030566
4034037585
4034042529
4034047656
4034052783
4034058947
4034063525
4034069872
4034074389
4034080432
4034086352
4034091174
4034097338
4034104662
4034109179
4034114611
4034119982
4034124865
4034130297
4034135424
4034141161
4034145678
4034153185
4034157763
4034161852
4034168932
4034173022
4034179735
4034183459
4034191942
4034196093
4034202318
4034209521
4034214892
4034219774
4034225756
4034231676
4034236559
4034243273
4034250963
4034255541
4034262499
4034266771
4034272814
4034277147
4034282640
4034287218
4034293383
4034298937
4034302355
4034308336
4034312792
4034318102
4034323107
4034329454
4034333910
4034340746
4034345140
4034351427
4034357225
4034362169
4034368761
4034373522
4034379686
4034383409
4034390184
4034395189
4034401170
4034406175
4034410814
4034417162
4034422960
4034427477
4034434312
4034439012
4034445299
4034449571
4034455797
4034461900
4034467210
4034471544
4034475084
4034482591
4034488450
4034494859
4034498277
4034505479
4034510545
4034516343
4034520677
4034528795
4034534044
4034539048
4034544298
4034550828
4034556749
4034561631
4034567430
4034571824
4034578355
4034583421
4034590318
4034595933
4034600999
4034608567
4034615098
4034619493
4034627671
4034632798
4034637376
4034643724
4034648362
4034652757
4034659104
4034665086
4034670457
4034676255
4034682115
4034687364
4034690965
4034697434
4034702317
4034708970
4034714463
4034719712
4034726365
4034730637
4034736314
4034740586
4034744431
4034749863
4034755112
4034762559
4034767686
4034772629
4034779038
4034786973
4034792344
4034799729
4034805955
4034810776
4034814866
4034821091
4034827012
4034835007
4034838242
4034844590
4034848862
4034854722
4034860337
4034864548
4034870408
4034874497
4034879197
4034884629
4034889145
4034895432
4034900376
4034905686
4034910141
4034916672
4034921250
4034926010
4034930039
4034937180
4034943283
4034948044
4034954453
4034959030
4034963425
4034968064
4034973557
4034980026
4034984665
4034990341
4034996140
4035000961
4035006882
4035010422
4035017502
4035021225
4035028732
4035035324
4035040085
4035045151
4035051865
4035056808
4035062424
4035067490
4035074142
4035079086
4035084518
4035089035
4035093796
4035099777
4035105697
4035110153
4035114486
4035121994
4035129013
4035134506
4035138046
4035145492
4035148910
4035156112
4035161239
4035168197
4035173446
4035179672
4035184249
4035190109
4035194625
4035200851
4035205551
4035211410
4035217086
4035220993
4035228927
4035232345
4035238815
4035243881
4035249435
4035253951
4035262008
4035267196
4035273177
4035278304
4035283981
4035288314
4035293868
4035299911
4035305892
4035311691
4035317123
4035323348
4035325301
4035333419
4035337264
4035344466
4035350814
4035358443
4035362411
4035369979
4035375228
4035380355
4035384810
4035390914
4035396712
4035405257
4035410384
4035417098
4035422042
4035427962
4035432357
4035437301
4035441512
4035447677
4035453719
4035459029
4035463363
4035468673
4035474166
4035478865
4035484237
4035489669
4035496444
4035498458
4035506331
4035510421
4035516829
4035520552
4035526717
4035533187
4035537642
4035544478
4035549178
4035552718
4035560835
4035564375
4035571089
4035576277
4035583052
4035587691
4035594344
4035598921
4035604598
4035610518
4035616133
4035620711
4035624434
4035632063
4035636641
4035643050
4035649031
4035653487
4035658369
4035664229
4035669234
4035675398
4035680586
4035686079
4035693526
4035699690
4035704085
4035709150
4035714888
4035721663
4035725996
4035732466
4035737349
4035743513
4035748030
4035753523
4035758955
4035764387
4035771650
4035775373
4035781782
4035786360
4035791853
4035798140
4035802412
4035808210
4035814558
4035820356
4035824690
4035832136
4035837446
4035841902
4035847517
4035852644
4035858076
4035866133
4035870283
4035877180
4035882002
4035887373
4035891767
4035898542
4035902876
4035910078
4035916181
4035922102
4035927778
4035935407
4035939802
4035943708
4035952375
4035959760
4035965864
4035969892
4035975507
4035985151
4035994855
4035998029
4036005353
4036008893
4036016767
4036020185
4036029523
4036034040
4036039777
4036045514
4036050885
4036055402
4036062299
4036069623
4036075055
4036080487
4036085920
4036090192
4036095990
4036101972
4036107709
4036112531
4036118024
4036123639
4036127729
4036136029
4036142438
4036151105
4036161481
4036166852
4036176679
4036185895
4036192670
4036201581
4036208539
4036216168
4036227277
4036232220
4036242474
4036249005
4036258893
4036265301
4036273724
4036280011
4036285443
4036298749
4036305279
4036313031
4036320111
4036328839
4036335919
4036344525
4036354718
4036364666
4036374737
4036381024
4036390484
4036399639
4036406903
4036415997
4036423931
4036432965
4036440899
4036450298
4036458599
4036465496
4036475262
4036482098
4036491253
4036498272
4036504009
4036516582
4036525982
4036532574
4036540447
4036549297
4036554790
4036565777
4036573528
4036581890
4036590496
4036597088
4036606609
4036612896
4036625774
4036633098
4036641338
4036648296
4036656475
4036663494
4036673503
4036685527
4036695293
4036704387
4036711650
4036721233
4036730632
4036736858
4036746135
4036755840
4036764934
4036771343
4036781719
4036789653
4036797710
4036803508
4036814738
4036823772
4036830424
4036839091
4036846049
4036854655
4036864543
4036873393
4036880168
4036889934
4036898234
4036907451
4036915935
4036922587
4036934306
4036941203
4036949138
4036955729
4036963542
4036969279
4036979777
4036985698
4036994487
4037003520
4037010905
4037016703
4037024272
4037032206
4037038493
4037046244
4037055338
4037063578
4037072062
4037081461
4037091044
4037098917
4037107279
4037117045
4037124369
4037131388
4037140848
4037149454
4037159220
4037169596
4037176798
4037184122
4037194864
4037202067
4037212565
4037220560
4037229532
4037238199
4037248026
4037259378
4037278238
4037287149
4037299539
4037310221
4037319071
4037328653
4037338297
4037347757
4037355814
4037364786
4037374307
4037383341
4037391336
4037399088
4037406229
4037418192
4037426431
4037435525
4037442178
4037449747
4037456827
4037464761
4037469644
4037481668
4037491006
4037504434
4037514078
4037524270
4037532632
4037541421
4037549844
4037560037
4037570657
4037580178
4037586221
4037595925
4037604226
4037614358
4037619790
4037630532
4037638467
4037646768
4037657266
4037663674
4037673379
4037680642
4037689797
4037698220
4037707070
4037714028
4037721963
4037730508
4037736367
4037744912
4037754739
4037762856
4037771340
4037783913
4037790017
4037799172
4037805031
4037817177
4037826210
4037834328
4037842141
4037851357
4037859963
4037866433
4037876564
4037883278
4037893288
4037900002
4037910378
4037919655
4037926064
4037934487
4037943398
4037949745
4037958107
4037966591
4037972572
4037984596
4037989662
4037999611
4038006874
4038016396
4038023720
4038031288
4038038429
4038046669
4038055702
4038064491
4038071510
4038080238
4038086586
4038096168
4038104896
4038112037
4038120521
4038127357
4038135841
4038141029
4038151710
4038159828
4038166481
4038174232
4038184242
4038192054
4038200904
4038208045
4038217445
4038224220
4038233619
4038242835
4038251258
4038260230
4038266944
4038276222
4038285560
4038292091
4038301124
4038310279
4038317054
4038328529
4038338843
4038346229
4038356116
4038362891
4038370704
4038380225
4038388160
4038400672
4038406592
4038418189
4038427161
4038434790
4038442481
4038451697
4038459449
4038468970
4038475867
4038485327
4038491675
4038500708
4038510047
4038517249
4038525733
4038532935
4038543860
4038549536
4038558447
4038563025
4038573889
4038578467
4038590491
4038595984
4038607825
4038613257
4038622778
4038631018
4038638037
4038645483
4038654333
4038661474
4038670752
4038677649
4038685888
4038694372
4038701452
4038710180
4038717321
4038725744
4038731176
4038742468
4038748327
4038759069
4038764074
4038775305
4038780554
4038790686
4038798254
4038808752
4038816564
4038824499
4038831884
4038840978
4038847509
4038855688
4038864355
4038872839
4038881933
4038891576
4038898473
4038908239
4038918005
4038924657
4038934789
4038943578
4038950719
4038959203
4038968358
4038975561
4038984289
4038991918
4038998510
4039003759
4039017431
4039027318
4039034337
4039042394
4039049901
4039059911
4039067296
4039073705
4039085912
4039094091
4039100804
4039110509
4039118444
4039125463
4039131139
4039143285
4039148839
4039161656
4039169408
4039180516
4039185887
4039196690
4039204259
4039211583
4039221287
4039230565
4039239903
4039247838
4039254918
4039264989
4039272984
4039281712
4039291905
4039300145
4039307164
4039315587
4039322789
4039331578
4039338108
4039346959
4039353550
4039363743
4039370701
4039379734
4039387608
4039394200
4039402378
4039409947
4039417088
4039426609
4039435154
4039443760
4039451939
4039459324
4039467747
4039476963
4039483616
4039490208
4039502171
4039509373
4039519077
4039525608
4039534336
4039540989
4039545933
4039557712
4039563206
4039575229
4039581028
4039590610
4039597812
4039605930
4039615146
4039621189
4039631015
4039640903
4039648838
4039659885
4039665744
4039676609
4039684970
4039695041
4039703098
4039714084
4039721958
4039731601
4039739353
4039748447
4039757175
4039767368
4039775119
4039784213
4039791293
4039800815
4039808017
4039817294
4039826450
4039833530
4039842929
4039848544
4039860690
4039869357
4039876010
4039883883
4039892795
4039902743
4039909213
4039918490
4039928927
4039935824
4039945773
4039952975
4039962985
4039970004
4039979037
4039986056
4039994174
4040005648
4040013766
4040021700
4040029452
4040035494
4040039889
4040044833
4040051669
4040058016
4040064913
4040067416
4040076205
4040083224
4040087313
4040091769
4040097262
4040101717
4040113680
4040119479
4040125704
4040129977
4040134249
4040140108
4040143038
4040150179
4040154635
4040160555
4040165011
4040170382
4040174898
4040181185
4040185763
4040191927
4040197847
4040202852
4040206881
4040213045
4040217440
4040223665
4040228365
4040235628
4040239840
4040245516
4040250460
4040253695
4040261202
4040264498
4040271700
4040275362
4040283602
4040288423
4040293489
4040299837
4040305025
4040309542
4040315950
4040320223
4040324434
4040332247
4040336031
4040343660
4040350496
4040355806
4040360872
4040366670
4040371858
4040377779
4040383028
4040387483
4040391145
4040399812
4040403291
4040409761
4040414888
4040421785
4040426485
4040431978
4040436372
4040441560
4040445589
4040451448
4040455659
4040461580
4040467012
4040473054
4040477693
4040483064
4040487092
4040492952
4040496980
4040500032
4040509187
4040513948
4040520478
4040523652
4040529268
4040533235
4040539155
4040543122
4040549714
4040554597
4040561799
4040566011
4040571199
4040576448
4040580964
4040584992
4040588105
4040597322
4040600923
4040608186
4040611726
4040618257
4040623322
4040630708
4040636262
4040642426
4040648225
4040652253
4040656892
4040663239
4040668427
4040674836
4040681001
4040688203
4040693757
4040697785
4040702302
4040707490
4040712983
4040718049
4040724335
4040729340
4040732941
4040739777
4040744599
4040749665
4040753266
4040759003
4040762177
4040768769
4040773774
4040779267
4040783539
4040788910
4040793976
4040798127
4040801239
4040809296
4040812836
4040818940
4040824860
4040829377
4040833832
4040839325
4040843354
4040850678
4040856049
4040862091
4040866547
4040870819
4040876984
4040882050
4040886078
4040893524
4040898163
4040904450
4040909943
4040914704
4040919953
4040924103
4040929413
4040935150
4040941132
4040947357
4040952057
4040957916
4040961884
4040965668
4040972931
4040974945
4040982697
4040989227
4040993805
4040999298
4041004425
4041009857
4041013946
4041018829
4041024994
4041030609
4041035858
4041040924
4041045563
4041050079
4041055206
4041059234
4041066253
4041076507
4041081573
4041086700
4041092315
4041096954
4041101898
4041105987
4041115509
4041121673
4041128021
4041133331
4041137542
4041143280
4041148162
4041152923
4041159088
4041165802
4041171844
4041176788
4041184478
4041190704
4041195404
4041199737
4041208953
4041216949
4041223541
4041228240
4041233611
4041239044
4041244903
4041249542
4041254913
4041259734
4041265228
4041269927
4041275237
4041279266
4041284881
4041289458
4041296477
4041302032
4041306243
4041310821
4041316680
4041321258
4041325469
4041329864
4041336333
4041340240
4041345855
4041350738
4041355987
4041359893
4041366057
4041369964
4041375518
4041381804
4041386809
4041390716
4041396392
4041401824
4041406646
4041410796
4041417449
4041423064
4041429046
4041433257
4041438750
4041442717
4041446135
4041453398
4041458281
4041464507
4041468474
4041477019
4041480437
4041487578
4041492461
4041497588
4041502043
4041509490
4041514556
4041519682
4041526152
4041530364
4041534209
4041540312
4041545744
4041550627
4041556059
4041563139
4041567717
4041573088
4041577177
4041580290
4041587309
4041590422
4041599028
4041602568
4041609770
4041613371
4041619536
4041623991
4041628691
4041635344
4041644072
4041650358
4041656584
4041660063
4041666472
4041670866
4041676909
4041680998
4041688505
4041693754
4041699370
4041703825
4041710234
4041714933
4041721525
4041727934
4041733427
4041739225
4041746000
4041750090
4041755278
4041761625
4041766996
4041771696
4041777372
4041781340
4041787260
4041791654
4041796537
4041800566
4041806486
4041810819
4041816984
4041821928
4041827543
4041832121
4041837431
4041841337
4041847624
4041852201
4041857633
4041862699
4041869108
4041874113
4041879118
4041883329
4041888944
4041894315
4041901334
4041906644
4041914762
4041919034
4041924589
4041928373
4041933866
4041939176
4041944791
4041950956
4041956571
4041962736
4041967679
4041972745
4041979215
4041984403
4041992093
4041997037
4042003629
4042008817
4042015653
4042019376
4042025174
4042029813
4042038602
4042045621
4042052579
4042057950
4042064542
4042069364
4042075040
4042079373
4042085416
4042091397
4042096707
4042102689
4042107999
4042112332
4042115750
4042124478
4042128140
4042135831
4042139615
4042146085
4042150845
4042156583
4042161160
4042166409
4042172391
4042178983
4042183865
4042190091
4042194669
4042200589
4042204983
4042208585
4042216702
4042220303
4042228848
4042234769
4042239895
4042246243
4042253872
4042260830
4042270413
4042280240
4042297513
4042306118
4042317044
4042326504
4042333889
4042339383
4042351895
4042357510
4042368130
4042376736
4042385952
4042392788
4042402004
4042411160
4042419583
4042426907
4042432583
4042445644
4042452969
4042462185
4042467800
4042479275
4042484707
4042493862
4042503933
4042512600
4042520107
4042529323
4042536526
4042545009
4042551418
4042561123
4042568081
4042573696
4042585659
4042590969
4042601894
4042609829
4042619838
4042627040
4042634792
4042642604
4042653163
4042660793
4042670070
4042677028
4042686489
4042693569
4042703029
4042710109
4042719142
4042726344
4042734035
4042742641
4042750331
4042758937
4042768947
4042775905
4042783107
4042792934
4042802516
4042809596
4042818935
4042824672
4042836146
4042845729
4042853175
4042861110
4042872706
4042880580
4042889186
4042896205
4042906215
4042913295
4042922572
4042931727
4042939906
4042946864
4042955897
4042965113
4042970790
4042982264
4042987879
4042997706
4043007716
4043015223
4043022303
4043033412
4043040370
4043050074
4043058070
4043065150
4043075587
4043081324
4043090968
4043098841
4043107386
4043117701
4043125757
4043132654
4043141688
4043148768
4043159144
4043168726
4043175257
4043184656
4043190394
4043202540
4043212671
4043220545
4043228785
4043238123
4043248377
4043256494
4043264185
4043273096
4043281458
4043291956
4043301599
4043309961
4043316919
4043326013
4043333826
4043339319
4043349451
4043356592
4043364587
4043371912
4043382593
4043389978
4043397974
4043404565
4043413354
4043419763
4043428491
4043437158
4043445093
4043453760
4043462121
4043471460
4043474572
4043487329
4043493066
4043503747
4043512414
4043521325
4043526330
4043537011
4043545922
4043552514
4043562524
4043570703
4043578698
4043587487
4043594506
4043604577
4043611962
4043621911
4043629052
4043638329
4043645409
4043653344
4043664574
4043673608
4043680627
4043688378
4043696984
4043704247
4043713952
4043723168
4043731408
4043743310
4043751244
4043761254
4043768883
4043776085
4043785119
4043794335
4043804223
4043813500
4043820092
4043829430
4043838585
4043845604
4043853295
4043863549
4043869225
4043881188
4043889366
4043898094
4043905663
4043913536
4043923607
4043930565
4043940514
4043948875
4043955956
4043966331
4043973900
4043982750
4043990257
4043999596
4044006187
4044017113
4044024498
4044034141
4044041588
4044049705
4044056663
4044066307
4044073326
4044090782
4044100792
4044109703
4044118797
4044128501
4044137779
4044144187
4044153404
4044162132
4044168968
4044178428
4044186607
4044196128
4044201621
4044211936
4044220054
4044228965
4044237388
4044245628
4044250755
4044259666
4044269004
4044276878
4044284202
4044292441
4044298850
4044307700
4044316245
4044323936
4044332664
4044340659
4044347678
4044353232
4044365561
4044371116
4044382407
4044387351
4044397117
4044405478
4044414573
4044421592
4044432517
4044439353
4044448752
4044458152
4044466513
4044473532
4044482810
4044489951
4044498923
4044508139
4044513815
4044523215
4044533408
4044541525
4044548727
4044557639
4044566916
4044570456
4044583762
4044592245
4044601340
4044608908
4044618979
4044627402
4044634115
4044643515
4044653097
4044658713
4044668722
4044676535
4044685080
4044695272
4044701620
4044710836
4044721090
4044728231
4044736654
4044745932
4044752890
4044762655
4044768148
4044779928
4044785665
4044796407
4044804159
4044812338
4044819479
4044829000
4044838339
4044847006
4044854086
4044864034
4044871175
4044881368
4044888326
4044897176
4044904806
4044912557
4044922323
4044930318
4044939229
4044946370
4044954671
4044964132
4044973104
4044983236
4044987020
4045000386
4045011678
4045023030
4045031331
4045038350
4045043904
4045056417
4045063008
4045074788
4045082784
4045093099
4045100972
4045108357
4045115010
4045125874
4045133260
4045142598
4045149007
4045159077
4045168355
4045176717
4045183797
4045193440
4045202168
4045207600
4045216389
4045223530
4045233052
4045240193
4045249409
4045256611
4045264424
4045270955
4045281331
4045287983
4045296467
4045305989
4045313313
4045322895
4045329670
4045340168
4045345845
4045356831
4045362324
4045373799
4045381733
4045389240
4045399677
4045408100
4045415241
4045422932
4045432453
4045442585
4045449665
4045455036
4045466450
4045475544
4045482929
4045490986
4045500934
4045508808
4045516865
4045524616
4045534992
4045544269
4045552082
4045558979
4045585224
4045597248
4045603229
4045613605
4045621662
4045630512
4045637531
4045646442
4045655902
4045664142
4045673725
4045681293
4045690753
4045697467
4045707294
4045712726
4045724017
4045731952
4045740741
4045748676
4045757404
4045767413
4045773761
4045783954
4045790851
4045800189
4045808307
4045817645
4045824298
4045832538
4045840594
4045849811
4045857806
4045867450
4045875384
4045889239
4045898639
4045909259
4045918292
4045926104
4045935382
4045945147
4045950640
4045962420
4045971270
4045981829
4045989703
4045999285
4046007220
4046017169
4046025591
4046036639
4046042681
4046051226
4046059832
4046068072
4046075274
4046084002
4046090838
4046102129
4046109392
4046118731
4046125262
4046133013
4046141741
4046147661
4046157488
4046163103
4046174212
4046179705
4046190630
4046198870
4046204668
4046214128
4046221025
4046227678
4046239214
4046247026
4046254595
4046261064
4046269365
4046277849
4046284197
4046292986
4046298296
4046311601
4046315019
4046321489
4046326677
4046331133
4046337358
4046341936
4046348222
4046353960
4046359453
4046364030
4046367998
4046373735
4046379106
4046384660
4046388444
4046394365
4046399614
4046403703
4046408708
4046413591
4046418413
4046422685
4046426958
4046430131
4046438005
4046441667
4046447648
4046452165
4046458635
4046463395
4046468034
4046472612
4046479326
4046484269
4046489640
4046494096
4046498674
4046502763
4046508073
4046513993
4046520402
4046526445
4046530351
4046537431
4046541154
4046547990
4046552934
4046557511
4046563371
4046570451
4046575334
4046581742
4046586625
4046591630
4046599503
4046604081
4046611222
4046618119
4046623734
4046629350
4046635453
4046640580
4046645341
4046651749
4046658341
4046662736
4046668778
4046673234
4046678666
4046683305
4046687333
4046692338
4046696244
4046703690
4046709855
4046714127
4046718339
4046724808
4046728654
4046734086
4046738236
4046745255
4046749344
4046756180
4046760880
4046766861
4046770951
4046776810
4046780899
4046783951
4046792679
4046799027
4046803788
4046806839
4046814103
4046817398
4046823990
4046827042
4046833145
4046838089
4046844010
4046848709
4046855179
4046859757
4046863541
4046873551
4046878739
4046883499
4046889786
4046892960
4046900772
4046906448
4046911026
4046914566
4046923477
4046931290
4046935440
4046941666
4046946671
4046952957
4046957291
4046965408
4046970840
4046976700
4046981522
4046987869
4046992996
4046999039
4047004715
4047011062
4047016067
4047021683
4047026871
4047032303
4047037369
4047044082
4047048782
4047055557
4047060684
4047065933
4047072952
4047077591
4047085403
4047090774
4047096267
4047101883
4047107559
4047113906
4047117446
4047124343
4047131057
4047141372
4047148391
4047156448
4047162857
4047168716
4047174209
4047180862
4047188064
4047194900
4047198867
4047204177
4047208999
4047214736
4047219863
4047228408
4047233474
4047238906
4047243850
4047248916
4047253982
4047255996
4047263747
4047269241
4047273513
4047280593
4047285293
4047290969
4047295363
4047303908
4047308669
4047313430
4047318679
4047323134
4047328994
4047333571
4047338759
4047343459
4047348464
4047355483
4047360549
4047364821
4047369765
4047375258
4047380812
4047387465
4047394057
4047398940
4047403518
4047409865
4047413832
4047419509
4047423720
4047429274
4047434706
4047440627
4047445204
4047450576
4047455947
4047461623
4047466200
4047472731
4047478957
4047485060
4047490920
4047494643
4047500319
4047505568
4047509657
4047514052
4047521437
4047526808
4047533766
4047539137
4047542738
4047547377
4047552748
4047558730
4047564040
4047570570
4047576369
4047581312
4047584975
4047590346
4047595167
4047600477
4047604872
4047610060
4047616102
4047621718
4047627821
4047632887
4047640333
4047645094
4047651320
4047656080
4047663221
4047667921
4047675245
4047680250
4047688185
4047695021
4047702650
4047708265
4047715284
4047720961
4047725355
4047730543
4047734449
4047742140
4047748243
4047752760
4047757521
4047762586
4047767408
4047772596
4047777235
4047781080
4047786268
4047791822
4047797315
4047802808
4047806959
4047810621
4047816053
4047820875
4047825758
4047831312
4047837232
4047841810
4047847425
4047851392
4047854566
4047861890
4047865247
4047872999
4047879713
4047883863
4047889234
4047893384
4047897962
4047902845
4047907545
4047915601
4047920972
4047929029
4047932508
4047938428
4047943067
4047947767
4047951673
4047958265
4047964490
4047969190
4047973462
4047979871
4047983960
4047989698
4047993543
4047999952
4048005506
4048012586
4048017469
4048022046
4048027661
4048032361
4048036267
4048042615
4048046826
4048053174
4048060132
4048065259
4048071668
4048076856
4048081372
4048088818
4048094678
4048100720
4048106397
4048112134
4048117017
4048122327
4048126965
4048134534
4048138806
4048144849
4048150586
4048156445
4048160352
4048166882
4048171826
4048177380
4048183606
4048188306
4048194348
4048199475
4048205762
4048210827
4048217297
4048226330
4048232434
4048239209
4048244580
4048249280
4048257763
4048270153
4048274670
4048279736
4048285717
4048290051
4048298046
4048302868
4048307385
4048312817
4048318127
4048323803
4048327893
4048332958
4048339367
4048344128
4048350109
4048354382
4048360302
4048363049
4048371105
4048376965
4048381542
4048386913
4048393200
4048396862
4048401562
4048408398
4048414135
4048418163
4048424145
4048428173
4048433483
4048440258
4048445629
4048454784
4048460644
4048470348
4048476696
4048485912
4048492199
4048501476
4048509899
4048519665
4048526073
4048534557
4048544628
4048556408
4048561718
4048573558
4048579784
4048589794
4048594799
4048605785
4048610607
4048622203
4048627758
4048638378
4048647838
4048654064
4048661022
4048669689
4048676891
4048686778
4048694103
4048703441
4048711070
4048718700
4048725353
4048733409
4048742015
4048749034
4048757457
4048766734
4048775645
4048783336
4048791820
4048799937
4048806895
4048814708
4048823314
4048831004
4048843333
4048851512
4048857921
4048868113
4048877757
4048885447
4048897532
4048904795
4048916880
4048927500
4048936656
4048942820
4048955149
4048960826
4048974009
4048983836
4048993235
4049000376
4049009654
4049019053
4049028452
4049035105
4049044443
4049050059
4049060862
4049066416
4049077769
4049086619
4049093943
4049102244
4049111826
4049119761
4049128611
4049136423
4049144480
4049152292
4049162424
4049170420
4049179026
4049187448
4049197214
4049204905
4049211801
4049221079
4049229196
4049236215
4049245554
4049254099
4049266001
4049274668
4049282175
4049291147
4049300058
4049308969
4049316660
4049326242
4049333261
4049341989
4049351450
4049359262
4049369394
4049378488
4049385629
4049395395
4049402475
4049410226
4049421518
4049429757
4049439889
4049447702
4049456979
4049464975
4049473703
4049480600
4049490060
4049500253
4049508432
4049515756
4049524789
4049533944
4049542001
4049551217
4049560250
4049567208
4049576180
4049584359
4049592294
4049600411
4049610909
4049618234
4049628121
4049636300
4049643258
4049652840
4049661935
4049669076
4049678292
4049685860
4049695260
4049700631
4049710579
4049718514
4049730233
4049738717
4049745980
4049754036
4049765816
4049772957
4049784798
4049792122
4049802620
4049810616
4049819466
4049825875
4049834908
4049843514
4049851814
4049859383
4049868843
4049876412
4049883370
4049893013
4049900276
4049910957
4049918221
4049926460
4049933479
4049942268
4049948738
4049958382
4049965156
4049974617
4049980903
4049990608
4049997993
4050006782
4050015327
4050024299
4050031563
4050042427
4050051582
4050058845
4050068367
4050073799
4050085517
4050091194
4050100593
4050107795
4050116523
4050123664
4050131965
4050139228
4050149116
4050158332
4050166816
4050173774
4050184516
4050191718
4050201301
4050210761
4050218452
4050227607
4050230781
4050243476
4050249030
4050260322
4050268012
4050278510
4050286262
4050293342
4050303351
4050311042
4050318854
4050328071
4050337714
4050346259
4050353217
4050362006
4050370429
4050378363
4050387519
4050395270
4050404608
4050412299
4050422126
4050429328
4050439520
4050446540
4050455451
4050462714
4050468207
4050480170
4050485602
4050497748
4050506720
4050514166
4050522101
4050530341
4050540411
4050552557
4050563055
4050570318
4050579962
4050588995
4050594427
4050605963
4050611334
4050623175
4050632940
4050639715
4050649115
4050656500
4050674322
4050679510
4050695318
4050704473
4050711798
4050720404
4050728155
4050740606
4050750677
4050760565
4050768377
4050777715
4050784551
4050794195
4050801702
4050811834
4050818792
4050827764
4050834417
4050842962
4050852544
4050859991
4050868597
4050873907
4050885381
4050890935
4050901678
4050909368
4050920781
4050926030
4050935186
4050945501
4050953252
4050962774
4050971379
4050978460
4050986882
4050994268
4051002385
4051008794
4051018743
4051025579
4051034490
4051043950
4051051763
4051061711
4051069097
4051078435
4051083806
4051095586
4051101201
4051112981
4051118474
4051128972
4051136906
4051145085
4051152043
4051161198
4051170476
4051180730
4051190129
4051196721
4051207219
4051212956
4051224309
4051230046
4051240971
4051249089
4051258305
4051265934
4051274601
4051281803
4051290715
4051299992
4051307194
4051316654
4051326542
4051333439
4051342838
4051350041
4051357975
4051368351
4051376164
4051383183
4051393620
4051402287
4051439579
4051448429
4051458622
4051466984
4051476871
4051488407
4051497684
4051505436
4051513187
4051520633
4051531498
4051539005
4051550296
4051558536
4051568668
4051577091
4051586429
4051593753
4051602420
4051611026
4051620609
4051627506
4051638187
4051646243
4051656803
4051665958
4051672977
4051682254
4051687808
4051699222
4051708316
4051716556
4051724368
4051732364
4051739017
4051749393
4051756045
4051765262
4051774234
4051783206
4051790469
4051800479
4051808352
4051820193
4051829471
4051841006
4051852847
4051862368
4051869326
4051878299
4051887271
4051895022
4051903567
4051910769
4051919131
4051928347
4051936343
4051943545
4051950442
4051959231
4051968325
4051975466
4051983401
4051992861
4052002322
4052008669
4052017580
4052026430
4052032168
4052042910
4052050722
4052059939
4052067629
4052076113
4052083498
4052091982
4052101687
4052109194
4052117190
4052127993
4052134951
4052143923
4052152712
4052159609
4052169008
4052175539
4052185793
4052191469
4052203127
4052211061
4052219118
4052226564
4052236818
4052244570
4052253359
4052260561
4052270265
4052277040
4052286623
4052295717
4052304262
4052311464
4052320009
4052328493
4052338930
4052345460
4052355226
4052361940
4052371950
4052378419
4052387514
4052394411
4052404420
4052414735
4052423341
4052430238
4052438905
4052446168
4052456056
4052466249
4052473939
4052482118
4052488893
4052492677
4052499024
4052503724
4052509523
4052515199
4052523438
4052528260
4052533509
4052537904
4052544435
4052548707
4052553590
4052557618
4052564393
4052568482
4052573426
4052577699
4052582765
4052588380
4052593201
4052597840
4052603150
4052606751
4052612550
4052616456
4052621461
4052626832
4052631959
4052636170
4052642884
4052646973
4052652100
4052657654
4052663087
4052667176
4052673707
4052679261
4052685914
4052690919
4052697571
4052703553
4052708436
4052715271
4052719788
4052726136
4052731080
4052736756
4052741456
4052747254
4052751954
4052758545
4052763123
4052768189
4052772217
4052779908
4052784790
4052790833
4052798218
4052802063
4052809204
4052814453
4052818543
4052825134
4052831238
4052835449
4052841187
4052846131
4052850525
4052857300
4052862122
4052868775
4052875366
4052880493
4052885071
4052890625
4052896790
4052901733
4052907776
4052914368
4052919617
4052926086
4052930847
4052934448
4052942139
4052945496
4052951721
4052956909
4052963257
4052968323
4052976135
4052981445
4052987304
4052992187
4052998108
4053002441
4053008117
4053013977
4053020569
4053026855
4053032837
4053039917
4053045654
4053049743
4053052856
4053061035
4053064331
4053073364
4053079162
4053085144
4053088378
4053096069
4053099182
4053107604
4053113220
4053119140
4053122192
4053129394
4053134460
4053138793
4053143310
4053149597
4053155151
4053159973
4053164367
4053170776
4053175353
4053180053
4053186034
4053190917
4053197143
4053202148
4053208678
4053213988
4053218505
4053223205
4053229064
4053233947
4053240478
4053246459
4053251403
4053258056
4053262328
4053269347
4053275451
4053280150
4053285644
4053291259
4053296996
4053302489
4053308165
4053313292
4053319091
4053324889
4053330871
4053338012
4053342467
4053348327
4053354186
4053357604
4053365172
4053369445
4053377318
4053382506
4053389037
4053394530
4053399718
4053404051
4053410216
4053414549
4053422118
4053431822
4053438048
4053444090
4053449034
4053455748
4053461241
4053465270
4053471312
4053477110
4053482848
4053487730
4053493285
4053498228
4053504149
4053508421
4053517088
4053522398
4053527647
4053532652
4053539122
4053544920
4053549986
4053555846
4053561033
4053567320
4053572264
4053579954
4053584166
4053590452
4053596800
4053603697
4053607542
4053617491
4053626097
4053630735
4053636717
4053642332
4053646849
4053653196
4053660337
4053665953
4053671019
4053677122
4053681578
4053687376
4053691770
4053697691
4053703733
4053707823
4053714781
4053719297
4053725279
4053729368
4053735166
4053739256
4053745786
4053751280
4053756956
4053761656
4053768003
4053772154
4053778257
4053782346
4053788328
4053794248
4053799619
4053805418
4053809080
4053815610
4053819028
4053826780
4053830564
4053838621
4053843992
4053848936
4053853940
4053859922
4053864316
4053868650
4053873838
4053878904
4053884336
4053890684
4053895200
4053900754
4053906125
4053911008
4053915159
4053920835
4053928098
4053933591
4053938291
4053944577
4053950193
4053955198
4053961057
4053966916
4053973081
4053978330
4053982602
4053989377
4053994931
4053997312
4054005368
4054010617
4054016538
4054022763
4054027097
4054032651
4054038327
4054042661
4054048276
4054052670
4054059689
4054064511
4054070126
4054075009
4054080624
4054085080
4054090695
4054096371
4054102048
4054107114
4054112729
4054117917
4054125302
4054130063
4054133725
4054142392
4054148312
4054154660
4054161130
4054169186
4054173947
4054177121
4054184384
4054189511
4054197262
4054203549
4054208310
4054213803
4054218991
4054227841
4054233944
4054238034
4054242917
4054248043
4054253598
4054257870
4054264218
4054270382
4054274716
4054280331
4054285458
4054289974
4054294369
4054302304
4054307308
4054311337
4054316586
4054320919
4054326229
4054332638
4054337155
4054343380
4054347531
4054354122
4054358822
4054363644
4054369442
4054373470
4054380734
4054384884
4054391415
4054396481
4054401424
4054406246
4054413143
4054418331
4054424007
4054428829
4054432613
4054440548
4054444820
4054452389
4054458858
4054464290
4054470211
4054474544
4054480160
4054483272
4054493709
4054498836
4054504513
4054510982
4054515438
4054518917
4054526607
4054530208
4054538570
4054544490
4054548946
4054554317
4054560115
4054565792
4054570674
4054575618
4054583004
4054588253
4054593318
4054598384
4054604915
4054611202
4054616085
4054620723
4054626583
4054632625
4054638545
4054643001
4054646541
4054653377
4054656917
4054665584
4054670467
4054682124
4054689449
4054694942
4054700923
4054705501
4054711482
4054718074
4054724544
4054731746
4054738155
4054742671
4054746028
4054753352
4054759090
4054763911
4054769038
4054775996
4054781245
4054787105
4054792170
4054796992
4054802791
4054808223
4054812556
4054818660
4054824580
4054830684
4054836543
4054840754
4054846370
4054852107
4054857295
4054862422
4054870356
4054879634
4054889765
4054894831
4054904170
4054910823
4054917781
4054926875
4054933894
4054941462
4054947871
4054955012
4054961970
4054968134
4054974360
4054981684
4054987544
4054995478
4055001765
4055008417
4055015192
4055021235
4055027155
4055032099
4055037348
4055042902
4055048273
4055052973
4055057978
4055064142
4055068720
4055073603
4055078547
4055083246
4055087702
4055091242
4055096308
4055101557
4055105585
4055109125
4055113520
4055118403
4055122858
4055126581
4055133600
4055138239
4055142939
4055147577
4055152094
4055156610
4055161005
4055163691
4055171747
4055177179
4055180475
4055185419
4055190363
4055194696
4055199579
4055206110
4055210321
4055215143
4055220392
4055225824
4055230097
4055236200
4055241266
4055245661
4055250787
4055255792
4055261347
4055265253
4055270807
4055274835
4055282037
4055284967
4055290277
4055295648
4055299982
4055304620
4055309259
4055314996
4055318536
4055324640
4055328607
4055333368
4055338434
4055342401
4055347711
4055353265
4055357110
4055362604
4055367547
4055372919
4055378229
4055381952
4055386346
4055393182
4055398004
4055403070
4055406671
4055411798
4055414544
4055420831
4055426202
4055432306
4055484368
4055491387
4055496148
4055499078
4055503106
4055506585
4055510369
4055513604
4055517144
4055519586
4055522943
4055526910
4055530877
4055534783
4055537408
4055540460
4055544183
4055547967
4055551202
4055553826
4055557183
4055560601
4055563287
4055566094
4055569390
4055572686
4055575250
4055577569
4055580376
4055583245
4055585809
4055587945
4055590936
4055593133
4055594781
4055597344
4055599358
4055601617
4055604607
4055606866
4055609124
4055611260
4055613702
4055615899
4055617669
4055619683
4055621758
4055623894
4055625787
4055628777
4055630913
4055634453
4055636773
4055639275
4055641961
4055644097
4055646111
4055648369
4055650933
4055652764
4055654961
4055657036
4055658990
4055661248
4055663567
4055665642
4055667534
4055669671
4055672112
4055674004
4055676507
4055678582
4055680596
4055683159
4055685235
4055687554
4055689751
4055691948
4055694085
4055698601
4055700493
4055703728
4055705925
4055708428
4055710564
4055712456
4055714531
4055716668
4055718743
4055720696
4055722710
4055725029
4055727166
4055729546
4055731377
4055733269
4055735711
4055738091
4055741631
4055743889
4055746148
4055748406
4055750786
4055753106
4055755425
4055757805
4055759819
4055762322
4055764641
4055768303
4055770378
4055773552
4055775750
4055777886
4055779778
4055781731
4055783928
4055786431
4055788323
4055790459
4055792473
4055794609
4055796562
4055798699
4055800774
4055802727
4055805290
4055807549
4055809502
4055811821
4055813896
4055815911
4055817986
4055820000
4055822197
4055824455
4055826470
4055828423
4055830376
4055833489
4055836235
4055838371
4055841423
4055843376
4055845268
4055847405
4055849785
4055851799
4055853874
4055855827
4055858025
4055860527
4055862663
4055864861
4055866631
4055868462
4055870720
4055872917
4055875053
4055877251
4055879448
4055881523
4055883415
4055885307
4055887444
4055889214
4055891228
4055895073
4055899590
4055905266
4055909111
4055913200
4055917046
4055921379
4055925102
4055929924
4055931511
4055933464
4055936027
4055938164
4055940422
4055942253
4055944633
4055946464
4055948601
4055950737
4055953056
4055954948
4055957084
4055958916
4055961052
4055962883
4055965202
4055967888
4055970329
4055972954
4055975334
4055977165
4055979851
4055981621
4055983513
4055985771
4055987968
4055989738
4055991691
4055993767
4055995659
4055997673
4056000114
4056002128
4056003959
4056005668
4056007683
4056009819
4056011772
4056013786
4056015800
4056018119
4056020317
4056023002
4056024955
4056027946
4056029716
4056031364
4056033561
4056035637
4056037895
4056039848
4056041557
4056043876
4056045890
4056047782
4056049797
4056051811
4056054374
4056056266
4056058525
4056060661
4056062431
4056064140
4056066459
4056068412
4056070426
4056072258
4056076591
4056078483
4056081169
4056083305
4056085319
4056087211
4056089530
4056091484
4056093742
4056095573
4056097770
4056099845
4056102226
4056104423
4056106254
4056108451
4056110343
4056113029
4056115104
4056117362
4056119316
4056121391
4056123405
4056125175
4056127128
4056129203
4056131461
4056133476
4056136344
4056138664
4056140861
4056143913
4056146049
4056148185
4056150199
4056152702
4056155082
4056157218
4056159416
4056161430
4056163810
4056165763
4056167777
4056169791
4056172172
4056174369
4056176261
4056178581
4056180534
4056183036
4056184867
4056186820
4056189262
4056191276
4056193168
4056195487
4056200248
4056202628
4056205375
4056207511
4056209525
4056211539
4056213493
4056215385
4056217277
4056219413
4056221732
4056223746
4056226371
4056228629
4056230460
4056232841
4056235221
4056237174
4056239249
4056241569
4056243644
4056246024
4056247916
4056250052
4056251884
4056253898
4056256095
4056258353
4056261405
4056263358
4056266105
4056268729
4056270804
4056272758
4056274711
4056276664
4056278556
4056280631
4056282462
4056284598
4056286551
4056288566
4056290641
4056292655
4056294608
4056297049
4056298942
4056301444
4056303519
4056305350
4056307303
4056310233
4056312064
4056314322
4056316275
4056318534
4056321524
4056323783
4056326590
4056329154
4056330985
4056332816
4056335318
4056337272
4056339469
4056341483
4056343436
4056345389
4056347403
4056349540
4056351493
4056353995
4056356070
4056358207
4056360709
4056362662
4056364432
4056366568
4056368888
4056370719
4056372977
4056375052
4056377188
4056379447
4056381888
4056384757
4056386588
4056389762
4056391959
4056393912
4056396659
4056398551
4056401053
4056403250
4056405448
4056407279
4056409293
4056411612
4056413504
4056415640
4056417655
4056420035
4056422232
4056424613
4056426627
4056428763
4056430777
4056432913
4056435050
4056437064
4056439200
4056441214
4056443411
4056446280
4056448782
4056451407
4056454154
4056456229
4056458243
4056460623
4056462698
4056464713
4056466910
4056469107
4056471304
4056473624
4056475821
4056477652
4056479910
4056481863
4056484122
4056486563
4056488577
4056490469
4056492422
4056494925
4056497061
4056498953
4056500967
4056503043
4056505118
4056507376
4056510733
4056512808
4056515799
4056518240
4056520315
4056522391
4056524161
4056526175
4056528372
4056530691
4056532645
4056534720
4056536917
4056539053
4056541067
4056543020
4056545096
4056547354
4056549856
4056551993
4056554068
4056556143
4056558157
4056560415
