3954178292
3954184579
3954189828
3954194711
3954201303
3954208138
3954211739
3954218453
3954224374
3954231210
3954236581
3954242074
3954248788
3954253121
3954258553
3954265023
3954270150
3954275826
3954282296
3954287972
3954294259
3954299142
3954305978
3954311288
3954316292
3954324471
3954330392
3954337533
3954343575
3954351327
3954357735
3954364205
3954371407
3954378060
3954384713
3954390755
3954396981
3954405159
3954412178
3954418648
3954425545
3954431771
3954437935
3954444222
3954452462
3954459420
3954466805
3954474373
3954481087
3954488289
3954495064
3954502449
3954509163
3954514900
3954523262
3954528389
3954535347
3954542671
3954549019
3954555428
3954560555
3954567513
3954574837
3954581184
3954587715
3954595039
3954601448
3954607063
3954613411
3954620003
3954623360
3954633858
3954639168
3954644844
3954652229
3954656990
3954666084
3954672310
3954678108
3954684883
3954692146
3954698555
3954705024
3954711189
3954716865
3954723335
3954730049
3954737983
3954744026
3954751960
3954759284
3954766975
3954774421
3954781135
3954787239
3954793769
3954800910
3954807685
3954813850
3954820686
3954827522
3954832832
3954840766
3954847236
3954853400
3954861762
3954867744
3954875129
3954882087
3954888557
3954895026
3954901740
3954910529
3954916572
3954924262
3954931037
3954938483
3954945014
3954951423
3954957221
3954963996
3954971015
3954979194
3954985480
3954989447
3954998236
3955006110
3955013251
3955019721
3955024970
3955033576
3955040412
3955047126
3955054572
3955061347
3955069281
3955075995
3955082526
3955089240
3955095892
3955104010
3955109870
3955122199
3955130011
3955135260
3955143866
3955151251
3955159003
3955163214
3955172613
3955180914
3955189154
3955197027
3955205023
3955212164
3955218817
3955227301
3955234625
3955242193
3955249701
3955255316
3955263617
3955272162
3955279120
3955288092
3955296148
3955302679
3955311163
3955319769
3955328741
3955335882
3955347418
3955352423
3955363470
3955371649
3955377752
3955388067
3955394903
3955405035
3955410772
3955420843
3955428838
3955436346
3955445318
3955451482
3955460699
3955468023
3955479009
3955484502
3955495306
3955500310
3955513433
3955521856
3955529241
3955536199
3955543767
3955550115
3955557683
3955565984
3955574346
3955581609
3955589299
3955596563
3955604985
3955615056
3955623479
3955633916
3955641545
3955651006
3955660161
3955669133
3955672673
3955685063
3955693242
3955702580
3955711553
3955721074
3955728093
3955736882
3955742253
3955753850
3955760014
3955771733
3955778447
3955787419
3955794865
3955804387
3955812504
3955818852
3955826359
3955837224
3955845646
3955853642
3955861332
3955870793
3955878361
3955888127
3955893681
3955903325
3955910527
3955920658
3955925724
3955935612
3955941166
3955952885
3955968266
3955975651
3955985783
3955993778
3956006535
3956011967
3956023502
3956033329
3956042423
3956048893
3956057743
3956066410
3956072880
3956081058
3956087528
3956095890
3956107120
3956110782
3956122440
3956127384
3956138309
3956147220
3956154056
3956164249
3956172184
3956181583
3956190921
3956198490
3956207218
3956216190
3956225711
3956234378
3956243534
3956250492
3956259891
3956268009
3956275272
3956282596
3956288822
3956303104
3956308292
3956318546
3956324466
3956335757
3956344791
3956351260
3956356631
3956367557
3956376895
3956383792
3956391238
3956399722
3956408389
3956414859
3956420657
3956433230
3956442447
3956448855
3956457644
3956466006
3956472903
3956480838
3956488528
3956497195
3956506655
3956513003
3956521548
3956529971
3956535891
3956545230
3956550540
3956564944
3956571902
3956580935
3956588015
3956596255
3956605105
3956614871
3956622561
3956631838
3956640322
3956647463
3956655093
3956662112
3956672366
3956679385
3956689822
3956698977
3956705385
3956714297
3956721316
3956728396
3956737185
3956744814
3956755495
3956763918
3956772158
3956780214
3956788820
3956797060
3956806093
3956811159
3956823305
3956832338
3956840639
3956847658
3956856203
3956864199
3956870790
3956880678
3956887392
3956897890
3956904360
3956913149
3956920107
3956928896
3956936891
3956945009
3956954225
3956963502
3956970766
3956978578
3956987001
3956996278
3957003725
3957017091
3957024232
3957032777
3957041810
3957049928
3957056337
3957065736
3957071168
3957083619
3957091920
3957100526
3957108277
3957116517
3957119752
3957130250
3957139833
3957148805
3957156312
3957165345
3957172486
3957181336
3957190003
3957196351
3957205750
3957214295
3957221558
3957229859
3957237061
3957245728
3957253724
3957260072
3957268555
3957277100
3957284791
3957293030
3957300233
3957308716
3957316041
3957324769
3957327698
3957340394
3957345887
3957357239
3957363526
3957372071
3957380982
3957387513
3957396363
3957406678
3957412110
3957422058
3957430481
3957437073
3957445740
3957452942
3957460144
3957472717
3957478211
3957488892
3957497498
3957504273
3957512390
3957518921
3957525757
3957537720
3957544006
3957551636
3957559814
3957566589
3957573791
3957582275
3957589233
3957599365
3957608276
3957616516
3957624512
3957633545
3957640564
3957648864
3957656494
3957664856
3957674194
3957680725
3957689392
3957698059
3957706726
3957713317
3957723571
3957730590
3957739624
3957750061
3957759643
3957768310
3957777099
3957787170
3957794311
3957803405
3957809997
3957818725
3957826720
3957835021
3957843749
3957848815
3957860717
3957866271
3957876159
3957884704
3957893859
3957901794
3957910460
3957921386
3957929137
3957938109
3957945250
3957953795
3957962584
3957972472
3957980101
3957988585
3957997618
3958004027
3958013365
3958020568
3958029540
3958035826
3958043334
3958050536
3958056883
3958061278
3958068480
3958074400
3958081297
3958086546
3958092894
3958099547
3958105772
3958110106
3958116393
3958123351
3958126280
3958135497
3958139769
3958145323
3958151366
3958156493
3958162535
3958168516
3958174254
3958180052
3958183470
3958191832
3958198057
3958204039
3958209349
3958215208
3958221068
3958225401
3958232603
3958236021
3958242674
3958247923
3958254210
3958259703
3958263975
3958270140
3958275450
3958279905
3958284849
3958289061
3958295713
3958300169
3958305845
3958308897
3958316893
3958324095
3958329161
3958339476
3958344236
3958350157
3958355223
3958359800
3958364378
3958371458
3958376158
3958382688
3958389646
3958394895
3958400572
3958405637
3958410276
3958418272
3958425596
3958431211
3958437559
3958442747
3958448057
3958451841
3958460203
3958464963
3958470579
3958475950
3958481260
3958485654
3958490903
3958496458
3958502134
3958508176
3958513852
3958518064
3958523435
3958528745
3958534177
3958538083
3958544797
3958548154
3958556638
3958560361
3958567258
3958572080
3958577451
3958584592
3958590207
3958595090
3958602536
3958606809
3958612302
3958615476
3958622495
3958625669
3958632199
3958636716
3958643674
3958650144
3958654355
3958660031
3958665952
3958669370
3958675656
3958680478
3958687009
3958692868
3958698117
3958702451
3958708432
3958712949
3958719418
3958724179
3958731747
3958736874
3958741818
3958746213
3958753232
3958757687
3958763364
3958768063
3958775387
3958781735
3958786801
3958791318
3958794736
3958802670
3958806210
3958813046
3958817807
3958825924
3958829526
3958836484
3958841549
3958847287
3958852108
3958857480
3958862606
3958869137
3958873715
3958880612
3958886227
3958890622
3958896542
3958900753
3958906857
3958910153
3958918026
3958922055
3958929196
3958934750
3958939877
3958944760
3958951107
3958956173
3958962887
3958968014
3958975399
3958980404
3958986935
3958991390
3958995907
3959003780
3959008602
3959014462
3959020809
3959026058
3959031124
3959035152
3959040646
3959046078
3959053036
3959058407
3959063045
3959068417
3959072994
3959078243
3959081600
3959087887
3959094051
3959099544
3959105282
3959109493
3959115108
3959120113
3959124569
3959130550
3959135982
3959142757
3959146785
3959155147
3959161739
3959165584
3959171138
3959175350
3959178646
3959186824
3959192745
3959197322
3959203304
3959207454
3959212459
3959217586
3959223567
3959230098
3959235713
3959239986
3959245662
3959251460
3959256282
3959262508
3959267024
3959273494
3959280391
3959284786
3959290462
3959294734
3959299678
3959305599
3959310542
3959317928
3959321956
3959327693
3959334102
3959338435
3959343013
3959349727
3959354060
3959359981
3959366145
3959372310
3959378169
3959385921
3959392634
3959397883
3959402278
3959408748
3959416072
3959419978
3959427119
3959430537
3959437922
3959443904
3959449519
3959453120
3959461116
3959465144
3959471858
3959476802
3959482783
3959487727
3959492732
3959499385
3959505000
3959511653
3959516474
3959525080
3959529841
3959534785
3959543391
3959547724
3959557734
3959563288
3959570246
3959577082
3959583064
3959589594
3959596186
3959602290
3959606745
3959612788
3959617060
3959624079
3959628352
3959634333
3959640070
3959644648
3959650690
3959656550
3959660639
3959663752
3959671381
3959674677
3959681635
3959684687
3959691401
3959697077
3959702448
3959705500
3959711909
3959717951
3959722590
3959727106
3959733393
3959738825
3959744013
3959749018
3959753840
3959758600
3959763849
3959768244
3959775446
3959780085
3959785273
3959790888
3959795404
3959799494
3959805048
3959811212
3959817804
3959822992
3959829096
3959833673
3959839960
3959844599
3959850458
3959855341
3959863458
3959868097
3959875665
3959879755
3959888117
3959892267
3959900201
3959904047
3959912531
3959917719
3959923822
3959927911
3959934198
3959937494
3959943842
3959948663
3959957147
3959962518
3959968378
3959973199
3959979181
3959983453
3959989801
3959994134
3960001092
3960007440
3960009942
3960017572
3960022821
3960028924
3960033136
3960038873
3960042657
3960051446
3960055413
3960061517
3960066217
3960072076
3960077020
3960083001
3960088433
3960094110
3960100885
3960106439
3960111688
3960117974
3960122979
3960131280
3960135736
3960141168
3960146844
3960153314
3960158685
3960163629
3960167535
3960175103
3960179498
3960186273
3960191888
3960197503
3960201592
3960207024
3960212273
3960216729
3960222100
3960223931
3960233086
3960237115
3960243584
3960247491
3960253045
3960256402
3960262932
3960268609
3960278863
3960283929
3960293877
3960300957
3960308526
3960317742
3960325921
3960333062
3960341973
3960348870
3960358574
3960368950
3960377434
3960385247
3960395623
3960403069
3960411736
3960421562
3960429680
3960436699
3960443901
3960452446
3960459953
3960468315
3960477532
3960486626
3960494743
3960501335
3960509880
3960517876
3960522514
3960532402
3960537163
3960549675
3960555046
3960565483
3960570122
3960579826
3960584404
3960594902
3960603142
3960610100
3960617180
3960626579
3960634208
3960641227
3960648552
3960656059
3960665336
3960673149
3960679924
3960689567
3960696098
3960704765
3960713310
3960720512
3960729301
3960735771
3960747367
3960754875
3960762016
3960770561
3960779350
3960787467
3960795097
3960802848
3960812553
3960820182
3960828971
3960836417
3960844047
3960850333
3960860465
3960867240
3960878898
3960885917
3960895865
3960902823
3960911735
3960920279
3960928092
3960934806
3960939933
3960952018
3960957633
3960968741
3960973929
3960984183
3960991324
3961000663
3961007926
3961017752
3961025687
3961033133
3961042594
3961049735
3961058463
3961065665
3961074454
3961083670
3961092764
3961100638
3961109244
3961115530
3961124136
3961133108
3961139822
3961146963
3961156119
3961163931
3961172537
3961179922
3961188101
3961197256
3961204764
3961211416
3961221426
3961228628
3961238638
3961248892
3961257071
3961264761
3961274405
3961282095
3961291616
3961298452
3961308279
3961314810
3961322805
3961331350
3961338186
3961346731
3961351797
3961364492
3961373708
3961380056
3961388540
3961397207
3961402273
3961411306
3961418630
3961428945
3961436819
3961444997
3961451528
3961460622
3961467031
3961476003
3961484548
3961493520
3961502736
3961510671
3961517385
3961526235
3961532705
3961539907
3961549001
3961556325
3961566701
3961574575
3961582936
3961590078
3961598134
3961604604
3961614125
3961620534
3961628530
3961638112
3961647389
3961655995
3961662892
3961671498
3961676564
3961686818
3961692311
3961703725
3961711781
3961721608
3961729237
3961737294
3961744252
3961753712
3961760731
3961772023
3961778981
3961788319
3961798268
3961806508
3961816517
3961824330
3961834340
3961841969
3961852467
3961859486
3961867176
3961877674
3961883107
3961894581
3961899952
3961911732
3961917164
3961927601
3961932606
3961943714
3961952503
3961959400
3961968617
3961978687
3961985523
3961993824
3962002796
3962009754
3962017750
3962026600
3962031788
3962043873
3962050220
3962059070
3962067127
3962075428
3962081714
3962091297
3962098743
3962107410
3962115894
3962124195
3962132923
3962139637
3962148243
3962154651
3962163745
3962172351
3962179981
3962188465
3962195850
3962204395
3962213428
3962219593
3962227588
3962236255
3962244007
3962252246
3962260669
3962267322
3962276294
3962284839
3962293872
3962303638
3962311267
3962317798
3962326099
3962334460
3962342700
3962349902
3962358203
3962366931
3962376941
3962383410
3962392444
3962398974
3962406421
3962415332
3962423938
3962433398
3962442187
3962448657
3962457690
3962464892
3962475146
3962483142
3962494189
3962500109
3962509875
3962518786
3962527941
3962532885
3962541979
3962549975
3962563159
3962569689
3962578356
3962587206
3962595934
3962600939
3962612292
3962617175
3962629504
3962638415
3962647143
3962654284
3962662401
3962669848
3962678515
3962687243
3962694201
3962703478
3962712145
3962720873
3962727343
3962735094
3962743578
3962751757
3962760851
3962767687
3962777513
3962786547
3962793932
3962803270
3962808214
3962820970
3962827806
3962836107
3962841112
3962851671
3962856554
3962867052
3962872362
3962885240
3962894334
3962901048
3962908128
3962915941
3962922960
3962932115
3962939683
3962949815
3962958787
3962965318
3962972703
3962980943
3962987779
3962999009
3963006395
3963014879
3963022386
3963031785
3963040025
3963046617
3963054490
3963065721
3963070726
3963083055
3963088670
3963098252
3963103196
3963114244
3963119798
3963130235
3963135850
3963148484
3963154099
3963165879
3963171189
3963179917
3963187669
3963198960
3963204087
3963217698
3963225388
3963233689
3963240159
3963248460
3963257432
3963263901
3963273667
3963282944
3963291001
3963299180
3963306199
3963314805
3963320420
3963331406
3963336533
3963348008
3963355698
3963365708
3963373947
3963380783
3963390976
3963399216
3963407639
3963416794
3963425217
3963432480
3963441147
3963448227
3963456589
3963464218
3963475571
3963485092
3963493454
3963501938
3963508530
3963516830
3963525253
3963532883
3963541000
3963549911
3963557236
3963565658
3963574753
3963581955
3963588486
3963598129
3963607895
3963616317
3963623459
3963631149
3963638656
3963648117
3963655746
3963665268
3963673568
3963682479
3963690719
3963697250
3963706222
3963712753
3963720016
3963732406
3963741378
3963748214
3963756576
3963765060
3963772018
3963780013
3963789108
3963798873
3963804427
3963814437
3963823287
3963830184
3963838424
3963846114
3963853438
3963865462
3963871139
3963880477
3963889022
3963895675
3963904281
3963913680
3963918624
3963931746
3963938155
3963947554
3963955794
3963962447
3963970626
3963979048
3963988448
3963997298
3964004744
3964013228
3964021285
3964027815
3964037093
3964043868
3964048628
3964061629
3964070235
3964075850
3964080855
3964086531
3964091109
3964095015
3964103987
3964107710
3964115523
3964121992
3964127730
3964133711
3964138533
3964146406
3964151778
3964159346
3964164656
3964170698
3964175520
3964181807
3964186018
3964192427
3964198530
3964203108
3964207502
3964213423
3964219160
3964223921
3964227888
3964236311
3964242109
3964247908
3964252729
3964259260
3964264448
3964272261
3964276472
3964284407
3964289839
3964296430
3964301374
3964307539
3964312910
3964319868
3964324934
3964331159
3964336897
3964342695
3964347456
3964353376
3964358625
3964363508
3964368940
3964375349
3964378767
3964385358
3964388471
3964395307
3964398481
3964405805
3964411726
3964416914
3964422346
3964428876
3964433881
3964438886
3964443952
3964449750
3964454267
3964461652
3964466352
3964473188
3964477521
3964483808
3964488141
3964494550
3964498700
3964505231
3964511213
3964516645
3964521039
3964526899
3964532453
3964536603
3964542035
3964547651
3964553571
3964559430
3964565168
3964570111
3964574689
3964581403
3964585736
3964592145
3964597821
3964603314
3964609235
3964613996
3964619733
3964623395
3964629682
3964632916
3964642194
3964648969
3964653729
3964657575
3964664410
3964667645
3964674420
3964684247
3964690289
3964695721
3964700970
3964707928
3964715070
3964719891
3964726727
3964730694
3964739972
3964744000
3964749371
3964754742
3964759320
3964763898
3964769574
3964773968
3964781842
3964786297
3964793194
3964796551
3964802350
3964807049
3964813824
3964817059
3964825299
3964829327
3964837078
3964840557
3964852215
3964863690
3964884625
3964892987
3964903057
3964911785
3964918438
3964926739
3964934857
3964941815
3964946941
3964951458
3964956097
3964961956
3964966106
3964971966
3964977276
3964981792
3964986492
3964991375
3964995647
3965000652
3965004803
3965009991
3965016277
3965021343
3965027080
3965030926
3965037884
3965040874
3965048015
3965051311
3965059734
3965063946
3965068706
3965073833
3965079021
3965083904
3965087749
3965096599
3965099529
3965105266
3965109478
3965115886
3965118816
3965124920
3965127910
3965135234
3965141094
3965145000
3965150737
3965154705
3965160442
3965165508
3965170635
3965175823
3965181255
3965185588
3965191081
3965197063
3965201641
3965207439
3965213970
3965218913
3965224590
3965229839
3965238384
3965241435
3965246684
3965254192
3965262004
3965267680
3965276225
3965281902
3965287090
3965294170
3965297954
3965303264
3965308025
3965313090
3965316814
3965321635
3965325420
3965331645
3965336711
3965342082
3965345500
3965352092
3965356730
3965362102
3965366496
3965372111
3965377971
3965384685
3965388041
3965394816
3965399211
3965404643
3965409160
3965414286
3965418925
3965426860
3965431620
3965437175
3965441630
3965447734
3965452372
3965457988
3965461955
3965468730
3965474711
3965480021
3965483988
3965489665
3965493815
3965499247
3965504435
3965510661
3965515116
3965521708
3965527018
3965532145
3965538004
3965542704
3965548136
3965552958
3965559123
3965565409
3965569865
3965576212
3965580607
3965583964
3965591410
3965596293
3965603678
3965607828
3965614970
3965619791
3965624308
3965630595
3965634562
3965640360
3965647013
3965654032
3965659281
3965663737
3965667826
3965675333
3965679361
3965686319
3965689615
3965698954
3965702982
3965710184
3965713480
3965720011
3965725016
3965729898
3965735697
3965741678
3965745035
3965753580
3965757059
3965763956
3965766947
3965773111
3965776346
3965786722
3965793314
3965798441
3965804178
3965811319
3965816324
3965822489
3965829019
3965836710
3965842630
3965846719
3965852091
3965857462
3965860819
3965867960
3965872293
3965879434
3965884927
3965889688
3965894205
3965900125
3965904764
3965910318
3965914712
3965921548
3965924966
3965931558
3965936563
3965941751
3965946023
3965952554
3965956582
3965962137
3965968545
3965974038
3965980813
3965984903
3965990274
3965996011
3966000039
3966006387
3966012063
3966017679
3966021890
3966027139
3966032510
3966037576
3966041604
3966049112
3966053323
3966059671
3966064920
3966071267
3966076089
3966083413
3966088601
3966094583
3966099221
3966106729
3966111917
3966117959
3966122964
3966129495
3966134499
3966140359
3966145913
3966151589
3966155984
3966162759
3966167336
3966172952
3966179055
3966185586
3966191689
3966196755
3966202615
3966207558
3966213601
3966217934
3966223855
3966227212
3966234963
3966240700
3966246560
3966250588
3966257119
3966260598
3966267739
3966272927
3966281533
3966287636
3966294411
3966301613
3966309670
3966316811
3966325295
3966331948
3966341042
3966350808
3966360512
3966368447
3966378762
3966386635
3966397316
3966405556
3966414345
3966424843
3966432533
3966440773
3966451454
3966459328
3966468605
3966476540
3966487709
3966494850
3966503944
3966511452
3966518715
3966525490
3966533546
3966540321
3966550697
3966555702
3966564491
3966571022
3966579933
3966586708
3966594581
3966600441
3966609657
3966618812
3966626930
3966636879
3966644386
3966652137
3966663551
3966671485
3966681373
3966689125
3966697730
3966704811
3966714759
3966721595
3966731971
3966739112
3966746009
3966757179
3966763953
3966772620
3966777869
3966788062
3966796607
3966803992
3966811317
3966821448
3966829200
3966838599
3966845923
3966853675
3966862891
3966869483
3966878211
3966885291
3966894629
3966903785
3966912268
3966919043
3966927832
3966932959
3966944190
3966949256
3966961096
3966966468
3966976844
3966983985
3966993262
3967000525
3967008582
3967015662
3967024207
3967030860
3967040198
3967049109
3967056860
3967063574
3967068579
3967079810
3967088538
3967095435
3967102820
3967111426
3967118750
3967128271
3967135657
3967144385
3967151709
3967158972
3967168188
3967176550
3967185156
3967192358
3967201086
3967207739
3967216589
3967226843
3967236364
3967244238
3967253332
3967260839
3967269873
3967278540
3967288854
3967298193
3967308691
3967314611
3967325659
3967330785
3967341650
3967346838
3967356420
3967365698
3967375646
3967384130
3967392614
3967398534
3967409093
3967417638
3967424108
3967434179
3967443029
3967449315
3967458043
3967463415
3967473424
3967478978
3967489843
3967494970
3967507421
3967513707
3967524633
3967529882
3967540685
3967545690
3967556798
3967561681
3967573583
3967578954
3967587987
3967592931
3967604100
3967609227
3967619725
3967628453
3967637242
3967644139
3967652501
3967660802
3967674718
3967682591
3967691746
3967700230
3967709508
3967718907
3967725621
3967734715
3967741246
3967751195
3967758153
3967767308
3967774632
3967783543
3967792088
3967803502
3967809788
3967821873
3967828709
3967839329
3967847081
3967855442
3967862889
3967871556
3967876866
3967887181
3967892796
3967904392
3967909764
3967919529
3967924473
3967934605
3967943028
3967950230
3967957127
3967969761
3967975132
3967986301
3967991489
3968001133
3968009190
3968015781
3968023105
3968035251
3968044285
3968052585
3968059971
3968068393
3968075229
3968085422
3968092563
3968101719
3968113559
3968122959
3968131870
3968138950
3968149570
3968159397
3968168857
3968174350
3968185642
3968191379
3968202365
3968207370
3968216770
3968222019
3968235202
3968244357
3968250888
3968260410
3968266940
3968277133
3968284152
3968295383
3968301364
3968312411
3968317599
3968328342
3968333285
3968346042
3968353305
3968361972
3968371127
3968380221
3968387607
3968396823
3968403048
3968412143
3968422458
3968428866
3968439425
3968446688
3968455661
3968465609
3968472567
3968482394
3968491793
3968498568
3968504916
3968514437
3968520846
3968530245
3968536715
3968547457
3968556368
3968565279
3968572298
3968581210
3968591952
3968598666
3968608980
3968617770
3968626070
3968632418
3968641634
3968650606
3968657931
3968671480
3968683504
3968688753
3968700228
3968707735
3968716768
3968725435
3968734774
3968742952
3968753267
3968762300
3968770906
3968780245
3968785433
3968795870
3968805086
3968811434
3968820528
3968830660
3968837434
3968847139
3968855074
3968862764
3968873018
3968881441
3968890352
3968897859
3968908418
3968917024
3968924653
3968933809
3968942842
3968950899
3968960115
3968965486
3968977693
3968984529
3968994539
3968999788
3969012971
3969022309
3969030671
3969037934
3969046785
3969054170
3969063386
3969066194
3969079499
3969087434
3969095918
3969103913
3969110200
3969119172
3969127778
3969136323
3969145600
3969155366
3969162507
3969173676
3969180451
3969189301
3969196992
3969208955
3969214997
3969225922
3969232697
3969241181
3969249909
3969256562
3969261384
3969274018
3969283661
3969290253
3969298554
3969307038
3969313935
3969322113
3969332367
3969339081
3969348481
3969357514
3969366486
3969373566
3969382538
3969389252
3969399201
3969405487
3969414337
3969424164
3969431793
3969439179
3969449616
3969455658
3969470001
3969478180
3969484589
3969489777
3969502106
3969509674
3969518341
3969521332
3969534027
3969543121
3969551361
3969558624
3969567108
3969574615
3969581390
3969591095
3969600067
3969608245
3969614959
3969623565
3969632110
3969639007
3969647491
3969653778
3969664764
3969674896
3969682037
3969690582
3969697418
3969706878
3969715545
3969725128
3969734832
3969743255
3969752898
3969761687
3969769988
3969779632
3969786834
3969797088
3969807281
3969815703
3969822722
3969831023
3969840178
3969846953
3969854949
3969864776
3969875335
3969881804
3969892485
3969899505
3969906585
3969915862
3969922881
3969932769
3969940520
3969949980
3969957915
3969965056
3969972869
3969980498
3969990508
3969999541
3970008574
3970013640
3970024260
3970030486
3970040984
3970051299
3970061064
3970068510
3970077116
3970085722
3970092375
3970101408
3970108183
3970118925
3970124480
3970130461
3970134245
3970140166
3970145109
3970151213
3970156401
3970163481
3970169767
3970173552
3970179716
3970184111
3970190580
3970194731
3970201506
3970205839
3970212492
3970215483
3970222868
3970227873
3970231962
3970235685
3970243437
3970249540
3970254972
3970260710
3970263883
3970270597
3970276701
3970282987
3970289579
3970293974
3970298979
3970303495
3970310697
3970313810
3970321867
3970327482
3970332853
3970336820
3970341215
3970347868
3970353239
3970361723
3970367765
3970371671
3970377897
3970383207
3970389982
3970395902
3970402616
3970409513
3970415494
3970419950
3970425504
3970430204
3970435941
3970440763
3970447965
3970452665
3970459073
3970462491
3970469449
3970472684
3970480253
3970483609
3970492460
3970498136
3970503568
3970509183
3970513761
3970518766
3970524442
3970528775
3970536344
3970541410
3970548551
3970554105
3970560758
3970566007
3970573819
3970577970
3970586453
3970590543
3970597257
3970602261
3970611478
3970616422
3970622464
3970627286
3970633450
3970638577
3970644986
3970649747
3970655850
3970660794
3970665921
3970673001
3970679166
3970685757
3970692349
3970697171
3970702359
3970706631
3970713284
3970717984
3970723721
3970729153
3970735318
3970741910
3970747037
3970753323
3970759182
3970764370
3970771389
3970776089
3970783535
3970786892
3970794705
3970798550
3970804104
3970808804
3970815457
3970821743
3970827481
3970832730
3970836636
3970841824
3970847378
3970850369
3970859341
3970865200
3970871060
3970874050
3970880276
3970885525
3970890103
3970894680
3970904324
3970907559
3970914578
3970919033
3970924343
3970929592
3970935391
3970941860
3970950039
3970954861
3970962002
3970968410
3970975185
3970979946
3970986538
3970993252
3970997219
3971003567
3971009243
3971014431
3971018764
3971027431
3971032436
3971037502
3971042446
3971049343
3971051357
3971058010
3971063198
3971066860
3971073208
3971079738
3971084499
3971089565
3971093654
3971098476
3971101223
3971107814
3971111171
3971119228
3971125026
3971130153
3971134609
3971139492
3971144435
3971148952
3971152919
3971159511
3971165309
3971169338
3971175258
3971179347
3971184963
3971188564
3971194423
3971200221
3971205592
3971210170
3971215419
3971219325
3971225612
3971230983
3971236354
3971243068
3971249110
3971254115
3971259731
3971264918
3971269191
3971274379
3971278285
3971286647
3971292567
3971297023
3971302882
3971306972
3971311976
3971316920
3971321376
3971328334
3971332179
3971338588
3971343104
3971347926
3971352199
3971357997
3971362819
3971368617
3971374049
3971380641
3971385463
3971391993
3971396632
3971403712
3971410182
3971416957
3971421290
3971427333
3971431483
3971436549
3971440882
3971446559
3971452296
3971459559
3971466090
3971472987
3971479212
3971483363
3971490504
3971495570
3971502100
3971508387
3971513331
3971520594
3971526148
3971531153
3971534876
3971540980
3971546351
3971551722
3971557459
3971561182
3971565943
3971570887
3971574915
3971579859
3971582606
3971589503
3971595850
3971600123
3971605433
3971610316
3971614588
3971619715
3971624109
3971631312
3971638025
3971642481
3971648584
3971654017
3971657801
3971663111
3971668299
3971676416
3971682886
3971687464
3971690699
3971697779
3971701441
3971707605
3971711634
3971718164
3971723597
3971729029
3971732141
3971738367
3971743555
3971747766
3971752344
3971759668
3971763086
3971769068
3971773828
3971779566
3971784021
3971788904
3971794763
3971799585
3971805567
3971810938
3971816004
3971822717
3971828272
3971834863
3971840051
3971849146
3971852808
3971860254
3971866052
3971872705
3971876611
3971883508
3971888940
3971895715
3971901453
3971906396
3971912012
3971916894
3971922082
3971926538
3971932153
3971937402
3971943506
3971949914
3971954126
3971958093
3971964502
3971967675
3971973779
3971978296
3971984887
3971991662
3971995935
3972001489
3972006616
3972010217
3972018029
3972021081
3972030603
3972036279
3972043176
3972048547
3972053369
3972058312
3972063561
3972071313
3972075280
3972082360
3972086755
3972091271
3972096520
3972100671
3972104455
3972111047
3972116479
3972121911
3972128259
3972133813
3972138818
3972146081
3972149804
3972158166
3972165368
3972174767
3972182519
3972190575
3972196923
3972203759
3972210106
3972217187
3972223900
3972231347
3972237084
3972243981
3972253136
3972261437
3972268090
3972274682
3972282372
3972288536
3972295678
3972305931
3972315331
3972324913
3972334740
3972342491
3972353417
3972363182
3972373558
3972382408
3972393089
3972404686
3972415123
3972424339
3972432823
3972442345
3972449608
3972457298
3972465050
3972472435
3972480247
3972486473
3972494530
3972501915
3972508201
3972515098
3972522728
3972531700
3972538170
3972546653
3972553428
3972559959
3972568138
3972575218
3972582054
3972589805
3972595787
3972605491
3972611167
3972618370
3972628562
3972635337
3972642051
3972650840
3972658225
3972666343
3972674278
3972683799
3972691612
3972699546
3972706260
3972712364
3972720298
3972728660
3972735923
3972742515
3972749473
3972755698
3972762229
3972768882
3972775413
3972779197
3972790793
3972799521
3972804893
3972812461
3972819602
3972827109
3972832602
3972840964
3972848288
3972855185
3972862327
3972869895
3972875266
3972883445
3972890708
3972897422
3972904990
3972926352
3972936362
3972944480
3972953940
3972959860
3972968039
3972976950
3972982932
3972990561
3972997458
3973004477
3973016501
3973021262
3973029318
3973036215
3973045493
3973052634
3973061545
3973068442
3973076559
3973083884
3973093954
3973098837
3973108725
3973116903
3973124716
3973129477
3973139547
3973148520
3973154440
3973162008
3973172384
3973181784
3973187704
3973198019
3973204550
3973213278
3973221395
3973230429
3973236410
3973245748
3973251913
3973260824
3973269735
3973277731
3973283651
3973291586
3973299459
3973307028
3973313131
3973322530
3973331686
3973340170
3973347982
3973353719
3973361593
3973370443
3973378744
3973386007
3973394491
3973403097
3973412252
3973420675
3973428975
3973435079
3973443563
3973448263
3973462484
3973469869
3973478475
3973485616
3973494161
3973500447
3973508992
3973514180
3973526509
3973535665
3973542073
3973549153
3973559346
3973566792
3973575154
3973581868
3973593343
3973599019
3973609761
3973616902
3973623921
3973630513
3973639912
3973646260
3973656270
3973665181
3973672810
3973681477
3973688191
3973696614
3973701619
3973712666
3973717671
3973728047
3973738057
3973744526
3973752583
3973764058
3973771382
3973780232
3973787434
3973797261
3973804829
3973813923
3973822407
3973831074
3973837605
3973847309
3973853718
3973862812
3973872212
3973882038
3973888935
3973897114
3973905659
3973912983
3973921650
3973927021
3973939228
3973944965
3973956074
3973961201
3973971393
3973978718
3973987812
3973995075
3974003132
3974012836
3974021686
3974029377
3974041095
3974047199
3974060688
3974066791
3974078632
3974087055
3974094379
3974101154
3974111835
3974118183
3974126911
3974133930
3974141132
3974154315
3974161762
3974171100
3974177753
3974188434
3974193988
3974206073
3974212238
3974226337
3974235553
3974244342
3974251483
3974262714
3974271381
3974279132
3974285907
3974296710
3974306537
3974315509
3974322772
3974333758
3974341082
3974348285
3974357928
3974367328
3974374163
3974382708
3974389300
3974396746
3974405169
3974412371
3974419146
3974426837
3974435748
3974444476
3974451312
3974459063
3974465533
3974474505
3974483172
3974491717
3974498492
3974508013
3974517474
3974526080
3974533099
3974542681
3974548968
3974556231
3974569353
3974574786
3974585528
3974593523
3974601702
3974609575
3974618181
3974625322
3974635210
3974644487
3974652666
3974659319
3974664385
3974676348
3974681414
3974692583
3974697954
3974711870
3974717424
3974728716
3974733782
3974744707
3974753130
3974761003
3974768633
3974777788
3974785600
3974794328
3974801714
3974810014
3974816423
3974825151
3974833879
3974840715
3974849931
3974859453
3974868181
3974871477
3974882951
3974888017
3974898881
3974907609
3974916826
3974922380
3974932206
3974939531
3974947587
3974954850
3974964982
3974972306
3974982682
3974990434
3974998979
3975005998
3975014909
3975021318
3975029985
3975036271
3975046586
3975054093
3975064164
3975070512
3975078751
3975087235
3975095597
3975106095
3975113114
3975123734
3975133195
3975143693
3975153397
3975162675
3975173051
3975183732
3975193497
3975201920
3975210404
3975215470
3975226883
3975235672
3975242081
3975249466
3975260514
3975265885
3975275956
3975283036
3975291642
3975298783
3975307999
3975315506
3975326065
3975333756
3975343827
3975351029
3975360123
3975367264
3975376419
3975384354
3975393204
3975400101
3975409744
3975419205
3975427139
3975436356
3975444595
3975453751
3975460647
3975470108
3975475662
3975485672
3975493851
3975504532
3975512344
3975520462
3975527603
3975538162
3975545059
3975554886
3975564163
3975573196
3975580154
3975590042
3975597061
3975602493
3975615005
3975624343
3975634048
3975644363
3975653823
3975659438
3975670059
3975678176
3975687331
3975694839
3975706252
3975715530
3975724990
3975730422
3975741531
3975749221
3975757766
3975765517
3975775100
3975782180
3975792068
3975799026
3975808730
3975818068
3975827163
3975836562
3975844863
3975854384
3975862868
3975870131
3975875563
3975887465
3975893019
3975905165
3975914260
3975922927
3975928481
3975939040
3975947035
3975954543
3975964797
3975974562
3975984816
3975994032
3976001601
3976009962
3976019484
3976028822
3976036269
3976047560
3976058180
3976068251
3976077528
3976085951
3976093336
3976098829
3976104994
3976110304
3976114576
3976120070
3976126234
3976131422
3976135023
3976140699
3976144545
3976151136
3976155226
3976161573
3976165602
3976171522
3976177076
3976181471
3976187025
3976191175
3976198072
3976203749
3976207838
3976213148
3976218580
3976221693
3976229078
3976232618
3976240492
3976245436
3976251844
3976256849
3976262769
3976267896
3976273023
3976277601
3976284315
3976288770
3976296278
3976301283
3976306532
3976312269
3976317335
3976321790
3976326551
3976333936
3976338941
3976346326
3976351942
3976358655
3976363782
3976370069
3976375684
3976380994
3976387586
3976393323
3976398145
3976404554
3976409681
3976416150
3976421033
3976428418
3976434522
3976440625
3976445874
3976451856
3976456250
3976462171
3976466443
3976470838
3976478833
3976485486
3976490064
3976496411
3976500745
3976506482
3976512342
3976515760
3976523938
3976527417
3976535779
3976539197
3976545239
3976550916
3976557752
3976563367
3976567883
3976573621
3976580762
3976585767
3976591321
3976596326
3976602124
3976607068
3976612988
3976619824
3976626172
3976633557
3976638318
3976645276
3976653149
3976657849
3976664746
3976671582
3976676587
3976681531
3976687878
3976692639
3976698620
3976703259
3976709057
3976713635
3976720288
3976723462
3976730114
3976734692
3976739392
3976745190
3976750927
3976755505
3976761914
3976766980
3976772717
3976777417
3976783215
3976787609
3976793835
3976798230
3976804821
3976810925
3976815991
3976821850
3976826000
3976831799
3976835339
3976844494
3976848400
3976856030
3976859692
3976867626
3976872997
3976876965
3976883434
3976890026
3976894909
3976901012
3976906506
3976911877
3976918102
3976923107
3976927502
3976934338
3976941235
3976947948
3976953625
3976959362
3976963695
3976969982
3976974621
3976981457
3976988537
3976993969
3976998607
3977005199
3977009838
3977013317
3977020763
3977024120
3977031444
3977037914
3977042858
3977047802
3977054454
3977059337
3977065136
3977070018
3977077953
3977082408
3977088451
3977095165
3977099559
3977104076
3977111217
3977118480
3977125377
3977130565
3977137584
3977142711
3977148692
3977153636
3977160167
3977165660
3977172191
3977176341
3977184642
3977190685
3977195506
3977198985
3977209178
3977212962
3977221080
3977228831
3977234141
3977240977
3977246348
3977252086
3977257518
3977260936
3977267222
3977272105
3977278392
3977283397
3977289989
3977293101
3977299937
3977304515
3977311229
3977315806
3977322764
3977327586
3977333323
3977339244
3977344004
3977348521
3977353648
3977360362
3977365977
3977371043
3977376414
3977381358
3977387278
3977391795
3977398570
3977402903
3977410594
3977415476
3977421214
3977425486
3977431162
3977436961
3977440379
3977447825
3977454661
3977459361
3977463084
3977470286
3977475047
3977480601
3977485850
3977494212
3977499400
3977504893
3977509348
3977514780
3977519297
3977525156
3977532420
3977538462
3977543772
3977549509
3977552927
3977560129
3977563486
3977571360
3977574778
3977582407
3977588022
3977593577
3977596934
3977603830
3977609263
3977614634
3977619516
3977625925
3977630930
3977636972
3977642283
3977648203
3977653208
3977659372
3977663889
3977669748
3977675486
3977681894
3977686472
3977691843
3977697641
3977702219
3977708078
3977711801
3977720163
3977726816
3977733103
3977737192
3977746530
3977753916
3977759958
3977768076
3977773569
3977782785
3977787424
3977795786
3977801950
3977807687
3977811533
3977819589
3977825388
3977829721
3977835275
3977841318
3977846262
3977851877
3977856760
3977863473
3977868905
3977874521
3977879526
3977885080
3977889535
3977894906
3977898874
3977906198
3977912362
3977917489
3977921579
3977926767
3977932016
3977936776
3977942209
3977947335
3977953134
3977958627
3977963876
3977968087
3977973397
3977978830
3977984384
3977988412
3977997201
3977999581
3978007516
3978010873
3978018441
3978024179
3978028695
3978033700
3978040719
3978045968
3978051583
3978056405
3978063058
3978067574
3978073739
3978078133
3978082589
3978090279
3978096932
3978101632
3978105538
3978114144
3978118233
3978124276
3978129708
3978136605
3978141915
3978148263
3978153817
3978160226
3978165047
3978170174
3978176400
3978182870
3978187752
3978194405
3978199349
3978205269
3978209603
3978216073
3978220467
3978226204
3978233407
3978238717
3978244637
3978248726
3978255013
3978258370
3978265938
3978270821
3978276924
3978282112
3978287484
3978294258
3978299019
3978305245
3978310799
3978315132
3978320870
3978327645
3978333504
3978340340
3978345772
3978350166
3978354256
3978362740
3978369148
3978377327
3978381477
3978392036
3978398079
3978403023
3978412910
3978421944
3978429329
3978436714
3978446846
3978455086
3978467171
3978473152
3978483467
3978491340
3978501350
3978508796
3978517524
3978525337
3978535591
3978543342
3978552497
3978559700
3978569465
3978578376
3978586860
3978593269
3978601875
3978611274
3978619209
3978625801
3978636421
3978643501
3978652046
3978661384
3978670234
3978677436
3978682746
3978693061
3978701057
3978711738
3978719489
3978728095
3978735175
3978744330
3978754401
3978761359
3978770576
3978777900
3978787238
3978793769
3978804389
3978809943
3978821906
3978827399
3978839423
3978848639
3978857856
3978866584
3978874701
3978882453
3978890692
3978897711
3978907599
3978914801
3978926703
3978933661
3978942938
3978952094
3978959845
3978966803
3978972174
3978984442
3978993536
3979003302
3979008612
3979019110
3979027106
3979035773
3979042670
3979053595
3979060736
3979070379
3979077398
3979087652
3979094610
3979103766
3979113104
3979119574
3979130133
3979135809
3979147772
3979154058
3979165350
3979173101
3979181768
3979189459
3979198492
3979206365
3979216619
3979226629
3979236212
3979243841
3979255865
3979263616
3979271856
3979281866
3979291448
3979301824
3979311651
3979318670
3979328130
3979335210
3979343938
3979353338
3979362615
3979372503
3979377874
3979388250
3979396184
3979404851
3979411687
3979421453
3979428411
3979438482
3979445562
3979456121
3979462529
3979469854
3979478337
3979484441
3979496221
3979506291
3979513249
3979518621
3979530644
3979535893
3979549077
3979556645
3979563542
3979573003
3979580266
3979588872
3979597356
3979605534
3979615178
3979623845
3979632024
3979640568
3979652104
3979657719
3979666447
3979673405
3979684025
3979689580
3979700017
3979705204
3979716801
3979727726
3979739750
3979747075
3979754521
3979764164
3979769230
3979780094
3979790898
3979798161
3979808659
3979815373
3979825321
3979831730
3979841190
3979848881
3979859562
3979865238
3979882938
3979890690
3979901432
3979913761
3979918949
3979933903
3979942875
3979950260
3979960941
3979968082
3979978702
3979987003
3979999454
3980005741
3980017887
3980024112
3980036319
3980042911
3980057193
3980066410
3980074710
3980084781
3980092227
3980102176
3980114688
3980124759
3980133792
3980143558
3980152042
3980162113
3980169925
3980179630
3980186527
3980197879
3980205875
3980214725
3980222781
3980231753
3980241763
3980249820
3980257449
3980265811
3980275516
3980283755
3980291202
3980301455
3980310550
3980317080
3980322207
3980334964
3980344668
3980350894
3980359683
3980369082
3980376895
3980384585
3980395022
3980403079
3980412112
3980420352
3980427310
3980436770
3980444766
3980456545
3980465456
3980474917
3980484377
3980492251
3980503970
3980509707
3980524111
3980531008
3980540468
3980549441
3980557558
3980568300
3980576052
3980589358
3980597780
3980605654
3980616640
3980625612
3980633364
3980643862
3980651186
3980661440
3980671755
3980680361
3980688051
3980697939
3980705202
3980715883
3980722841
3980731020
3980740297
3980747987
3980755617
3980765566
3980771059
3980783266
3980790041
3980801637
3980807741
3980818056
3980823427
3980834779
3980844057
3980852113
3980861391
3980872499
3980882142
3980891725
3980899415
3980908693
3980914186
3980924623
3980934816
3980945192
3980950868
3980962831
3980975038
3980987123
3980990724
3981006227
3981018739
3981028077
3981036805
3981039735
3981051942
3981056947
3981068116
3981073121
3981083802
3981091248
3981099976
3981107178
3981115113
3981121583
3981131592
3981138184
3981145936
3981155396
3981165528
3981172120
3981181031
3981187562
3981193116
3981204224
3981209168
3981222290
3981227662
3981238648
3981243653
3981252381
3981261597
3981268067
3981274720
3981284241
3981293885
3981301209
3981309876
3981316345
3981325073
3981333985
3981342713
3981350464
3981359558
3981366943
3981375732
3981382568
3981391479
3981399841
3981406311
3981413513
3981424377
3981433288
3981442322
3981452148
3981460632
3981468017
3981476623
3981482727
3981494690
3981504211
3981510681
3981518982
3981525695
3981533020
3981541442
3981550842
3981558654
3981565795
3981574340
3981580871
3981589904
3981596496
3981605956
3981612609
3981621887
3981630981
3981638244
3981646667
3981651611
3981661926
3981670165
3981677123
3981684203
3981693359
3981701354
3981712279
3981720214
3981729308
3981740050
3981749206
3981757567
3981767211
3981774352
3981783690
3981794310
3981800902
3981807372
3981819274
3981829955
3981843200
3981851561
3981858763
3981870543
3981877928
3981888365
3981896300
3981905211
3981914733
3981923949
3981931700
3981940245
3981947203
3981956114
3981962950
3981972960
3981982603
3981990233
3981999510
3982007017
3982016600
3982025755
3982034910
3982044127
3982051329
3982061461
3982068480
3982077696
3982084715
3982094236
3982101255
3982111876
3982122007
3982129210
3982138243
3982143675
3982154722
3982160337
3982171446
3982182188
3982188658
3982199095
3982207029
3982218138
3982223875
3982236326
3982244322
3982253965
3982263853
3982270506
3982281797
3982290464
3982297727
3982303648
3982316404
3982320798
3982326902
3982333250
3982338621
3982344663
3982350828
3982357236
3982361875
3982367429
3982371641
3982377439
3982381894
3982388364
3982392209
3982401059
3982403318
3982412229
3982415647
3982422910
3982426450
3982436032
3982440427
3982446469
3982452573
3982456967
3982462033
3982467771
3982472653
3982479550
3982484616
3982491269
3982497006
3982504636
3982510678
3982515805
3982521176
3982526364
3982529843
3982538144
3982543027
3982550046
3982556210
3982561765
3982569089
3982574521
3982580014
3982588071
3982593014
3982600400
3982605160
3982610715
3982614804
3982620114
3982625485
3982631222
3982635312
3982641598
3982645993
3982652463
3982656674
3982662350
3982666623
3982672482
3982678036
3982684628
3982688839
3982694211
3982699643
3982704892
3982709164
3982712582
3982721127
3982727291
3982733822
3982737973
3982742977
3982747860
3982754208
3982759213
3982765377
3982772030
3982777462
3982782345
3982788265
3982792538
3982798153
3982803951
3982811154
3982816952
3982823361
3982827816
3982833431
3982839352
3982844235
3982849850
3982853207
3982861446
3982867916
3982873104
3982880367
3982884945
3982890316
3982896175
3982903438
3982907894
3982915279
3982920162
3982925716
3982931576
3982936397
3982942379
3982945797
3982953365
3982959469
3982964473
3982969967
3982976009
3982982235
3982988704
3982993709
3983001522
3983006221
3983012569
3983017696
3983024288
3983029232
3983034664
3983038997
3983045955
3983050289
3983057613
3983062191
3983067684
3983073665
3983078792
3983083065
3983088619
3983094966
3983101253
3983107479
3983113704
3983118099
3983121456
3983130367
3983134639
3983143672
3983152766
3983157710
3983163997
3983170833
3983176021
3983180843
3983188350
3983192744
3983198482
3983203792
3983208980
3983213924
3983217464
3983224605
3983228511
3983235042
3983239619
3983244624
3983248530
3983253901
3983257503
3983262629
3983267573
3983273921
3983278987
3983284236
3983288447
3983293818
3983298030
3983304072
3983310176
3983316645
3983320918
3983326106
3983331599
3983336482
3983341853
3983347529
3983352900
3983357966
3983364009
3983369502
3983373469
3983379145
3983384699
3983390071
3983394038
3983400874
3983405451
3983411250
3983416132
3983420954
3983425532
3983432368
3983439265
3983445673
3983450800
3983456355
3983460993
3983466303
3983470942
3983476435
3983482722
3983487360
3983493952
3983498530
3983504511
3983510248
3983514582
3983517878
3983526606
3983532770
3983539118
3983541071
3983549006
3983552363
3983560053
3983563410
3983571467
3983577692
3983582636
3983587397
3983593256
3983598200
3983605036
3983609858
3983616266
3983623713
3983631403
3983635797
3983642145
3983647638
3983653437
3983658441
3983665949
3983671381
3983677973
3983683954
3983690973
3983696955
3983702570
3983708673
3983717096
3983722589
3983728754
3983733820
3983739801
3983744440
3983749750
3983753717
3983760309
3983764337
3983770624
3983777460
3983785699
3983789972
3983795587
3983800043
3983806818
3983811517
3983817987
3983823297
3983830194
3983833368
3983840204
3983843683
3983851129
3983857477
3983863824
3983869195
3983873346
3983878839
3983884027
3983887689
3983894159
3983900811
3983905572
3983909417
3983916558
3983921502
3983925897
3983930352
3983937310
3983942132
3983947991
3983953057
3983958184
3983962579
3983968865
3983973260
3983978631
3983983026
3983989007
3983995416
3984002313
3984008233
3984015069
3984018487
3984025689
3984030755
3984036858
3984039971
3984046563
3984051995
3984056939
3984060418
3984066827
3984072991
3984077630
3984082940
3984088067
3984092095
3984097527
3984100640
3984107476
3984114068
3984118401
3984123772
3984127984
3984132256
3984138360
3984142632
3984148919
3984156060
3984160698
3984165825
3984171380
3984175652
3984180718
3984184624
3984191765
3984196221
3984202813
3984209221
3984214165
3984218377
3984224114
3984229119
3984238274
3984243279
3984249077
3984254082
3984261528
3984266838
3984273125
3984276421
3984283501
3984288262
3984292900
3984298454
3984302361
3984307915
3984312737
3984318413
3984322136
3984329033
3984333489
3984338066
3984343376
3984347099
3984351738
3984357719
3984363457
3984367851
3984373283
3984377678
3984381584
3984386833
3984390678
3984398064
3984401665
3984408623
3984412712
3984418327
3984422661
3984426994
3984432365
3984435966
3984443046
3984449577
3984454277
3984458305
3984463676
3984469169
3984473198
3984476310
3984485283
3984490532
3984494621
3984498954
3984505180
3984509513
3984515434
3984519950
3984527275
3984534294
3984539787
3984545036
3984552299
3984558280
3984564933
3984568778
3984575859
3984581047
3984588066
3984593070
3984597221
3984602287
3984607536
3984611991
3984620475
3984626823
3984632255
3984637138
3984641715
3984647758
3984651786
3984657523
3984662162
3984668449
3984674308
3984679191
3984683097
3984688712
3984692985
3984698173
3984703239
3984709830
3984716300
3984720328
3984724052
3984731437
3984735953
3984741385
3984744681
3984752250
3984758597
3984764335
3984768729
3984775504
3984781791
3984787223
3984790274
3984798392
3984804129
3984809806
3984815299
3984820975
3984825858
3984829703
3984835318
3984840873
3984846976
3984851554
3984856436
3984861624
3984865775
3984870963
3984874076
3984880789
3984887381
3984891532
3984894766
3984902030
3984905020
3984910574
3984915274
3984923270
3984928214
3984933768
3984938284
3984944327
3984948843
3984954276
3984958487
3984964590
3984971365
3984978079
3984982962
3984988089
3984991934
3984997855
3985001761
3985008047
3985015249
3985021597
3985027029
3985032767
3985039419
3985047293
3985053457
3985063833
3985071219
3985079702
3985086721
3985099112
3985107046
3985114431
3985120840
3985126333
3985133779
3985139761
3985144827
3985148245
3985156240
3985159231
3985168081
3985172659
3985177542
3985183645
3985189565
3985193899
3985199575
3985205068
3985211843
3985217519
3985223623
3985229360
3985233938
3985239065
3985244985
3985249685
3985255605
3985262014
3985267934
3985269949
3985277944
3985281362
3985289053
3985294790
3985299917
3985305044
3985311269
3985316457
3985322561
3985330129
3985335256
3985340200
3985351674
3985357778
3985367482
3985374502
3985380117
3985385305
3985389699
3985396718
3985399587
3985405507
3985411000
3985415761
3985421254
3985424916
3985430043
3985435353
3985441091
3985446401
3985452260
3985456410
3985462819
3985465871
3985473073
3985479360
3985483510
3985488576
3985493947
3985499074
3985503224
3985507863
3985516835
3985520314
3985527699
3985533437
3985537770
3985542775
3985549672
3985554128
3985561330
3985565968
3985571584
3985575917
3985581837
3985585805
3985591786
3985595875
3985601796
3985608388
3985614430
3985618703
3985625355
3985629872
3985635365
3985641347
3985646168
3985652394
3985658131
3985663929
3985669972
3985674305
3985680165
3985684926
3985689991
3985696888
3985700978
3985708485
3985713978
3985719532
3985724598
3985728993
3985735218
3985740773
3985747669
3985753590
3985758168
3985764149
3985768421
3985774281
3985780262
3985785694
3985792347
3985801624
3985808155
3985813099
3985817921
3985824085
3985828541
3985833546
3985841724
3985845753
3985854420
3985858692
3985865467
3985870289
3985876087
3985881092
3985886707
3985894459
3985899097
3985905933
3985913929
3985919483
3985926075
3985931995
3985940662
3985946338
3985953663
3985959034
3985965137
3985971973
3985977955
3985984729
3985991260
3985995960
3986000904
3986006275
3986011585
3986017200
3986021534
3986025013
3986033435
3986040027
3986044178
3986050037
3986054004
3986059314
3986064746
3986068408
3986077197
3986083301
3986087268
3986092517
3986098010
3986103198
3986108508
3986113879
3986119373
3986124378
3986129627
3986134937
3986138904
3986144946
3986150806
3986156909
3986163135
3986168384
3986174060
3986180102
3986184863
3986190906
3986195788
3986201037
3986207690
3986214587
3986220325
3986226916
3986233569
3986239673
3986243396
3986251758
3986255176
3986262744
3986266589
3986275256
3986278918
3986287341
3986291186
3986299609
3986303759
3986310962
3986314441
3986321032
3986326037
3986331530
3986335925
3986343554
3986348315
3986355029
3986359484
3986368212
3986373889
3986380602
3986386340
3986393603
3986401293
3986407641
3986412829
3986419543
3986425097
3986432726
3986438403
3986446459
3986451220
3986458117
3986463732
3986470507
3986477160
3986483752
3986489550
3986497912
3986506945
3986512621
3986519762
3986524706
3986531176
3986535143
3986540758
3986546129
3986551378
3986555651
3986561083
3986565722
3986570971
3986574877
3986583544
3986587999
3986593370
3986599230
3986606615
3986610704
3986618822
3986624987
3986630663
3986635668
3986642015
3986647997
3986655077
3986661058
3986665819
3986671434
3986678942
3986682970
3986689806
3986694811
3986700609
3986705065
3986710069
3986715868
3986721056
3986726061
3986732469
3986737291
3986743150
3986747667
3986753709
3986758348
3986764452
3986771776
3986777147
3986783006
3986787462
3986793443
3986796922
3986804796
3986808580
3986817430
3986823900
3986830186
3986836351
3986842637
3986846971
3986855089
3986860093
3986868333
3986873155
3986879258
3986884568
3986891832
3986899583
3986906541
3986911607
3986917344
3986923143
3986928331
3986934495
3986940599
3986945420
3986950913
3986955369
3986962998
3986966599
3986973435
3986978379
3986984117
3986989243
3986994554
3986999192
3987008042
3987012803
3987019456
3987025315
3987030503
3987036301
3987041795
3987047593
3987051804
3987059006
3987065537
3987069993
3987074082
3987084275
3987088975
3987096116
3987103013
3987110520
3987115891
3987120530
3987126755
3987131150
3987137070
3987143113
3987149033
3987153733
3987160569
3987164719
3987171799
3987176560
3987182663
3987187180
3987195603
3987200180
3987206772
3987211106
3987217087
3987222885
3987228257
3987233994
3987238938
3987246506
3987251389
3987257920
3987261460
3987268479
3987274155
3987278610
3987283554
3987290817
3987296005
3987301254
3987308090
3987313950
3987319565
3987326828
3987332748
3987340073
3987344589
3987351669
3987356796
3987363449
3987369797
3987374924
3987379196
3987386398
3987391464
3987398056
3987402267
3987409164
3987413681
3987419967
3987426071
3987431991
3987439499
3987444381
3987450241
3987454391
3987460128
3987465622
3987470993
3987475876
3987484115
3987487899
3987495102
3987500778
3987507675
3987512497
3987518478
3987523300
3987529586
3987534774
3987541000
3987547348
3987552413
3987556747
3987563766
3987568099
3987572067
3987579391
3987586410
3987590743
3987596420
3987602401
3987605697
3987612716
3987618331
3987624313
3987628524
3987635665
3987641219
3987646346
3987652145
3987658004
3987663070
3987670699
3987678695
3987686690
3987692916
3987698043
3987703902
3987709701
3987715987
3987723067
3987729659
3987734664
3987740951
3987745589
3987749862
3987756270
3987760604
3987766402
3987772567
3987778792
3987783126
3987789412
3987793990
3987799605
3987804915
3987809859
3987816268
3987821578
3987828292
3987833358
3987838790
3987843672
3987848921
3987853377
3987859175
3987866194
3987872664
3987876998
3987883101
3987887435
3987893050
3987899031
3987902449
3987911787
3987915633
3987922041
3987927535
3987934309
3987939253
3987943892
3987948531
3987955550
3987959944
3987967268
3987971724
3987977400
3987981917
3987987776
3987994185
3987996199
3988005842
3988009871
3988018355
3988024153
3988028364
3988033919
3988038557
3988043379
3988050337
3988055708
3988062178
3988066877
3988072859
3988078047
3988083845
3988088667
3988097944
3988101606
3988107344
3988113142
3988119001
3988123762
3988130354
3988133772
3988142012
3988148786
3988154096
3988160566
3988166426
3988172041
3988178266
3988185591
3988191511
3988196211
3988202497
3988207685
3988212080
3988218794
3988225446
3988229902
3988234724
3988242292
3988249189
3988254865
3988258405
3988265607
3988271589
3988280256
3988284223
3988292646
3988299055
3988306562
3988309858
3988317914
3988321638
3988327924
3988334638
3988341901
3988347699
3988352216
3988358381
3988364179
3988368573
3988374372
3988377912
3988386457
3988392987
3988397565
3988402448
3988408490
3988413495
3988419660
3988424543
3988430585
3988436994
3988442853
3988447431
3988452802
3988458661
3988463971
3988469830
3988474835
3988480878
3988485761
3988491681
3988495404
3988503034
3988506451
3988513104
