4125435300
4125440671
4125446531
4125451780
4125457151
4125463071
4125468198
4125473447
4125479001
4125485349
4125490232
4125495603
4125501645
4125507260
4125513974
4125524045
4125529904
4125535398
4125542661
4125549619
4125555661
4125561643
4125568051
4125574643
4125581662
4125586240
4125593625
4125599973
4125606442
4125612424
4125619809
4125626096
4125630917
4125639218
4125646847
4125653073
4125661313
4125668149
4125676449
4125684628
4125689877
4125698239
4125704831
4125714291
4125719662
4125726498
4125734005
4125741757
4125749814
4125756649
4125763730
4125770993
4125779721
4125787411
4125795102
4125800595
4125807980
4125817013
4125823300
4125831234
4125835934
4125843624
4125850826
4125858273
4125865780
4125872250
4125878231
4125884640
4125892391
4125901302
4125910152
4125916561
4125924435
4125929867
4125937923
4125945248
4125952022
4125957760
4125964535
4125968502
4125977291
4125985226
4125992245
4125998531
4126005489
4126013057
4126020077
4126025997
4126033077
4126041134
4126048641
4126056270
4126063717
4126070186
4126077999
4126085262
4126091365
4126099056
4126106563
4126112667
4126120540
4126127681
4126134212
4126141780
4126150569
4126156368
4126162288
4126171687
4126178829
4126184505
4126193782
4126201289
4126205623
4126214473
4126222163
4126229304
4126233394
4126242793
4126249812
4126256770
4126260799
4126270503
4126278255
4126286067
4126291804
4126298823
4126306453
4126313411
4126321040
4126328731
4126335505
4126343074
4126350398
4126356318
4126363398
4126371394
4126379145
4126385127
4126394343
4126398494
4126407893
4126412104
4126421260
4126428095
4126435053
4126439204
4126450129
4126456050
4126463618
4126470637
4126478266
4126485468
4126492365
4126499567
4126506648
4126513483
4126520380
4126527094
4126534174
4126541682
4126547541
4126556574
4126562006
4126569269
4126576655
4126585078
4126590449
4126600153
4126607721
4126613947
4126620173
4126628901
4126634699
4126643122
4126649530
4126658564
4126665155
4126672968
4126678766
4126686640
4126692865
4126701166
4126708124
4126715204
4126721796
4126729608
4126740595
4126748163
4126753839
4126761102
4126768244
4126776178
4126783380
4126793939
4126800958
4126808283
4126815363
4126824945
4126832819
4126844781
4126851800
4126860223
4126868829
4126876947
4126890375
4126898004
4126904291
4126913324
4126919732
4126926874
4126935174
4126943292
4126949640
4126956231
4126964776
4126972711
4126979242
4126987420
4126993768
4127003289
4127010430
4127017449
4127026483
4127034417
4127040887
4127048882
4127058160
4127066461
4127072808
4127081231
4127089654
4127096795
4127105157
4127112237
4127120721
4127125726
4127138787
4127145684
4127153741
4127161065
4127169182
4127177361
4127185540
4127193596
4127202813
4127211846
4127221062
4127229119
4127235344
4127244133
4127252617
4127262566
4127269097
4127278130
4127286736
4127293328
4127302117
4127310173
4127318535
4127326164
4127334709
4127339592
4127351006
4127356133
4127365288
4127372246
4127382622
4127387566
4127398613
4127403679
4127414360
4127421440
4127429008
4127438164
4127446281
4127452812
4127461357
4127470817
4127478691
4127484978
4127493828
4127500053
4127508903
4127517997
4127529594
4127537224
4127545829
4127554374
4127562980
4127572136
4127579094
4127588371
4127597709
4127606742
4127614189
4127620475
4127629325
4127636161
4127646049
4127654960
4127663566
4127672721
4127680717
4127687125
4127696037
4127705375
4127713065
4127721976
4127730765
4127737785
4127747001
4127755607
4127763785
4127770438
4127779532
4127788016
4127793021
4127804313
4127809440
4127820914
4127829215
4127835685
4127842826
4127852286
4127859488
4127868888
4127875968
4127884818
4127891959
4127901541
4127908744
4127916373
4127925528
4127934195
4127941214
4127950430
4127957572
4127966849
4127976798
4127986197
4127993460
4128002310
4128012991
4128018301
4128030203
4128035269
4128045462
4128054007
4128064200
4128074820
4128083060
4128090018
4128098440
4128105520
4128114432
4128123648
4128130362
4128139700
4128147024
4128156485
4128163992
4128173208
4128181143
4128187735
4128196707
4128203298
4128212759
4128221365
4128229482
4128235891
4128245230
4128253713
4128260977
4128269582
4128274648
4128286245
4128291311
4128302724
4128307668
4128319509
4128325307
4128335073
4128342824
4128354238
4128362112
4128370779
4128378530
4128386953
4128394155
4128405080
4128411428
4128420217
4128429494
4128436574
4128445913
4128455739
4128463185
4128472036
4128479116
4128486745
4128500722
4128508901
4128516286
4128525868
4128534047
4128539906
4128550588
4128560597
4128569508
4128579274
4128588063
4128596486
4128603383
4128611440
4128619923
4128628102
4128636830
4128643666
4128652272
4128660939
4128667348
4128674611
4128684315
4128692616
4128698964
4128705983
4128715565
4128722767
4128732533
4128739613
4128747242
4128753834
4128763478
4128770253
4128780323
4128789357
4128798390
4128805348
4128814869
4128821827
4128831288
4128844044
4128847035
4128861622
4128868275
4128877064
4128886280
4128895435
4128900867
4128915760
4128922901
4128933338
4128941090
4128949818
4128958607
4128965259
4128973926
4128982960
4128987964
4128998096
4129006519
4129015064
4129022388
4129030750
4129038013
4129046680
4129053760
4129062427
4129071888
4129080127
4129087207
4129095569
4129102527
4129114795
4129121631
4129130603
4129137683
4129148059
4129155078
4129160449
4129172717
4129178394
4129190356
4129195667
4129206287
4129215015
4129224658
4129232288
4129240893
4129248035
4129258594
4129268237
4129277148
4129284045
4129293261
4129302600
4129311633
4129318530
4129327929
4129337878
4129346789
4129356005
4129361682
4129370776
4129379382
4129389636
4129397265
4129406176
4129413378
4129422778
4129430468
4129439929
4129447070
4129457690
4129465075
4129474963
4129483569
4129492114
4129496874
4129503283
4129507983
4129514086
4129518237
4129522997
4129528551
4129534899
4129539843
4129545702
4129549608
4129552843
4129560229
4129566515
4129572008
4129573900
4129581408
4129587084
4129591173
4129595812
4129601915
4129606371
4129612597
4129617174
4129621691
4129627611
4129632067
4129637865
4129641588
4129649035
4129655016
4129661303
4129667528
4129672472
4129678453
4129684191
4129689440
4129694506
4129702135
4129707689
4129713549
4129718309
4129724779
4129728990
4129732103
4129739916
4129743273
4129750108
4129756395
4129761156
4129766893
4129772203
4129775926
4129781969
4129788072
4129793626
4129799730
4129804308
4129810777
4129816087
4129820055
4129825304
4129831224
4129837083
4129843004
4129848497
4129851915
4129858507
4129863084
4129868089
4129873582
4129879869
4129885911
4129891771
4129896592
4129902086
4129909593
4129914659
4129919297
4129926561
4129931077
4129937913
4129942918
4129950731
4129955064
4129959581
4129965257
4129972764
4129978807
4129985948
4129989976
4129996568
4129999620
4130004563
4130008714
4130015611
4130021043
4130028794
4130034898
4130039292
4130044480
4130048142
4130053147
4130058274
4130063096
4130068711
4130074571
4130078843
4130084031
4130089097
4130095933
4130101304
4130106736
4130109666
4130116074
4130119126
4130126939
4130130295
4130137559
4130142930
4130150071
4130153489
4130159775
4130164597
4130171006
4130175339
4130182969
4130187241
4130194626
4130199326
4130205307
4130209641
4130216111
4130220505
4130223862
4130232834
4130240830
4130246079
4130250290
4130257065
4130262741
4130268723
4130272080
4130280320
4130286118
4130292343
4130295700
4130303452
4130306992
4130313278
4130317612
4130324326
4130330612
4130337082
4130342819
4130346787
4130352585
4130358566
4130363449
4130367233
4130378525
4130384872
4130389084
4130394028
4130399521
4130404831
4130410568
4130416122
4130422470
4130428757
4130433639
4130440231
4130445480
4130448898
4130456467
4130461288
4130469833
4130475326
4130480942
4130485763
4130492233
4130497299
4130502853
4130507126
4130515304
4130520126
4130526474
4130531540
4130537643
4130543441
4130549118
4130555221
4130561325
4130565780
4130569259
4130578048
4130581405
4130588729
4130592514
4130600448
4130605575
4130612838
4130618270
4130624191
4130630233
4130634567
4130639083
4130645309
4130649825
4130656478
4130660140
4130668746
4130673202
4130678512
4130682967
4130689132
4130693893
4130702682
4130706405
4130713485
4130719222
4130724776
4130729232
4130735335
4130741744
4130746322
4130751632
4130757369
4130764632
4130769698
4130775558
4130781539
4130787459
4130792708
4130798751
4130803206
4130809859
4130817061
4130823470
4130829451
4130836715
4130841903
4130846968
4130852950
4130859175
4130862593
4130870223
4130873641
4130880843
4130886092
4130889937
4130895919
4130901229
4130907149
4130911055
4130918074
4130923018
4130928206
4130934615
4130939864
4130944624
4130951582
4130956648
4130963362
4130969038
4130974837
4130979842
4130985396
4130990401
4130996809
4131001448
4131008894
4131013533
4131021162
4131025618
4131031538
4131036543
4131042097
4131047835
4131052351
4131060225
4131064863
4131071089
4131074385
4131081526
4131087202
4131092329
4131098494
4131103010
4131109907
4131116255
4131120771
4131126448
4131131636
4131136702
4131142439
4131147810
4131154463
4131161787
4131168989
4131173201
4131179060
4131183882
4131187971
4131194380
4131198469
4131204817
4131208784
4131215010
4131218977
4131225508
4131229780
4131238081
4131242658
4131249189
4131253401
4131259199
4131263776
4131269025
4131274458
4131279157
4131284711
4131291181
4131295209
4131301130
4131305402
4131311567
4131315961
4131319501
4131328229
4131333356
4131339155
4131342634
4131349592
4131354841
4131360578
4131365400
4131372175
4131379743
4131384076
4131388654
4131395917
4131399152
4131406110
4131411481
4131418744
4131423993
4131427961
4131432599
4131438947
4131443341
4131448774
4131453351
4131459333
4131465436
4131470197
4131474164
4131480939
4131485272
4131491681
4131496076
4131501935
4131508283
4131514142
4131520001
4131525372
4131529889
4131536115
4131540509
4131546735
4131552899
4131556928
4131563886
4131567181
4131574078
4131578900
4131584454
4131589398
4131595868
4131602155
4131608502
4131613019
4131618390
4131624249
4131629315
4131635113
4131637067
4131647442
4131653912
4131658246
4131664288
4131670086
4131674664
4131682904
4131689251
4131694134
4131699688
4131704815
4131709454
4131715069
4131719830
4131726727
4131731732
4131737286
4131742657
4131749127
4131756695
4131766156
4131773236
4131782147
4131790142
4131798687
4131803997
4131813091
4131820110
4131828655
4131835613
4131844830
4131849346
4131859844
4131869000
4131876019
4131881329
4131892986
4131898907
4131909893
4131915325
4131928265
4131933758
4131944805
4131950176
4131959881
4131967388
4131976543
4131984478
4131993999
4132003338
4132012615
4132021099
4132027691
4132037883
4132044902
4132056682
4132066143
4132075054
4132080425
4132092693
4132101421
4132109844
4132117839
4132126689
4132135356
4132142253
4132150981
4132159892
4132167461
4132175884
4132184734
4132191081
4132200664
4132207744
4132217387
4132222026
4132232341
4132241801
4132247905
4132257609
4132264262
4132272441
4132278850
4132288432
4132297404
4132305522
4132313884
4132320170
4132329081
4132337199
4132346659
4132352946
4132363627
4132370341
4132379557
4132388163
4132397257
4132404460
4132412760
4132420817
4132429118
4132438395
4132445475
4132453593
4132462626
4132470438
4132477702
4132485758
4132493021
4132501200
4132508768
4132517680
4132524882
4132533793
4132540873
4132549235
4132556681
4132565287
4132573893
4132582316
4132590555
4132596781
4132606913
4132615824
4132624613
4132630716
4132641153
4132648905
4132658792
4132665689
4132675211
4132683817
4132693033
4132700846
4132708841
4132720255
4132729776
4132740213
4132747293
4132756326
4132765604
4132775003
4132782693
4132790567
4132800699
4132806192
4132818460
4132827981
4132837137
4132846414
4132853250
4132862588
4132871621
4132880716
4132889749
4132898477
4132906411
4132914590
4132921548
4132932473
4132940103
4132948526
4132955911
4132966226
4132971536
4132984780
4132992410
4132999673
4133009500
4133018777
4133027383
4133034768
4133043862
4133049294
4133060830
4133066445
4133079629
4133087930
4133096413
4133105935
4133113198
4133122719
4133130898
4133141091
4133150063
4133158669
4133167397
4133174050
4133183754
4133194252
4133203103
4133210183
4133221047
4133229775
4133237587
4133250222
4133257057
4133265724
4133275734
4133279274
4133292397
4133298622
4133311379
4133317421
4133329628
4133337196
4133345863
4133354469
4133360939
4133368507
4133377113
4133385414
4133393776
4133402504
4133409096
4133418007
4133425636
4133435463
4133442909
4133452492
4133462135
4133469764
4133478309
4133487465
4133496315
4133505653
4133516578
4133525978
4133533546
4133540992
4133546485
4133558204
4133563697
4133575416
4133582313
4133593910
4133602149
4133611488
4133619666
4133626808
4133636695
4133644325
4133656287
4133663490
4133672889
4133681373
4133686439
4133696326
4133704383
4133713904
4133721046
4133733008
4133738563
4133749488
4133757178
4133764747
4133774878
4133782996
4133789893
4133800696
4133807837
4133816748
4133825904
4133835730
4133842627
4133852088
4133859229
4133868140
4133878272
4133883643
4133894690
4133902381
4133910559
4133920447
4133929480
4133936438
4133944373
4133953589
4133963110
4133969946
4133979651
4133986792
4133996497
4134005591
4134014685
4134024206
4134029944
4134040808
4134049780
4134056860
4134065588
4134074438
4134082312
4134093542
4134101049
4134113501
4134119238
4134131323
4134140112
4134146643
4134153906
4134164953
4134172216
4134180395
4134187414
4134196874
4134203222
4134214025
4134220495
4134230383
4134236730
4134245886
4134252477
4134261572
4134268163
4134277196
4134285863
4134293249
4134301794
4134306859
4134318151
4134323705
4134335424
4134344396
4134352636
4134360387
4134368627
4134375768
4134385839
4134392736
4134403112
4134410192
4134419591
4134426671
4134432164
4134444860
4134454442
4134461400
4134469091
4134477941
4134485692
4134494542
4134504735
4134513341
4134523290
4134530675
4134543492
4134555516
4134563329
4134572423
4134577794
4134587315
4134596104
4134605992
4134610814
4134620579
4134626988
4134636448
4134642979
4134652623
4134657872
4134668126
4134675450
4134683934
4134691807
4134700108
4134706517
4134715123
4134723851
4134732579
4134738865
4134747166
4134755711
4134763523
4134770115
4134778538
4134789158
4134794956
4134806004
4134810948
4134819676
4134828892
4134834751
4134844151
4134853916
4134860996
4134871738
4134878086
4134886143
4134894749
4134901890
4134910252
4134919224
4134929172
4134936497
4134962009
4134970249
4134981235
4134986667
4134998569
4135003757
4135014255
4135023777
4135032810
4135040256
4135049228
4135058383
4135067539
4135074558
4135084201
4135091159
4135099643
4135107089
4135115695
4135124057
4135132785
4135139804
4135148471
4135156650
4135165378
4135173618
4135180087
4135185031
4135198093
4135203158
4135214572
4135219821
4135230075
4135237460
4135247470
4135252536
4135264255
4135271945
4135279147
4135289218
4135298068
4135305087
4135313571
4135322848
4135331515
4135340609
4135348971
4135356051
4135361666
4135373751
4135379183
4135389865
4135398104
4135408785
4135415926
4135425997
4135432406
4135442477
4135449496
4135457674
4135466219
4135475741
4135482394
4135490145
4135498690
4135507418
4135514071
4135523470
4135529940
4135541231
4135550753
4135558626
4135566256
4135573641
4135578585
4135583529
4135589937
4135594698
4135600924
4135605928
4135611605
4135615572
4135621798
4135626253
4135632723
4135637117
4135643404
4135650362
4135655794
4135660372
4135666597
4135670931
4135677400
4135683382
4135687898
4135695528
4135700105
4135704622
4135710420
4135715303
4135719637
4135726045
4135730318
4135736665
4135740572
4135746797
4135751680
4135757478
4135763704
4135768831
4135772859
4135779512
4135786043
4135791109
4135797090
4135802217
4135808015
4135811677
4135819124
4135821992
4135828340
4135833650
4135838960
4135842927
4135848665
4135851716
4135858552
4135863069
4135869783
4135874360
4135880098
4135884675
4135891084
4135895662
4135901887
4135906587
4135913179
4135918183
4135923921
4135929658
4135933931
4135939668
4135941438
4135949739
4135955293
4135961396
4135966218
4135970185
4135974641
4135980744
4135985017
4135989106
4135994966
4136000031
4136004060
4136012177
4136017793
4136025422
4136031098
4136038239
4136041474
4136049226
4136052827
4136059174
4136063874
4136069367
4136074006
4136079865
4136084321
4136091706
4136096223
4136101472
4136107453
4136111542
4136116059
4136123749
4136128510
4136134247
4136139130
4136144562
4136149079
4136155060
4136161042
4136165497
4136171540
4136178009
4136182770
4136190094
4136194977
4136198517
4136206147
4136209687
4136215851
4136220673
4136228546
4136232819
4136240387
4136245453
4136250458
4136254914
4136261322
4136265900
4136272309
4136279938
4136285370
4136290619
4136296723
4136301300
4136307099
4136312103
4136318878
4136325470
4136330963
4136336334
4136341644
4136346039
4136352448
4136357269
4136361420
4136368439
4136373321
4136379730
4136383392
4136390289
4136394745
4136401153
4136404266
4136412262
4136417755
4136422394
4136427032
4136431793
4136437530
4136443023
4136447479
4136453521
4136458099
4136464691
4136471832
4136476593
4136482391
4136487030
4136492706
4136498626
4136503875
4136507843
4136515533
4136521453
4136525909
4136530914
4136537017
4136541778
4136549285
4136552886
4136561431
4136566741
4136576629
4136581146
4136589080
4136593902
4136602935
4136608550
4136615508
4136620574
4136626251
4136631866
4136637481
4136643768
4136649627
4136655486
4136659576
4136665252
4136670684
4136675384
4136680816
4136686187
4136692046
4136697661
4136703155
4136707610
4136713347
4136718047
4136723845
4136727263
4136735381
4136739715
4136746306
4136749663
4136755950
4136760894
4136767547
4136772368
4136777984
4136784636
4136789946
4136794524
4136803069
4136809294
4136815947
4136822722
4136830230
4136834929
4136842070
4136848662
4136853301
4136860015
4136866851
4136872283
4136878264
4136884429
4136892058
4136897429
4136904631
4136910735
4136915251
4136922453
4136928130
4136934966
4136940703
4136946928
4136952055
4136959074
4136964568
4136969756
4136975859
4136980315
4136985869
4136991301
4136996672
4137001250
4137009611
4137015837
4137020964
4137026640
4137031767
4137035917
4137041472
4137047087
4137053068
4137058684
4137064909
4137068998
4137074492
4137079741
4137084135
4137089628
4137092741
4137102324
4137106474
4137113615
4137116972
4137124479
4137128141
4137135038
4137140043
4137146757
4137151945
4137156767
4137164030
4137169645
4137175077
4137180998
4137185087
4137191190
4137196867
4137201933
4137207304
4137212064
4137217863
4137223112
4137228483
4137233671
4137240080
4137245023
4137250272
4137254301
4137260526
4137265897
4137269987
4137274381
4137282316
4137286100
4137292142
4137297086
4137302518
4137308866
4137313749
4137318143
4137323881
4137329984
4137335721
4137341459
4137346891
4137351468
4137358548
4137362882
4137368924
4137375089
4137379117
4137386991
4137393522
4137399259
4137402372
4137408780
4137413236
4137422208
4137430143
4137435758
4137440518
4137446195
4137451444
4137455411
4137462552
4137469388
4137474149
4137479642
4137483060
4137489774
4137495328
4137499417
4137505399
4137513150
4137518948
4137524625
4137528104
4137535184
4137540860
4137545132
4137549649
4137556912
4137560757
4137568143
4137573636
4137577664
4137582181
4137588345
4137592862
4137598721
4137603604
4137609280
4137614468
4137620206
4137624600
4137630765
4137635342
4137643643
4137648404
4137654629
4137660428
4137666165
4137670498
4137676724
4137681118
4137684536
4137693753
4137697598
4137705777
4137709561
4137715664
4137720486
4137726712
4137731839
4137737759
4137745938
4137750881
4137757168
4137761502
4137767056
4137772793
4137778286
4137783230
4137788967
4137795254
4137799465
4137805447
4137809475
4137812588
4137820034
4137826870
4137834194
4137839138
4137845058
4137849270
4137860805
4137868984
4137876553
4137883816
4137893459
4137901394
4137910732
4137917141
4137925930
4137932338
4137942104
4137948452
4137957729
4137966823
4137974025
4137982631
4137988674
4137998317
4138003505
4138013332
4138017971
4138031154
4138038112
4138046169
4138050868
4138060390
4138065090
4138074794
4138081447
4138090480
4138097438
4138105312
4138112148
4138120265
4138126918
4138136928
4138143581
4138154384
4138159816
4138169704
4138176662
4138184840
4138191493
4138200465
4138207240
4138215480
4138222621
4138233302
4138242396
4138249476
4138257289
4138268214
4138277064
4138285365
4138293177
4138302821
4138309840
4138316615
4138326014
4138332911
4138341395
4138344386
4138357264
4138367152
4138373805
4138381983
4138388636
4138396815
4138406092
4138411341
4138424281
4138429957
4138438563
4138448084
4138454981
4138461573
4138469813
4138478663
4138486841
4138496180
4138503626
4138512354
4138521082
4138527979
4138536402
4138545008
4138550257
4138561426
4138571009
4138577601
4138584925
4138592798
4138602442
4138609949
4138616541
4138626612
4138633509
4138643701
4138652429
4138655298
4138667505
4138673731
4138683679
4138688623
4138701257
4138706995
4138715723
4138723413
4138732751
4138740198
4138747217
4138756616
4138765100
4138771936
4138781518
4138790124
4138797204
4138805993
4138814172
4138820642
4138825708
4138837243
4138847009
4138853967
4138861230
4138870324
4138877710
4138885156
4138891565
4138901635
4138908288
4138917565
4138926599
4138935510
4138942224
4138949853
4138959435
4138965478
4138978662
4138984216
4138995080
4139000146
4139009423
4139016930
4139025781
4139032494
4139041222
4139050744
4139060570
4139067223
4139076256
4139085107
4139091393
4139100304
4139105431
4139117577
4139122948
4139132653
4139140038
4139149682
4139157006
4139163720
4139173363
4139182030
4139188805
4139197838
4139204552
4139215172
4139221886
4139227928
4139238304
4139243614
4139254662
4139263939
4139272667
4139277794
4139287926
4139295250
4139302879
4139312340
4139321983
4139329735
4139338158
4139347984
4139357079
4139365257
4139374962
4139383018
4139391746
4139401939
4139411400
4139419212
4139428489
4139436302
4139445884
4139453697
4139461265
4139469932
4139480064
4139486595
4139494102
4139502769
4139511680
4139518211
4139527793
4139536949
4139543601
4139552268
4139557578
4139571861
4139577476
4139589500
4139595603
4139607444
4139612998
4139624717
4139634238
4139643516
4139650962
4139659507
4139668357
4139675193
4139683860
4139692344
4139701194
4139707664
4139716331
4139725852
4139733848
4139743857
4139751304
4139761313
4139769309
4139776145
4139784446
4139791648
4139802756
4139809043
4139820090
4139829184
4139835654
4139842978
4139853781
4139859213
4139870566
4139880393
4139889121
4139897604
4139904990
4139910117
4139922079
4139927084
4139939963
4139947592
4139956137
4139964804
4139971945
4139980734
4139987265
4139996969
4140006735
4140014609
4140023031
4140029684
4140038107
4140043173
4140054159
4140058981
4140072897
4140080648
4140087118
4140095480
4140104025
4140111288
4140119528
4140124899
4140136618
4140144430
4140152792
4140160787
4140169332
4140175741
4140185384
4140194540
4140204122
4140212423
4140220846
4140228597
4140235738
4140245321
4140252645
4140262411
4140268758
4140280111
4140287435
4140296956
4140305196
4140312887
4140318075
4140329488
4140337606
4140346090
4140351217
4140362325
4140367696
4140379415
4140388631
4140395284
4140406453
4140416707
4140424214
4140430684
4140439961
4140446614
4140456441
4140466207
4140472981
4140481282
4140489400
4140495808
4140505147
4140511311
4140521138
4140530049
4140537129
4140546529
4140555196
4140561970
4140570698
4140579549
4140589802
4140597676
4140606526
4140614338
4140625996
4140631917
4140644612
4140650288
4140663228
4140673176
4140679341
4140689778
4140696980
4140708882
4140716511
4140725727
4140735554
4140742817
4140752766
4140761982
4140770954
4140777485
4140787373
4140797443
4140805195
4140812641
4140823078
4140830463
4140837788
4140847004
4140854450
4140864216
4140873432
4140882160
4140890522
4140896381
4140910114
4140920673
4140929950
4140937031
4140945820
4140953205
4140961872
4140969257
4140977619
4140985004
4140994159
4141001728
4141010211
4141019123
4141025714
4141035297
4141042743
4141054157
4141063800
4141071246
4141079974
4141089435
4141099872
4141108295
4141116046
4141125262
4141133319
4141143817
4141148883
4141159564
4141164569
4141173968
4141181537
4141193866
4141199725
4141210284
4141215533
4141226336
4141232562
4141244220
4141252398
4141261248
4141269915
4141276324
4141286029
4141292742
4141300738
4141309405
4141318377
4141325030
4141335101
4141341754
4141349871
4141359027
4141366107
4141377886
4141389239
4141395159
4141406146
4141414629
4141422930
4141431048
4141440935
4141450396
4141460100
4141468157
4141475786
4141484575
4141491228
4141500567
4141507891
4141517840
4141525103
4141535296
4141541094
4141551775
4141557451
4141568438
4141574419
4141587358
4141594683
4141603594
4141613420
4141620317
4141630815
4141641191
4141652239
4141661089
4141667558
4141677019
4141686052
4141693437
4141702043
4141709856
4141718889
4141726396
4141731462
4141737749
4141742937
4141748491
4141751421
4141759172
4141764787
4141770341
4141775835
4141780961
4141787675
4141790483
4141798295
4141804460
4141809282
4141816301
4141821245
4141829118
4141833818
4141839982
4141845170
4141851579
4141856096
4141863054
4141868730
4141874772
4141879899
4141886125
4141892656
4141897416
4141902909
4141907304
4141913713
4141918412
4141924455
4141931047
4141937272
4141943192
4141949296
4141953141
4141962296
4141969682
4141974015
4141981522
4141986588
4141992020
4141997575
4142005265
4142012406
4142019181
4142025407
4142032426
4142038407
4142043900
4142049576
4142054642
4142061845
4142067582
4142072220
4142078446
4142084183
4142089249
4142093705
4142099625
4142105118
4142112382
4142117936
4142125260
4142130448
4142136307
4142142899
4142147599
4142153153
4142159073
4142165116
4142169632
4142175919
4142182389
4142188431
4142193497
4142197464
4142204300
4142208939
4142214920
4142219132
4142226456
4142231827
4142236954
4142243241
4142248856
4142253739
4142258255
4142265640
4142271988
4142277359
4142282730
4142286942
4142292862
4142297867
4142303421
4142309586
4142315262
4142319412
4142325211
4142329361
4142334549
4142343460
4142349869
4142355118
4142361038
4142366043
4142371780
4142376724
4142384781
4142390457
4142396866
4142402237
4142407730
4142413894
4142418045
4142420669
4142428238
4142434646
4142439468
4142445450
4142450637
4142458145
4142463882
4142467849
4142474502
4142480484
4142486282
4142489334
4142496536
4142500015
4142506790
4142514358
4142518875
4142524612
4142530227
4142535049
4142542068
4142547683
4142553970
4142559158
4142564956
4142569717
4142575576
4142581130
4142585464
4142591140
4142598220
4142604568
4142609634
4142614639
4142621047
4142625320
4142632827
4142637283
4142642654
4142649062
4142655471
4142661208
4142667800
4142672927
4142676467
4142684340
4142688369
4142697036
4142701125
4142707656
4142713454
4142718032
4142723037
4142729201
4142734023
4142741286
4142745986
4142752822
4142757399
4142764479
4142771254
4142776870
4142782119
4142788771
4142793166
4142799636
4142806472
4142812453
4142817214
4142824660
4142829421
4142836379
4142840895
4142848647
4142855055
4142859938
4142864211
4142869765
4142875807
4142881300
4142887648
4142893202
4142899245
4142905898
4142910719
4142917982
4142922682
4142927687
4142934279
4142939772
4142945875
4142950636
4142955885
4142960341
4142966444
4142971144
4142978529
4142983961
4142990248
4142994765
4143002150
4143007338
4143012648
4143019545
4143025404
4143030775
4143036146
4143041151
4143048048
4143053968
4143060865
4143064711
4143072584
4143078932
4143084242
4143091322
4143097792
4143102369
4143109083
4143113233
4143122206
4143128065
4143133436
4143141126
4143146803
4143151441
4143156934
4143162061
4143168897
4143174757
4143179395
4143184766
4143190931
4143197034
4143201490
4143208997
4143216077
4143220960
4143225660
4143231397
4143235853
4143242445
4143246168
4143254590
4143266126
4143271436
4143278821
4143287000
4143293348
4143300977
4143310743
4143317457
4143324109
4143330274
4143337781
4143344007
4143351026
4143358045
4143365674
4143371961
4143378797
4143384107
4143389417
4143394178
4143400464
4143406629
4143411511
4143416150
4143420972
4143425305
4143430554
4143434766
4143438794
4143444165
4143448194
4143451856
4143457837
4143464246
4143468335
4143473096
4143477246
4143481152
4143484876
4143491284
4143495740
4143499402
4143504651
4143509045
4143514050
4143520520
4143526990
4143530347
4143536694
4143540539
4143544812
4143549817
4143553296
4143559704
4143565137
4143568738
4143574109
4143579480
4143584118
4143589490
4143594311
4143598828
4143603650
4143608960
4143615674
4143620739
4143623730
4143629284
4143633984
4143638623
4143642773
4143648083
4143653637
4143657605
4143662121
4143666760
4143670361
4143676464
4143681591
4143684765
4143690991
4143697094
4143700756
4143708508
4143711987
4143718823
4143724499
4143728405
4143731518
4143738781
4143743969
4143749096
4143754406
4143758068
4143763622
4143768627
4143773388
4143779064
4143785839
4143789990
4143798107
4143805920
4143812634
4143820324
4143828625
4143834789
4143843761
4143852123
4143855114
4143866100
4143870678
4143881054
4143885753
4143896618
4143901378
4143911876
4143919079
4143927623
4143934398
4143943920
4143950573
4143959240
4143966320
4143975048
4143982250
4143990978
4143998058
4144007396
4144017101
4144025463
4144028209
4144041820
4144049144
4144057262
4144061961
4144072826
4144077647
4144086803
4144091563
4144104503
4144109447
4144120067
4144124705
4144134776
4144141490
4144149791
4144156322
4144166392
4144173289
4144180186
4144188731
4144196361
4144203074
4144210948
4144217051
4144225535
4144234385
4144241954
4144247874
4144257579
4144263621
4144272532
4144280650
4144287425
4144295726
4144304576
4144310679
4144316477
4144326853
4144332102
4144343028
4144347971
4144360667
4144366160
4144376231
4144383555
4144392527
4144399668
4144407114
4144416575
4144423289
4144433115
4144441843
4144448313
4144457651
4144463999
4144473093
4144482126
4144487314
4144498667
4144504221
4144515085
4144523569
4144530100
4144537241
4144545542
4144555002
4144562937
4144569529
4144578379
4144587839
4144595590
4144602121
4144610300
4144618967
4144625009
4144635080
4144640695
4144652475
4144657480
4144667001
4144674387
4144682748
4144692026
4144701669
4144711435
4144721139
4144729135
4144739328
4144747629
4144758371
4144764047
4144774728
4144782724
4144793222
4144800912
4144810922
4144818612
4144827585
4144834665
4144845224
4144852365
4144862558
4144869210
4144878671
4144885385
4144894967
4144901437
4144906747
4144918283
4144927438
4144935494
4144942758
4144951302
4144959054
4144967782
4144974435
4144984567
4144994698
4145003243
4145010995
4145019845
4145030953
4145040291
4145046212
4145056893
4145064583
4145074959
4145082406
4145089852
4145096566
4145106209
4145112679
4145122994
4145132698
4145141549
4145150460
4145153450
4145165535
4145170662
4145180489
4145188057
4145200081
4145205452
4145214424
4145221932
4145230904
4145237557
4145247139
4145253975
4145264168
4145271492
4145281441
4145290169
4145296883
4145305794
4145311165
4145322151
4145327278
4145339790
4145348762
4145355354
4145363289
4145373604
4145381050
4145389107
4145395820
4145404793
4145414619
4145421272
4145430000
4145437385
4145446235
4145453010
4145461738
4145467109
4145479194
4145484931
4145496589
4145501716
4145512641
4145520088
4145528144
4145535713
4145544929
4145552375
4145562507
4145570258
4145580634
4145588630
4145597785
4145606147
4145616767
4145624580
4145633979
4145640998
4145651130
4145658576
4145668708
4145675971
4145685126
4145694648
4145703132
4145712104
4145719306
4145728095
4145733222
4145742865
4145750373
4145761725
4145767462
4145776862
4145784369
4145792975
4145799750
4145810126
4145816718
4145824591
4145833869
4145842169
4145851019
4145858405
4145867133
4145872443
4145883002
4145888434
4145901617
4145907172
4145917792
4145925116
4145933356
4145940741
4145949469
4145956000
4145967047
4145973883
4145983954
4145992804
4146001165
4146007940
4146017523
4146024054
4146029120
4146041143
4146050055
4146056829
4146064093
4146074713
4146081976
4146090338
4146097662
4146107244
4146114324
4146125677
4146133184
4146139715
4146149664
4146156011
4146165167
4146174444
4146182500
4146191045
4146199712
4146210821
4146216375
4146227605
4146234014
4146247320
4146255437
4146264165
4146272527
4146279058
4146284368
4146297002
4146305852
4146315069
4146322576
4146331853
4146340093
4146347234
4146355413
4146364202
4146373174
4146380559
4146390569
4146396855
4146407475
4146414433
4146423284
4146431706
4146440007
4146449162
4146458440
4146465154
4146473760
4146482121
4146489445
4146497868
4146500859
4146515874
4146519353
4146531438
4146539860
4146549077
4146551945
4146564458
4146573857
4146580266
4146590336
4146596806
4146606022
4146616215
4146626042
4146633427
4146643620
4146649052
4146659001
4146667118
4146677555
4146684086
4146692814
4146699711
4146711979
4146717655
4146727421
4146735783
4146744694
4146749760
4146757999
4146765202
4146776371
4146781681
4146793034
4146801273
4146809574
4146816898
4146825931
4146834293
4146843693
4146852848
4146859379
4146869449
4146876774
4146885013
4146892215
4146900760
4146910221
4146919376
4146927677
4146937198
4146947574
4146954776
4146964908
4146971988
4146977481
4146989322
4146994266
4147004581
4147010623
4147020999
4147031619
4147042056
4147048892
4147057559
4147062808
4147074222
4147082278
4147090823
4147099063
4147108096
4147117068
4147123904
4147132144
4147140628
4147149539
4147156131
4147161441
4147174869
4147184512
4147190860
4147199832
4147209414
4147218387
4147226016
4147234927
4147242251
4147251529
4147258609
4147266543
4147273684
4147284060
4147289431
4147302188
4147307803
4147318667
4147323733
4147335146
4147340518
4147350710
4147358157
4147368777
4147374087
4147384524
4147390566
4147402102
4147412417
4147419436
4147428591
4147437624
4147445315
4147452090
4147460756
4147469729
4147476992
4147483523
4147493471
4147500185
4147509157
4147518251
4147525881
4147532228
4147541445
4147547976
4147556581
4147565248
4147573549
4147583071
4147590944
4147597597
4147605959
4147614687
4147624147
4147631166
4147640444
4147648866
4147656557
4147665773
4147672487
4147679750
4147686525
4147690675
4147697633
4147702211
4147709291
4147713502
4147720521
4147723817
4147732606
4147739137
4147745180
4147750062
4147754518
4147760927
4147764528
4147771669
4147777833
4147783632
4147791322
4147796266
4147801515
4147805360
4147813966
4147817933
4147825135
4147828187
4147835633
4147839723
4147844850
4147848207
4147856813
4147861756
4147867494
4147870729
4147877565
4147883119
4147887452
4147892152
4147898377
4147903443
4147909669
4147914186
4147920350
4147925050
4147930116
4147934693
4147941529
4147948121
4147954163
4147959229
4147967347
4147971986
4147979310
4147985108
4147992554
4147999024
4148006654
4148012879
4148018555
4148025391
4148030213
4148034974
4148043458
4148050355
4148055726
4148060242
4148067078
4148073609
4148079407
4148084473
4148090149
4148094666
4148100892
4148105347
4148111756
4148116639
4148123352
4148131958
4148137574
4148143982
4148149536
4148155335
4148159851
4148165772
4148169373
4148177124
4148181946
4148188904
4148192871
4148199463
4148204346
4148210388
4148214905
4148221375
4148225769
4148231262
4148239197
4148245606
4148251770
4148253845
4148262085
4148265442
4148273132
4148276550
4148286438
4148290161
4148297058
4148300781
4148306946
4148314575
4148319214
4148324219
4148330749
4148337646
4148342956
4148347412
4148352478
4148358398
4148363830
4148369568
4148373169
4148383239
4148387329
4148394470
4148397705
4148404907
4148408325
4148414856
4148419799
4148429260
4148433410
4148439453
4148444336
4148451660
4148456665
4148461425
4148465698
4148473815
4148480834
4148486816
4148491882
4148496704
4148502502
4148506896
4148512756
4148516113
4148524841
4148527099
4148535522
4148539062
4148545593
4148550414
4148557189
4148562133
4148568237
4148573547
4148579467
4148586364
4148592162
4148598449
4148606689
4148612365
4148619567
4148624389
4148630065
4148635375
4148642089
4148647643
4148653563
4148657165
4148664489
4148669188
4148676330
4148682128
4148687926
4148691955
4148697387
4148702208
4148710936
4148714782
4148722045
4148726928
4148732726
4148737487
4148742491
4148746886
4148753112
4148759093
4148765929
4148770262
4148775206
4148781066
4148786009
4148791808
4148795409
4148805480
4148810790
4148816771
4148820250
4148828307
4148834837
4148839598
4148844481
4148851073
4148856444
4148862486
4148868163
4148875121
4148880309
4148887694
4148891356
4148899901
4148904112
4148912108
4148917479
4148923155
4148928160
4148934752
4148939818
4148945616
4148950926
4148958983
4148963133
4148970884
4148977476
4148981932
4148987303
4148994017
4148998167
4149007017
4149010801
4149018065
4149022825
4149028746
4149033628
4149040586
4149045713
4149051817
4149056761
4149064817
4149071043
4149077146
4149084532
4149090147
4149096372
4149102659
4149107969
4149114683
4149120176
4149126951
4149132444
4149137693
4149144834
4149149961
4149154295
4149159910
4149165891
4149171568
4149175901
4149179319
4149187559
4149194395
4149199277
4149205503
4149211912
4149216856
4149222593
4149227598
4149235837
4149242185
4149246519
4149252866
4149257322
4149263120
4149269040
4149273435
4149280454
4149286741
4149291929
4149297666
4149301999
4149307920
4149311704
4149319150
4149322873
4149330991
4149335141
4149340879
4149347898
4149353574
4149357968
4149364438
4149368894
4149374631
4149381040
4149387509
4149392026
4149397458
4149403317
4149407651
4149413815
4149417172
4149425046
4149429990
4149437131
4149440488
4149447385
4149452268
4149458737
4149463559
4149472165
4149477414
4149483517
4149489316
4149496091
4149499875
4149507809
4149513180
4149520688
4149525754
4149531796
4149537228
4149542782
4149547116
4149554013
4149558407
4149563717
4149570431
4149576718
4149581418
4149585080
4149593625
4149598507
4149603512
4149609005
4149615780
4149620968
4149627133
4149632443
4149639645
4149644650
4149650021
4149654476
4149663754
4149668576
4149675228
4149679379
4149685787
4149690182
4149696285
4149702389
4149708431
4149715206
4149719662
4149725826
4149729488
4149736630
4149740109
4149747372
4149752316
4149758724
4149763912
4149770321
4149775692
4149780025
4149786373
4149792599
4149797848
4149804806
4149810909
4149816158
4149821895
4149827999
4149832760
4149836239
4149844051
4149847530
4149856807
4149862362
4149866329
4149869747
4149877315
4149882991
4149887386
4149892330
4149901241
4149904964
4149912471
4149917904
4149922664
4149928951
4149934505
4149938900
4149944942
4149949337
4149956844
4149961421
4149966915
4149973323
4149975337
4149983699
4149987361
4149995357
4149999141
4150007076
4150010982
4150018184
4150023494
4150029842
4150037166
4150047054
4150054683
4150063594
4150071223
4150082027
4150087459
4150096919
4150104182
4150114009
4150124019
4150131587
4150138545
4150148555
4150155513
4150164424
4150173701
4150182063
4150189021
4150199580
4150206172
4150215998
4150222590
4150231684
4150238276
4150248591
4150257685
4150265071
4150271845
4150277156
4150289363
4150297541
4150304377
4150311823
4150321589
4150329463
4150338557
4150345881
4150356074
4150363947
4150374018
4150381464
4150391352
4150400202
4150409663
4150415156
4150425837
4150433527
4150441401
4150451533
4150460383
4150467951
4150475885
4150485285
4150492304
4150498713
4150507990
4150514704
4150519770
4150532709
4150541315
4150550409
4150555719
4150566461
4150571527
4150581354
4150588678
4150598078
4150605707
4150615350
4150622797
4150630731
4150637262
4150647394
4150654108
4150663995
4150672601
4150680902
4150688226
4150697137
4150705865
4150713861
4150723199
4150730096
4150741449
4150750360
4150759454
4150767083
4150776117
4150784723
4150793634
4150802423
4150812188
4150819390
4150828241
4150835137
4150843988
4150849298
4150859613
4150866937
4150877374
4150885430
4150893670
4150901055
4150910211
4150916802
4150926263
4150933038
4150942193
4150951653
4150959100
4150967950
4150974847
4150984002
4150989190
4151000115
4151008721
4151017083
4151024895
4151033379
4151041070
4151048882
4151058404
4151066399
4151073174
4151083916
4151090935
4151100274
4151108941
4151117607
4151124321
4151132744
4151141838
4151148125
4151159600
4151166863
4151175774
4151180962
4151191338
4151196465
4151207085
4151214470
4151223930
4151231987
4151240776
4151247612
4151256950
4151263542
4151272209
4151281059
4151288383
4151297783
4151307793
4151314262
4151323295
4151329948
4151337395
4151346245
4151353752
4151364616
4151372612
4151381340
4151388603
4151396843
4151403495
4151412773
4151419487
4151432243
4151439201
4151447807
4151456718
4151463432
4151472648
4151477775
4151488700
4151494010
4151506156
4151512077
4151522941
4151531303
4151538871
4151546500
4151555778
4151563102
4151572379
4151579459
4151589835
4151596610
4151604117
4151613090
4151620048
4151629020
4151637992
4151647391
4151654777
4151663627
4151668815
4151679252
4151686698
4151694083
4151703666
4151713248
4151720938
4151730338
4151738822
4151748892
4151757254
4151766593
4151774344
4151784415
4151791800
4151802664
4151807791
4151817313
4151824820
4151834158
4151840689
4151853873
4151859488
4151870108
4151878226
4151887625
4151895438
4151905813
4151913809
4151925101
4151932974
4151941458
4151948721
4151957815
4151965567
4151972281
4151981131
4151988455
4151998098
4152006887
4152015982
4152022879
4152031973
4152037344
4152047232
4152054556
4152065847
4152071401
4152082327
4152089590
4152098745
4152106252
4152113088
4152121877
4152131277
4152141103
4152147756
4152157461
4152165334
4152172109
4152180532
4152189382
4152197561
4152207509
4152210927
4152223989
4152229177
4152239675
4152248159
4152255178
4152262624
4152271169
4152280935
4152291433
4152299733
4152310964
4152316823
4152328664
4152336537
4152346974
4152354787
4152363698
4152371449
4152380483
4152387563
4152397633
4152404653
4152415700
4152422841
4152432301
4152441274
4152449574
4152456227
4152461842
4152473561
4152478871
4152491383
4152499074
4152507985
4152513356
4152522511
4152529835
4152538868
4152545521
4152557362
4152565785
4152574452
4152581105
4152590260
4152596913
4152606495
4152613087
4152622547
4152632679
4152640980
4152649769
4152656788
4152665638
4152671009
4152681507
4152689015
4152700001
4152706104
4152715992
4152723316
4152732044
4152739857
4152748646
4152755604
4152765125
4152775440
4152784351
4152791187
4152801319
4152807850
4152816578
4152826526
4152836048
4152843189
4152853077
4152859791
4152869678
4152876453
4152886829
4152893604
4152904224
4152913501
4152921680
4152928455
4152937122
4152943775
4152951099
4152959888
4152967395
4152979053
4152984790
4152994983
4153002307
4153011279
4153017993
4153027210
4153033923
4153043201
4153052417
4153061633
4153070544
4153076831
4153085742
4153094714
4153101550
4153110827
4153120349
4153126147
4153136157
4153143603
4153151843
4153159411
4153167834
4153174609
4153184680
4153194140
4153204394
4153211230
4153218920
4153227954
4153236804
4153243518
4153253588
4153260607
4153266284
4153278063
4153286608
4153293505
4153300707
4153310229
4153317736
4153327685
4153335436
4153344347
4153351244
4153359240
4153368029
4153375597
4153384508
4153393542
4153402636
4153410814
4153417589
4153426134
4153435045
4153440172
4153450792
4153458117
4153468309
4153476183
4153485155
4153492540
4153501085
4153508226
4153519213
4153526537
4153536608
4153546251
4153554064
4153561571
4153572557
4153580065
4153588915
4153597276
4153606554
4153613939
4153623094
4153630540
4153638658
4153648363
4153656053
4153662828
4153673204
4153680223
4153689683
4153698900
4153706102
4153715196
4153723192
4153730089
4153739427
4153749498
4153755357
4153766343
4153771592
4153782090
4153789537
4153800096
4153806382
4153817063
4153824754
4153836839
4153842881
4153855454
4153865281
4153875047
4153880479
4153891709
4153901719
4153908555
4153916917
4153924973
4153931199
4153945054
4153957017
4153964890
4153974534
4153983506
4153992356
4154001145
4154008469
4154017258
4154024888
4154034409
4154040452
4154050766
4154054917
4154062851
4154067795
4154074509
4154079392
4154088059
4154091904
4154098313
4154101303
4154107590
4154112351
4154119553
4154122971
4154130844
4154135971
4154141464
4154146652
4154152207
4154158615
4154162583
4154165940
4154173996
4154180466
4154184433
4154191025
4154195541
4154200974
4154206650
4154213730
4154218002
4154223434
4154227768
4154234299
4154238693
4154244614
4154248825
4154255661
4154263290
4154269455
4154275497
4154280624
4154285141
4154290756
4154295517
4154303329
4154311142
4154316269
4154322250
4154327987
4154332748
4154340011
4154345382
4154352035
4154356125
4154362899
4154367843
4154373520
4154379867
4154386032
4154391220
4154398422
4154405075
4154410568
4154414535
4154421310
4154425460
4154431137
4154436752
4154442855
4154447189
4154453659
4154459152
4154463729
4154469222
4154474349
4154478683
4154484359
4154492050
4154497115
4154502670
4154507552
4154512985
4154517623
4154522994
4154526473
4154534530
4154539291
4154545882
4154549606
4154556991
4154560470
4154567245
4154572372
4154578353
4154583602
4154590438
4154595565
4154603866
4154610030
4154618514
4154625167
4154633407
4154638778
4154645430
4154650679
4154658126
4154663558
4154668624
4154673446
4154680709
4154685775
4154691329
4154698104
4154702925
4154707259
4154713912
4154718428
4154725142
4154732039
4154737471
4154741805
4154748213
4154754256
4154759627
4154763899
4154767317
4154775069
4154781294
4154787215
4154790572
4154796919
4154801985
4154807906
4154812972
4154818831
4154825850
4154831404
4154835860
4154842390
4154847212
4154854597
4154861555
4154867964
4154872237
4154877669
4154883040
4154888960
4154894758
4154900435
4154906233
4154909712
4154918196
4154923567
4154929793
4154934065
4154941939
4154945540
4154952009
4154957136
4154962935
4154969526
4154974470
4154978193
4154985212
4154991804
4154995893
4155001875
4155007612
4155013472
4155019453
4155023725
4155029463
4155035261
4155039533
4155046247
4155052290
4155057295
4155062910
4155068098
4155072187
4155077863
4155083479
4155087141
4155095014
4155101362
4155105573
4155110029
4155115461
4155120100
4155126325
4155130842
4155136762
4155141340
4155148786
4155151899
4155158002
4155162580
4155168622
4155173017
4155179792
4155183515
4155190656
4155196515
4155203229
4155209394
4155214399
4155218915
4155225995
4155231305
4155237775
4155242170
4155248029
4155252607
4155257306
4155263288
4155269330
4155276166
4155283551
4155288129
4155293988
4155298078
4155304303
4155310346
4155315595
4155319379
4155326215
4155330792
4155335004
4155340131
4155344708
4155348310
4155354718
4155358991
4155365521
4155369855
4155375592
4155381207
4155386701
4155390851
4155395612
4155401105
4155408124
4155413983
4155418744
4155423688
4155428815
4155434064
4155442181
4155445966
4155453656
4155457989
4155463055
4155466840
4155474042
4155478436
4155483746
4155489667
4155494916
4155499249
4155504010
4155506756
4155513714
4155519147
4155524518
4155530499
4155534344
4155539105
4155543866
4155549725
4155553448
4155559613
4155565045
4155570416
4155575116
4155579632
4155585675
4155590069
4155594159
4155600323
4155607037
4155613446
4155618023
4155623333
4155628765
4155633099
4155637188
4155642803
4155650494
4155656292
4155660748
4155665814
4155671002
4155674236
4155681561
4155684857
4155692120
4155696026
4155703594
4155707684
4155713055
4155718243
4155724224
4155730450
4155737774
4155743206
4155748577
4155754681
4155759685
4155767193
4155771648
4155779339
4155783733
4155792339
4155796062
4155803142
4155808819
4155813152
4155818157
4155826030
4155831524
4155836590
4155840984
4155847149
4155851482
4155858440
4155862713
4155868755
4155874858
4155881084
4155885479
4155888958
4155896953
4155900371
4155908367
4155911968
4155919109
4155926067
4155930339
4155935283
4155941936
4155947185
4155954326
4155959209
4155966472
4155971294
4155978313
4155982951
4155988384
4155994182
4156000469
4156005412
4156008830
4156017558
4156021281
4156029033
4156032939
4156039592
4156044719
4156051250
4156055705
4156062175
4156067241
4156073405
4156079021
4156084025
4156088603
4156095073
4156099711
4156105083
4156110820
4156116740
4156121013
4156126811
4156132304
4156137126
4156142985
4156148661
4156155864
4156160746
4156166667
4156172587
4156176921
4156181681
4156187602
4156192668
4156200419
4156205851
4156212931
4156216838
4156225688
4156232402
4156238749
4156244670
4156252665
4156258647
4156263651
4156267314
4156274882
4156278544
4156285258
4156290141
4156296610
4156301920
4156310709
4156316874
4156325358
4156331278
4156338175
4156344462
4156349161
4156354777
4156360209
4156365763
4156371622
4156376932
4156382731
4156388468
4156395060
4156400187
4156406046
4156409464
4156416727
4156420389
4156428019
4156432901
4156439493
4156446329
4156451334
4156455729
4156462198
4156466593
4156472696
4156478495
4156480509
4156490030
4156493998
4156501871
4156507608
4156512003
4156517130
4156522562
4156527384
4156534525
4156540018
4156548197
4156553507
4156560831
4156566812
4156573892
4156579935
4156588968
4156596841
4156602396
4156605936
4156613199
4156616861
4156623453
4156628763
4156638101
4156642129
4156649148
4156654214
4156659341
4156663797
4156670572
4156675516
4156682474
4156689554
4156695840
4156700296
4156706643
4156711099
4156718179
4156722635
4156729226
4156735513
4156740640
4156746621
4156751382
4156757180
4156760598
4156768045
4156771707
4156779519
4156785806
4156792092
4156795510
4156801675
4156806741
4156813455
4156818460
4156824197
4156831216
4156838418
4156843423
4156849648
4156854592
4156859963
4156864541
4156871194
4156875771
4156882241
4156888406
4156894143
4156898476
4156904214
4156910134
4156914162
4156924599
4156930459
4156934853
4156938271
4156946145
4156950234
4156957070
4156961892
4156969643
4156975869
4156980996
4156985818
4156993752
4156997536
4157005837
4157009682
4157018593
4157022500
4157029458
4157032998
4157040322
4157045449
4157051308
4157056252
4157061867
4157068581
4157074196
4157078591
4157085427
4157089882
4157094155
4157101174
4157104653
4157111794
4157118325
4157123818
4157129006
4157134743
4157139626
4157147927
4157152992
4157158791
4157165077
4157170204
4157175270
4157180092
4157186073
4157191506
4157197609
4157203102
4157209023
4157213600
4157219582
4157224220
4157231605
4157235084
4157241249
4157246925
4157255287
4157260170
4157265785
4157271339
4157277443
4157282265
4157289039
4157296913
4157303810
4157308876
4157315284
4157318458
4157326881
4157333168
4157339454
4157342811
4157351905
4157357704
4157363624
4157369850
4157374305
4157379432
4157385047
4157389869
4157395668
4157401710
4157405921
4157411170
4157416542
4157421546
4157426917
4157433143
4157439674
4157445106
4157449134
4157454627
4157460243
4157464698
4157470313
4157476966
4157484107
4157488746
4157494605
4157501075
4157507545
4157510780
4157517616
4157521033
4157530006
4157533790
4157539771
4157544288
4157551185
4157554664
4157560828
4157565345
4157572852
4157576331
4157584144
4157589881
4157595130
4157598243
4157604835
4157609534
4157617591
4157621558
4157629920
4157633338
4157640113
4157644935
4157651282
4157656165
4157662940
4157669654
4157674353
4157678992
4157684607
4157690467
4157695349
4157701331
4157706641
4157712683
4157721656
4157726538
4157732154
4157737097
4157742713
4157747351
4157753516
4157760169
4157766699
4157770911
4157777197
4157781348
4157786963
4157793066
4157799658
4157806433
4157811804
4157817664
4157823523
4157827856
4157833472
4157839392
4157844946
4157852209
4157861243
4157866125
4157871130
4157877478
4157882117
4157888037
4157893652
4157901465
4157921789
4157924109
4157926916
4157929480
4157931616
4157933813
4157936071
4157938757
4157940771
4157944067
4157946264
4157948523
4157950903
4157953466
4157955847
4157958471
4157960608
4157962561
4157964636
4157967199
4157969213
4157971167
4157973181
4157975317
4157977270
4157979406
4157981665
4157983801
4157986731
4157988928
4157991186
4157993627
4157995886
4157997839
4158000280
4158002233
4158004309
4158006872
4158008947
4158011572
4158013708
4158016638
4158019384
4158025610
4158030920
4158034582
4158038366
4158041479
4158045385
4158048681
4158051245
4158053198
4158055212
4158057104
4158060583
4158062597
4158065038
4158067114
4158069555
4158071691
4158073705
4158075536
4158078039
4158079870
4158084692
4158086584
4158089208
4158091589
4158093847
4158096410
4158098852
4158100866
4158103246
4158105566
4158107641
4158110021
4158111913
4158114172
4158116064
4158118078
4158120153
4158123083
4158125097
4158127233
4158129858
4158131750
4158134069
4158136022
4158138158
4158140417
4158142492
4158144628
4158146764
4158149084
4158151159
4158153539
4158156164
4158158422
4158160985
4158162939
4158165441
4158167577
4158169652
4158171850
4158174108
4158176366
4158178380
4158180822
4158182897
4158185155
4158187536
4158189855
4158192052
4158194066
4158196081
4158198522
4158200536
4158202855
4158205053
4158207372
4158209508
4158211583
4158214147
4158216161
4158218602
4158220739
4158223180
4158225560
4158227819
4158230016
4158232335
4158234838
4158236791
4158239171
4158241369
4158243383
4158245641
4158247777
4158250036
4158252111
4158254918
4158256993
4158259069
4158261632
4158263524
4158265844
4158267736
4158269872
4158272374
4158274266
4158276158
4158278417
4158280736
4158283055
4158285314
4158287816
4158290074
4158292028
4158294469
4158296910
4158299474
4158301854
4158303868
4158305883
4158308202
4158310338
4158312169
4158314305
4158316503
4158318456
4158322118
4158324132
4158326451
4158328527
4158330541
4158332921
4158335057
4158336766
4158338597
4158340978
4158342931
4158345372
4158347447
4158349950
4158351781
4158354405
4158356603
4158358983
4158361546
4158363744
4158366307
4158368199
4158370213
4158372289
4158374242
4158376378
4158378453
4158380467
4158382665
4158385716
4158387914
4158390477
4158392491
4158394811
4158396642
4158398717
4158400731
4158402745
4158404820
4158407201
4158409764
4158411534
4158413976
4158416295
4158418370
4158420567
4158423070
4158425450
4158427586
4158430150
4158432164
4158434422
4158436681
4158438634
4158440526
4158442784
4158444981
4158447789
4158450047
4158452489
4158454381
4158456517
4158458531
4158460606
4158462559
4158464451
4158466649
4158468663
4158471226
4158473363
4158475865
4158478184
4158480748
4158482701
4158485020
4158487340
4158489598
4158492161
4158494359
4158496983
4158499058
4158501256
4158503209
4158505223
4158507237
4158510289
4158512608
4158515111
4158517125
4158519688
4158521702
4158523655
4158525792
4158528050
4158529820
4158531895
4158534459
4158536595
4158538853
4158541478
4158543675
4158546177
4158548863
4158550999
4158552769
4158554966
4158556919
4158558934
4158560948
4158562779
4158564427
4158567356
4158569432
4158571568
4158573338
4158575657
4158577366
4158579625
4158581883
4158584568
4158586766
4158588841
4158590672
4158592930
4158595066
4158597142
4158599095
4158601536
4158603489
4158605381
4158607273
4158609593
4158611607
4158613987
4158615818
4158618138
4158620213
4158622654
4158624912
4158627293
4158629002
4158631443
4158633274
4158635594
4158637608
4158639622
4158641575
4158643833
4158645725
4158647801
4158650486
4158652439
4158654637
4158656590
4158659031
4158661167
4158663120
4158665012
4158667515
4158669346
4158671299
4158673191
4158675205
4158677830
4158680027
4158681919
4158684116
4158686131
4158688450
4158690342
4158692600
4158694614
4158697300
4158699070
4158702427
4158704441
4158707005
4158708775
4158711460
4158713596
4158715855
4158717686
4158719944
4158721470
4158723606
4158725559
