40119677322
40119681961
40119686355
40119690689
40119695205
40119699600
40119703750
40119707840
40119711624
40119715469
40119719558
40119723648
40119727188
40119731155
40119734817
40119738601
40119742447
40119746292
40119750137
40119754654
40119758133
40119761795
40119765945
40119770034
40119773757
40119778762
40119783462
40119787185
40119792678
40119796524
40119801162
40119805435
40119809768
40119815689
40119820571
40119825820
40119830947
40119837600
40119843154
40119848769
40119854446
40119859817
40119865127
40119871291
40119878066
40119885696
40119891982
40119898391
40119906509
40119912185
40119920058
40119925063
40119932876
40119939467
40119945205
40119954665
40119960158
40119968581
40119974380
40119980849
40119989272
40119995742
40120002089
40120010085
40120015334
40120023269
40120029921
40120037062
40120045119
40120052260
40120058913
40120066298
40120072768
40120079848
40120086074
40120093642
40120101515
40120108595
40120114333
40120119887
40120127211
40120134657
40120139967
40120147536
40120154860
40120161513
40120168105
40120174818
40120181532
40120188490
40120197279
40120203566
40120210768
40120219618
40120226881
40120233656
40120240492
40120246413
40120255507
40120261427
40120267653
40120274977
40120281752
40120289015
40120296522
40120302809
40120310011
40120318495
40120324354
40120333143
40120338392
40120346632
40120354628
40120361219
40120368727
40120377394
40120384107
40120390699
40120398573
40120408582
40120416639
40120422621
40120429884
40120439161
40120447523
40120455518
40120463270
40120470716
40120478712
40120485487
40120493238
40120501356
40120509046
40120517530
40120524976
40120532117
40120541456
40120548170
40120555799
40120563856
40120572706
40120579480
40120589856
40120598096
40120606214
40120613355
40120623548
40120631849
40120639661
40120647962
40120656690
40120663892
40120672437
40120679761
40120688123
40120695020
40120703076
40120712720
40120721326
40120728101
40120737622
40120745252
40120754956
40120762280
40120769605
40120777783
40120785474
40120793774
40120803662
40120810071
40120816785
40120826672
40120836072
40120840954
40120850659
40120858288
40120868237
40120877026
40120884717
40120890454
40120900708
40120908032
40120916455
40120924694
40120930981
40120937512
40120947827
40120954541
40120963635
40120971142
40120980236
40120987988
40120996472
40121004101
40121012219
40121023266
40121033215
40121041576
40121050121
40121060803
40121070995
40121078320
40121088818
40121096020
40121104565
40121112743
40121121715
40121129650
40121137035
40121145946
40121154247
40121165172
40121172802
40121181347
40121190197
40121196666
40121205639
40121214183
40121221264
40121229198
40121237255
40121246715
40121255016
40121264049
40121272106
40121280345
40121289012
40121296092
40121304393
40121313487
40121321666
40121325816
40121335887
40121344676
40121352794
40121361644
40121369823
40121376231
40121384227
40121391612
40121399181
40121409007
40121416514
40121424205
40121432262
40121440318
40121447398
40121455455
40121463328
40121471324
40121477794
40121486888
40121493358
40121502330
40121509593
40121518626
40121528270
40121534678
40121542125
40121551463
40121559092
40121568675
40121576365
40121585154
40121592478
40121599558
40121607432
40121615977
40121624217
40121632273
40121640513
40121648020
40121656504
40121661021
40121669688
40121679453
40121686045
40121696055
40121702586
40121713145
40121719492
40121727671
40121735300
40121743235
40121750803
40121759348
40121767466
40121778269
40121785776
40121792917
40121799448
40121807749
40121814219
40121822214
40121829111
40121836924
40121843454
40121850229
40121857187
40121863901
40121869882
40121876535
40121885019
40121892465
40121899545
40121907114
40121914194
40121922312
40121930185
40121937448
40121946970
40121955331
40121963815
40121972910
40121981027
40121990671
40121999765
40122007577
40122016733
40122025278
40122031686
40122039926
40122046640
40122055673
40122063302
40122070688
40122077279
40122085763
40122092965
40122101266
40122108712
40122117379
40122124643
40122133065
40122140634
40122148385
40122156198
40122163339
40122172982
40122182076
40122189462
40122196359
40122204293
40122210824
40122221383
40122232308
40122240792
40122249520
40122256478
40122265878
40122272775
40122279855
40122287606
40122295480
40122302010
40122309762
40122317940
40122325692
40122331612
40122340096
40122345711
40122354500
40122360116
40122368477
40122376412
40122383858
40122390877
40122398262
40122405526
40122413338
40122421517
40122427742
40122436043
40122445381
40122452950
40122461800
40122470223
40122478462
40122487862
40122495186
40122503670
40122510140
40122518440
40122525520
40122534676
40122542549
40122551399
40122559456
40122566719
40122575996
40122582222
40122588692
40122596870
40122607002
40122615669
40122622993
40122630806
40122641365
40122646492
40122656685
40122663032
40122670723
40122679207
40122690132
40122697090
40122704475
40122712898
40122721077
40122728401
40122736518
40122743843
40122753120
40122760444
40122769355
40122777473
40122785835
40122790656
40122801460
40122810737
40122819160
40122827094
40122835822
40122844306
40122852302
40122856452
40122865485
40122872749
40122881904
40122889228
40122901618
40122910346
40122918403
40122922675
40122932990
40122939338
40122948127
40122953437
40122963874
40122969123
40122977118
40122982062
40122989814
40122994819
40123003363
40123010260
40123015509
40123021308
40123027961
40123033271
40123039313
40123044196
40123050116
40123056281
40123063300
40123068427
40123072333
40123079718
40123084967
40123090216
40123094367
40123103644
40123108893
40123114203
40123120551
40123125494
40123131415
40123137457
40123144110
40123148749
40123154913
40123159003
40123165717
40123171698
40123176825
40123183234
40123188910
40123195624
40123200323
40123206488
40123211371
40123217047
40123223273
40123228461
40123234808
40123240179
40123245428
40123250006
40123255865
40123260687
40123267218
40123273443
40123278509
40123282660
40123289496
40123293463
40123298956
40123304327
40123310553
40123315130
40123320868
40123326300
40123331854
40123336554
40123341925
40123348516
40123353277
40123359136
40123364630
40123369451
40123375494
40123381780
40123388983
40123393377
40123401922
40123407354
40123414373
40123420416
40123427007
40123432623
40123439825
40123447820
40123452520
40123459966
40123466436
40123472295
40123480779
40123488042
40123493841
40123499334
40123507757
40123513982
40123521673
40123530828
40123537603
40123543340
40123551275
40123558538
40123564519
40123572942
40123578557
40123585698
40123592290
40123599431
40123606878
40123615545
40123623601
40123632146
40123640081
40123645818
40123652654
40123658940
40123663762
40123672002
40123680058
40123687932
40123693669
40123700994
40123707768
40123715276
40123723088
40123731084
40123737859
40123744389
40123750554
40123757390
40123766240
40123773625
40123780827
40123788884
40123795415
40123801762
40123808781
40123816044
40123821538
40123828618
40123836430
40123842778
40123850407
40123858159
40123865727
40123873723
40123881413
40123886662
40123894108
40123900822
40123908451
40123914433
40123921208
40123928471
40123934147
40123940861
40123946171
40123954838
40123960575
40123967350
40123972050
40123977299
40123983158
40123989628
40123995670
40124002079
40124008610
40124014774
40124020268
40124026920
40124033207
40124038578
40124043400
40124048649
40124055668
40124060673
40124066105
40124072391
40124078312
40124085575
40124090946
40124096867
40124103275
40124110111
40124116459
40124122318
40124127628
40124134098
40124139103
40124145389
40124149845
40124157779
40124163456
40124169864
40124174503
40124180973
40124187626
40124193119
40124197574
40124203312
40124208194
40124213871
40124220340
40124224979
40124231021
40124237918
40124243351
40124248661
40124253604
40124259220
40124266361
40124272830
40124279117
40124285098
40124290286
40124295047
40124301212
40124305789
40124312259
40124318424
40124324283
40124331363
40124336917
40124345279
40124353885
40124360538
40124365787
40124371768
40124377505
40124384708
40124391421
40124397159
40124405215
40124411136
40124416446
40124424197
40124432620
40124439578
40124445926
40124453189
40124461795
40124467776
40124474429
40124484256
40124491824
40124497989
40124506106
40124513919
40124520205
40124525332
40124534976
40124543399
40124549441
40124557131
40124563052
40124569277
40124576785
40124583499
40124591128
40124598513
40124603640
40124611941
40124619631
40124625918
40124631167
40124641299
40124647646
40124653872
40124659670
40124667422
40124672854
40124680361
40124686098
40124694033
40124701479
40124706972
40124713381
40124720644
40124726565
40124731936
40124741701
40124746706
40124755373
40124761232
40124767458
40124774599
40124780642
40124786928
40124795168
40124801149
40124808901
40124814821
40124820375
40124826784
40124835268
40124842104
40124850344
40124857180
40124863283
40124871401
40124877565
40124884401
40124890566
40124896120
40124903383
40124908205
40124914613
40124921266
40124925539
40124932253
40124936464
40124944582
40124950441
40124955690
40124962343
40124967653
40124972292
40124978883
40124983156
40124989992
40124996706
40125001710
40125007692
40125013734
40125018434
40125024660
40125030397
40125036867
40125043580
40125047792
40125054078
40125058351
40125064760
40125071046
40125078248
40125082887
40125089601
40125095216
40125100343
40125105226
40125111818
40125118348
40125124757
40125130128
40125134950
40125141175
40125147279
40125151307
40125157472
40125163819
40125169435
40125175843
40125179933
40125185914
40125191102
40125195985
40125202027
40125208497
40125213319
40125218812
40125223695
40125229432
40125233765
40125239442
40125247498
40125253175
40125257996
40125263856
40125268372
40125273438
40125279481
40125285401
40125290040
40125295106
40125300782
40125305298
40125310242
40125318360
40125324708
40125330750
40125337708
40125343323
40125349671
40125355286
40125360840
40125367676
40125374634
40125379822
40125387574
40125392212
40125400513
40125405335
40125413025
40125417969
40125426209
40125433899
40125440003
40125446167
40125452332
40125458740
40125466309
40125473267
40125480835
40125485840
40125493408
40125499207
40125506226
40125511536
40125518738
40125527466
40125532593
40125539368
40125546265
40125552429
40125559204
40125565369
40125573120
40125579956
40125587097
40125593262
40125600159
40125606262
40125611999
40125619629
40125626343
40125633789
40125640442
40125647583
40125652893
40125660217
40125666259
40125671142
40125681274
40125688171
40125694213
40125699951
40125706054
40125712463
40125720153
40125726196
40125734436
40125740112
40125747863
40125752807
40125760375
40125765747
40125773437
40125780395
40125787719
40125795593
40125801086
40125810119
40125818420
40125825317
40125832336
40125839599
40125848449
40125854980
40125862060
40125869140
40125876464
40125885070
40125890929
40125899108
40125905334
40125911193
40125916930
40125923400
40125929564
40125936217
40125941405
40125948363
40125953673
40125957824
40125964660
40125970336
40125976989
40125982848
40125988524
40125994628
40125999877
40126004393
40126011107
40126016112
40126022826
40126028746
40126035094
40126040282
40126046446
40126051146
40126057311
40126063536
40126068358
40126077025
40126082396
40126087706
40126094176
40126099486
40126105528
40126110960
40126116148
40126123839
40126129698
40126135008
40126140013
40126145628
40126150145
40126155821
40126162535
40126167357
40126173399
40126177916
40126184202
40126188048
40126194090
40126201109
40126206907
40126212157
40126219969
40126225157
40126230528
40126236937
40126242857
40126248778
40126254332
40126259153
40126266172
40126271666
40126276793
40126282652
40126288084
40126292295
40126300108
40126305479
40126310545
40126316648
40126321470
40126327574
40126334654
40126341856
40126346372
40126353391
40126357847
40126365660
40126372251
40126378294
40126385130
40126390745
40126396604
40126403501
40126409116
40126416990
40126423948
40126430296
40126437437
40126443845
40126450132
40126458005
40126465208
40126471250
40126479490
40126485044
40126490964
40126496885
40126506101
40126512937
40126519834
40126526731
40126533201
40126540342
40126546872
40126552915
40126559385
40126566465
40126573240
40126579526
40126587461
40126593808
40126599729
40126606626
40126613950
40126620603
40126625608
40126633481
40126638669
40126645688
40126650754
40126659543
40126665952
40126672788
40126680844
40126687985
40126694211
40126700864
40126708066
40126714658
40126720761
40126727658
40126736447
40126742429
40126748837
40126754819
40126761777
40126769528
40126774899
40126781247
40126792355
40126798886
40126804989
40126811215
40126817624
40126825009
40126831173
40126837155
40126845456
40126851986
40126858029
40126866147
40126872250
40126879391
40126887326
40126894101
40126901791
40126907772
40126915036
40126919796
40126926876
40126933102
40126937252
40126943966
40126950192
40126955441
40126961666
40126966915
40126971188
40126977596
40126981747
40126990536
40126995358
40127002071
40127007137
40127013790
40127018978
40127025143
40127030148
40127036922
40127042538
40127047359
40127052303
40127058468
40127065182
40127069515
40127077145
40127081600
40127090084
40127096187
40127101559
40127107357
40127112728
40127119381
40127126339
40127131710
40127136532
40127142757
40127147884
40127154598
40127159359
40127165950
40127171566
40127176448
40127182125
40127186885
40127192134
40127197078
40127203121
40127209774
40127213924
40127219722
40127225460
40127229915
40127234981
40127240718
40127247310
40127253108
40127257991
40127263667
40127268672
40127274043
40127280147
40127286861
40127292598
40127298457
40127302303
40127308772
40127314266
40127319026
40127322932
40127330806
40127336360
40127343440
40127348384
40127355342
40127361690
40127366817
40127375056
40127379817
40127386897
40127393184
40127398799
40127403255
40127411738
40127417964
40127425715
40127430842
40127438167
40127443049
40127450618
40127455439
40127463008
40127469844
40127477351
40127483516
40127491389
40127498957
40127506099
40127512507
40127518428
40127526606
40127530635
40127538447
40127544612
40127552790
40127559077
40127565425
40127572810
40127579279
40127585078
40127593379
40127598444
40127607478
40127613276
40127619807
40127627497
40127633234
40127638422
40127646235
40127652583
40127658381
40127663874
40127671870
40127677912
40127685358
40127690302
40127697565
40127703303
40127710871
40127717219
40127723444
40127729792
40127737482
40127744257
40127751459
40127757929
40127764765
40127771479
40127777765
40127784357
40127790522
40127799005
40127805658
40127813044
40127819147
40127826898
40127833429
40127840265
40127847223
40127853571
40127860590
40127868280
40127875238
40127883417
40127890497
40127897150
40127903436
40127910700
40127916742
40127922784
40127930902
40127937982
40127943109
40127948602
40127954095
40127960870
40127965631
40127972711
40127978754
40127984979
40127990045
40127995904
40128002374
40128007623
40128012872
40128019830
40128025873
40128033075
40128038446
40128043145
40128048517
40128052911
40128061639
40128066888
40128073541
40128078851
40128086175
40128090814
40128098321
40128104242
40128110528
40128116571
40128123040
40128128350
40128135064
40128141717
40128146112
40128152703
40128157220
40128164422
40128168939
40128175103
40128180596
40128186089
40128192620
40128197869
40128204888
40128211297
40128216485
40128221124
40128226495
40128232354
40128237786
40128244012
40128249444
40128254327
40128259698
40128265557
40128271050
40128275872
40128282586
40128288140
40128293938
40128298211
40128304070
40128308709
40128313225
40128318841
40128325921
40128331475
40128338433
40128343804
40128348198
40128353386
40128360527
40128365899
40128373345
40128379021
40128385369
40128392022
40128396843
40128403618
40128410210
40128416863
40128422966
40128429375
40128435784
40128442375
40128448906
40128456841
40128463677
40128470452
40128477348
40128482659
40128491081
40128496086
40128503899
40128509941
40128518364
40128525261
40128531120
40128537163
40128544487
40128550163
40128557548
40128564201
40128569572
40128575798
40128583183
40128590263
40128597587
40128604118
40128609184
40128618828
40128625847
40128632927
40128639579
40128646354
40128652946
40128661125
40128667656
40128674247
40128681572
40128688163
40128695549
40128701225
40128706657
40128714408
40128721427
40128727531
40128736320
40128741508
40128747184
40128754203
40128762199
40128767082
40128774284
40128781730
40128788322
40128795463
40128801627
40128807182
40128814933
40128820792
40128826957
40128835258
40128842155
40128848319
40128856071
40128860953
40128868522
40128874991
40128880607
40128888419
40128895926
40128902701
40128907645
40128915275
40128922721
40128928824
40128935904
40128943168
40128949576
40128956595
40128962211
40128967948
40128973685
40128979178
40128985465
40128992362
40128997672
40129003836
40129010550
40129014823
40129020133
40129026480
40129034720
40129040091
40129045462
40129051444
40129056754
40129063223
40129068595
40129071341
40129081290
40129086661
40129093375
40129097525
40129104300
40129110159
40129115103
40129120718
40129127249
40129132620
40129138846
40129143118
40129149283
40129155203
40129161490
40129168814
40129173208
40129179373
40129183645
40129191641
40129197012
40129202322
40129208182
40129213308
40129219046
40129223929
40129229178
40129235220
40129239981
40129245779
40129251272
40129257681
40129262625
40129267813
40129272757
40129278311
40129283316
40129289114
40129295767
40129299978
40129306204
40129310537
40129316641
40129321157
40129327322
40129332693
40129338857
40129344961
40129348928
40129355032
40129360159
40129364980
40129370962
40129377432
40129382192
40129389272
40129394216
40129401235
40129406606
40129413076
40129419851
40129427053
40129433523
40129439443
40129444997
40129450735
40129457815
40129463247
40129471303
40129476675
40129484365
40129489248
40129496938
40129501882
40129509511
40129514882
40129523000
40129530324
40129535940
40129542043
40129549245
40129554433
40129561513
40129570852
40129576101
40129583852
40129588735
40129596059
40129603505
40129609670
40129617543
40129623952
40129629994
40129637624
40129642385
40129650136
40129655751
40129663442
40129669057
40129677113
40129683522
40129690785
40129696767
40129704091
40129709401
40129716542
40129723378
40129729115
40129737477
40129742360
40129749867
40129756703
40129762807
40129767689
40129776539
40129783436
40129789601
40129795216
40129802846
40129809376
40129815602
40129821583
40129829823
40129836476
40129843495
40129848927
40129856007
40129861866
40129868946
40129874989
40129882435
40129887562
40129894764
40129901112
40129907093
40129914723
40129922840
40129929554
40129934620
40129942494
40129949696
40129956532
40129964222
40129970142
40129974781
40129982594
40129988941
40129994434
40129999989
40130005543
40130011707
40130017200
40130023548
40130029774
40130035389
40130040760
40130046558
40130053272
40130058826
40130063770
40130069996
40130076588
40130082081
40130088367
40130092945
40130099170
40130105701
40130109974
40130117725
40130122242
40130128956
40130133289
40130139698
40130145923
40130151233
40130155567
40130164844
40130169483
40130176380
40130181140
40130186573
40130192005
40130198841
40130203479
40130210681
40130215686
40130222461
40130228321
40130232776
40130238819
40130243396
40130250720
40130256824
40130261829
40130267383
40130272266
40130277576
40130282520
40130288318
40130294727
40130298694
40130304919
40130310901
40130315356
40130320605
40130326465
40130331592
40130338061
40130343005
40130349109
40130354114
40130359546
40130364429
40130370471
40130375659
40130380542
40130387012
40130392749
40130398974
40130405688
40130412646
40130420031
40130426135
40130432116
40130438525
40130445605
40130451037
40130457812
40130465930
40130471545
40130477099
40130483874
40130489978
40130495898
40130503466
40130510302
40130516162
40130522326
40130528124
40130537341
40130542773
40130548876
40130556750
40130563220
40130569750
40130577197
40130583178
40130590197
40130595995
40130602526
40130612353
40130618822
40130626513
40130634814
40130640856
40130647082
40130654162
40130663073
40130670580
40130676623
40130683764
40130689867
40130695116
40130702685
40130709826
40130717089
40130722094
40130729113
40130736437
40130741320
40130748827
40130756884
40130763536
40130770128
40130777636
40130784044
40130789782
40130796801
40130803697
40130810411
40130818407
40130824571
40130829393
40130837938
40130844042
40130850511
40130857042
40130865099
40130871507
40130878465
40130883775
40130891588
40130898302
40130902940
40130912218
40130919115
40130927110
40130933458
40130939134
40130947435
40130953172
40130961107
40130966661
40130973924
40130978685
40130986436
40130992784
40130998033
40131004258
40131010484
40131016832
40131021043
40131027879
40131032274
40131039720
40131045457
40131051011
40131056871
40131063279
40131068406
40131073472
40131078233
40131085313
40131093064
40131098558
40131103868
40131109422
40131116075
40131120530
40131127610
40131133836
40131139451
40131144639
40131150742
40131155686
40131161790
40131167954
40131172227
40131181016
40131186875
40131192490
40131198411
40131203233
40131208848
40131214158
40131221970
40131227647
40131232590
40131237595
40131243699
40131247971
40131254685
40131260911
40131266404
40131272568
40131276658
40131283066
40131288498
40131294724
40131301194
40131305161
40131311509
40131316636
40131323411
40131328110
40131334153
40131339890
40131346970
40131352036
40131357346
40131362534
40131367417
40131373093
40131378647
40131385056
40131392258
40131397385
40131404282
40131410019
40131416062
40131422959
40131429917
40131434738
40131441086
40131448471
40131453720
40131461289
40131467697
40131475082
40131480576
40131487534
40131492966
40131500168
40131508041
40131515793
40131522079
40131527817
40131535324
40131541183
40131548263
40131554245
40131561203
40131568222
40131573654
40131581528
40131587082
40131593124
40131599838
40131607162
40131613998
40131621139
40131627426
40131634933
40131640976
40131647323
40131653732
40131660873
40131667099
40131674484
40131681015
40131686630
40131694076
40131700912
40131706771
40131715011
40131720138
40131728744
40131734359
40131740890
40131748214
40131754562
40131762252
40131769515
40131777145
40131782882
40131789962
40131794784
40131802840
40131810592
40131817123
40131824020
40131830306
40131838058
40131843490
40131849715
40131856734
40131863936
40131871139
40131877425
40131884200
40131890487
40131897506
40131903548
40131909347
40131917647
40131924239
40131929915
40131937789
40131942916
40131951094
40131955306
40131963607
40131967940
40131974593
40131979476
40131986251
40131991255
40131997664
40132004378
40132008773
40132015731
40132021651
40132027022
40132032759
40132040145
40132044600
40132051314
40132056502
40132062727
40132068404
40132074446
40132080306
40132084395
40132092635
40132098311
40132103499
40132108870
40132115462
40132119917
40132126448
40132132979
40132139326
40132144636
40132149519
40132156172
40132160933
40132168257
40132173750
40132180159
40132186262
40132193342
40132198408
40132203413
40132209517
40132217451
40132222456
40132228560
40132233381
40132239363
40132245771
40132251997
40132258467
40132264021
40132269514
40132274275
40132278730
40132285871
40132289595
40132297163
40132301741
40132307722
40132313886
40132317976
40132323774
40132330366
40132337568
40132341963
40132348310
40132353681
40132359419
40132364607
40132371076
40132379255
40132385114
40132390974
40132397199
40132402387
40132409284
40132415693
40132423322
40132427839
40132435346
40132441083
40132448408
40132454694
40132460370
40132467206
40132474775
40132481855
40132486677
40132494184
40132501996
40132507978
40132514997
40132522870
40132528363
40132535383
40132540815
40132548261
40132554486
40132559186
40132568891
40132575483
40132581830
40132587506
40132595136
40132601300
40132608502
40132615644
40132622907
40132629010
40132635602
40132641950
40132648114
40132655988
40132663251
40132669843
40132676495
40132684674
40132690900
40132697491
40132703900
40132711163
40132718854
40132725201
40132732526
40132738446
40132743939
40132751874
40132756634
40132766034
40132771771
40132779156
40132784344
40132792157
40132797467
40132804913
40132811261
40132818646
40132823651
40132830609
40132837140
40132844037
40132850872
40132858563
40132866619
40132872967
40132878704
40132885662
40132892803
40132897503
40132905316
40132914105
40132921307
40132927715
40132932293
40132938763
40132944805
40132949749
40132955975
40132961407
40132968121
40132972393
40132979046
40132985088
40132991314
40132995464
40133002056
40133008465
40133013348
40133018536
40133025066
40133030376
40133038799
40133044720
40133050091
40133056621
40133062054
40133066814
40133071514
40133078472
40133083965
40133090313
40133096355
40133100506
40133107952
40133112591
40133119121
40133124920
40133130230
40133136577
40133142070
40133149273
40133153362
40133159771
40133165020
40133172039
40133178264
40133182720
40133188335
40133194011
40133199565
40133203899
40133210918
40133216167
40133222331
40133227947
40133232402
40133237163
40133243633
40133250896
40133256145
40133262065
40133266948
40133273052
40133276836
40133282512
40133289287
40133294231
40133300151
40133304790
40133311381
40133316325
40133321818
40133328044
40133334392
40133340312
40133346171
40133352275
40133359172
40133364238
40133372905
40133377604
40133385478
40133391581
40133397136
40133403605
40133410746
40133418620
40133425090
40133431376
40133438090
40133444438
40133451091
40133457927
40133465495
40133473246
40133480509
40133485331
40133492411
40133498759
40133506999
40133513041
40133520976
40133527567
40133533122
40133540690
40133545573
40133553751
40133559672
40133567667
40133573649
40133581278
40133587077
40133592875
40133598673
40133605753
40133613139
40133618143
40133626078
40133632670
40133638590
40133644388
40133652018
40133659159
40133665079
40133671549
40133678690
40133685526
40133692850
40133698832
40133705179
40133713236
40133720804
40133727274
40133734354
40133741739
40133749857
40133756205
40133763590
40133771707
40133777262
40133784586
40133792032
40133798746
40133805399
40133814371
40133822244
40133828165
40133834879
40133842569
40133850321
40133858621
40133865701
40133872293
40133878580
40133886392
40133892068
40133899576
40133904703
40133911172
40133917764
40133923318
40133928567
40133935464
40133941446
40133947244
40133952798
40133960245
40133966287
40133971841
40133977334
40133983438
40133989786
40133996377
40134001748
40134007364
40134014138
40134019998
40134026162
40134030801
40134037454
40134043313
40134049783
40134056375
40134061013
40134067544
40134072915
40134079080
40134085244
40134089944
40134097268
40134101663
40134107400
40134113870
40134118997
40134125161
40134132058
40134137734
40134142556
40134148232
40134154519
40134159768
40134163674
40134171182
40134176125
40134182534
40134186562
40134192483
40134197305
40134203103
40134209023
40134215005
40134219826
40134224282
40134230263
40134234536
40134240578
40134247353
40134252541
40134257485
40134262795
40134268777
40134273232
40134278969
40134285073
40134290749
40134296792
40134302163
40134306801
40134311623
40134318581
40134324379
40134331398
40134337502
40134344155
40134350380
40134356484
40134363503
40134369179
40134377236
40134383217
40134389992
40134396584
40134403237
40134409096
40134415138
40134423195
40134429360
40134437172
40134443459
40134449318
40134455971
40134463112
40134470436
40134477638
40134483742
40134490456
40134496742
40134503456
40134510963
40134518043
40134525246
40134532631
40134537636
40134545753
40134551063
40134558693
40134562050
40134572243
40134577858
40134585304
40134591957
40134599098
40134604835
40134612770
40134619606
40134626625
40134632911
40134640236
40134646339
40134653175
40134658912
40134665870
40134673194
40134679054
40134686073
40134693763
40134700355
40134708167
40134714393
40134722144
40134728065
40134735328
40134740516
40134747474
40134753944
40134761146
40134767738
40134775001
40134781409
40134788917
40134794898
40134801063
40134808204
40134816688
40134821815
40134828956
40134834083
40134842444
40134850745
40134857459
40134865027
40134873328
40134879798
40134885718
40134891334
40134897986
40134903724
40134910071
40134916846
40134921424
40134928199
40134933875
40134939307
40134944190
40134951148
40134958045
40134964820
40134969886
40134974707
40134981726
40134987708
40134992774
40134998450
40135005103
40135012000
40135016883
40135023169
40135028052
40135033118
40135039710
40135048071
40135053504
40135059058
40135064856
40135070166
40135075476
40135081885
40135087378
40135093787
40135101538
40135107336
40135112646
40135118323
40135123450
40135128393
40135134924
40135140417
40135146155
40135150427
40135156103
40135162390
40135166968
40135174231
40135180273
40135185095
40135189673
40135195349
40135200598
40135207129
40135213293
40135218908
40135223547
40135229101
40135234838
40135240759
40135244970
40135252722
40135257910
40135263891
40135269567
40135274084
40135280249
40135286474
40135291601
40135298376
40135305212
40135310522
40135317419
40135324011
40135328710
40135338354
40135343176
40135350073
40135356542
40135362890
40135368993
40135374059
40135382055
40135389379
40135395544
40135401464
40135409399
40135416112
40135421667
40135429662
40135437414
40135443517
40135450231
40135456396
40135463476
40135469335
40135476171
40135483800
40135492101
40135497289
40135503454
40135510595
40135516088
40135523900
40135532140
40135537511
40135545079
40135550389
40135556676
40135562169
40135570043
40135577001
40135584569
40135591466
40135596410
40135604527
40135610204
40135617467
40135623143
40135631078
40135637181
40135644322
40135652074
40135657628
40135665624
40135671727
40135680577
40135687108
40135692662
40135698399
40135706151
40135711827
40135718785
40135727208
40135732701
40135740330
40135746556
40135752843
40135758214
40135765843
40135772923
40135780247
40135786961
40135792515
40135799901
40135808873
40135816075
40135822728
40135831639
40135837010
40135845127
40135850499
40135858860
40135866307
40135871922
40135879307
40135885411
40135892613
40135896580
40135903050
40135907627
40135915745
40135921177
40135927952
40135932530
40135939121
40135943333
40135949986
40135956089
40135962376
40135968967
40135975498
40135981052
40135986912
40135992344
40135997349
40136003941
40136010471
40136015598
40136022983
40136027256
40136034336
40136039402
40136046787
40136051975
40136059055
40136064365
40136069980
40136075901
40136080356
40136087497
40136091892
40136101597
40136106235
40136111911
40136119297
40136124241
40136130283
40136134739
40136141574
40136147373
40136152622
40136158908
40136164279
40136169284
40136174839
40136181369
40136186679
40136191318
40136196872
40136201877
40136207797
40136213230
40136219760
40136224338
40136231174
40136236179
40136241123
40136246066
40136252048
40136256992
40136262912
40136267368
40136273227
40136279269
40136284640
40136290195
40136297702
40136304294
40136310153
40136315951
40136323764
40136329745
40136335422
40136341769
40136349216
40136355746
40136361300
40136367343
40136375155
40136381442
40136386386
40136396335
40136402499
40136408603
40136414584
40136422152
40136428805
40136434359
40136443087
40136448153
40136455905
40136460665
40136468905
40136475131
40136483065
40136489474
40136497897
40136503512
40136510714
40136516451
40136523776
40136530734
40136537447
40136545443
40136551913
40136559725
40136566439
40136571993
40136577547
40136584689
40136593294
40136598543
40136608675
40136614962
40136621126
40136627169
40136634554
40136640536
40136648226
40136655184
40136660006
40136667635
40136674410
40136680636
40136687777
40136694307
40136702181
40136708101
40136714998
40136722200
40136727510
40136750154
40136756502
40136763033
40136771700
40136778780
40136784639
40136794161
40136800081
40136808565
40136815462
40136820955
40136828157
40136836031
40136842989
40136848726
40136857027
40136861543
40136868623
40136873262
40136881563
40136886934
40136893587
40136899751
40136906160
40136912141
40136916292
40136923006
40136927339
40136936372
40136942537
40136948091
40136954317
40136959138
40136964753
40136971223
40136978303
40136983857
40136989229
40136994722
40137001313
40137006746
40137013704
40137019136
40137025972
40137031892
40137035859
40137043550
40137048860
40137055268
40137061006
40137067720
40137073213
40137079621
40137085847
40137090119
40137096894
40137103059
40137109712
40137115388
40137121003
40137125398
40137131196
40137136933
40137141999
40137148652
40137154084
40137159577
40137164033
40137170014
40137175751
40137179475
40137188447
40137194672
40137200532
40137204194
40137209565
40137216340
40137221345
40137228058
40137233369
40137239411
40137243928
40137249543
40137255951
40137261933
40137268403
40137273469
40137280182
40137286103
40137292511
40137299103
40137303437
40137311676
40137318329
40137323456
40137329438
40137336151
40137343903
40137349762
40137357086
40137362885
40137370880
40137376984
40137382965
40137391388
40137397736
40137405487
40137411469
40137419037
40137425568
40137431244
40137437409
40137444733
40137452850
40137458283
40137466400
40137474640
40137480743
40137485443
40137494110
40137501129
40137506927
40137515106
40137521515
40137527984
40137535187
40137541229
40137549286
40137557098
40137563080
40137570038
40137576935
40137583404
40137589630
40137594391
40137604217
40137610138
40137618316
40137623199
40137630584
40137637542
40137645782
40137654693
40137661773
40137667388
40137673370
40137681182
40137688690
40137694061
40137702606
40137708404
40137715911
40137721465
40137729400
40137736297
40137742095
40137749480
40137756438
40137762542
40137769866
40137776641
40137784637
40137791045
40137796538
40137805022
40137812713
40137818755
40137825164
40137832732
40137839690
40137843902
40137852324
40137858550
40137864592
40137869903
40137876433
40137881316
40137887908
40137895110
40137900176
40137907134
40137911956
40137917205
40137923186
40137928496
40137936553
40137941252
40137947844
40137953582
40137958831
40137964019
40137970915
40137977263
40137983489
40137988188
40137993926
40137999968
40138006743
40138013518
40138019927
40138026152
40138030974
40138037077
40138042815
40138047148
40138055449
40138060881
40138068510
40138074187
40138080290
40138086272
40138092985
40138100066
40138104948
40138111296
40138117522
40138121672
40138127836
40138133818
40138137968
40138145781
40138150969
40138156523
40138162260
40138167936
40138171660
40138177519
40138185087
40138190580
40138195402
40138199675
40138205534
40138210966
40138216459
40138222136
40138226408
40138232145
40138237577
40138243376
40138247892
40138254667
40138261015
40138267362
40138273100
40138279814
40138286772
40138292265
40138299894
40138304289
40138311125
40138317106
40138323393
40138330290
40138334928
40138342374
40138348844
40138356596
40138363615
40138370634
40138375639
40138382719
40138390653
40138397001
40138405057
40138410429
40138417875
40138423002
40138430448
40138436002
40138442899
40138450773
40138457364
40138464872
40138470609
40138478360
40138483426
40138491056
40138497831
40138505277
40138511441
40138518094
40138524747
40138531766
40138537809
40138543424
40138551663
40138558683
40138565763
40138571378
40138578641
40138585233
40138592923
40138600919
40138607327
40138613980
40138620633
40138627652
40138634488
40138639676
40138649686
40138656216
40138662259
40138668179
40138675931
40138683011
40138688504
40138696316
40138703885
40138710599
40138717557
40138723599
40138729336
40138737332
40138742886
40138751309
40138758267
40138766018
40138772366
40138780667
40138786587
40138792508
40138803982
40138809292
40138816128
40138821682
40138826565
40138832730
40138839077
40138846035
40138850857
40138857266
40138862271
40138867459
40138873196
40138879666
40138886502
40138891262
40138900662
40138905850
40138912747
40138919277
40138923977
40138930447
40138938259
40138943996
40138949795
40138956753
40138962673
40138968472
40138974941
40138986660
40138993252
40138999233
40139005459
40139011867
40139017177
40139024502
40139029629
40139036892
40139043239
40139048000
40139052944
40139060512
40139066677
40139072780
40139076992
40139082790
40139090419
40139096218
40139101040
40139106228
40139112148
40139117397
40139121852
40139128688
40139132961
40139140224
40139145046
40139150966
40139155056
40139161037
40139167201
40139173732
40139178676
40139184230
40139189235
40139195155
40139200710
40139205715
40139211513
40139218349
40139222743
40139230617
40139236293
40139243678
40139250270
40139257350
40139262599
40139267726
40139275905
40139280971
40139288051
40139290980
40139301967
40139309352
40139315150
40139323573
40139328456
40139335597
40139340358
40139349818
40139355555
40139363063
40139368373
40139375880
40139381984
40139387843
40139394740
40139400599
40139407374
40139415492
40139421962
40139427394
40139435023
40139441432
40139449000
40139454493
40139462001
40139467799
40139475001
40139482386
40139487147
40139497462
40139504054
40139510218
40139516200
40139523768
40139529383
40139536524
40139545374
40139551539
40139558009
40139562830
40139571497
40139577784
40139583826
40139589930
40139599940
40139605250
40139612208
40139618983
40139625879
40139631617
40139639551
40139646021
40139653895
40139659571
40139666651
40139673853
40139680506
40139685450
40139694361
40139700892
40139706995
40139713892
40139720179
40139727076
40139734034
40139742090
40139750513
40139756861
40139764795
40139772669
40139779505
40139785486
40139790735
40139797754
40139803369
40139809839
40139815881
40139820886
40139827295
40139831812
40139840845
40139846765
40139852441
40139858057
40139863489
40139869470
40139874719
40139880640
40139886987
40139892663
40139897485
40139903161
40139909204
40139915185
40139922265
40139928308
40139933069
40139939660
40139945215
40139951379
40139956140
40139962426
40139969140
40139975244
40139980615
40139987451
40139992822
40139997155
40140003869
40140009607
40140016259
40140021142
40140027673
40140033044
40140038171
40140044458
40140049462
40140055749
40140061059
40140066979
40140072412
40140078393
40140083703
40140089745
40140096520
40140101464
40140107202
40140111291
40140116906
40140123315
40140129601
40140136071
40140141076
40140146569
40140150964
40140156823
40140162194
40140168359
40140174645
40140179406
40140185509
40140190575
40140196252
40140201256
40140208459
40140216393
40140221947
40140227685
40140234948
40140240075
40140245751
40140252404
40140260155
40140267174
40140273156
40140279198
40140286705
40140290978
40140298668
40140305321
40140312462
40140318016
40140325951
40140332054
40140339073
40140344994
40140351952
40140360192
40140367272
40140372887
40140379357
40140385094
40140394005
40140400780
40140407250
40140413231
40140420982
40140427757
40140433312
40140440086
40140445702
40140453819
40140459434
40140465721
40140473167
40140479210
40140486229
40140492210
40140499596
40140507347
40140513084
40140520164
40140526390
40140533409
40140540550
40140545311
40140555382
40140560997
40140568504
40140573875
40140581382
40140586876
40140594139
40140599754
40140607078
40140613670
40140620079
40140626365
40140633018
40140638877
40140645652
40140654075
40140659507
40140667015
40140671958
40140679466
40140685630
40140691917
40140701072
40140707053
40140713828
40140722190
40140729270
40140735008
40140744102
40140751243
40140758262
40140765159
40140772483
40140778159
40140783469
40140788596
40140795310
40140801414
40140807822
40140813071
40140819358
40140824790
40140829673
40140836753
40140841025
40140847983
40140854392
40140860190
40140865134
40140870017
40140876731
40140882956
40140890708
40140898154
40140903220
40140909873
40140914878
40140920493
40140926718
40140934348
40140940024
40140945395
40140950461
40140956992
40140961020
40140967368
40140973776
40140979025
40140986106
40140990378
40140997336
40141001608
40141008444
40141014365
40141020712
40141025107
40141031149
40141037070
40141041159
40141048178
40141052084
40141059653
40141064047
40141070212
40141075522
40141081259
40141086020
40141091757
40141098349
40141103781
40141108969
40141113730
40141119650
40141125693
40141130087
40141136313
40141142538
40141147299
40141152853
40141157858
40141162680
40141168661
40141176168
40141181234
40141186789
40141193380
40141199179
40141205160
40141211874
40141218588
40141223654
40141231710
40141236959
40141243978
40141249288
40141257040
40141265463
40141271444
40141277548
40141282430
40141290670
40141297323
40141303793
40141310934
40141318868
40141325521
40141331380
40141337667
40141344930
40141352560
40141358907
40141367696
40141373006
40141380514
40141387350
40141393392
40141401021
40141406759
40141415548
40141422445
40141428548
40141434591
40141440938
40141448324
40141456075
40141462667
40141470418
40141475972
40141481588
40141490438
40141496358
40141504232
40141510457
40141516744
40141523214
40141529256
40141537191
40141543050
40141549153
40141556233
40141564107
40141569783
40141575887
40141584249
40141592549
40141598103
40141605733
40141612691
40141620564
40141626973
40141631917
40141640157
40141646138
40141651997
40141659261
40141667012
40141673970
40141682088
40141688740
40141694112
40141700032
40141707844
40141717305
40141723164
40141729390
40141736836
40141743794
40141750325
40141758320
40141763569
40141770832
40141777180
40141783345
40141787861
40141794331
40141800007
40141804219
40141813496
40141818745
40141825398
40141831257
40141836933
40141842671
40141849201
40141855305
40141861836
40141867573
40141871906
40141881062
40141886250
40141892170
40141898884
40141905354
40141909809
40141916096
40141921101
40141925922
40141931965
40141939228
40141947163
40141952290
40141957722
40141962543
40141969135
40141974934
40141981037
40141987324
40141992023
40141999531
40142004474
40142011005
40142015827
40142022053
40142027607
40142033283
40142040729
40142045856
40142051532
40142056598
40142062824
40142068805
40142075336
40142080524
40142084369
40142091571
40142095539
40142101642
40142106525
40142112751
40142117633
40142123615
40142128070
40142133625
40142139301
40142143268
40142150836
40142155963
40142162311
40142167621
40142172016
40142177814
40142182941
40142191425
40142196735
40142203449
40142208453
40142215472
40142221637
40142227985
40142236285
40142242572
40142249713
40142255145
40142261310
40142267169
40142274432
40142281329
40142287311
40142295795
40142302814
40142308978
40142315204
40142323626
40142330707
40142338885
40142345111
40142349933
40142356891
40142363543
40142369891
40142377032
40142384723
40142390033
40142397540
40142403643
40142410723
40142417559
40142422503
40142432635
40142438616
40142446124
40142450701
40142458331
40142464861
40142470660
40142478533
40142483843
40142490069
40142497759
40142503863
40142510272
40142517168
40142524310
40142532122
40142538470
40142544024
40142550066
40142557330
40142564898
40142570452
40142578142
40142583452
40142590960
40142596392
40142603899
40142609514
40142616961
40142624346
40142631731
40142637957
40142642717
40142650042
40142657976
40142664812
40142671648
40142679338
40142685686
40142691668
40142697893
40142704912
40142712114
40142717485
40142727007
40142732988
40142738848
40142744341
40142750933
40142755510
40142762102
40142769548
40142774065
40142781084
40142786150
40142791521
40142796404
40142802751
40142809709
40142815935
40142821489
40142826738
40142832353
40142837175
40142845171
40142850298
40142858049
40142862810
40142869462
40142874162
40142881059
40142884965
40142891496
40142898149
40142902727
40142909990
40142916032
40142921342
40142927141
40142932268
40142938127
40142945085
40142951616
40142956254
40142961686
40142967973
40142974443
40142979692
40142987443
40142992204
40142998429
40143004533
40143008989
40143014726
40143020646
40143026811
40143032121
40143036943
40143041337
40143047318
40143051896
40143057755
40143065629
40143070756
40143076920
40143080766
40143086686
40143091325
40143097184
40143103410
40143107987
40143113725
40143119096
40143125138
40143129594
40143135392
40143140702
40143146683
40143153397
40143159806
40143166154
40143173112
40143180436
40143186417
40143194352
40143200272
40143206986
40143212479
40143215531
40143224808
40143231644
40143238968
40143244767
40143251786
40143257340
40143265213
40143271561
40143276871
40143286332
40143291886
40143299454
40143305191
40143312943
40143319168
40143324784
40143331192
40143338578
40143346146
40143352738
40143359024
40143365494
40143371658
40143380081
40143387467
40143393570
40143399246
40143406082
40143411942
40143420853
40143426651
40143435013
40143441666
40143449539
40143455643
40143461258
40143468643
40143474258
40143483719
40143490372
40143496536
40143503311
40143509598
40143516617
40143524063
40143530777
40143538162
40143544937
40143552078
40143560074
40143566177
40143574417
40143583267
40143589859
40143598159
40143604812
40143610549
40143616104
40143624099
40143629959
40143638565
40143645828
40143653884
40143660964
40143667556
40143675552
40143680984
40143689895
40143696914
40143703201
40143709975
40143717666
40143724746
40143729446
40143737685
40143744033
40143749831
40143754592
40143761245
40143765884
40143772109
40143778884
40143783889
40143790420
40143796950
40143802199
40143807387
40143813918
40143819472
40143825759
40143832351
40143837539
40143843215
40143847609
40143855178
40143860488
40143867507
40143873061
40143879226
40143884475
40143890883
40143897475
40143903029
40143911391
40143916762
40143922194
40143927138
40143933608
40143939101
40143944106
40143952162
40143956679
40143963332
40143967909
40143975417
40143980177
40143986708
40143993605
40143999342
40144004164
40144010024
40144014845
40144020399
40144025282
40144031935
40144037001
40144043410
40144049940
40144056105
40144060988
40144066603
40144073561
40144078932
40144083815
40144088576
40144094679
40144100477
40144106032
40144111220
40144117628
40144122450
40144128126
40144133314
40144138990
40144146803
40144152662
40144159987
40144166456
40144173292
40144178907
40144184706
40144192335
40144198500
40144204420
40144212599
40144218458
40144224501
40144231459
40144239820
40144244703
40144252516
40144258497
40144266004
40144272840
40144279249
40144285536
40144290479
40144300123
40144305433
40144313551
40144320570
40144327894
40144332655
40144339796
40144347791
40144354993
40144361036
40144367872
40144374158
40144379529
40144388135
40144396924
40144402112
40144410474
40144415967
40144423475
40144428724
40144436414
40144442395
40144450696
40144457776
40144463514
40144469495
40144478467
40144485181
40144492383
40144499402
40144505628
40144513196
40144518567
40144526136
40144531507
40144538953
40144546826
40144553479
40144559644
40144566174
40144572278
40144579480
40144586133
40144593335
40144600537
40144606397
40144613232
40144618542
40144625745
40144632520
40144637402
40144646191
40144653149
40144660107
40144668042
40144674634
40144680371
40144688611
40144693799
40144701977
40144709179
40144715405
40144719922
40144727002
40144733227
40144737072
40144745617
40144751843
40144757458
40144762890
40144768261
40144774426
40144780529
40144786145
40144793591
40144799206
40144805004
40144810253
40144816418
40144821911
40144827954
40144834484
40144840222
40144846142
40144851635
40144855725
40144861706
40144868359
40144874279
40144881237
40144886120
40144892040
40144897106
40144903820
40144910473
40144916088
40144921886
40144927135
40144932812
40144939342
40144944103
40144951488
40144959606
40144963634
40144969372
40144975597
40144980724
40144986400
40144992748
40144998058
40145002636
40145009655
40145014293
40145020580
40145025219
40145031261
40145036266
40145042492
40145049144
40145053234
40145059948
40145065014
40145070079
40145077404
40145083446
40145088695
40145093456
40145100353
40145104869
40145110668
40145115306
40145121837
40145127147
40145133617
40145139110
40145146373
40145153026
40145159068
40145166698
40145173595
40145178722
40145185802
40145190685
40145199596
40145206493
40145212779
40145218822
40145226390
40145231700
40145239329
40145244762
40145251720
40145259654
40145266551
40145272716
40145279307
40145285411
40145292064
40145299022
40145305186
40145312938
40145319285
40145326365
40145331736
40145338878
40145345652
40145350657
40145360667
40145366038
40145373606
40145379527
40145386668
40145394175
40145400889
40145407176
40145414195
40145420237
40145427195
40145433665
40145439219
40145447154
40145454295
40145461558
40145468150
40145475047
40145481699
40145488230
40145494517
40145502757
40145510508
40145516550
40145522105
40145529978
40145535227
40145543772
40145549998
40145558543
40145564463
40145572214
40145577219
40145584666
40145590586
40145597788
40145604563
40145613047
40145619333
40145624949
40145631235
40145638559
40145646372
40145652964
40145661020
40145666574
40145673532
40145680674
40145686472
40145693308
40145699716
40145705576
40145711801
40145718943
40145724680
40145730783
40145735117
40145742014
40145748911
40145753793
40145760629
40145765756
40145771066
40145775766
40145782297
40145787912
40145795114
40145801828
40145806284
40145812509
40145818979
40145824106
40145829599
40145836191
40145841867
40145848398
40145853891
40145858346
40145865243
40145871774
40145878732
40145883737
40145888986
40145895395
40145900277
40145906076
40145912179
40145919259
40145925851
40145931100
40145936898
40145942025
40145948007
40145952462
40145959542
40145965890
40145970956
40145976632
40145981515
40145986154
40145992257
40145997689
40146003427
40146009835
40146014291
40146020516
40146024606
40146030831
40146037484
40146042733
40146047738
40146053353
40146059518
40146064645
40146069283
40146075631
40146081368
40146087533
40146092843
40146097726
40146102914
40146110055
40146116647
40146123238
40146130196
40146134713
40146142281
40146147530
40146155099
40146160836
40146168587
40146175118
40146182137
40146188302
40146193368
40146200814
40146208382
40146215401
40146221871
40146228585
40146235299
40146241524
40146248787
40146254891
40146261422
40146268746
40146274300
40146281197
40146288582
40146295967
40146302193
40146308602
40146315682
40146322335
40146328560
40146336128
40146341866
40146348824
40146356148
40146363106
40146368660
40146375862
40146382454
40146390083
40146395027
40146402535
40146408272
40146416267
40146423958
40146429634
40146435005
40146442146
40146448738
40146456917
40146464668
40146470589
40146477547
40146483162
40146490669
40146496650
40146503731
40146511970
40146517830
40146523933
40146530281
40146537971
40146543098
40146551155
40146556892
40146564766
40146571235
40146578376
40146584907
40146591743
40146598274
40146604988
40146614326
40146621162
40146628608
40146633796
40146643379
40146648811
40146656318
40146663764
40146671455
40146677680
40146682990
40146688545
40146694587
40146701362
40146707099
40146713386
40146718024
40146724921
40146731086
40146735480
40146741828
40146748542
40146754645
40146760017
40146766547
40146771003
40146777350
40146783027
40146789313
40146794867
40146799689
40146805549
40146812079
40146817328
40146823249
40146828742
40146835639
40146841315
40146846503
40146853034
40146857734
40146864325
40146870246
40146875251
40146882636
40146887641
40146893988
40146900092
40146905646
40146911750
40146918097
40146923895
40146930121
40146935858
40146941718
40146946478
40146951850
40146957709
40146962164
40146968207
40146973212
40146979010
40146984930
40146990179
40146995001
40147000616
40147007330
40147011847
40147017706
40147022711
40147028509
40147034308
40147040594
40147047064
40147052191
40147056647
40147061774
40147067694
40147072760
40147079046
40147083990
40147090704
40147097113
40147101813
40147108282
40147115301
40147119879
40147129034
40147134588
40147141424
40147146429
40147154608
40147160894
40147168341
40147176947
40147182928
40147190618
40147198248
40147204168
40147212469
40147217657
40147227178
40147234564
40147241033
40147248724
40147254339
40147260748
40147267889
40147275457
40147282720
40147290899
40147297369
40147303716
40147310430
40147316778
40147323309
40147331304
40147336919
40147343938
40147349309
40147356573
40147363714
40147368719
40147378911
40147385503
40147391607
40147397771
40147404363
40147410894
40147418157
40147424077
40147431463
40147437566
40147444951
40147451299
40147458135
40147464177
40147470525
40147477971
40147484746
40147490300
40147498174
40147502751
40147510808
40147517644
40147526128
40147531438
40147539006
40147545476
40147551152
40147556584
40147564031
40147572881
40147576482
40147585210
40147591924
40147598149
40147604497
40147612675
40147619450
40147625249
40147631779
40147640019
40147646489
40147654423
40147661015
40147666142
40147674504
40147680791
40147687321
40147692998
40147697941
40147705021
40147709233
40147716923
40147722538
40147727787
40147733647
40147740178
40147745182
40147751347
40147756474
40147763249
40147770146
40147775456
40147781620
40147786869
40147792362
40147799748
40147805912
40147812443
40147817082
40147822697
40147829594
40147834843
40147841557
40147847355
40147853825
40147858891
40147864628
40147870976
40147875309
40147881657
40147888859
40147895206
40147900578
40147906437
40147911991
40147917362
40147922916
40147929874
40147935123
40147939945
40147945133
40147951420
40147955631
40147962040
40147968204
40147974552
40147979679
40147985111
40147989994
40147994632
40148001346
40148006595
40148012638
40148019474
40148025943
40148030948
40148036014
40148042484
40148047367
40148053470
40148058170
40148064518
40148069583
40148075565
40148082279
40148088260
40148095096
40148101749
40148106082
40148114017
40148120853
40148126346
40148131778
40148140262
40148146182
40148152530
40148158756
40148165897
40148172122
40148179752
40148186221
40148193118
40148200992
40148207217
40148212833
40148218814
40148226138
40148234866
40148240909
40148248477
40148254825
40148260989
40148266421
40148272708
40148279910
40148287845
40148293704
40148300784
40148306949
40148313113
40148320498
40148327945
40148333987
40148341189
40148347476
40148353396
40148361209
40148367617
40148374636
40148382571
40148388430
40148396060
40148401431
40148409426
40148415347
40148423159
40148429995
40148435732
40148442263
40148450442
40148456423
40148461306
40148469546
40148475588
40148483157
40148491030
40148496951
40148502505
40148509707
40148516848
40148521792
40148529970
40148537417
40148543825
40148550417
40148556643
40148563906
40148569399
40148578860
40148583803
40148590029
40148597292
40148605044
40148610476
40148618288
40148624453
40148632631
40148639101
40148644289
40148650209
40148656557
40148663576
40148667543
40148675722
40148680849
40148686342
40148691774
40148697573
40148704653
40148709474
40148715944
40148722475
40148727602
40148733949
40148739992
40148746217
40148752138
40148758974
40148764467
40148770998
40148776003
40148781313
40148787355
40148792116
40148798830
40148807680
40148813722
40148820680
40148826051
40148832887
40148840211
40148845827
40148852968
40148857850
40148864808
40148871156
40148875612
40148884035
40148887086
40148896303
40148901307
40148908876
40148914857
40148919801
40148923829
40148930360
40148938844
40148944581
40148949464
40148954896
40148960939
40148966432
40148971986
40148978456
40148982911
40148988893
40148994020
40148999269
40149005250
40149011781
40149016541
40149022462
40149027223
40149033082
40149038209
40149044740
40149050233
40149056153
40149060243
40149067506
40149072694
40149079530
40149084412
40149090882
40149097230
40149103577
40149110413
40149115113
40149122925
40149128297
40149135316
40149141358
40149149537
40149155396
40149162476
40149168213
40149175599
40149182252
40149190003
40149196229
40149203248
40149209656
40149216187
40149223816
40149229676
40149236817
40149243103
40149248902
40149257202
40149262085
40149268189
40149275330
40149282837
40149289002
40149297180
40149303223
40149310913
40149316712
40149322449
40149328369
40149335816
40149344055
40149350708
40149356873
40149363525
40149369934
40149377258
40149383667
40149390991
40149398804
40149404053
40149411194
40149416931
40149424316
40149431702
40149438110
40149444458
40149451416
40149457458
40149464660
40149470276
40149476379
40149483703
40149490967
40149495910
40149503418
40149509765
40149515869
40149522644
40149528747
40149535461
40149543701
40149550781
40149556335
40149563659
40149569580
40149577209
40149582519
40149593017
40149600219
40149606689
40149612792
40149618835
40149626098
40149631469
40149639343
40149643737
40149650634
40149655090
40149662048
40149667602
40149673095
40149678649
40149685729
40149691344
40149697509
40149702148
40149708373
40149713378
40149720885
40149726256
40149732726
40149738219
40149744506
40149749389
40149754516
40149761107
40149767394
40149774108
40149779296
40149785460
40149790526
40149795531
40149800902
40149807128
40149814086
40149819701
40149825927
40149830870
40149837035
40149842589
40149848937
40149855773
40149861327
40149867919
40149872557
40149879332
40149884398
40149890013
40149896300
40149901854
40149906737
40149911620
40149917906
40149922667
40149928465
40149934081
40149940917
40149945921
40149951048
40149956053
40149961668
40149967406
40149973387
40149979124
40149984435
40149990660
40149995543
40150001341
40150006102
40150012022
40150017882
40150022703
40150028258
40150034239
40150039183
40150046202
40150052061
40150059324
40150065001
40150071531
40150078123
40150084837
40150090635
40150096373
40150103819
40150111021
40150116697
40150122801
40150129942
40150135557
40150142942
40150151304
40150157469
40150163633
40150171080
40150177549
40150183714
40150191282
40150197813
40150205259
40150212156
40150216978
40150223020
40150230955
40150237547
40150245237
40150253599
40150259885
40150267210
40150272642
40150280149
40150287168
40150292539
40150302183
40150307737
40150317503
40150323423
40150330808
40150336362
40150343442
40150351255
40150358274
40150364499
40150371457
40150377500
40150383909
40150392087
40150396604
40150405820
40150414060
40150419065
40150425962
40150433103
40150439084
40150446469
40150454282
40150460935
40150466489
40150473264
40150478940
40150486142
40150495236
40150502378
40150508176
40150514768
40150520871
40150528867
40150533994
40150542539
40150549558
40150555478
40150562802
40150568845
40150575375
40150581540
40150589169
40150594907
40150603329
40150611508
40150617062
40150622616
40150628842
40150635190
40150640134
40150647946
40150653317
40150660031
40150664975
40150671689
40150677060
40150683224
40150690121
40150695126
40150701718
40150706845
40150712155
40150717526
40150724484
40150730099
40150736691
40150742001
40150747311
40150753353
40150759945
40150765255
40150770565
40150777401
40150782162
40150788693
40150793759
40150799862
40150804379
40150810604
40150818051
40150823788
40150829098
40150833859
40150840328
40150846798
40150851803
40150859188
40150864498
40150869442
40150875118
40150880001
40150884945
40150890804
40150897579
40150902157
40150908504
40150914242
40150919063
40150924618
40150929500
40150936519
40150944027
40150957760
40150967464
40150972042
40150978634
40150984737
40150991146
40150996273
40151001766
40151007869
40151013851
40151020321
40151026729
40151031185
40151038326
40151044307
40151051570
40151058101
40151065547
40151072078
40151079280
40151086299
40151092586
40151098934
40151105647
40151112483
40151119319
40151126949
40151133785
40151139888
40151147273
40151152828
40151159541
40151166438
40151173396
40151180232
40151187251
40151195125
40151202327
40151210078
40151216121
40151224116
40151229365
40151237361
40151244380
40151252131
40151257991
40151264216
40151271724
40151278010
40151284907
40151289790
40151297175
40151306331
40151309993
40151319514
40151325312
40151331904
40151338618
40151346247
40151353999
40151358882
40151367243
40151374873
40151380793
40151388178
40151393794
40151404170
40151410945
40151418696
40151423823
40151431269
40151439021
40151446162
40151453486
40151460627
40151468562
40151474360
40151481562
40151488398
40151495600
40151503352
40151510493
40151516047
40151523981
40151531183
40151537836
40151544489
40151553705
40151559504
40151568232
40151574518
40151582148
40151589289
40151597040
40151602778
40151609491
40151615717
40151621698
40151627802
40151631830
40151637812
40151645868
40151651178
40151657709
40151663263
40151669245
40151675592
40151683100
40151688227
40151695001
40151700983
40151706415
40151712335
40151717218
40151724176
40151731317
40151736871
40151743463
40151748468
40151754511
40151759210
40151766168
40151772394
40151778558
40151784357
40151790155
40151796686
40151802057
40151808771
40151813287
