39934694336
39934700135
39934705872
39934711853
39934716187
39934722656
39934727783
39934732239
39934738342
39934742127
39934749512
39934755982
39934760376
39934767822
39934771179
39934778748
39934785400
39934791504
39934797669
39934802429
39934809814
39934816223
39934822693
39934830444
39934836121
39934843689
39934847229
39934855896
39934862060
39934868286
39934874023
39934880249
39934887634
39934892700
39934899658
39934905456
39934912964
39934919677
39934925842
39934931823
39934938415
39934945495
39934950622
39934957580
39934963134
39934971801
39934977722
39934983581
39934990356
39934996948
39935003723
39935008422
39935016357
39935020568
39935028991
39935036865
39935043579
39935050353
39935056762
39935064208
39935072143
39935079223
39935084777
39935092712
39935098571
39935106200
39935112975
39935119811
39935127258
39935134093
39935141479
39935146545
39935154967
39935159850
39935168700
39935177245
39935184569
39935191405
39935198058
39935204467
39935211242
39935218200
39935225158
39935232665
39935238036
39935246337
39935252379
39935258788
39935266173
39935274169
39935280944
39935287535
39935294249
39935300841
39935306822
39935313353
39935320799
39935329039
39935335448
39935342589
39935348754
39935354308
39935362486
39935368590
39935375060
39935382384
39935389891
39935398070
39935404112
39935412718
39935418761
39935426817
39935435911
39935442931
39935449766
39935456785
39935463499
39935470885
39935479796
39935486021
39935493590
39935499998
39935507750
39935515745
39935523069
39935530089
39935539061
39935548094
39935555174
39935563963
39935568846
39935579161
39935584166
39935592283
39935599546
39935607298
39935615293
39935623106
39935630064
39935637632
39935645139
39935651426
39935660215
39935666502
39935674314
39935682981
39935690427
39935697813
39935708006
39935716062
39935724180
39935731260
39935739439
39935746763
39935755002
39935762144
39935770139
39935777219
39935786191
39935791501
39935802915
39935808591
39935819028
39935825498
39935833921
39935843320
39935849668
39935858945
39935865415
39935874082
39935880613
39935885984
39935898069
39935903318
39935912656
39935917966
39935928952
39935933957
39935943418
39935950437
39935959348
39935966916
39935975766
39935983640
39935993100
39936000302
39936008176
39936015439
39936023495
39936030453
39936039975
39936046506
39936055417
39936063962
39936070065
39936078427
39936086728
39936093930
39936099667
39936110959
39936116574
39936126523
39936134579
39936143490
39936151059
39936158749
39936168942
39936176449
39936183041
39936190914
39936200497
39936207821
39936216610
39936224056
39936231625
39936242428
39936250057
39936255184
39936266476
39936275326
39936283077
39936290524
39936299191
39936307003
39936314693
39936322323
39936331417
39936338985
39936347469
39936356197
39936359432
39936371456
39936380062
39936388973
39936397396
39936404415
39936409725
39936420406
39936425838
39936435421
39936443111
39936451900
39936458980
39936467098
39936473812
39936483638
39936490352
39936499629
39936506282
39936515865
39936523067
39936532100
39936538997
39936544185
39936554988
39936564205
39936571101
39936579036
39936588313
39936596187
39936604305
39936611629
39936619441
39936626826
39936636348
39936643062
39936652400
39936659358
39936668635
39936678035
39936686091
39936692988
39936698482
39936709163
39936719050
39936727534
39936733882
39936742854
39936750239
39936758296
39936768550
39936775630
39936785701
39936793208
39936800227
39936805720
39936814753
39936821284
39936829280
39936835688
39936842524
39936849848
39936855769
39936863032
39936869746
39936876460
39936883295
39936889582
39936898554
39936906611
39936914057
39936922114
39936929377
39936936945
39936944392
39936952326
39936960505
39936968012
39936976313
39936985285
39936994501
39937002314
39937012079
39937019587
39937028254
39937035700
39937043818
39937050959
39937058344
39937066462
39937073542
39937081415
39937089594
39937097284
39937105463
39937112482
39937120233
39937129144
39937136286
39937147394
39937156488
39937162897
39937170465
39937180780
39937189020
39937196832
39937204218
39937213251
39937220575
39937228998
39937237176
39937245111
39937252252
39937262323
39937267816
39937278436
39937285272
39937292413
39937299737
39937305414
39937312860
39937320489
39937329339
39937336053
39937344720
39937350946
39937357354
39937363519
39937371575
39937378411
39937387017
39937391961
39937403436
39937411126
39937417413
39937422235
39937433282
39937438592
39937449944
39937454888
39937463921
39937472039
39937478082
39937486932
39937492669
39937497796
39937509820
39937517449
39937523675
39937531609
39937539422
39937546075
39937554619
39937562005
39937570489
39937578667
39937584649
39937589409
39937599602
39937604424
39937615105
39937622490
39937630913
39937638115
39937645928
39937652520
39937660454
39937667229
39937674980
39937685601
39937692192
39937700188
39937708489
39937714531
39937723076
39937731987
39937738579
39937750054
39937757378
39937765007
39937773613
39937781487
39937787834
39937796989
39937804069
39937815971
39937823296
39937828422
39937838615
39937846855
39937853264
39937861320
39937869316
39937879509
39937885490
39937894279
39937900749
39937905388
39937914360
39937918571
39937926384
39937930717
39937939506
39937945610
39937950431
39937954216
39937961845
39937965507
39937974235
39937981254
39937987480
39937993095
39937998100
39938004692
39938009880
39938015434
39938021415
39938027458
39938033073
39938039787
39938046012
39938051017
39938059501
39938065543
39938069938
39938077140
39938081413
39938087882
39938092582
39938098380
39938103751
39938111686
39938117728
39938123344
39938128715
39938134452
39938140494
39938144523
39938151725
39938156730
39938163505
39938168815
39938174247
39938180228
39938185965
39938192862
39938198966
39938204032
39938208732
39938215567
39938218375
39938226371
39938232169
39938236441
39938242484
39938247855
39938252738
39938258109
39938262809
39938269461
39938275260
39938281302
39938285453
39938291251
39938296317
39938301322
39938308768
39938313285
39938319693
39938325797
39938332205
39938336051
39938345084
39938352652
39938359549
39938365897
39938370779
39938378531
39938384573
39938391104
39938399161
39938406241
39938412039
39938417410
39938424673
39938429861
39938437674
39938446341
39938453421
39938460379
39938465994
39938474051
39938481070
39938487600
39938495169
39938501944
39938508352
39938515066
39938520559
39938527578
39938535147
39938540823
39938549429
39938555960
39938562307
39938570425
39938575369
39938582815
39938590383
39938598318
39938603018
39938610891
39938617178
39938623464
39938629934
39938636526
39938644460
39938650625
39938657827
39938662954
39938671255
39938677724
39938683950
39938691030
39938698049
39938704702
39938710134
39938717702
39938723989
39938731374
39938739797
39938746694
39938752370
39938758169
39938765737
39938770803
39938779348
39938785207
39938793203
39938801320
39938807973
39938813772
39938820913
39938828847
39938834951
39938841970
39938850637
39938858144
39938864553
39938871877
39938876638
39938882375
39938890554
39938894643
39938901906
39938909108
39938913625
39938919789
39938924428
39938932240
39938937550
39938942983
39938947804
39938954274
39938959218
39938965505
39938971486
39938977223
39938981984
39938988087
39938994191
39939000478
39939006459
39939011708
39939017995
39939024281
39939030385
39939036732
39939042775
39939047475
39939052846
39939058705
39939063344
39939070363
39939075612
39939081410
39939087025
39939093739
39939097645
39939105031
39939108693
39939116200
39939121754
39939127675
39939132618
39939138539
39939143849
39939150257
39939155568
39939159840
39939166493
39939171742
39939177235
39939184193
39939188526
39939194752
39939200855
39939206410
39939212818
39939218434
39939224415
39939230152
39939236256
39939241993
39939247547
39939253468
39939258900
39939264881
39939269886
39939275745
39939280933
39939285633
39939292408
39939297535
39939306080
39939309803
39939317799
39939324024
39939330372
39939336841
39939342884
39939349476
39939356373
39939363087
39939370044
39939377002
39939382374
39939390064
39939394092
39939403553
39939407703
39939417164
39939424305
39939431263
39939438221
39939445057
39939449268
39939459034
39939464832
39939471607
39939479358
39939486255
39939491992
39939498950
39939506275
39939513172
39939521289
39939528186
39939534778
39939541797
39939548511
39939555530
39939562976
39939570667
39939577380
39939583728
39939591846
39939597888
39939604907
39939611072
39939619067
39939623340
39939631946
39939635974
39939644458
39939648608
39939659106
39939665881
39939671740
39939680774
39939688159
39939694140
39939699328
39939707385
39939713427
39939720996
39939726977
39939734301
39939740161
39939748156
39939756030
39939763354
39939770312
39939777270
39939785693
39939792651
39939799548
39939807116
39939813464
39939821154
39939828295
39939834277
39939842700
39939850024
39939856554
39939865038
39939874194
39939878893
39939888781
39939893359
39939902636
39939908861
39939915453
39939921618
39939927721
39939931261
39939938708
39939943773
39939950609
39939955492
39939963305
39939966967
39939974108
39939979296
39939986376
39939993029
39939999254
39940004992
39940011095
39940016588
39940022326
39940028551
39940033007
39940040880
39940046190
39940050890
39940056871
39940062670
39940068041
39940075670
39940081468
39940088243
39940091722
39940100694
39940106554
39940112657
39940118761
39940124864
39940131334
39940135973
39940143114
39940147752
39940154955
39940161363
39940166307
39940171129
39940177354
39940182848
39940188036
39940192552
39940199693
39940205919
39940211229
39940218309
39940222398
39940228929
39940234910
39940239854
39940245836
39940251695
39940256334
39940263597
39940268907
39940274766
39940279954
39940285447
39940291368
39940296800
39940302293
39940307786
39940314317
39940318223
39940324693
39940330430
39940336778
39940342576
39940349900
39940353746
39940360948
39940367234
39940372727
39940378465
39940384324
39940393846
39940399217
39940404771
39940410447
39940416062
39940421800
39940427598
39940434861
39940440476
39940448350
39940451951
39940459580
39940463303
39940472337
39940481553
39940487168
39940495103
39940501755
39940507615
39940513962
39940520188
39940529221
39940534592
39940541123
39940548203
39940554001
39940557786
39940565903
39940573472
39940579026
39940588791
39940596360
39940603379
39940608994
39940616562
39940624375
39940630539
39940636948
39940644638
39940649948
39940657273
39940662827
39940670273
39940676926
39940683274
39940690476
39940697495
39940703476
39940709152
39940716660
39940723618
39940729660
39940737778
39940742905
39940749680
39940755173
39940764084
39940770981
39940777023
39940785629
39940793686
39940800766
39940807175
39940811142
39940820114
39940827011
39940832809
39940839645
39940844711
39940854233
39940861679
39940868515
39940874008
39940878158
39940885544
39940889023
39940897079
39940903854
39940908249
39940914474
39940917831
39940925094
39940932174
39940938278
39940944137
39940948165
39940954452
39940960311
39940966476
39940971908
39940978744
39940982528
39940989730
39940996505
39941000595
39941006576
39941012985
39941019393
39941025436
39941030990
39941036361
39941041793
39941047653
39941053024
39941060714
39941065536
39941071700
39941076705
39941083175
39941086898
39941094100
39941101546
39941107650
39941113326
39941119063
39941123946
39941128585
39941134322
39941141097
39941146468
39941152144
39941157393
39941162398
39941167037
39941173018
39941177291
39941185042
39941189559
39941194747
39941200545
39941205855
39941211470
39941214766
39941222518
39941227706
39941232528
39941238326
39941243575
39941249007
39941253463
39941260054
39941265792
39941271529
39941277938
39941284407
39941289534
39941296309
39941302840
39941309920
39941315596
39941321333
39941327498
39941334883
39941340315
39941348067
39941354842
39941361006
39941366682
39941373030
39941379744
39941386946
39941393172
39941401106
39941407271
39941411177
39941419173
39941426314
39941433027
39941440779
39941448103
39941453108
39941459761
39941466353
39941471480
39941479902
39941487532
39941492476
39941500227
39941505476
39941513411
39941520185
39941526594
39941533064
39941541059
39941547773
39941554121
39941560835
39941567304
39941574018
39941581404
39941588667
39941594953
39941601301
39941607588
39941614179
39941622602
39941627546
39941637556
39941642988
39941650434
39941656904
39941663618
39941670515
39941676862
39941684248
39941689863
39941697614
39941702924
39941710493
39941717695
39941723920
39941731183
39941738141
39941745160
39941751935
39941758161
39941763715
39941771955
39941776227
39941785444
39941792524
39941799299
39941804853
39941811628
39941817304
39941824445
39941830487
39941836835
39941842145
39941848065
39941852277
39941858075
39941863874
39941871076
39941875775
39941881513
39941886029
39941892560
39941899091
39941904584
39941910993
39941917035
39941923261
39941928327
39941934735
39941940228
39941945477
39941951337
39941957623
39941963116
39941968365
39941974774
39941979413
39941985272
39941989972
39941997784
39942003522
39942008893
39942014508
39942020856
39942027936
39942031720
39942040509
39942044354
39942052228
39942058880
39942064435
39942071942
39942078900
39942083416
39942090374
39942096539
39942102154
39942107403
39942114178
39942119732
39942124676
39942130169
39942135662
39942141095
39942145855
39942153668
39942158551
39942164349
39942169903
39942175274
39942180523
39942186077
39942190167
39942196514
39942201580
39942207562
39942211712
39942219769
39942225323
39942232708
39942238873
39942245403
39942250958
39942258465
39942262249
39942271465
39942278179
39942284405
39942289776
39942295879
39942302532
39942307415
39942314312
39942320782
39942327251
39942333416
39942339824
39942345745
39942353252
39942358928
39942365642
39942371319
39942379070
39942385051
39942392131
39942398601
39942404216
39942410076
39942417217
39942422954
39942431499
39942439556
39942446514
39942453533
39942458965
39942465923
39942470989
39942478069
39942484661
39942490276
39942496745
39942503642
39942508891
39942515605
39942522197
39942530010
39942535198
39942543132
39942550761
39942557231
39942563029
39942569743
39942575664
39942583232
39942589152
39942595683
39942601604
39942609294
39942614848
39942621196
39942626750
39942636027
39942640300
39942649150
39942653300
39942661601
39942668376
39942673564
39942679912
39942686564
39942695109
39942700969
39942709636
39942714701
39942721843
39942727092
39942734050
39942740763
39942747966
39942753154
39942760295
39942767558
39942773905
39942779704
39942786296
39942794352
39942801310
39942807414
39942812235
39942817118
39942823405
39942828349
39942834208
39942839396
39942846232
39942852580
39942858866
39942865153
39942871561
39942877421
39942883952
39942890055
39942896525
39942900065
39942908671
39942915201
39942919657
39942925577
39942931315
39942937357
39942943155
39942947916
39942953776
39942959330
39942965067
39942971232
39942975626
39942982462
39942988627
39942995279
39942999918
39943005777
39943011820
39943016825
39943023600
39943029154
39943035746
39943040567
39943046854
39943051676
39943057962
39943063578
39943068460
39943075540
39943081400
39943086832
39943092935
39943098429
39943103250
39943108804
39943114542
39943120767
39943126627
39943131143
39943137857
39943142374
39943148355
39943152872
39943157755
39943162271
39943168741
39943172037
39943178445
39943184061
39943191324
39943197061
39943201334
39943207071
39943212869
39943217874
39943223855
39943229410
39943234964
39943241434
39943246560
39943253335
39943259195
39943265725
39943272012
39943278360
39943285806
39943291055
39943298257
39943302835
39943309549
39943316201
39943322183
39943329690
39943351907
39943356668
39943366677
39943373208
39943380105
39943387612
39943394998
39943401528
39943408914
39943416726
39943422646
39943431069
39943436807
39943444985
39943450417
39943458108
39943465737
39943471474
39943478677
39943487099
39943493630
39943500527
39943506753
39943514077
39943519692
39943527505
39943535012
39943540627
39943547951
39943554360
39943559975
39943566323
39943573525
39943579873
39943585305
39943591713
39943599160
39943606057
39943612404
39943617287
39943625527
39943630471
39943638344
39943643288
39943651650
39943658608
39943665383
39943670815
39943678383
39943682106
39943690773
39943695229
39943706093
39943711891
39943718239
39943722023
39943730873
39943737404
39943743874
39943751137
39943756508
39943764503
39943769386
39943776771
39943783668
39943790077
39943795021
39943804359
39943810097
39943817238
39943822243
39943828407
39943834450
39943840431
39943845314
39943852089
39943855690
39943863258
39943866493
39943873695
39943879982
39943885597
39943890907
39943896827
39943903053
39943907203
39943912819
39943918312
39943924049
39943929603
39943936500
39943940895
39943947364
39943953407
39943957984
39943964210
39943970069
39943974891
39943983131
39943987953
39943994422
39943997718
39944004493
39944009132
39944016151
39944022315
39944028236
39944034889
39944040382
39944044715
39944050208
39944056312
39944060157
39944068580
39944073157
39944078956
39944083717
39944089881
39944094215
39944100745
39944104102
39944112342
39944117896
39944122962
39944128821
39944132789
39944138343
39944144202
39944151954
39944155311
39944161963
39944166846
39944172828
39944175757
39944182715
39944189734
39944193946
39944200599
39944204505
39944210303
39944215857
39944220435
39944226111
39944232215
39944237281
39944243872
39944248877
39944256385
39944262061
39944267920
39944276221
39944282385
39944288245
39944294653
39944300696
39944306922
39944313574
39944318823
39944326392
39944333228
39944339758
39944346411
39944352820
39944358862
39944365393
39944372168
39944378821
39944386206
39944390906
39944397620
39944404455
39944410193
39944417456
39944424292
39944429907
39944438086
39944444250
39944451147
39944457739
39944464209
39944468542
39944478186
39944483496
39944490027
39944496557
39944502905
39944509619
39944516516
39944524023
39944529394
39944536474
39944543554
39944550329
39944555273
39944562536
39944567358
39944575598
39944583837
39944588842
39944596594
39944601598
39944607031
39944614660
39944620519
39944629003
39944636511
39944643041
39944649267
39944655737
39944661230
39944667760
39944676366
39944681554
39944689245
39944694189
39944702062
39944706884
39944714391
39944721715
39944729040
39944734655
39944741552
39944746984
39944755285
39944759191
39944767247
39944773107
39944782323
39944787511
39944793981
39944801000
39944807347
39944811437
39944817907
39944826268
39944830846
39944836278
39944841954
39944848302
39944854344
39944858983
39944864537
39944871495
39944877721
39944882298
39944888341
39944894017
39944898656
39944905736
39944910802
39944917333
39944923070
39944928929
39944934605
39944940160
39944945531
39944951146
39944955540
39944964268
39944970677
39944975011
39944980687
39944986180
39944992039
39944997655
39945004063
39945010594
39945016087
39945022008
39945027501
39945032200
39945038853
39945044163
39945051854
39945057896
39945065281
39945070958
39945077671
39945084691
39945089390
39945095616
39945098790
39945107396
39945111424
39945117771
39945123204
39945128575
39945135350
39945140721
39945146458
39945152012
39945157688
39945163609
39945170140
39945176914
39945183933
39945190159
39945198765
39945201939
39945210423
39945215183
39945220554
39945226658
39945232517
39945237705
39945243809
39945250095
39945255405
39945262852
39945268284
39945276585
39945283054
39945289463
39945295505
39945301792
39945305576
39945313938
39945321567
39945328403
39945335056
39945340366
39945348850
39945354038
39945362644
39945367954
39945377292
39945382602
39945390049
39945397373
39945404514
39945410312
39945418003
39945424106
39945432224
39945438632
39945445896
39945449741
39945457736
39945463840
39945470188
39945478488
39945485019
39945495883
39945501682
39945509311
39945515476
39945522739
39945529025
39945537082
39945541110
39945549655
39945556247
39945562778
39945566806
39945575229
39945582858
39945588901
39945596713
39945603976
39945609775
39945617038
39945621188
39945629428
39945636813
39945644076
39945652194
39945657870
39945665561
39945671054
39945678988
39945687106
39945693515
39945700595
39945706881
39945712558
39945719943
39945726779
39945734286
39945738619
39945747714
39945755648
39945762545
39945768405
39945775240
39945779818
39945789401
39945796969
39945803866
39945810153
39945817049
39945824862
39945829989
39945838046
39945843356
39945851046
39945855807
39945863253
39945870394
39945876009
39945882540
39945888155
39945894747
39945900240
39945904757
39945911593
39945918001
39945923800
39945928744
39945935518
39945940523
39945946810
39945951876
39945958162
39945964693
39945971529
39945976595
39945982271
39945987581
39945994417
39946000093
39946007112
39946013277
39946019197
39946025789
39946032442
39946037630
39946043306
39946049227
39946053621
39946060396
39946064852
39946071749
39946077059
39946083406
39946089144
39946095369
39946101289
39946107881
39946112886
39946119478
39946124788
39946131197
39946137788
39946143587
39946149751
39946155183
39946160432
39946166292
39946172273
39946177888
39946182832
39946188508
39946194124
39946199007
39946205354
39946211763
39946217683
39946221101
39946228670
39946234529
39946239229
39946245393
39946252229
39946257600
39946262178
39946268220
39946272981
39946279390
39946284394
39946291902
39946298677
39946305452
39946311738
39946318208
39946325715
39946331086
39946338716
39946344209
39946350617
39946355927
39946364289
39946371430
39946378571
39946386018
39946391328
39946397431
39946405305
39946412995
39946419709
39946424714
39946431550
39946438325
39946445039
39946452485
39946458222
39946465729
39946473115
39946480256
39946487458
39946494538
39946500214
39946508393
39946515534
39946523530
39946530121
39946536896
39946544648
39946551362
39946557160
39946565461
39946572602
39946579255
39946585419
39946592804
39946600495
39946605927
39946613556
39946620270
39946628083
39946633820
39946641327
39946648712
39946655609
39946661957
39946669647
39946677216
39946685455
39946692169
39946698029
39946706451
39946712555
39946721283
39946727142
39946734650
39946738861
39946747589
39946751617
39946759796
39946763946
39946775177
39946782074
39946787140
39946791107
39946801239
39946807831
39946813446
39946821197
39946828155
39946834869
39946842621
39946850738
39946856598
39946864898
39946873077
39946880584
39946886810
39946892852
39946898284
39946904449
39946909820
39946915374
39946921356
39946927459
39946933807
39946939727
39946945892
39946950408
39946957855
39946962615
39946969512
39946976043
39946982208
39946987274
39946994476
39946999542
39947005523
39947010833
39947018707
39947024627
39947030303
39947035918
39947042510
39947046172
39947053863
39947060821
39947066924
39947072417
39947078277
39947084807
39947090728
39947096526
39947102508
39947109099
39947113677
39947120574
39947124724
39947130095
39947135589
39947140593
39947146392
39947151946
39947156402
39947162139
39947166472
39947173796
39947178923
39947183989
39947189788
39947195281
39947200469
39947206023
39947211699
39947216033
39947222014
39947226653
39947233000
39947238677
39947243865
39947246977
39947253203
39947258513
39947264800
39947270781
39947274870
39947281157
39947286772
39947291899
39947296294
39947302275
39947306792
39947313567
39947320891
39947326872
39947331877
39947337798
39947344145
39947350066
39947357146
39947363798
39947370207
39947375212
39947382170
39947387053
39947393950
39947399199
39947407377
39947411467
39947419707
39947423430
39947432890
39947436552
39947445402
39947454741
39947461577
39947468473
39947475248
39947481352
39947486479
39947494352
39947499357
39947507719
39947514921
39947520841
39947527738
39947533659
39947539030
39947547453
39947553556
39947561186
39947567838
39947574613
39947579191
39947587919
39947595304
39947601713
39947610075
39947616911
39947623808
39947630216
39947635526
39947641935
39947649747
39947654569
39947663175
39947668058
39947675443
39947682523
39947688566
39947693448
39947700773
39947708402
39947716581
39947723050
39947728422
39947733854
39947742338
39947748563
39947755521
39947759488
39947769559
39947775296
39947781705
39947788236
39947794583
39947800748
39947807096
39947815763
39947820890
39947828946
39947833890
39947842069
39947847623
39947854947
39947860684
39947868497
39947874234
39947881375
39947886746
39947894864
39947898099
39947905667
39947911160
39947917020
39947923734
39947929349
39947934354
39947939908
39947945218
39947950955
39947958279
39947962857
39947968533
39947974515
39947979825
39947985806
39947991421
39947995755
39948002225
39948007046
39948013333
39948018216
39948025479
39948030423
39948036831
39948042019
39948048245
39948053799
39948058072
39948064602
39948070095
39948073330
39948080288
39948086331
39948091824
39948097500
39948102993
39948108914
39948113064
39948118618
39948124600
39948132168
39948137417
39948142056
39948147183
39948153897
39948158657
39948166287
39948171719
39948178555
39948184109
39948189236
39948194119
39948200527
39948205654
39948210781
39948217556
39948223232
39948228542
39948232815
39948239040
39948243374
39948249538
39948254421
39948261990
39948267544
39948271450
39948277309
39948282314
39948287807
39948291714
39948298427
39948304287
39948310207
39948315151
39948321682
39948327297
39948334011
39948339992
39948346035
39948353420
39948359340
39948365322
39948369899
39948376979
39948383632
39948390773
39948396511
39948403347
39948408657
39948416652
39948423183
39948429531
39948435939
39948442714
39948446987
39948455287
39948461696
39948468105
39948475002
39948481410
39948488735
39948493739
39948501918
39948506862
39948514491
39948519374
39948527065
39948531886
39948541164
39948547023
39948554652
39948560084
39948567348
39948572719
39948579982
39948585719
39948594447
39948598536
39948606959
39948613551
39948619899
39948626796
39948633204
39948640529
39948647364
39948654506
39948659510
39948667262
39948674220
39948679896
39948687220
39948695338
39948699549
39948707240
39948712855
39948720790
39948726893
39948733302
39948740565
39948747218
39948753626
39948760157
39948767115
39948773463
39948779749
39948786219
39948793910
39948800684
39948806971
39948813502
39948820399
39948825343
39948833155
39948838160
39948846217
39948853480
39948859583
39948864954
39948872523
39948877894
39948885584
39948891138
39948898707
39948904749
39948910425
39948913843
39948921473
39948927576
39948933191
39948939356
39948945398
39948950831
39948956934
39948961878
39948968042
39948973352
39948977625
39948985559
39948990625
39948997034
39949001795
39949008387
39949013086
39949018335
39949023218
39949030847
39949035974
39949042688
39949048731
39949054224
39949059595
39949065271
39949068872
39949076380
39949082300
39949087793
39949093469
39949099023
39949105005
39949109155
39949116296
39949122644
39949127527
39949133630
39949138513
39949144495
39949150415
39949155298
39949162988
39949166162
39949172815
39949178247
39949183313
39949188196
39949193384
39949200220
39949206018
39949210718
39949216272
39949221032
39949226526
39949232202
39949236841
39949244348
39949249780
39949254907
39949259851
39949265039
39949270532
39949274621
39949282434
39949286889
39949292993
39949297204
39949304040
39949307519
39949314965
39949320214
39949329248
39949334558
39949340417
39949346704
39949352563
39949358849
39949365502
39949373376
39949379418
39949384728
39949390038
39949398278
39949404809
39949411279
39949415673
39949425561
39949430688
39949438622
39949444115
39949450463
39949456689
39949463097
39949470544
39949477440
39949484765
39949489709
39949497887
39949502892
39949510949
39949515832
39949524498
39949531823
39949537865
39949543236
39949550805
39949556115
39949564049
39949568077
39949578148
39949585167
39949590050
39949596642
39949603173
39949609398
39949615807
39949623070
39949630089
39949636681
39949643151
39949650170
39949655052
39949662743
39949667687
39949676109
39949683251
39949689293
39949694664
39949701866
39949707054
39949714317
39949720055
39949729576
39949733543
39949741234
39949746605
39949754539
39949761253
39949767784
39949772056
39949781822
39949789390
39949796898
39949804161
39949810020
39949819175
39949826927
39949833885
39949841575
39949848472
39949854881
39949862510
39949869773
39949877403
39949885032
39949892601
39949898826
39949904808
39949911277
39949915733
39949921714
39949927696
39949934837
39949940940
39949946494
39949951072
39949957542
39949962180
39949968284
39949973594
39949981040
39949987144
39949992759
39949998130
39950003745
39950007163
39950014426
39950020591
39950026572
39950032249
39950037864
39950043540
39950049216
39950053977
39950059592
39950066672
39950072410
39950078757
39950082969
39950089683
39950093833
39950100303
39950106894
39950113852
39950117576
39950124900
39950130881
39950136496
39950139914
39950146811
39950153159
39950159018
39950165244
39950170371
39950176169
39950180197
39950186667
39950190696
39950198386
39950203025
39950208579
39950215110
39950231284
39950238425
39950244040
39950249289
39950255454
39950261130
39950264060
39950271628
39950276938
39950282004
39950287924
39950293112
39950298666
39950302756
39950308859
39950313010
39950319662
39950326315
39950332541
39950337851
39950343954
39950349203
39950356772
39950363547
39950370199
39950374106
39950381979
39950388205
39950394430
39950400839
39950407492
39950412985
39950419638
39950427084
39950432333
39950439108
39950444296
39950452047
39950457174
39950464560
39950472555
39950479513
39950485250
39950491781
39950497457
39950505331
39950510824
39950518148
39950523947
39950530172
39950535787
39950543905
39950548055
39950556295
39950560751
39950569296
39950573568
39950582174
39950586507
39950595846
39950600301
39950609640
39950616537
39950623006
39950631002
39950636129
39950642843
39950649435
39950656087
39950662557
39950667379
39950674032
39950681905
39950686971
39950693990
39950701253
39950708516
39950715780
39950722982
39950728780
39950737142
39950742330
39950749227
39950756612
39950762654
39950770040
39950775289
39950783040
39950788777
39950796163
39950802144
39950807881
39950814290
39950821492
39950827901
39950833882
39950840474
39950846150
39950852437
39950859639
39950867207
39950873860
39950881245
39950885457
39950895772
39950899922
39950909016
39950913106
39950921407
39950925069
39950935628
39950943623
39950949788
39950955891
39950961995
39950967976
39950974080
39950979939
39950985921
39950991658
39950998189
39951006733
39951011372
39951017415
39951023945
39951029744
39951036213
39951042134
39951047200
39951053425
39951059895
39951065876
39951071003
39951077839
39951082966
39951090168
39951095295
39951102375
39951107441
39951114033
39951118916
39951125447
39951130390
39951137348
39951143025
39951148945
39951154560
39951161091
39951166828
39951172627
39951179279
39951184895
39951190205
39951195942
39951201740
39951207600
39951212788
39951216633
39951223225
39951229328
39951234638
39951239338
39951245930
39951249164
39951255512
39951260334
39951267353
39951273273
39951278644
39951284687
39951290363
39951296528
39951302814
39951308674
39951313801
39951320331
39951323810
39951330646
39951336506
39951341571
39951349201
39951353839
39951360004
39951365131
39951372333
39951377521
39951383686
39951390216
39951397846
39951405231
39951411762
39951418903
39951425617
39951432697
39951439594
39951446979
39951450885
39951460224
39951463702
39951472003
39951478839
39951485187
39951494037
39951499164
39951507220
39951512103
39951519244
39951525653
39951531940
39951538470
39951547198
39951552936
39951559588
39951564960
39951572406
39951577777
39951585711
39951591937
39951600787
39951605060
39951613116
39951616900
39951625567
39951631732
39951638202
39951644671
39951652911
39951660113
39951664874
39951671649
39951677996
39951684405
39951691729
39951699114
39951706256
39951713458
39951718768
39951725176
39951732134
39951738848
39951744647
39951752642
39951759173
39951766070
39951772723
39951779131
39951783099
39951790789
39951796526
39951805926
39951811480
39951817828
39951824236
39951830584
39951835039
39951843340
39951852434
39951857622
39951864947
39951871783
39951877825
39951882830
39951891009
39951896746
39951904131
39951910051
39951917315
39951922747
39951930193
39951935625
39951943316
39951948626
39951955523
39951961992
39951967791
39951972551
39951978167
39951984514
39951990007
39951996599
39952002886
39952007768
39952013750
39952019731
39952024309
39952029680
39952035967
39952042375
39952047380
39952054643
39952060014
39952064897
39952069536
39952076372
39952081865
39952088640
39952094560
39952100175
39952105669
39952111284
39952117387
39952122880
39952128313
39952133806
39952139848
39952146074
39952152421
39952156694
39952163957
39952171525
39952177568
39952183000
39952189470
39952195146
39952202531
39952208818
39952214006
39952219316
39952226335
39952231706
39952238725
39952244340
39952250077
39952255510
39952261247
39952268083
39952272721
39952279008
39952284623
39952289628
39952294206
39952299516
39952304826
39952312150
39952315446
39952323014
39952329057
39952333024
39952338029
39952343339
39952349687
39952354813
39952359940
39952364030
39952370316
39952374833
39952381059
39952388017
39952394547
39952400224
39952407120
39952412308
39952418717
39952423966
39952432450
39952438126
39952444291
39952451737
39952457596
39952464921
39952471696
39952478287
39952485062
39952492020
39952499283
39952505509
39952512772
39952520279
39952525773
39952533402
39952538468
39952546158
39952552689
39952558854
39952565628
39952572708
39952577957
39952584732
39952592545
39952598526
39952605606
39952610733
39952617996
39952623856
39952630936
39952636063
39952643387
39952649979
39952656204
39952663834
39952670364
39952677628
39952683914
39952693558
39952698013
39952707169
39952711319
39952719864
39952724075
39952732498
39952736587
39952745499
39952753433
39952760879
39952766067
39952772781
39952778946
39952785599
39952792251
39952797439
39952805191
39952810318
39952817520
39952824295
39952829910
39952836563
39952842544
39952849380
39952855606
39952862197
39952870132
39952875869
39952882949
39952890762
39952896926
39952904800
39952912429
39952918655
39952925064
39952930740
39952936965
39952942642
39952949172
39952955581
39952963821
39952969985
39952976089
39952979629
39952987563
39952993301
39952997939
39953005508
39953010696
39953016921
39953021926
39953027846
39953032729
39953038711
39953043838
39953050612
39953056167
39953061965
39953067336
39953074965
39953078689
39953085525
39953092605
39953098891
39953104690
39953110976
39953117385
39953121840
39953128554
39953134597
39953140456
39953146498
39953153518
39953157790
39953164382
39953170912
39953176223
39953182875
39953189284
39953194350
39953201430
39953206496
39953213759
39953219313
39953226210
39953232192
39953237929
39953241896
39953248671
39953252516
39953260756
39953265883
39953271132
39953277663
39953282545
39953289503
39953294081
39953299208
39953304823
39953310377
39953315138
39953322157
39953325392
39953332777
39953337477
39953342970
39953348830
39953354079
39953359083
39953364577
39953370619
39953376906
39953381727
39953386305
39953393934
39953400282
39953406447
39953413649
39953419996
39953426039
39953431349
39953439894
39953443861
39953452406
39953457777
39953464186
39953471510
39953478468
39953484632
39953491651
39953498670
39953503736
39953510145
39953516737
39953523145
39953528944
39953537061
39953544874
39953550550
39953556165
39953564039
39953569654
39953575269
39953580824
39953588941
39953594862
39953604566
39953609205
39953617994
39953621961
39953633802
39953639051
39953647596
39953654371
39953662244
39953668714
39953674512
39953681226
39953686841
39953695630
39953703199
39953710828
39953716687
39953723890
39953730848
39953737745
39953744703
39953749952
39953757520
39953764417
39953771070
39953777783
39953784803
39953790174
39953796582
39953803357
39953812024
39953817822
39953823926
39953831372
39953838818
39953844678
39953852734
39953857251
39953866773
39953870923
39953879102
39953886548
39953891858
39953895825
39953906445
39953912976
39953919751
39953925366
39953932019
39953939099
39953944165
39953951550
39953958386
39953965283
39953972485
39953978894
39953986157
39953992199
39953999035
39954005383
39954010571
39954018567
39954023449
39954029980
39954033459
39954040844
39954044262
39954052990
39954059399
39954065136
39954069897
39954075634
39954080578
39954086315
39954091625
39954097668
39954104443
39954109265
39954116284
39954122631
39954129406
39954136425
39954141125
39954148327
39954154064
39954160534
39954165722
39954172192
39954179150
39954185436
39954190502
39954196850
39954203564
39954209667
39954215038
39954221020
39954227550
39954232738
39954237621
39954244396
39954249706
39954256420
39954261669
39954268505
39954273937
39954279979
39954286693
39954292858
39954297741
39954303234
39954308422
39954314037
39954319713
39954324474
39954330028
39954334850
39954340709
39954345226
39954352245
39954358165
39954362438
39954369274
39954373912
39954381481
39954385631
39954392528
39954397167
39954402904
39954408824
39954415599
39954419139
39954427928
39954431590
39954441051
39954444896
39954454173
39954461803
39954466563
39954473766
39954480113
39954487804
39954492686
39954499461
39954506480
39954513744
39954519115
39954527049
39954533031
39954540538
39954546397
39954553660
39954559703
39954568492
39954572703
39954582042
39954589122
39954594554
39954600352
39954608531
39954614634
39954623362
39954631053
39954638377
39954644419
39954651133
39954658519
39954663768
39954674143
39954680064
39954688304
39954694285
39954701975
39954708201
39954716990
39954721263
39954730296
39954736277
39954745371
39954749583
39954758372
39954762339
39954771494
39954776194
39954785960
39954792857
39954799448
39954805186
39954811899
39954818919
39954823862
39954833567
39954840098
39954846323
39954853281
39954859202
39954864695
39954871103
39954878428
39954884958
39954890696
39954898203
39954903513
39954910715
39954916025
39954924570
39954928659
39954937815
39954944956
39954951548
39954958078
39954964670
39954970102
39954976572
39954983896
39954990854
39954997568
39955004587
39955010752
39955017771
39955023691
39955029367
39955037729
39955043222
39955048776
39955053476
39955059335
39955063974
39955070383
39955075388
39955083078
39955086618
39955093271
39955099008
39955104623
39955109994
39955115671
39955122934
39955128793
39955134958
39955140634
39955145578
39955151254
39955157236
39955161508
39955168649
39955175058
39955180185
39955186227
39955191232
39955197397
39955202829
39955207773
39955216134
39955219674
39955227609
39955230966
39955237985
39955243234
39955249581
39955253366
39955261850
39955267404
39955272958
39955278573
39955284005
39955288339
39955293771
39955301217
39955305612
39955312448
39955318002
39955323129
39955327462
39955333566
39955338693
39955346932
39955352548
39955356393
39955362923
39955366830
39955372567
39955378304
39955385567
39955388741
39955395638
39955401314
39955406380
39955411263
39955416390
39955422433
39955427499
39955433907
39955437935
39955444588
39955450875
39955456368
39955460824
39955469124
39955474312
39955480111
39955487130
39955492745
39955497750
39955505196
39955511727
39955517647
39955524788
39955530770
39955536995
39955543648
39955550606
39955555672
39955563118
39955569954
39955576363
39955581185
39955588082
39955594795
39955601143
39955605904
39955614449
39955619942
39955627205
39955632698
39955640205
39955645699
39955652962
39955658699
39955666206
39955671700
39955678963
39955684456
39955692085
39955697212
39955704658
39955710274
39955716621
39955721992
39955728889
39955734321
39955741829
39955747139
39955754646
39955760689
39955768989
39955776314
39955782783
39955789436
39955795845
39955802192
39955808845
39955814949
39955822517
39955831367
39955837349
39955843757
39955853035
39955860298
39955864692
39955873847
39955880866
39955887947
39955895881
39955901252
39955908759
39955915595
39955923774
39955930610
39955937568
39955944099
39955952033
39955957954
39955965339
39955973945
39955979926
39955988349
39955994941
39956003669
39956011970
39956018684
39956026801
39956033454
39956040595
39956046149
39956051948
39956056891
39956063605
39956069770
39956075873
39956081000
39956087409
39956093512
39956099250
39956105658
39956110114
39956115851
39956121833
39956128547
39956133124
39956139655
39956144049
39956150336
39956155951
39956161933
39956166327
39956173896
39956178900
39956184271
39956190497
39956195624
39956200080
39956206732
39956211310
39956217963
39956224310
39956229132
39956235480
39956241034
39956246527
39956254218
39956259406
39956265692
39956271185
39956276556
39956282050
39956288092
39956291693
39956299200
39956306708
39956312506
39956317145
39956322882
39956329046
39956333746
39956340033
39956345526
39956351141
39956356878
39956362433
39956367010
39956372076
39956377752
39956383001
39956387762
39956395147
39956398443
39956404364
39956409430
39956416571
39956422735
39956428534
39956435064
39956441534
39956447088
39956451544
39956458136
39956462408
39956469000
39956474371
39956482488
39956486273
39956493963
39956499822
39956505987
39956509771
39956519232
39956524908
39956530950
39956537115
39956543218
39956549200
39956555364
39956562872
39956570684
39956577520
39956583318
39956589910
39956595525
39956603094
39956609319
39956617010
39956622930
39956630620
39956636846
39956644414
39956650823
39956659307
39956663640
39956673528
39956680913
39956687566
39956694280
39956699224
39956707830
39956713323
39956722295
39956728643
39956735845
39956743962
39956749456
39956754949
39956763127
39956768560
39956774968
39956780767
39956789128
39956796391
39956802800
39956806706
39956815618
39956819524
39956827580
39956835820
39956842473
39956848698
39956855229
39956862981
39956867863
39956874638
39956881108
39956889104
39956896428
39956902470
39956907353
39956914555
39956921574
39956927556
39956934880
39956941838
39956947758
39956954411
39956959904
39956967412
39956972783
39956980717
39956986516
39956995182
39957003178
39957009953
39957014286
39957022770
39957028752
39957037602
39957041996
39957051213
39957055607
39957064823
39957068486
39957076603
39957082829
39957088322
39957092106
39957100468
39957103947
39957112003
39957117619
39957123112
39957129093
39957134708
39957141666
39957146366
39957152592
39957158573
39957164249
39957169132
39957176090
39957180973
39957188663
39957194523
39957199711
39957204349
39957211674
39957214847
39957221744
39957228519
39957234257
39957239750
39957245487
39957249515
39957256229
39957259342
39957267521
39957274051
39957280094
39957285465
39957291080
39957296940
39957302555
39957308231
39957314457
39957321842
39957326847
39957332706
39957337345
39957343570
39957348209
39957354251
39957358768
39957366275
39957369571
39957375980
39957381046
39957387271
39957392276
39957397464
39957405094
39957409488
39957415286
39957419620
39957426029
39957430240
39957436466
39957441776
39957447086
39957452518
39957459048
39957465457
39957470828
39957475101
39957480350
39957487125
39957494632
39957500491
39957506045
39957512698
39957517825
39957524783
39957530154
39957537906
39957541873
39957549624
39957556216
39957562869
39957566653
39957575015
39957581424
39957588260
39957594363
39957602115
39957608279
39957613284
39957620669
39957625918
39957633670
39957640872
39957647464
39957653079
39957659732
39957666018
39957674624
39957680911
39957690066
39957694522
39957703066
39957707034
39957715762
39957719790
39957728518
39957735842
39957743594
39957750979
39957756228
39957765139
39957770449
39957777224
39957784731
39957790652
39957795779
39957802859
39957810122
39957816347
39957822024
39957829653
39957835451
39957842531
39957848086
39957854983
39957860476
39957867067
39957873110
39957881472
39957887941
39957894350
39957900209
39957907473
39957913515
39957921755
39957927980
39957936769
39957944216
39957951174
39957955385
39957963930
39957970827
39957975954
39957983156
39957990358
39957997377
39958004823
39958011415
39958019167
39958026186
39958034303
39958040041
39958047426
39958052065
39958061098
39958068788
39958074464
39958082704
39958088075
39958095644
39958101991
39958105897
39958114320
39958120607
39958126832
39958132875
39958137819
39958144410
39958150697
39958156251
39958162355
39958168947
39958173890
39958180665
39958187257
39958192323
39958197999
39958203675
39958209352
39958214173
39958219789
39958224794
39958230287
39958236451
39958240785
39958247621
39958252381
39958259339
39958263795
39958269654
39958275697
39958281495
39958286683
39958293336
39958298951
39958305604
39958311402
39958317384
39958322205
39958328797
39958333314
39958340455
39958346619
39958351991
39958356812
39958362122
39958366456
39958372681
39958379212
39958384278
39958389100
39958395508
39958398743
39958405274
39958409730
39958416199
39958419617
39958427857
39958433472
39958438721
39958443055
39958448304
39958453431
39958458741
39958463990
39958469605
39958474610
39958480225
39958485474
39958490052
39958495972
39958500855
39958507996
39958513611
39958519348
39958525147
39958531800
39958535462
39958544495
39958546936
39958556336
39958563172
39958567932
39958574524
39958580689
39958587403
39958592896
39958600281
39958606934
39958611694
39958618775
39958624451
39958630005
39958636353
39958644043
39958650513
39958656433
39958664001
39958670166
39958678162
39958685120
39958693115
39958700012
39958706787
39958711853
39958718750
39958725464
39958732239
39958739563
39958745300
39958752624
39958757690
39958765869
39958771545
39958779785
39958785034
39958792663
39958800781
39958806518
39958814331
39958820678
39958826843
39958835388
39958841491
39958849426
39958853454
39958862976
39958870483
39958877380
39958883972
39958891235
39958898437
39958905944
39958913696
39958920226
39958926269
39958931823
39958940246
39958944213
39958952819
39958960509
39958967712
39958974609
39958980468
39958984557
39958994140
39959000426
39959005553
39959013915
39959022033
39959027953
39959033202
39959041442
39959047240
39959054015
39959062682
39959069396
39959075011
39959081237
39959088988
39959096495
39959102843
39959109191
39959116637
39959122435
39959128051
39959135192
39959140563
39959147277
39959152648
39959160033
39959165343
39959171385
39959176818
39959185301
39959189208
39959195983
39959202208
39959206664
39959214232
39959219176
39959225584
39959231627
39959236388
39959242308
39959248595
39959254637
39959260741
39959266661
39959272276
39959278319
39959285155
39959289732
39959296934
39959301512
39959308348
39959314390
39959321287
39959325804
39959332823
39959339293
39959343992
39959350035
39959356810
39959363402
39959368345
39959374876
39959380491
39959386900
39959393248
39959398314
39959404722
39959411314
39959416197
39959420896
39959427305
39959431883
39959437803
39959442442
39959449766
39959452940
39959461180
39959466429
39959471861
39959477781
39959483518
39959488828
39959492979
39959499082
39959504881
39959509886
39959516233
39959521848
39959526975
39959533140
39959537534
39959542783
39959548032
39959554075
39959560606
39959566770
39959574094
39959580381
39959586118
39959592405
39959598142
39959604917
39959611265
39959617917
39959625486
39959630735
39959637876
39959643430
39959650937
39959656614
39959664914
39959669187
39959678586
39959685910
39959693113
39959697507
39959706784
39959711118
39959720639
39959725156
39959735349
39959741452
39959748532
39959754392
39959761716
39959768125
39959774777
39959783872
39959789914
39959796994
39959804318
39959811154
39959819028
39959824765
39959832455
39959839413
39959847531
39959854733
39959860532
39959868283
39959876279
39959882992
39959889401
39959896115
39959901852
39959907834
39959915097
39959921383
39959927060
39959935422
39959941464
39959949826
39959954281
39959962338
39959968075
39959976132
39959980160
39959989865
39959994381
39960002377
39960009640
39960016903
39960024655
39960030392
39960037716
39960045223
39960052365
39960058102
39960066281
39960073849
39960080074
39960087582
39960095089
39960100277
39960109676
39960117733
39960125057
39960132198
39960139523
39960147945
39960155209
39960161983
39960170101
39960175899
39960181576
39960188045
39960196102
39960200008
39960207271
39960213985
39960219417
39960225887
39960231685
39960238033
39960242306
39960248348
39960253963
39960260982
39960265987
39960272518
39960277340
39960283565
39960288265
39960295528
39960298824
39960306575
39960312923
39960318538
39960321834
39960328914
39960335079
39960340755
39960344417
39960353206
39960359188
39960364681
39960369930
39960375484
39960381038
39960386592
39960393123
39960397701
39960403438
39960409541
39960415096
39960421077
39960426692
39960431575
39960439876
39960444881
39960450679
39960455012
39960461848
39960464900
39960471248
39960474483
39960483272
39960488032
39960493159
39960498408
39960503474
39960509089
39960514949
39960520747
39960526607
39960532405
39960536738
39960542476
39960546809
39960553218
39960558711
39960565486
39960570613
39960575740
39960580928
39960586055
39960591670
39960596247
39960604426
39960609858
39960616877
39960621943
39960628962
39960633906
39960641047
39960644587
39960654963
39960660456
39960666499
39960672480
39960678523
39960685603
39960690119
39960698725
39960704463
39960711726
39960717280
39960725031
39960730463
39960737055
39960745295
39960752558
39960758051
39960765864
39960772211
39960778193
39960783625
39960790766
39960796442
39960805720
39960809931
39960818354
39960825800
39960830683
39960837458
39960843989
39960852045
39960859308
39960865656
39960870600
39960878656
39960883661
39960891230
39960896173
39960906000
39960912470
39960918024
39960923700
39960931147
39960936823
39960944696
39960950800
39960959894
39960964227
39960972894
39960979547
39960986078
39960992426
39960999017
39961006647
39961013422
39961018915
39961025446
39961032159
39961038568
39961044366
39961050836
39961059808
39961067316
39961073846
39961080865
39961086786
39961092218
39961099115
39961106622
39961113458
39961119317
39961127374
39961131830
39961140924
39961147149
39961155267
39961161676
39961170465
39961175103
39961185052
39961188897
39961197625
39961201471
39961208795
39961212884
39961222100
39961226922
39961232598
39961236566
39961243341
39961246514
39961254449
39961261895
39961266595
39961272943
39961278924
39961283929
39961290032
39961295709
39961299981
39961308587
39961313836
39961319329
39961325372
39961330437
39961335137
39961341912
39961346856
39961353814
39961357720
39961364617
39961369744
39961377007
39961381524
39961388848
39961392571
39961400628
39961406548
39961412224
39961418511
39961424248
39961429436
39961435051
39961441155
39961447442
39961453240
39961458001
39961463311
39961469353
39961475151
39961479729
39961486016
39961490654
39961496209
39961500481
39961506829
39961512566
39961517815
39961521233
39961528313
39961534905
39961540459
39961545220
39961550835
39961556145
39961560600
39961566826
39961571465
39961577385
39961581658
39961587822
39961593315
39961598503
39961604241
39961609551
39961617180
39961621697
39961628471
39961634697
39961640617
39961647270
39961653862
39961659111
39961666679
39961670158
39961679253
39961686149
39961692131
39961699516
39961706535
39961713188
39961719658
39961725517
39961732048
39961738823
39961746208
39961754081
39961759941
39961766716
39961773735
39961779838
39961785270
39961793327
39961799125
39961806327
39961812126
39961819938
39961826225
39961833549
39961837333
39961846549
39961851188
39961859977
39961867729
39961872733
39961880607
39961887138
39961893730
39961898856
39961907523
39961912894
39961920646
39961927665
39961933158
39961940116
39961946159
39961953605
39961961173
39961967033
39961974723
39961980155
39961987723
39961993156
39961999747
39962005546
39962014640
39962018729
39962027274
39962033866
39962040458
39962044181
39962052726
39962056998
39962066947
39962073600
39962080191
39962085929
39962092398
39962098197
39962104850
39962113211
39962118643
39962125540
39962132498
39962138602
39962145560
39962150809
39962158011
39962166495
39962172354
39962179617
39962185965
39962191763
39962197806
39962204276
39962209830
39962218069
39962224234
39962229178
39962233939
39962241141
39962244559
39962252371
39962256338
39962263907
39962267752
39962275748
39962281119
39962286795
39962292227
39962297842
39962306387
39962311392
39962317679
39962322378
39962328604
39962333182
39962338614
39962344839
39962351126
39962356253
39962362417
39962367117
39962372976
39962377676
39962384268
39962389517
39962397268
39962400747
39962408438
39962414541
39962420217
39962425955
39962431509
39962438223
39962442617
39962449514
39962453909
39962462637
39962467886
39962476675
39962480337
39962488271
39962491750
39962499319
39962505422
39962510854
39962516714
39962520986
39962528432
39962532766
39962539358
39962545217
39962550405
39962556387
39962562612
39962567861
39962573904
39962577505
39962584402
39962589773
39962595876
39962601186
39962606801
39962614370
39962618764
39962624685
39962630483
39962637197
39962642629
39962650564
39962655996
39962663869
39962667958
39962675710
39962683156
39962689992
39962693898
39962702382
39962709462
39962714528
39962721547
39962726430
39962733510
39962740834
39962747243
39962754872
39962761098
39962769277
39962776418
39962782948
39962790456
39962797048
39962804433
39962810292
39962818837
39962824941
39962832265
39962838002
39962845021
39962850697
39962860951
39962868092
39962874074
39962882374
39962888478
39962895497
39962902821
39962910878
39962918568
39962925282
39962931019
39962937123
39962945240
39962951588
39962958119
39962966725
39962973256
39962981373
39962985585
39962992787
39962998402
39963005726
39963012562
39963019581
39963024037
39963032887
39963037220
39963046559
39963052784
39963059437
39963065235
39963072193
39963079823
39963087818
39963094532
39963100452
39963107288
39963112659
39963120594
39963126453
39963134327
39963140064
39963147694
39963154102
39963160633
39963166981
39963175159
39963182300
39963190418
39963198292
39963204090
39963211536
39963219043
39963223926
39963233692
39963241443
39963246265
39963252918
39963259388
39963261707
39963269214
39963272815
39963280872
39963287586
39963293201
39963299549
39963305896
39963311145
39963315723
39963323230
39963328723
39963335132
39963341968
39963348438
39963354236
39963359485
39963364429
39963370715
39963376209
39963382922
39963386890
39963395191
39963401660
39963406299
39963412524
39963418567
39963425037
39963430835
39963435474
39963441211
39963446460
39963453052
39963460071
39963466052
39963472888
39963477466
39963484302
39963489490
39963495044
39963499621
39963506396
39963511523
39963518359
39963524707
39963530505
39963535449
39963541308
39963545764
39963552356
39963558520
39963564196
39963569812
39963575244
39963579882
39963585803
39963591662
39963597827
39963602954
39963607653
39963614611
39963619555
39963626635
39963629748
39963637011
39963643725
39963649279
39963655871
39963660571
39963666613
39963671313
39963677966
39963684741
39963691210
39963696642
39963704394
39963708178
39963716296
39963722948
39963728869
39963735888
39963742846
39963748766
39963755236
39963761401
39963766466
39963772753
39963778368
39963786974
39963793078
39963798754
39963804125
39963812121
39963815783
39963824572
39963832811
39963839220
39963843187
39963851976
39963855883
39963863451
39963869616
39963877184
39963881395
39963889879
39963893785
39963902208
39963909227
39963916857
39963924059
39963929369
39963938158
39963943346
39963949755
39963956529
39963963365
39963968614
39963976671
39963981798
39963989366
39963994615
39964002000
39964009325
39964015794
39964021715
39964030382
39964036363
39964042772
39964048509
39964056810
39964061143
39964070421
39964074815
39964084337
39964088609
39964098009
39964103319
39964110032
39964116502
39964123277
39964131028
39964136277
39964142930
39964150010
39964157457
39964163133
39964170518
39964177720
39964185594
39964191270
39964200486
39964206773
39964213182
39964221238
39964228440
39964234361
39964242478
39964251145
39964257615
39964266465
39964271897
39964276902
39964283494
39964290391
39964295518
39964302415
39964307908
39964314195
39964320359
39964325730
39964332017
39964337937
39964344468
39964351182
39964357407
39964361069
39964369004
39964375535
39964381577
39964387803
39964393906
39964400010
39964406174
39964411728
39964417893
39964423264
39964429429
39964436509
39964441269
39964447800
39964453782
39964460617
39964465195
39964471360
39964477402
39964483139
39964489243
39964495102
39964501023
39964508225
39964513474
39964520859
39964525681
39964531479
39964536667
39964543320
39964546860
39964556381
39964561630
39964567307
39964572067
39964577377
39964582871
39964588791
39964594528
39964599167
39964605637
39964610519
39964617294
39964621933
39964628342
39964634506
39964639877
39964644760
39964651840
39964656601
39964662216
39964668259
39964674362
39964679855
39964684494
39964691757
39964696457
39964701828
39964706527
39964714279
39964721908
39964728134
39964733749
39964740890
39964746994
39964753036
39964760788
39964766647
39964774459
39964780197
39964786300
39964793014
39964799545
39964808639
39964814010
39964821029
39964828170
39964836044
39964841476
39964848800
39964856490
39964864547
39964870529
39964878158
39964884811
39964891586
39964897445
39964906539
39964913436
39964921188
39964929366
39964936568
39964943404
39964950973
39964957137
39964964522
39964972701
39964980208
39964986251
39964991927
39964999557
39965005050
39965012313
39965018111
39965027266
39965031478
39965040755
39965047957
39965054488
39965061324
39965068038
39965075911
39965082991
39965090255
39965095259
39965102584
39965109542
39965115889
39965120833
39965128096
39965135054
39965141768
39965147139
39965153975
39965159041
39965167403
39965173384
39965181868
39965187605
39965194441
39965199751
39965206892
39965212263
39965220869
39965225020
39965233443
39965240706
39965248091
39965255110
39965262373
39965269209
39965274641
39965281233
39965289107
39965295210
39965302962
39965309004
39965316450
39965321516
39965328108
39965333662
39965341108
39965344648
39965352705
39965355879
39965363630
39965369246
39965374922
39965380354
39965386030
39965391340
39965397016
39965402449
39965407942
39965413557
39965419111
39965425215
39965429548
39965436994
39965441389
39965448286
39965452253
39965458662
39965462934
39965470625
39965475568
39965481550
39965487714
39965493452
39965498274
39965504621
39965509748
39965516889
39965521833
39965528425
39965533308
39965539228
39965543623
39965550092
39965555219
39965562604
39965568830
39965574384
39965580060
39965585737
39965590619
39965596235
39965602460
39965607526
39965612897
39965618024
39965623212
39965628766
39965633588
39965639447
39965645612
39965650007
39965655500
39965659833
39965666303
39965671186
39965676435
39965682843
39965688275
39965693769
39965699140
39965705304
39965709210
39965715070
39965720929
39965726483
39965732038
39965737470
39965743939
39965750531
39965755536
39965763104
39965766889
39965775617
39965779584
39965787640
39965793683
39965799542
39965806012
39965812054
39965819867
39965826276
39965831341
39965838605
39965845013
39965852093
39965858807
39965864728
39965872479
39965878033
39965886090
39965892376
39965898907
39965902813
39965911786
39965915936
39965926983
39965933209
39965939679
39965945294
39965951764
39965958905
39965965435
39965973187
39965978375
39965985028
39965992596
39965999310
39966005841
39966011334
39966017925
39966025738
39966033184
39966039715
39966045269
39966051800
39966058880
39966065350
39966071026
39966079388
39966085247
39966092266
39966097759
39966105816
39966112164
39966118694
39966122845
39966131939
39966136333
39966145489
39966152264
39966158794
39966164776
39966171245
39966180279
39966185711
39966191936
39966198467
39966205974
39966210918
39966217876
39966225261
39966231853
39966239238
39966246563
39966252727
39966259990
39966265911
39966274150
39966280559
39966288677
39966295024
39966302776
39966308696
39966316814
39966322795
39966329997
39966336894
39966342937
39966348613
39966356120
39966359660
39966366679
39966371379
39966377910
39966385051
39966390849
39966394572
39966401469
39966407390
39966413066
39966418742
39966424419
39966431193
39966435588
39966442302
39966446635
39966453349
39966457683
39966464152
39966469768
39966476665
39966481608
39966487529
39966493754
39966498881
39966505046
39966511149
39966516276
39966523600
39966527446
39966534282
39966539103
39966545756
39966551982
39966557597
39966563273
39966569438
39966575846
39966580668
39966585490
