39823204326
39823209880
39823215435
39823222087
39823226543
39823233074
39823238628
39823243206
39823249431
39823255229
39823262187
39823268962
39823273845
39823279888
39823284221
39823292156
39823297771
39823305095
39823311199
39823317546
39823323772
39823330852
39823336894
39823342754
39823349162
39823357463
39823364421
39823370525
39823376811
39823383647
39823389995
39823397685
39823403972
39823410808
39823417094
39823422893
39823428203
39823436198
39823444743
39823451396
39823458171
39823464763
39823470683
39823477580
39823484599
39823491740
39823498393
39823504252
39823510966
39823517741
39823523417
39823531230
39823538798
39823544596
39823552958
39823557963
39823565776
39823571574
39823579936
39823588358
39823595133
39823599101
39823608195
39823615519
39823622782
39823630106
39823636515
39823644755
39823650248
39823657755
39823663554
39823673075
39823679911
39823686381
39823694376
39823702128
39823708719
39823714335
39823722452
39823730692
39823737528
39823745524
39823750834
39823758768
39823764444
39823772257
39823777933
39823786417
39823795389
39823800943
39823808756
39823815836
39823822367
39823827555
39823836039
39823841837
39823851358
39823856424
39823864908
39823871683
39823879007
39823884622
39823893533
39823901590
39823905740
39823915933
39823923380
39823930826
39823937051
39823945413
39823952554
39823959024
39823965677
39823972269
39823978799
39823985513
39823995340
39824002847
39824010538
39824020852
39824027933
39824035318
39824041910
39824050088
39824057412
39824063882
39824073709
39824081155
39824088845
39824096902
39824104898
39824113321
39824121438
39824129068
39824136819
39824143533
39824151467
39824159402
39824167764
39824174844
39824181619
39824190042
39824196755
39824204629
39824213662
39824224770
39824231789
39824240762
39824249062
39824258828
39824266457
39824273965
39824283913
39824294533
39824303017
39824310036
39824318825
39824325905
39824332253
39824340737
39824352028
39824362160
39824368203
39824378701
39824387185
39824396157
39824403481
39824410805
39824419838
39824429055
39824436989
39824445534
39824452614
39824463661
39824472817
39824482582
39824488991
39824498268
39824504616
39824513710
39824521278
39824530373
39824537697
39824544899
39824554420
39824563209
39824571693
39824580910
39824588478
39824596351
39824604774
39824613197
39824620704
39824630104
39824637855
39824645973
39824654762
39824665809
39824671852
39824682472
39824691444
39824700599
39824710670
39824717628
39824723487
39824734657
39824740089
39824751197
39824759925
39824767677
39824776344
39824785072
39824793006
39824803870
39824810462
39824821632
39824827186
39824837257
39824842567
39824851600
39824861549
39824870032
39824878150
39824886939
39824894263
39824902564
39824910010
39824918311
39824928260
39824936194
39824946753
39824953223
39824962684
39824969519
39824976355
39824984717
39824994544
39825002967
39825012732
39825016394
39825029395
39825036048
39825044654
39825051245
39825060828
39825069617
39825079688
39825085730
39825095374
39825104834
39825111548
39825118750
39825126929
39825134375
39825144202
39825152930
39825162207
39825167456
39825178198
39825185950
39825195654
39825203589
39825212378
39825221228
39825229956
39825238989
39825247290
39825254553
39825263342
39825269629
39825278601
39825289160
39825296301
39825305273
39825313086
39825319067
39825327063
39825335180
39825342749
39825351599
39825359106
39825366491
39825374548
39825380895
39825389379
39825396764
39825405554
39825413183
39825420751
39825428808
39825436864
39825445348
39825452734
39825461034
39825469701
39825477880
39825485570
39825493871
39825501562
39825510412
39825519140
39825526708
39825535863
39825544957
39825551854
39825559423
39825567479
39825574193
39825583532
39825591710
39825599523
39825607640
39825614171
39825622228
39825629491
39825637731
39825644994
39825654332
39825663915
39825671239
39825678197
39825686437
39825693395
39825702977
39825710973
39825718785
39825725438
39825735020
39825742955
39825753026
39825758031
39825769627
39825776341
39825784398
39825791661
39825800816
39825809666
39825816380
39825825047
39825833958
39825842808
39825850804
39825858860
39825866368
39825872532
39825881504
39825890416
39825897801
39825904515
39825914097
39825921665
39825929539
39825936558
39825947483
39825957798
39825966953
39825973606
39825982151
39825990330
39825998814
39826005772
39826014805
39826024570
39826031406
39826040623
39826050266
39826056553
39826065891
39826073337
39826084019
39826092197
39826099399
39826108127
39826115635
39826126011
39826132969
39826141330
39826149021
39826158970
39826166233
39826174289
39826181614
39826191562
39826199863
39826209323
39826215976
39826227085
39826232639
39826243686
39826249118
39826259555
39826264804
39826278049
39826288852
39826296176
39826306308
39826316013
39826324741
39826331943
39826342380
39826349460
39826358615
39826367587
39826375827
39826384433
39826392612
39826401401
39826409701
39826417758
39826427035
39826433688
39826444125
39826450961
39826460666
39826467074
39826475680
39826485080
39826493014
39826499240
39826505343
39826511264
39826519015
39826522860
39826531710
39826538546
39826544528
39826551791
39826556002
39826562838
39826567721
39826575411
39826581027
39826586947
39826593234
39826598910
39826605257
39826611300
39826616366
39826623141
39826629427
39826634737
39826640536
39826647250
39826652926
39826659273
39826664156
39826670687
39826676913
39826682772
39826687777
39826694124
39826700472
39826706331
39826713412
39826719515
39826725680
39826730440
39826736727
39826742220
39826747652
39826753878
39826759615
39826764498
39826770845
39826777254
39826780184
39826788362
39826795382
39826799715
39826806429
39826809481
39826817354
39826822115
39826827791
39826834932
39826839388
39826846163
39826851168
39826856355
39826862459
39826868501
39826874605
39826879183
39826885469
39826890596
39826897188
39826904451
39826911531
39826918428
39826923616
39826930696
39826935884
39826943941
39826949373
39826956758
39826963228
39826969514
39826973299
39826982881
39826986970
39826995881
39827003999
39827011079
39827018098
39827025544
39827032014
39827037263
39827046296
39827051484
39827060029
39827067659
39827074983
39827080781
39827088411
39827094209
39827101594
39827107576
39827116365
39827123200
39827130952
39827135285
39827143769
39827150178
39827157990
39827164643
39827171479
39827178681
39827185639
39827193269
39827200105
39827205903
39827212800
39827220551
39827225922
39827233613
39827240449
39827246796
39827253815
39827261079
39827268525
39827274872
39827282136
39827288911
39827294770
39827303010
39827308747
39827316376
39827322236
39827329499
39827335358
39827343171
39827348847
39827357148
39827363007
39827371796
39827378388
39827385407
39827393097
39827400055
39827406769
39827413605
39827418427
39827425995
39827433869
39827440705
39827447357
39827454437
39827461151
39827468048
39827475800
39827481110
39827489594
39827495758
39827503571
39827510407
39827517365
39827522430
39827528168
39827534576
39827539886
39827546478
39827551971
39827556915
39827564728
39827571075
39827577057
39827581329
39827589630
39827596161
39827602264
39827608124
39827614044
39827620147
39827624664
39827631988
39827637115
39827644806
39827649994
39827655792
39827662323
39827668670
39827673736
39827679779
39827685089
39827692169
39827697296
39827703887
39827708892
39827716278
39827722076
39827728301
39827734893
39827740753
39827746551
39827752471
39827758697
39827764617
39827771148
39827777801
39827782684
39827788543
39827794891
39827800872
39827805816
39827811797
39827818023
39827824737
39827830108
39827835662
39827840789
39827846282
39827851958
39827857940
39827863067
39827869292
39827875640
39827880889
39827886016
39827891265
39827897491
39827902251
39827908660
39827913665
39827919524
39827925872
39827929778
39827936187
39827941008
39827949553
39827953276
39827962554
39827967681
39827973845
39827981414
39827986846
39827994597
39828000762
39828006926
39828014373
39828020903
39828028289
39828034148
39828041777
39828048003
39828055083
39828061858
39828068511
39828076079
39828083891
39828089934
39828097685
39828103972
39828110381
39828117400
39828125945
39828131255
39828139128
39828146269
39828152861
39828158476
39828166899
39828174101
39828180937
39828188139
39828194792
39828201872
39828209013
39828215544
39828221281
39828229277
39828237944
39828244597
39828251432
39828258146
39828265226
39828270414
39828278349
39828287199
39828293730
39828300505
39828307157
39828314054
39828320646
39828327421
39828335234
39828342436
39828348661
39828355802
39828362211
39828370512
39828376066
39828383695
39828390958
39828398100
39828405607
39828411832
39828418546
39828425260
39828432523
39828440275
39828447172
39828454984
39828460477
39828470182
39828474515
39828483488
39828492155
39828499418
39828507474
39828514860
39828520475
39828527005
39828533780
39828540860
39828546659
39828551481
39828558500
39828561918
39828569669
39828575589
39828581693
39828589383
39828594205
39828600980
39828605924
39828613004
39828616422
39828623990
39828631131
39828636868
39828642789
39828649137
39828654019
39828661099
39828666470
39828673367
39828679166
39828685819
39828690152
39828696988
39828703091
39828708218
39828714627
39828721280
39828727444
39828733365
39828739346
39828745572
39828750210
39828756680
39828763516
39828768338
39828774502
39828780423
39828785611
39828790799
39828796536
39828803067
39828807766
39828815945
39828822049
39828827481
39828832913
39828839016
39828844571
39828851101
39828856472
39828863064
39828868374
39828874112
39828880276
39828885159
39828891812
39828898220
39828902371
39828908535
39828915249
39828921170
39828925808
39828931790
39828938137
39828942959
39828949734
39828954861
39828963406
39828970364
39828976284
39828983181
39828988247
39828995754
39829000881
39829008450
39829014797
39829020962
39829027554
39829034267
39829041714
39829048000
39829056179
39829063442
39829071010
39829075039
39829083156
39829090542
39829096889
39829103786
39829112087
39829119838
39829126125
39829131862
39829137478
39829145229
39829152248
39829159450
39829166225
39829172878
39829180324
39829187709
39829194301
39829199977
39829208156
39829216091
39829222743
39829229396
39829235988
39829242519
39829249660
39829256252
39829264491
39829270534
39829277065
39829284694
39829291835
39829298488
39829305324
39829312770
39829320888
39829326625
39829334499
39829338466
39829347987
39829352626
39829360805
39829367457
39829374232
39829381373
39829388392
39829395045
39829400660
39829408473
39829415187
39829423427
39829431056
39829436122
39829444789
39829450282
39829457850
39829464015
39829472682
39829477015
39829486659
39829494288
39829501490
39829508998
39829517420
39829523585
39829530482
39829536463
39829541224
39829547633
39829553431
39829559535
39829566004
39829571742
39829577296
39829583155
39829588587
39829594752
39829601283
39829607020
39829613062
39829619105
39829624720
39829630579
39829636927
39829642969
39829648585
39829654993
39829659815
39829666529
39829672083
39829678187
39829684107
39829690027
39829697169
39829703516
39829708704
39829713648
39829719996
39829724878
39829732020
39829738977
39829745020
39829751368
39829757532
39829762537
39829768579
39829775171
39829781214
39829786585
39829792383
39829798059
39829803064
39829808679
39829815271
39829821375
39829826685
39829832117
39829837244
39829842798
39829848535
39829854151
39829859400
39829865625
39829871973
39829877405
39829882654
39829888330
39829894556
39829899622
39829906213
39829911646
39829916772
39829922205
39829927393
39829933923
39829941675
39829947229
39829953088
39829960474
39829967309
39829974084
39829979516
39829986596
39829993066
39829998803
39830006494
39830012292
39830018335
39830024743
39830032251
39830039880
39830045495
39830053857
39830060083
39830066613
39830071435
39830079614
39830088159
39830093103
39830100305
39830107507
39830114648
39830120996
39830127954
39830134728
39830141381
39830149316
39830154321
39830162316
39830167321
39830174523
39830182275
39830190759
39830194482
39830203088
39830210717
39830217370
39830223229
39830230431
39830238122
39830243798
39830251794
39830257470
39830265282
39830271752
39830278588
39830286156
39830292809
39830300194
39830305260
39830312829
39830319848
39830328209
39830335656
39830342308
39830348656
39830355370
39830361657
39830368798
39830375389
39830381127
39830389672
39830397728
39830411949
39830427330
39830434654
39830441551
39830449608
39830455040
39830462242
39830469505
39830477257
39830484764
39830491844
39830498009
39830506371
39830511620
39830519737
39830527122
39830532127
39830539329
39830545494
39830551048
39830557518
39830562523
39830569969
39830575096
39830581993
39830585594
39830593712
39830597740
39830606163
39830612694
39830618431
39830622703
39830630577
39830636680
39830643272
39830649620
39830654136
39830660667
39830666648
39830672691
39830679161
39830685142
39830690513
39830697044
39830703575
39830710350
39830715171
39830721397
39830726402
39830732383
39830739158
39830744590
39830749534
39830757285
39830762290
39830769126
39830774131
39830779929
39830784507
39830791465
39830796592
39830803001
39830806236
39830813193
39830819419
39830825034
39830830833
39830836204
39830841514
39830845603
39830852683
39830856711
39830863364
39830869285
39830874290
39830878928
39830885398
39830889976
39830896628
39830901877
39830907859
39830913108
39830918479
39830924094
39830929587
39830935630
39830941062
39830946860
39830950949
39830957602
39830963523
39830968589
39830972800
39830980735
39830987509
39830993918
39830999167
39831006247
39831011557
39831018271
39831023520
39831031577
39831037680
39831044760
39831052451
39831059348
39831065268
39831072165
39831079306
39831086081
39831092795
39831099631
39831105978
39831112936
39831119711
39831126608
39831133932
39831141440
39831148398
39831156332
39831162436
39831169882
39831175558
39831183127
39831190817
39831196615
39831203573
39831211691
39831217795
39831223593
39831230917
39831236654
39831245626
39831252157
39831259603
39831263937
39831272177
39831278158
39831286764
39831290792
39831299765
39831307638
39831314901
39831319845
39831328756
39831334493
39831341512
39831349447
39831356283
39831363729
39831369589
39831376913
39831383810
39831390768
39831397604
39831405660
39831410848
39831418722
39831426290
39831433187
39831438985
39831446676
39831452474
39831460836
39831466573
39831474386
39831480184
39831487874
39831493612
39831500020
39831508199
39831514730
39831521383
39831528890
39831533223
39831542501
39831546712
39831555318
39831561605
39831569478
39831575765
39831585286
39831592977
39831598897
39831604634
39831610616
39831616048
39831622090
39831626546
39831633870
39831640401
39831646260
39831651997
39831658040
39831663838
39831669637
39831675679
39831682088
39831687703
39831694173
39831699055
39831705647
39831710957
39831717549
39831723469
39831730000
39831736165
39831741536
39831748616
39831753621
39831760701
39831766316
39831772236
39831777974
39831784199
39831790669
39831796528
39831802571
39831808552
39831814961
39831822163
39831828083
39831834675
39831839863
39831844746
39831850727
39831856404
39831861775
39831867207
39831872395
39831877705
39831883198
39831888874
39831893147
39831898579
39831905354
39831910542
39831915425
39831921589
39831926838
39831931782
39831936970
39831943318
39831948933
39831953327
39831959492
39831963764
39831969746
39831974445
39831980122
39831987263
39831991169
39831996540
39832002033
39832007404
39832012836
39832017841
39832023823
39832031696
39832037983
39832043964
39832050800
39832056843
39832063495
39832068561
39832076679
39832081806
39832089191
39832094806
39832101154
39832107258
39832114399
39832121113
39832127338
39832134723
39832139606
39832147358
39832154316
39832160907
39832167377
39832175312
39832181354
39832187763
39832193744
39832200458
39832207355
39832214130
39832221271
39832228107
39832233661
39832240009
39832246967
39832253314
39832260639
39832269122
39832275287
39832280597
39832288837
39832294208
39832300800
39832306903
39832315753
39832322711
39832328082
39832333881
39832341571
39832348590
39832355792
39832361835
39832369098
39832376056
39832382709
39832388629
39832395221
39832402362
39832407733
39832415789
39832421405
39832429644
39832435931
39832443438
39832451312
39832457721
39832463092
39832469805
39832475848
39832482928
39832488482
39832495501
39832501116
39832509417
39832516436
39832524615
39832529131
39832537798
39832544879
39832551959
39832557024
39832564593
39832571856
39832578997
39832586138
39832591143
39832597918
39832604449
39832609881
39832616106
39832620989
39832627581
39832632281
39832638628
39832644305
39832649493
39832656817
39832661944
39832668963
39832675554
39832682085
39832686297
39832694231
39832698321
39832705645
39832712175
39832718584
39832722551
39832730425
39832736467
39832740740
39832746843
39832751238
39832757524
39832763811
39832768572
39832774736
39832779802
39832786028
39832791399
39832796282
39832801531
39832810076
39832815752
39832821123
39832828020
39832833696
39832839555
39832845293
39832852617
39832857683
39832864336
39832870927
39832877214
39832882036
39832887773
39832894060
39832898454
39832903886
39832909074
39832914690
39832920732
39832925981
39832930803
39832938798
39832942216
39832950578
39832955156
39832960649
39832966630
39832971879
39832977800
39832983781
39832988908
39832994706
39833000505
39833004960
39833010392
39833016435
39833022111
39833026750
39833033097
39833037675
39833044450
39833050492
39833058061
39833062455
39833070207
39833077958
39833082780
39833090165
39833096940
39833102372
39833109147
39833115800
39833122758
39833128983
39833134843
39833143876
39833150468
39833155961
39833164018
39833170731
39833177323
39833183366
39833189042
39833197770
39833205216
39833210465
39833216202
39833224747
39833232499
39833237870
39833244523
39833251847
39833259415
39833266251
39833271195
39833279313
39833286515
39833293595
39833300675
39833307633
39833313797
39833320755
39833327897
39833334916
39833342362
39833349869
39833356888
39833362259
39833370499
39833375748
39833383927
39833389603
39833397171
39833404618
39833410782
39833418228
39833425186
39833432694
39833439713
39833445633
39833452469
39833458450
39833467484
39833473404
39833480606
39833486649
39833494400
39833500626
39833509293
39833516006
39833521866
39833527786
39833536880
39833540970
39833551468
39833558304
39833565323
39833572342
39833579239
39833585403
39833592239
39833599502
39833607376
39833614639
39833620376
39833628006
39833635696
39833643875
39833649551
39833659072
39833671890
39833684585
39833691909
39833698013
39833701675
39833709670
39833714980
39833722488
39833727981
39833733901
39833740920
39833745010
39833752578
39833757400
39833765151
39833771072
39833777480
39833780837
39833789077
39833795730
39833801650
39833808303
39833814529
39833820632
39833825149
39833831008
39833835342
39833842849
39833846633
39833853652
39833859694
39833865127
39833870986
39833876418
39833882583
39833888137
39833893874
39833898757
39833905471
39833911025
39833916640
39833921096
39833926589
39833932692
39833939223
39833946120
39833951674
39833957045
39833962844
39833967726
39833972853
39833978957
39833983412
39833988845
39833992995
39833999587
39834005202
39834009291
39834016554
39834021742
39834027541
39834032546
39834037428
39834042433
39834048964
39834054274
39834060744
39834065871
39834071547
39834076918
39834082777
39834089003
39834094374
39834103224
39834108290
39834115248
39834121779
39834128432
39834135084
39834143080
39834148695
39834156813
39834161329
39834168104
39834176954
39834184462
39834190931
39834195875
39834202894
39834210646
39834219862
39834226698
39834232557
39834239454
39834246229
39834252150
39834258680
39834265333
39834273512
39834279005
39834285963
39834291090
39834300184
39834305494
39834312818
39834321058
39834326917
39834335279
39834341627
39834350111
39834354261
39834363722
39834370802
39834377393
39834383558
39834390699
39834398328
39834403516
39834411024
39834418897
39834425672
39834431409
39834439832
39834446485
39834453748
39834461011
39834467969
39834474988
39834480176
39834488538
39834494520
39834502637
39834509473
39834518018
39834522718
39834531385
39834538831
39834545545
39834552076
39834558972
39834565564
39834573316
39834579480
39834586927
39834594373
39834600415
39834608167
39834615430
39834624219
39834630505
39834638074
39834646191
39834653882
39834661145
39834666760
39834673230
39834680249
39834687329
39834691846
39834698498
39834703625
39834710400
39834716321
39834723645
39834727368
39834735303
39834741589
39834747571
39834754162
39834758740
39834765698
39834770703
39834776928
39834783093
39834788891
39834793957
39834800854
39834807385
39834813733
39834819409
39834825451
39834832104
39834838208
39834843945
39834850048
39834855664
39834862438
39834868542
39834873608
39834880810
39834886791
39834892895
39834898937
39834905834
39834911816
39834916271
39834923168
39834929577
39834935742
39834940685
39834946117
39834950817
39834957287
39834962902
39834968212
39834974255
39834979748
39834985241
39834991100
39834997387
39835002209
39835008617
39835012157
39835019237
39835025036
39835030651
39835037609
39835042370
39835047924
39835053539
39835059154
39835063915
39835072277
39835078624
39835082897
39835088634
39835094494
39835101085
39835106640
39835115001
39835119518
39835127025
39835134777
39835139537
39835146740
39835154247
39835161693
39835168346
39835174449
39835181713
39835187145
39835196056
39835202220
39835209789
39835215587
39835223216
39835229320
39835237132
39835244945
39835251537
39835257701
39835267040
39835273570
39835279063
39835286205
39835291576
39835300059
39835306102
39835311961
39835317393
39835326060
39835333812
39835340159
39835346751
39835351634
39835358836
39835365428
39835374156
39835379649
39835387156
39835392589
39835400035
39835405467
39835412364
39835418284
39835426341
39835432627
39835438975
39835446177
39835452586
39835458201
39835465037
39835472788
39835477793
39835485667
39835490672
39835498301
39835505320
39835511363
39835519175
39835524790
39835532603
39835538584
39835544016
39835551463
39835557017
39835564036
39835569529
39835578135
39835584605
39835591013
39835597483
39835603892
39835611521
39835617258
39835624949
39835632639
39835638071
39835645701
39835653452
39835659372
39835665964
39835674631
39835681345
39835686777
39835693979
39835699411
39835706308
39835711252
39835719614
39835723215
39835731333
39835737131
39835742807
39835749521
39835753733
39835760446
39835765818
39835773020
39835777597
39835783151
39835789072
39835794626
39835799326
39835806528
39835811960
39835818369
39835821665
39835829233
39835834909
39835840402
39835846323
39835852914
39835859445
39835863657
39835870676
39835875253
39835881418
39835886240
39835892160
39835899179
39835904062
39835909128
39835915292
39835921945
39835927499
39835933176
39835938852
39835944040
39835948984
39835953927
39835959054
39835965341
39835970773
39835975900
39835980661
39835987436
39835992746
39835997567
39836003183
39836008432
39836014169
39836018258
39836023629
39836028817
39836034494
39836039987
39836045968
39836050119
39836055551
39836061776
39836067208
39836073251
39836078256
39836083016
39836088143
39836093331
39836099496
39836105782
39836113046
39836119821
39836123361
39836132455
39836137826
39836144357
39836151559
39836157906
39836163033
39836169442
39836175362
39836182809
39836189584
39836196297
39836203011
39836209908
39836216378
39836222420
39836228707
39836235360
39836240853
39836250008
39836255684
39836263253
39836268746
39836275948
39836281319
39836290352
39836294198
39836302559
39836309456
39836315865
39836322579
39836328987
39836335823
39836343331
39836349800
39836357003
39836363106
39836369881
39836375862
39836383064
39836390755
39836396858
39836404549
39836410713
39836416634
39836423164
39836430306
39836434212
39836442574
39836449837
39836456673
39836462837
39836469185
39836476570
39836483467
39836489876
39836498421
39836504036
39836511116
39836517830
39836523140
39836530586
39836536079
39836544075
39836551216
39836557747
39836564338
39836570747
39836577766
39836584236
39836590828
39836596443
39836605476
39836611030
39836617805
39836624702
39836631050
39836636970
39836646125
39836652168
39836660469
39836667243
39836674324
39836680854
39836686592
39836692268
39836697273
39836702339
39836710212
39836713386
39836721870
39836726631
39836732185
39836738410
39836744514
39836750373
39836756843
39836764045
39836767951
39836777534
39836782844
39836788764
39836795417
39836801887
39836807258
39836813605
39836818732
39836825080
39836832160
39836837409
39836844428
39836850837
39836856696
39836860053
39836867682
39836873969
39836879950
39836886481
39836890937
39836897834
39836903754
39836908149
39836914069
39836919501
39836926215
39836931891
39836936591
39836942755
39836947333
39836953559
39836957831
39836964789
39836970221
39836975348
39836981024
39836986090
39836991156
39836996649
39837001532
39837008246
39837013739
39837020087
39837025092
39837029974
39837035101
39837041205
39837045599
39837051825
39837057562
39837062628
39837068121
39837073492
39837077643
39837083990
39837088751
39837095587
39837101080
39837106390
39837112433
39837118353
39837125067
39837132696
39837138678
39837143561
39837151190
39837156866
39837163580
39837169561
39837175787
39837182684
39837189032
39837196295
39837201117
39837208685
39837215582
39837221930
39837228643
39837236151
39837241522
39837249517
39837254888
39837262884
39837266729
39837275762
39837282720
39837289129
39837295416
39837301946
39837308538
39837315008
39837321661
39837329351
39837336981
39837342291
39837349676
39837355108
39837362554
39837367803
39837375799
39837381902
39837388799
39837392583
39837401128
39837408269
39837414739
39837421331
39837428106
39837436284
39837441533
39837448430
39837455449
39837461919
39837466741
39837474920
39837480657
39837488897
39837494207
39837500554
39837505986
39837514165
39837520330
39837527471
39837534307
39837541082
39837547551
39837554082
39837560308
39837566655
39837573857
39837579412
39837586919
39837593816
39837600591
39837605473
39837613896
39837619389
39837626286
39837635381
39837643315
39837650029
39837657658
39837664983
39837671941
39837676091
39837684941
39837693364
39837698186
39837705144
39837710576
39837715459
39837721013
39837727177
39837731572
39837738591
39837744999
39837750187
39837756169
39837761723
39837766484
39837773564
39837778813
39837785344
39837790654
39837796208
39837801640
39837807499
39837813969
39837820500
39837825810
39837831608
39837837040
39837842594
39837848515
39837854313
39837859379
39837866398
39837872318
39837876896
39837884159
39837889530
39837895695
39837901615
39837908207
39837913883
39837919499
39837924809
39837930241
39837936344
39837940556
39837947331
39837953861
39837958866
39837964420
39837969059
39837973392
39837979862
39837984013
39837989933
39837995243
39838001163
39838006595
39838011722
39838016666
39838021671
39838027775
39838033634
39838039188
39838043400
39838048771
39838054813
39838059879
39838065616
39838071354
39838076786
39838082157
39838088016
39838093509
39838097843
39838103397
39838109378
39838115299
39838123416
39838127750
39838134586
39838141483
39838147403
39838153812
39838158512
39838166995
39838172061
39838178592
39838183536
39838191776
39838197879
39838204471
39838211551
39838218387
39838224979
39838231509
39838237613
39838244022
39838250980
39838257632
39838264163
39838271060
39838277103
39838284244
39838290591
39838295901
39838303958
39838309817
39838317935
39838324100
39838330203
39838336246
39838343936
39838347781
39838356021
39838362796
39838369632
39838376895
39838384402
39838390689
39838397891
39838404788
39838412295
39838420413
39838426394
39838433596
39838439700
39838447818
39838451907
39838462100
39838469119
39838476016
39838481692
39838488345
39838496279
39838504336
39838512026
39838518069
39838526186
39838531924
39838540530
39838544680
39838553530
39838559206
39838567812
39838576052
39838582949
39838590029
39838597109
39838602846
39838609682
39838617068
39838624514
39838632021
39838639528
39838646120
39838652346
39838660341
39838669069
39838674929
39838683413
39838690920
39838698061
39838704897
39838711855
39838718630
39838724428
39838729555
39838736391
39838741701
39838748720
39838755312
39838759645
39838766786
39838771791
39838778261
39838785707
39838791261
39838798097
39838803652
39838809450
39838816469
39838821657
39838827943
39838833864
39838838808
39838846498
39838850465
39838857545
39838864748
39838869142
39838875917
39838880922
39838887880
39838892824
39838898927
39838906129
39838911867
39838917360
39838923219
39838930238
39838934877
39838941408
39838947084
39838953431
39838959230
39838964479
39838969850
39838975587
39838980531
39838987672
39838992921
39838997926
39839003297
39839009889
39839015504
39839020753
39839025697
39839032899
39839038209
39839043336
39839048585
39839054322
39839060853
39839066346
39839071534
39839077882
39839083619
39839088807
39839093324
39839099915
39839104737
39839110841
39839116944
39839122865
39839130433
39839135743
39839142396
39839150697
39839156922
39839163941
39839170716
39839175965
39839182496
39839188599
39839196534
39839202637
39839209168
39839216004
39839222291
39839229615
39839237427
39839243775
39839251343
39839257691
39839265809
39839272706
39839279236
39839286438
39839295166
39839301514
39839307190
39839315491
39839322266
39839328919
39839335755
39839345337
39839352783
39839358277
39839366089
39839370117
39839379395
39839384278
39839392944
39839401734
39839406738
39839415222
39839420837
39839428650
39839435059
39839442139
39839450806
39839455933
39839464294
39839469604
39839477783
39839483520
39839491760
39839500122
39839506775
39839513855
39839520630
39839527099
39839534302
39839540466
39839547912
39839555847
39839562256
39839569030
39839576294
39839582946
39839589599
39839597107
39839605041
39839610473
39839617614
39839623962
39839631591
39839635742
39839645080
39839652893
39839660827
39839667907
39839675842
39839681701
39839687927
39839696349
39839702636
39839708984
39839716186
39839722167
39839727233
39839733093
39839739867
39839745055
39839752868
39839758117
39839763427
39839768737
39839775939
39839780700
39839786986
39839794738
39839799743
39839805968
39839810851
39839818847
39839824706
39839830871
39839837584
39839843993
39839850463
39839855834
39839861876
39839868346
39839874083
39839880736
39839885314
39839892943
39839897704
39839905028
39839908568
39839916198
39839923827
39839929564
39839935485
39839941710
39839948058
39839952391
39839959044
39839964964
39839970336
39839975951
39839981505
39839986937
39839991332
39839997923
39840004515
39840009886
39840016417
39840022276
39840026976
39840033141
39840039000
39840045592
39840049498
39840055540
39840061156
39840067747
39840072691
39840078123
39840085142
39840089293
39840095946
39840101683
39840107237
39840111998
39840120360
39840127623
39840133787
39840139891
39840146361
39840153685
39840159483
39840166563
39840174009
39840180723
39840187254
39840192198
39840198851
39840206724
39840213316
39840220884
39840227659
39840235960
39840240965
39840249266
39840254209
39840263304
39840270078
39840277097
39840283750
39840290525
39840297544
39840304258
39840311826
39840318052
39840326353
39840331968
39840339536
39840346311
39840353391
39840361021
39840368894
39840375669
39840382749
39840389768
39840395383
39840403379
39840409849
39840416929
39840425718
39840430906
39840437925
39840445127
39840452451
39840458799
39840466489
39840473752
39840480527
39840487485
39840494931
39840501340
39840506955
39840515378
39840524045
39840530637
39840537778
39840542722
39840550595
39840557675
39840563657
39840572080
39840578061
39840583676
39840591672
39840599667
39840606198
39840613278
39840620541
39840626523
39840634579
39840641599
39840646298
39840655087
39840663876
39840669919
39840679318
39840685055
39840692685
39840699460
39840706235
39840711667
39840719479
39840727109
39840732541
39840736203
39840743771
39840750546
39840756222
39840761715
39840768490
39840775082
39840780819
39840787472
39840791073
39840798458
39840802243
39840810971
39840816891
39840822750
39840829953
39840834591
39840841854
39840848324
39840853634
39840858761
39840866085
39840871212
39840878536
39840884213
39840889828
39840894894
39840902035
39840907711
39840914791
39840918331
39840925961
39840932430
39840938595
39840944698
39840950558
39840956844
39840963436
39840968441
39840974300
39840980221
39840984920
39840991390
39840996029
39841002926
39841005977
39841013485
39841017208
39841023372
39841028499
39841033809
39841039730
39841045406
39841050228
39841055721
39841060787
39841064998
39841071590
39841077510
39841082882
39841088924
39841094417
39841099666
39841105159
39841110897
39841115535
39841122493
39841128536
39841134334
39841141048
39841146968
39841152278
39841158870
39841166561
39841173030
39841179927
39841184810
39841190975
39841195857
39841203670
39841212154
39841218868
39841225215
39841231502
39841238460
39841243221
39841251277
39841259456
39841265742
39841271113
39841279048
39841284419
39841292598
39841296565
39841305964
39841313655
39841320430
39841325801
39841332148
39841339717
39841344600
39841352229
39841360103
39841367061
39841372493
39841380061
39841385310
39841391658
39841398738
39841406306
39841413508
39841420405
39841424067
39841433222
39841439814
39841446162
39841453059
39841459834
39841467341
39841472407
39841479792
39841486689
39841492793
39841499568
39841506525
39841512812
39841521113
39841527338
39841533808
39841540339
39841546809
39841553339
39841560114
39841568110
39841573115
39841580134
39841587153
39841594172
39841599604
39841607416
39841613520
39841621027
39841626398
39841634821
39841641413
39841647822
39841654352
39841661066
39841667719
39841674982
39841682306
39841689936
39841696466
39841701044
39841708429
39841713983
39841720697
39841725519
39841731928
39841736566
39841742792
39841747492
39841753839
39841758722
39841766229
39841771845
39841777338
39841781244
39841788141
39841794733
39841799310
39841806085
39841812433
39841817926
39841822137
39841829157
39841833673
39841839899
39841845270
39841852167
39841856927
39841863824
39841869501
39841875055
39841881158
39841886896
39841893609
39841897882
39841903985
39841909662
39841916253
39841920343
39841926874
39841934747
39841940362
39841945733
39841950921
39841956231
39841962518
39841968560
39841973993
39841978936
39841984307
39841989923
39841995477
39842000482
39842005914
39842011285
39842016900
39842023065
39842026483
39842034295
39842040704
39842046868
39842051507
39842058160
39842063714
39842070367
39842075494
39842080132
39842086236
39842090814
39842097100
39842103753
39842109429
39842114861
39842120599
39842126824
39842131646
39842138421
39842144891
39842152215
39842158990
39842164483
39842171258
39842176995
39842183770
39842190056
39842195367
39842203484
39842209527
39842216790
39842220940
39842230523
39842234612
39842243645
39842250542
39842257622
39842264336
39842271294
39842278130
39842285088
39842292412
39842299370
39842307000
39842312371
39842319878
39842326714
39842333367
39842340142
39842347527
39842355156
39842361260
39842368645
39842375542
39842380852
39842389702
39842395622
39842403496
39842409599
39842418144
39842423882
39842431694
39842438408
39842445732
39842452263
39842459221
39842466850
39842473747
39842477959
39842486870
39842494133
39842500969
39842508171
39842515190
39842521049
39842527946
39842535576
39842542534
39842549125
39842556083
39842561943
39842568840
39842577018
39842582206
39842589714
39842597160
39842603508
39842611015
39842618034
39842623649
39842631828
39842637077
39842644950
39842652458
39842658073
39842665702
39842672904
39842678825
39842686393
39842692802
39842701713
39842708183
39842717216
39842723563
39842731010
39842737479
39842744620
39842751823
39842757255
39842764274
39842770866
39842775870
39842781730
39842787406
39842795280
39842800467
39842806510
39842811637
39842818839
39842824088
39842831901
39842838004
39842843863
39842847342
39842855643
39842861991
39842868033
39842874259
39842880729
39842886405
39842892264
39842897757
39842903678
39842909659
39842915518
39842921622
39842928031
39842933707
39842938162
39842945853
39842950186
39842956595
39842963065
39842968802
39842975638
39842982230
39842987296
39842992972
39842997916
39843005362
39843010367
39843017081
39843022025
39843028372
39843035574
39843041006
39843046561
39843051993
39843057303
39843062857
39843068289
39843073843
39843080740
39843084891
39843091665
39843095816
39843102469
39843108572
39843113638
39843118277
39843124807
39843129446
39843135489
39843141958
39843147390
39843150808
39843158743
39843164297
39843169546
39843174795
39843180288
39843185904
39843191702
39843198660
39843203360
39843210562
39843217459
39843223623
39843230520
39843237844
39843243887
39843250662
39843254446
39843264395
39843270681
39843277517
39843283315
39843290395
39843298574
39843303884
39843311025
39843318044
39843325735
39843330923
39843338796
39843346303
39843353261
39843358510
39843366811
39843372121
39843379934
39843387563
39843393667
39843401418
39843408254
39843414113
39843422292
39843428151
39843436269
39843442128
39843449086
39843457326
39843463308
39843469167
39843477590
39843484243
39843490773
39843497365
39843505483
39843512990
39843519887
39843524770
39843532399
39843540273
39843547048
39843553578
39843561147
39843568471
39843575612
39843581044
39843587941
39843595082
39843602040
39843608693
39843616261
39843623463
39843630482
39843637807
39843645314
39843651723
39843659352
39843666249
39843672658
39843679738
39843687245
39843693349
39843699147
39843706837
39843712636
39843721242
39843727040
39843735219
39843741932
39843749196
39843755299
39843763478
39843769886
39843778920
39843786610
39843794239
39843801686
39843807972
39843813954
39843822193
39843828419
39843834583
39843840382
39843846546
39843853016
39843857533
39843862354
39843869984
39843873646
39843882069
39843888599
39843894581
39843899708
39843905933
39843909351
39843930347
39843934681
39843942860
39843948597
39843954639
39843960682
39843966602
39843973560
39843978138
39843984363
39843990284
39843995472
39844001514
39844007068
39844011646
39844018421
39844023182
39844029590
39844035022
39844040943
39844044361
39844051319
39844056507
39844063038
39844068714
39844074329
39844080005
39844085437
39844091175
39844096180
39844101490
39844107227
39844112476
39844116748
39844123096
39844127368
39844133838
39844139331
39844144580
39844149585
39844154651
39844160388
39844165393
39844170642
39844175647
39844181384
39844185779
39844191821
39844197315
39844202380
39844206653
39844212878
39844217151
39844224353
39844229602
39844234729
39844239673
39844245654
39844252368
39844258716
39844264270
39844271411
39844277331
39844282275
39844289783
39844294726
39844301440
39844306994
39844313830
39844320178
39844326587
39844333178
39844339526
39844346789
39844353259
39844359790
39844365588
39844374255
39844379077
39844387133
39844392688
39844399462
39844406359
39844412768
39844419116
39844426745
39844432177
39844439684
39844445727
39844453295
39844459460
39844466235
39844472826
39844479662
39844486681
39844491564
39844499743
39844504687
39844511584
39844519884
39844527331
39844532824
39844540453
39844545763
39844552843
39844558337
39844565417
39844571154
39844580431
39844585009
39844592638
39844598925
39844605395
39844612047
39844619188
39844628588
39844634386
39844640734
39844647631
39844653368
39844660997
39844667772
39844674669
39844681322
39844685167
39844693407
39844701097
39844707567
39844714281
39844721056
39844727526
39844734789
39844740526
39844747484
39844754137
39844761705
39844767748
39844773729
39844781847
39844787096
39844794847
39844801073
39844808031
39844814989
39844821336
39844827379
39844833055
39844839159
39844845018
39844850023
39844857164
39844863817
39844869127
39844875474
39844880052
39844887193
39844890245
39844897752
39844903734
39844909532
39844915574
39844921251
39844927354
39844933458
39844938401
39844944261
39844949449
39844956651
39844963548
39844966905
39844974290
39844980149
39844985643
39844991380
39844997300
39845003953
39845009934
39845015916
39845020555
39845027757
39845033067
39845039720
39845045396
39845052293
39845058518
39845064683
39845070725
39845076157
39845082017
39845088853
39845095139
39845099229
39845104966
39845111131
39845116624
39845121201
39845127915
39845134019
39845139268
39845144822
39845150315
39845156296
39845161912
39845166855
39845172166
39845178696
39845184556
39845190110
39845195786
39845200730
39845206955
39845211350
39845218308
39845223130
39845229783
39845235398
39845240525
39845246018
39845252915
39845259446
39845266098
39845273117
39845278488
39845286423
39845293076
39845299301
39845305466
39845312424
39845318650
39845325302
39845332199
39845338486
39845346665
39845353501
39845360520
39845368149
39845374924
39845381455
39845386276
39845394333
39845401962
39845409531
39845416244
39845423813
39845428085
39845436691
39845443893
39845452743
39845458969
39845465988
39845473129
39845478378
39845486435
39845493393
39845500595
39845508041
39845515304
39845520614
39845528061
39845535507
39845542160
39845547958
39845555221
39845562851
39845569198
39845575058
39845582870
39845588790
39845596908
39845602767
39845611068
39845617172
39845625228
39845631820
39845638778
39845645248
39845651718
39845657699
39845666366
39845672958
39845679977
39845686630
39845693710
39845701644
39845708541
39845715377
39845722518
39845729293
39845736373
39845742171
39845749007
39845756270
39845763045
39845770125
39845775558
39845784225
39845789596
39845797042
39845804732
39845812484
39845819869
39845827071
39845832930
39845842269
39845848067
39845855635
39845862410
39845868209
39845874800
39845881148
39845887679
39845894698
39845901412
39845906905
39845913558
39845918929
39845925582
39845931380
39845937728
39845943160
39845950362
39845955306
39845960372
39845968245
39845973921
39845979964
39845983748
39845991682
39845997725
39846004378
39846008284
39846018416
39846024336
39846030440
39846035628
39846041731
39846047713
39846053633
39846060469
39846066878
39846073286
39846079390
39846086043
39846091170
39846098128
39846102888
39846109236
39846114851
39846121016
39846127607
39846133406
39846138960
39846144026
39846149580
39846155073
39846161055
39846166670
39846172712
39846176985
39846183332
39846188764
39846195112
39846200544
39846206098
39846212568
39846217085
39846223005
39846227217
39846232954
39846237348
39846243391
39846250715
39846256086
39846261457
39846267011
39846271772
39846277265
39846281904
39846287763
39846294294
39846297651
39846305463
39846308820
39846318647
39846323774
39846329877
39846337873
39846343000
39846350568
39846355451
39846362348
39846367902
39846374189
39846381147
39846387372
39846393293
39846399152
39846405622
39846412580
39846419294
39846425336
39846432721
39846440473
39846446881
39846452924
39846458539
39846464032
39846472394
39846479901
39846486615
39846493085
39846499799
39846507306
39846512250
39846520246
39846527997
39846534039
39846541669
39846546979
39846552533
39846559979
39846565350
39846575055
39846580365
39846588178
39846594830
39846601300
39846607953
39846614301
39846621014
39846628766
39846636395
39846642560
39846648602
39846655560
39846662030
39846667279
39846675152
39846681378
39846689496
39846697369
39846703778
39846709454
39846715924
39846722943
39846730145
39846737774
39846742779
39846750592
39846757611
39846763104
39846770123
39846776593
39846782635
39846791119
39846797833
39846804180
39846811077
39846817608
39846824322
39846832501
39846840557
39846848614
39846854229
39846861248
39846867718
39846875469
39846880901
39846888226
39846893963
39846898724
39846905315
39846910503
39846917217
39846922649
39846928509
39846934856
39846940594
39846946209
39846952190
39846957317
39846963360
39846968487
39846975139
39846981060
39846985760
39846992534
39846997844
39847003460
39847008770
39847014934
39847022869
39847028606
39847033123
39847038738
39847044658
39847050151
39847056255
39847060894
39847067607
39847073955
39847079509
39847084148
39847091228
39847095867
39847101848
39847109966
39847114299
39847119731
39847126323
39847132305
39847137981
39847143535
39847150249
39847156841
39847161113
39847167217
39847172099
39847177959
39847183208
39847188640
39847193889
39847199199
39847205486
39847210918
39847216228
39847220500
39847227031
39847233012
39847239970
39847246196
39847250407
39847255717
39847260844
39847266276
39847272258
39847278911
39847283793
39847290080
39847293315
39847299479
39847305461
39847313578
39847319743
39847326152
39847332255
39847337321
39847345744
39847351542
39847361125
39847364726
39847374552
39847380656
39847387614
39847393168
39847400492
39847407084
39847413615
39847421977
39847429362
39847436259
39847443400
39847450175
39847456217
39847463664
39847471354
39847477213
39847484599
39847490580
39847498759
39847502787
39847513102
39847518595
39847525004
39847532572
39847538004
39847545756
39847551310
39847559916
39847566447
39847572977
39847579874
39847584879
39847592997
39847599527
39847606485
39847612406
39847620096
39847625406
39847632853
39847640482
39847647013
39847652323
39847659159
39847667520
39847672892
39847680399
39847686136
39847693766
39847700785
39847707559
39847715738
39847720987
39847728128
39847735269
39847741312
39847746927
39847756998
39847764017
39847770487
39847776895
39847783670
39847790018
39847796854
39847802957
39847808816
39847817728
39847825601
39847830911
39847838296
39847845560
39847854104
39847860025
39847867593
39847873453
39847880716
39847885843
39847893106
39847897744
39847904519
39847911416
39847917764
39847923135
39847928201
39847935525
39847942483
39847948220
39847953836
39847959939
39847965737
39847970498
39847976785
39847981790
39847988381
39847995400
39848000283
39848007241
39848012979
39848018411
39848022988
39848029214
39848036660
39848042581
39848047341
39848052895
39848058694
39848064736
39848071023
39848077248
39848084328
39848090310
39848095681
39848101113
39848106057
39848112099
39848118203
39848124306
39848128945
39848134804
39848140969
39848146035
39848151772
39848157387
39848164223
39848169106
39848175210
39848179543
39848184182
39848189919
39848195839
39848202126
39848207619
39848213112
39848218544
39848222695
39848229531
39848234902
39848239907
39848243996
39848250466
39848255654
39848262612
39848267556
39848272377
39848280556
39848286598
39848292458
39848298805
39848305153
39848311806
39848317604
39848325112
39848331947
39848338112
39848343910
39848351051
39848356606
39848362953
39848372353
39848379128
39848385353
39848392494
39848399757
39848405189
39848413307
39848419777
39848426186
39848432472
39848439125
39848446144
39848452492
39848460304
39848467872
39848473610
39848480324
39848486610
39848492775
39848500831
39848506263
39848514137
39848521400
39848527626
39848533119
39848541664
39848549049
39848556190
39848564003
39848569007
39848576820
39848582191
39848589393
39848597633
39848605018
39848612159
39848619178
39848626197
39848632118
39848639442
39848645057
39848653541
39848661536
39848666602
39848673743
39848680457
39848686744
39848695228
39848702613
39848710670
39848717139
39848723975
39848729346
39848736610
39848743323
39848749915
39848757056
39848765357
39848769568
39848778724
39848784888
39848792029
39848798987
39848806189
39848814917
39848821997
39848830909
39848837683
39848846167
39848852210
39848858680
39848865393
39848871924
39848877600
39848882605
39848889136
39848894263
39848900855
39848905982
39848913123
39848916846
39848925025
39848931250
39848937109
39848943335
39848949805
39848955786
39848960852
39848966284
39848971655
39848978613
39848984351
39848991187
39848994971
39849002600
39849009131
39849013586
39849020972
39849025122
39849031714
39849039038
39849044348
39849049841
39849056616
39849060278
39849068457
39849075354
39849081762
39849087805
39849093237
39849099646
39849104712
39849110815
39849117285
39849123266
39849129675
39849133703
39849140173
39849145849
39849150671
39849155920
39849163122
39849169165
39849174780
39849180334
39849186010
39849191015
39849197973
39849202856
39849207922
39849216039
39849220861
39849226232
39849231786
39849237646
39849243200
39849249548
39849255651
39849260168
39849266760
39849270116
39849279394
39849283361
39849291479
39849295141
39849303991
39849310827
39849317113
39849324132
39849330907
39849337438
39849344701
39849351476
39849356725
39849363683
39849369481
39849378087
39849383886
39849391393
39849397313
39849405309
39849411168
39849419591
39849426610
39849433873
39849441137
39849448217
39849453893
39849462743
39849470311
39849475560
39849482762
39849489659
39849497289
39849504918
39849511449
39849519139
39849525548
39849531407
39849539037
39849544652
39849553929
39849558751
39849568028
39849574803
39849581273
39849587682
39849594029
39849600987
39849606053
39849614171
39849621495
39849627171
39849634190
39849640111
39849646947
39849653050
39849661473
39849668492
39849675023
39849681492
39849688145
39849694554
39849699131
39849707005
39849714512
39849721226
39849727818
39849734715
39849741124
39849746067
39849754673
39849760533
39849767552
39849772984
39849780613
39849785923
39849793797
39849800083
39849807163
39849814793
39849822239
39849828220
39849835362
39849842747
39849849827
39849856113
39849863560
39849870823
39849877293
39849882481
39849888401
39849894077
39849898655
39849905064
39849910496
39849917454
39849922703
39849929294
39849935032
39849940525
39849946384
39849952183
39849957859
39849964329
39849969761
39849975681
39849981052
39849985691
39849992161
39849997837
39850004368
39850010959
39850016452
39850019748
39850026828
39850030063
39850038608
39850045200
39850051120
39850056003
39850061557
39850068271
39850072422
39850078464
39850085666
39850091587
39850098117
39850102939
39850107578
39850113803
39850118503
39850127536
39850132419
39850137668
39850143222
39850148349
39850153842
39850159335
39850165317
39850170078
39850176791
39850181674
39850186679
39850192050
39850197116
39850202182
39850208469
39850215366
39850219882
39850225253
39850231174
39850236301
39850241061
39850247104
39850252536
39850257846
39850263888
39850267795
39850274020
39850279452
39850285251
39850293918
39850300082
39850304293
39850312289
39850318637
39850324496
39850329806
39850335910
39850343112
39850350375
39850356173
39850361911
39850369479
39850375704
39850382357
39850387301
39850395358
39850402682
39850409030
39850415865
39850420870
39850427950
39850435153
39850441805
39850449007
39850455111
39850462679
39850467928
39850473238
39850481295
39850490023
39850496798
39850502291
39850508700
39850515108
39850521639
39850528719
39850533907
39850542818
39850548067
39850556124
39850561556
39850568392
39850573885
39850581820
39850587801
39850596651
39850600435
39850608370
39850616060
39850622652
39850628023
39850634981
39850643587
39850648714
39850656160
39850663179
39850669283
39850676180
39850682161
39850688143
39850696504
39850701753
39850709627
39850716524
39850722933
39850726656
39850736177
39850744478
39850751192
39850758516
39850765413
39850771577
39850778658
39850784883
39850791231
39850799959
39850807039
39850813997
39850818941
39850826753
39850833528
39850840974
39850849336
39850856721
39850863984
39850868440
39850875642
39850879854
39850886262
39850893647
39850899507
39850904268
39850910920
39850915620
39850921724
39850926362
39850933137
39850940828
39850946687
39850951753
39850957307
39850962983
39850968598
39850973603
39850980317
39850987824
39850992829
39850998078
39851004060
39851009553
39851014375
39851021089
39851028169
39851034150
39851039277
39851044770
39851050874
39851056367
39851062043
39851066682
39851074494
39851080659
39851086152
39851090729
39851097382
39851102204
39851108002
39851113129
39851120209
39851125764
39851131684
39851134858
39851141938
39851148957
39851154755
39851160248
39851165864
39851171845
39851176056
39851182770
39851185700
39851192292
39851199433
39851203461
39851209565
39851215180
39851221161
39851225434
39851231720
39851236969
39851243134
39851246186
39851252961
39851259247
39851263092
39851268952
39851274811
39851280548
39851285187
39851292389
39851297394
39851304657
39851308075
39851317719
39851324921
39851329559
39851336578
39851342926
39851348175
39851354584
39851360809
39851366669
39851375397
39851379120
39851388336
39851395477
39851401947
39851407867
39851414520
39851421356
39851428619
39851434540
39851441498
39851448334
39851453766
39851461700
39851468902
39851476288
39851482879
39851489166
39851493072
39851501617
39851508209
39851515228
39851524078
39851529083
39851537262
39851542572
39851549774
39851555145
39851562530
39851569244
39851577545
39851583770
39851590545
39851596649
39851603179
39851609405
39851618255
39851625152
39851632415
39851637908
39851644866
39851650970
39851657928
39851664703
39851670745
39851678741
39851684173
39851691863
39851695586
39851703399
39851708892
39851717254
39851726043
39851732635
39851739043
39851743865
39851751372
39851758330
39851764495
39851772063
39851779937
39851785308
39851792510
39851797881
39851805388
39851812407
39851819732
39851829070
39851836394
39851843108
39851850127
39851856291
39851863372
39851869170
39851875762
39851882842
39851887847
39851894255
39851900298
39851905913
39851911894
39851917204
39851924346
39851929472
39851934050
39851941008
39851946745
39851952238
39851958464
39851964079
39851970244
39851976469
39851982207
39851986479
39851992461
39851998503
39852004729
39852009856
39852016447
39852021147
39852027556
39852032927
39852039213
39852044523
39852050383
39852056852
39852062651
39852068754
39852074370
39852080229
39852086149
39852091459
39852096403
39852103422
39852108183
39852114958
39852120207
39852125517
39852130766
39852136991
39852143156
39852147245
39852153593
39852159086
39852164152
39852169645
39852175749
39852180754
39852186125
39852192167
39852197294
39852202848
39852207853
39852213041
39852219328
39852224638
39852230985
39852236051
39852240873
39852246549
39852251493
39852256925
39852263578
39852268888
39852274320
39852279752
39852284635
39852290922
39852296415
39852304533
39852310453
39852316129
39852324186
39852329130
39852334806
39852341092
39852348295
39852356412
39852361661
39852368131
39852375821
39852382169
39852388212
39852394742
39852403287
39852408536
39852415372
39852421964
39852428556
39852434720
39852441373
39852449247
39852456266
39852462003
39852469266
39852474759
39852482999
39852488431
39852495267
39852500821
39852510159
39852516690
39852523099
39852528836
39852535123
39852542447
39852549283
39852556485
39852563626
39852570340
39852575711
39852583401
39852588650
39852596219
39852602688
39852609830
39852616849
39852623257
39852629483
39852635830
39852642178
39852649319
39852657376
39852664578
39852670865
39852676358
39852683560
39852691250
39852696194
39852704800
39852711453
39852717984
39852724331
39852727993
39852736355
39852743008
39852749661
39852756802
39852763638
39852770718
39852775845
39852782559
39852789456
39852796902
39852803066
39852811794
39852818691
39852824612
39852830471
39852839809
39852846218
39852853115
39852860073
39852867641
39852873928
39852880093
39852883694
39852891384
39852898037
39852903164
39852911037
39852915798
39852920925
39852927090
39852932644
39852938686
39852945034
39852950832
39852957241
39852960659
39852968105
39852973781
39852979397
39852985744
39852992458
39852999233
39853003627
39853009731
39853016323
39853021450
39853027492
39853032924
39853038478
39853045558
39853050258
39853057094
39853062465
39853067958
39853073329
39853079128
39853087917
39853092189
39853098415
39853103847
39853109706
39853115627
39853120570
39853127651
39853134609
39853139919
39853145839
39853150233
39853156215
39853161281
39853166774
39853173915
39853179774
39853185084
39853189662
39853196620
39853200954
39853206203
39853213710
39853219325
39853224330
39853230128
39853235866
39853239833
39853246119
39853252955
39853259181
39853264918
39853270228
39853276332
39853281764
39853286464
39853291774
39853300563
39853305262
39853314112
39853320277
39853327235
39853333338
39853341395
39853347377
39853353480
39853359706
39853366969
39853373194
39853380335
39853387721
39853394007
39853399989
39853408167
39853415003
39853421900
39853429408
39853436610
39853443446
39853450343
39853456812
39853464136
39853470301
39853477808
39853484583
39853490504
39853499476
39853503809
39853512659
39853519556
39853526392
39853533533
39853539148
39853546656
39853554102
39853560755
39853566980
39853574305
39853580225
39853589380
39853593409
39853602747
39853610926
39853616175
39853623621
39853630457
39853636743
39853644068
39853651880
39853658960
39853665125
39853672205
39853677027
39853684229
39853691004
39853698877
39853704553
39853712183
39853717493
39853724573
39853732080
39853739343
39853746729
39853752344
39853759668
39853766382
39853772485
39853777856
39853786340
39853794275
39853800622
39853807397
39853814233
39853820764
39853828210
39853835412
39853842492
39853849939
39853855676
39853864160
39853871118
39853877404
39853881067
39853888757
39853896386
39853900964
39853907006
39853912805
39853918542
39853923730
39853931176
39853937219
39853942773
39853948022
39853953027
39853959130
39853965173
39853970788
39853975793
39853982873
39853988732
39853994286
39853999719
39854004907
39854011315
39854017846
39854023278
39854028039
39854034631
39854040429
39854045678
39854051598
39854057702
39854064721
39854069421
39854075524
39854080163
39854086632
39854093163
39854100060
39854106225
39854110863
39854117211
39854121850
39854126916
39854132348
39854137108
39854143395
39854151391
39854156762
39854162621
39854168053
39854174157
39854179467
39854185875
39854191552
39854197228
39854201867
39854207055
39854212792
39854217491
39854223961
39854229027
39854234825
39854239647
39854246422
39854251244
39854258202
39854263695
39854268578
39854273949
39854278954
39854286888
39854294029
39854300255
39854306481
39854312767
39854318810
39854324303
39854330833
39854338951
39854346275
39854352257
39854357506
39854365684
39854371788
39854378929
39854386803
39854394310
39854400230
39854407738
39854414390
39854422386
39854428062
39854436180
39854443382
39854450889
39854456321
39854465049
39854470421
39854477501
39854484947
39854493187
39854497520
39854506126
39854510887
39854519676
39854526817
39854533348
39854539024
39854547080
39854553855
39854559471
39854566734
39854573448
39854578819
39854584800
39854592979
39854600181
39854606712
39854613731
39854619102
39854626060
39854633811
39854640525
39854648093
39854655235
39854661643
39854668601
39854675193
39854680869
39854688865
39854694602
39854701987
39854707603
39854713584
39854719687
39854727256
39854734275
39854741172
39854747886
39854754966
39854760886
39854768027
39854774802
39854779502
39854788230
39854795615
39854801596
39854808127
39854816428
39854823996
39854832663
39854839011
39854846640
39854853049
39854858298
39854864829
39854869528
39854876181
39854884055
39854889060
39854893759
39854901389
39854906699
39854912375
39854918601
39854924216
39854930197
39854936545
39854942343
39854947348
39854953696
39854958884
39854964926
39854968710
39854975729
39854979330
39854988180
39854993857
39854999960
39855006430
39855012900
39855019613
39855025229
39855032980
39855037924
39855044577
39855049704
39855056784
39855062521
39855068686
39855074789
39855080587
39855086508
39855092001
39855098349
39855103476
39855108358
39855114340
39855120565
39855126120
39855131246
39855136557
39855141012
39855146017
39855151998
39855156637
39855162496
39855167196
39855171530
39855176901
39855181906
39855187460
39855192831
39855197653
39855204000
39855207784
39855213766
39855217977
39855224752
39855228292
39855233968
39855240011
39855244039
39855249715
39855255392
39855261861
39855269430
39855274557
39855281576
39855285909
39855293355
39855296956
39855305013
39855312032
39855316976
39855323690
39855330587
39855336995
39855344137
39855349630
39855359029
39855366109
39855373067
39855378682
39855386251
39855391011
39855396688
39855404744
39855412374
39855417256
39855424764
39855429952
39855436544
39855442647
39855451253
39855459371
39855464864
39855472920
39855480977
39855487874
39855493367
39855499715
39855507100
39855512593
39855519368
39855524861
39855533711
39855541096
39855546284
39855554341
39855559651
39855567219
39855573323
39855580891
39855587971
39855594807
39855600667
39855605672
39855613179
39855619099
39855626423
39855634419
