39897330418
39897336461
39897342869
39897348668
39897354405
39897362950
39897369664
39897376683
39897381321
39897387974
39897394932
39897400364
39897408543
39897416539
39897423008
39897430333
39897436985
39897444493
39897453343
39897460118
39897467137
39897473728
39897480870
39897489964
39897496067
39897502659
39897509800
39897517429
39897524510
39897529820
39897537571
39897544895
39897550938
39897556614
39897563023
39897570469
39897577854
39897586033
39897592869
39897599644
39897605381
39897613560
39897620762
39897628452
39897634678
39897640598
39897648533
39897653660
39897661594
39897665683
39897675449
39897680088
39897689426
39897696994
39897704136
39897711643
39897716953
39897724704
39897733127
39897740329
39897747348
39897756137
39897762546
39897769382
39897775241
39897784030
39897791538
39897800144
39897808139
39897813754
39897821811
39897829196
39897837558
39897845615
39897852695
39897858371
39897866977
39897872470
39897880649
39897888400
39897896823
39897902865
39897910678
39897916476
39897923678
39897931430
39897938205
39897944369
39897953586
39897960421
39897967746
39897974582
39897981540
39897990085
39897995517
39898002169
39898009921
39898018527
39898025973
39898032748
39898039584
39898045870
39898052951
39898059481
39898066378
39898074496
39898080905
39898090060
39898094760
39898103427
39898109469
39898118563
39898125399
39898132601
39898140109
39898147494
39898155489
39898162630
39898169344
39898176607
39898183260
39898190523
39898198580
39898204134
39898211642
39898218905
39898226290
39898233919
39898241305
39898249849
39898257113
39898262972
39898272310
39898278292
39898287264
39898295076
39898302279
39898310274
39898316988
39898324923
39898330477
39898339693
39898347750
39898355928
39898362154
39898369417
39898373995
39898385042
39898390230
39898400362
39898405672
39898415376
39898423616
39898431978
39898439180
39898447664
39898454866
39898462007
39898471407
39898478670
39898486665
39898494295
39898502901
39898506074
39898517793
39898524385
39898533479
39898539644
39898549836
39898555086
39898565278
39898570527
39898579561
39898587129
39898596406
39898603547
39898610444
39898618745
39898628694
39898636018
39898643830
39898651643
39898659028
39898668000
39898674348
39898684968
39898693086
39898702424
39898709870
39898716218
39898724946
39898732087
39898741364
39898751008
39898758698
39898767731
39898775056
39898782502
39898788117
39898800690
39898806183
39898816865
39898824860
39898834504
39898842194
39898850007
39898856720
39898864472
39898873200
39898881928
39898891694
39898899628
39898908600
39898916535
39898926056
39898929413
39898943268
39898949005
39898962616
39898965790
39898978974
39898984650
39898996735
39899001984
39899011566
39899021698
39899028717
39899038666
39899045990
39899052643
39899063568
39899070831
39899079987
39899089081
39899096100
39899105316
39899110687
39899122650
39899128326
39899139557
39899148102
39899155121
39899162811
39899171844
39899181732
39899189972
39899196746
39899206878
39899213958
39899223114
39899229888
39899239715
39899246429
39899255645
39899264556
39899270049
39899281402
39899290252
39899296783
39899303497
39899314117
39899321746
39899331451
39899338470
39899347320
39899356597
39899363372
39899372283
39899381194
39899390716
39899400176
39899407439
39899416472
39899424285
39899431975
39899442412
39899450103
39899460051
39899468169
39899476287
39899483245
39899493438
39899500335
39899510466
39899518828
39899526152
39899534209
39899542876
39899549712
39899557707
39899564849
39899572600
39899579863
39899587920
39899597746
39899604765
39899612029
39899620573
39899628203
39899635771
39899643279
39899650542
39899658842
39899667021
39899673796
39899682280
39899689238
39899697661
39899704375
39899713469
39899721464
39899729094
39899736113
39899743864
39899751127
39899758452
39899764799
39899772856
39899780973
39899788237
39899797819
39899804716
39899812834
39899819364
39899828154
39899836454
39899844572
39899850431
39899859526
39899862699
39899874784
39899883329
39899891874
39899899564
39899908231
39899916898
39899923368
39899931730
39899941312
39899948820
39899959318
39899969572
39899977018
39899985746
39899992643
39900000699
39900009183
39900017789
39900025297
39900032071
39900040128
39900046964
39900055814
39900060636
39900070768
39900079374
39900087186
39900094022
39900100248
39900108976
39900118558
39900125821
39900133206
39900140348
39900147061
39900156217
39900161160
39900171720
39900177640
39900191373
39900199796
39900206876
39900215482
39900224759
39900230985
39900240018
39900246182
39900255276
39900263638
39900270901
39900279141
39900286404
39900296780
39900303006
39900313382
39900322232
39900330777
39900339322
39900345669
39900355496
39900362027
39900370755
39900379788
39900386868
39900395413
39900402920
39900411404
39900419461
39900427944
39900434719
39900443814
39900452053
39900460537
39900467434
39900476101
39900484463
39900490994
39900500088
39900510403
39900519680
39900526028
39900531338
39900542995
39900551418
39900558193
39900567654
39900577846
39900586758
39900596706
39900604641
39900612026
39900622402
39900629421
39900639065
39900646145
39900652065
39900664333
39900669765
39900678371
39900686733
39900694057
39900700649
39900709987
39900716945
39900722927
39900728603
39900735866
39900741359
39900747890
39900752956
39900759914
39900765041
39900772060
39900777980
39900783351
39900788539
39900796352
39900800075
39900807521
39900812587
39900819667
39900823390
39900831447
39900837245
39900843715
39900850551
39900856898
39900863307
39900869350
39900875148
39900881251
39900887599
39900891994
39900899318
39900904262
39900911281
39900916224
39900923060
39900929103
39900934901
39900940638
39900947169
39900953883
39900958461
39900965297
39900969752
39900976832
39900981654
39900987513
39900992030
39900999171
39901004908
39901010279
39901016444
39901020533
39901026759
39901034083
39901039088
39901044154
39901050624
39901055262
39901060755
39901066798
39901073268
39901079005
39901083460
39901089381
39901094752
39901100001
39901106349
39901112513
39901118433
39901123682
39901131190
39901137110
39901144251
39901148585
39901155909
39901162806
39901168970
39901175501
39901181971
39901188868
39901194849
39901201441
39901207911
39901214625
39901222193
39901227320
39901234278
39901240931
39901248377
39901255152
39901263636
39901269922
39901276819
39901283594
39901290308
39901297754
39901305384
39901311487
39901318567
39901324243
39901332361
39901338587
39901342676
39901351282
39901358179
39901364832
39901372217
39901378748
39901385584
39901390588
39901398584
39901406213
39901412500
39901418054
39901425684
39901432214
39901439050
39901446130
39901452966
39901460352
39901467554
39901473657
39901478784
39901486352
39901491968
39901500513
39901506799
39901514612
39901519433
39901527551
39901534448
39901541162
39901547143
39901554529
39901561486
39901567041
39901576684
39901580651
39901589624
39901596154
39901603662
39901610864
39901615930
39901623864
39901628930
39901637780
39901643945
39901653039
39901660302
39901667443
39901674584
39901682092
39901689050
39901696191
39901700768
39901708520
39901715661
39901721154
39901726281
39901732629
39901738610
39901743493
39901750878
39901756798
39901763818
39901768029
39901774865
39901781579
39901786156
39901792931
39901799706
39901805199
39901810021
39901816674
39901821496
39901828576
39901834008
39901840783
39901847497
39901853844
39901860314
39901865014
39901872033
39901876854
39901882775
39901890099
39901896263
39901901024
39901906945
39901912926
39901918846
39901925316
39901931847
39901937096
39901941857
39901948143
39901952721
39901960045
39901964928
39901970604
39901976524
39901982201
39901987938
39901992333
39901998619
39902001732
39902009239
39902015526
39902020714
39902026512
39902030663
39902037376
39902041771
39902048668
39902054771
39902060142
39902066368
39902070518
39902076439
39902082481
39902088402
39902093895
39902099693
39902105125
39902110496
39902116905
39902121422
39902129234
39902134483
39902141258
39902146202
39902153831
39902160301
39902166404
39902173362
39902180503
39902186180
39902192649
39902198387
39902203514
39902211143
39902217430
39902225486
39902232994
39902239585
39902246360
39902251365
39902258689
39902265708
39902272483
39902278221
39902286216
39902292564
39902299644
39902307578
39902312522
39902319480
39902327049
39902334434
39902341453
39902347495
39902355247
39902361411
39902367881
39902375144
39902380149
39902388450
39902395286
39902401816
39902409019
39902414206
39902421226
39902429892
39902436728
39902442283
39902449729
39902455771
39902463157
39902470725
39902476828
39902484946
39902492209
39902498618
39902504294
39902512290
39902517722
39902524497
39902531821
39902539389
39902546530
39902553061
39902560080
39902565085
39902572043
39902579794
39902586020
39902593100
39902599387
39902605002
39902613181
39902619711
39902628195
39902635214
39902640341
39902649313
39902655417
39902662497
39902670126
39902675802
39902685080
39902693808
39902697714
39902705160
39902710592
39902717795
39902724386
39902730551
39902736227
39902742453
39902747397
39902753683
39902759726
39902764669
39902772726
39902779135
39902784994
39902787069
39902795309
39902801290
39902807028
39902812948
39902819479
39902825094
39902831503
39902838461
39902841940
39902850729
39902856161
39902862570
39902868490
39902874655
39902880331
39902885214
39902891805
39902896627
39902903768
39902907430
39902915487
39902920431
39902926595
39902932027
39902937704
39902943075
39902950033
39902955404
39902960226
39902965353
39902971090
39902976766
39902983114
39902988485
39902994710
39903001851
39903006002
39903012655
39903018453
39903023946
39903028524
39903035604
39903040242
39903046895
39903050008
39903057882
39903062337
39903067891
39903074483
39903080342
39903085836
39903090413
39903096334
39903101339
39903107076
39903113057
39903118917
39903125875
39903132161
39903137898
39903143086
39903151448
39903157674
39903163899
39903170308
39903176412
39903182637
39903189107
39903196248
39903202351
39903209126
39903217305
39903224080
39903229878
39903237324
39903242696
39903250264
39903257588
39903263203
39903271138
39903277913
39903284382
39903291402
39903298848
39903305684
39903312398
39903318440
39903325520
39903332905
39903338582
39903346516
39903353108
39903360798
39903367634
39903374348
39903380818
39903387410
39903393818
39903401387
39903409199
39903414936
39903421528
39903427265
39903435078
39903442219
39903449238
39903456074
39903462849
39903469868
39903477131
39903482868
39903490925
39903497150
39903503864
39903511005
39903514973
39903524494
39903531696
39903539020
39903544575
39903552143
39903558979
39903564655
39903572834
39903580158
39903585224
39903591755
39903599445
39903607685
39903612873
39903621174
39903626667
39903634235
39903639850
39903646808
39903656513
39903664142
39903671283
39903676838
39903683918
39903692096
39903696735
39903704669
39903711444
39903717365
39903723041
39903729145
39903735065
39903740009
39903747150
39903752887
39903759479
39903763690
39903771686
39903777667
39903782001
39903788593
39903795062
39903800372
39903805255
39903811542
39903818805
39903824420
39903829974
39903836749
39903842609
39903848529
39903854327
39903860614
39903865924
39903872211
39903878070
39903883197
39903890765
39903896380
39903902362
39903908404
39903914203
39903920245
39903927020
39903932574
39903939471
39903944293
39903947650
39903955340
39903959857
39903965533
39903972491
39903977069
39903982928
39903987506
39903993426
39903998004
39904004962
39904011431
39904015399
39904021441
39904027117
39904032061
39904038348
39904043292
39904049090
39904054461
39904060198
39904065508
39904071002
39904076617
39904082049
39904086871
39904093707
39904100176
39904105425
39904110308
39904116595
39904122515
39904127947
39904135210
39904140337
39904148089
39904154192
39904160357
39904166643
39904175188
39904180620
39904188006
39904193316
39904199236
39904206377
39904213457
39904220842
39904228350
39904235613
39904241533
39904248552
39904254534
39904261736
39904268694
39904275103
39904282427
39904289141
39904295732
39904303423
39904308428
39904315569
39904323809
39904331865
39904337175
39904344072
39904350542
39904357317
39904364092
39904371843
39904379717
39904387285
39904392656
39904399675
39904406267
39904411943
39904420000
39904427202
39904434709
39904440752
39904447710
39904454912
39904460283
39904471086
39904477067
39904485246
39904492814
39904499650
39904505327
39904512040
39904519487
39904526262
39904532487
39904540361
39904546037
39904552995
39904560502
39904566423
39904573991
39904579972
39904587724
39904595231
39904601152
39904607987
39904613481
39904622270
39904626115
39904634843
39904643510
39904648698
39904657243
39904662187
39904668961
39904676225
39904684159
39904691117
39904698258
39904704972
39904709184
39904716142
39904721879
39904727982
39904732804
39904739701
39904745866
39904751054
39904756058
39904762528
39904767533
39904774674
39904781388
39904787186
39904793107
39904797745
39904803849
39904810074
39904815995
39904823319
39904828080
39904833512
39904840714
39904846695
39904852555
39904858963
39904865799
39904870804
39904876908
39904882706
39904887528
39904893326
39904898331
39904906266
39904912552
39904918534
39904922867
39904929581
39904935745
39904940201
39904946854
39904951676
39904958328
39904962784
39904969376
39904974503
39904979752
39904986099
39904992874
39904999466
39905003983
39905010208
39905016067
39905021378
39905026566
39905032791
39905037735
39905043533
39905048477
39905052994
39905060013
39905065445
39905071731
39905077835
39905083267
39905089798
39905094375
39905100601
39905105179
39905112625
39905118423
39905123794
39905129593
39905135574
39905142898
39905147964
39905155471
39905162796
39905168960
39905175308
39905181106
39905186965
39905193374
39905200332
39905206558
39905214309
39905220718
39905227188
39905233169
39905239883
39905246292
39905253188
39905261855
39905267654
39905275588
39905281814
39905287734
39905293960
39905300735
39905307815
39905314773
39905318862
39905327895
39905334731
39905341445
39905347549
39905354812
39905362990
39905368423
39905374709
39905380202
39905388137
39905394546
39905401442
39905409865
39905416518
39905422439
39905429030
39905435927
39905443068
39905450698
39905457106
39905464370
39905471022
39905478591
39905485915
39905492507
39905497878
39905504531
39905512709
39905518508
39905525832
39905531508
39905539015
39905545424
39905552382
39905559157
39905565932
39905572890
39905580092
39905586623
39905593825
39905599806
39905605605
39905613234
39905619521
39905626479
39905633375
39905640028
39905647353
39905655409
39905661757
39905669569
39905676100
39905683974
39905690565
39905696486
39905704542
39905711134
39905717543
39905724318
39905729994
39905736403
39905740675
39905747206
39905754713
39905760023
39905764906
39905772474
39905778151
39905784498
39905790052
39905796461
39905802442
39905808424
39905814772
39905819227
39905826795
39905831983
39905840162
39905846571
39905852430
39905858961
39905864637
39905870313
39905874647
39905882154
39905887159
39905894117
39905900404
39905905836
39905910230
39905917432
39905922437
39905929884
39905935987
39905942091
39905947950
39905953443
39905959974
39905964002
39905970716
39905977064
39905981885
39905988233
39905992994
39905997571
39906003980
39906009534
39906015210
39906021619
39906027295
39906032239
39906036573
39906044263
39906047498
39906054273
39906061414
39906065503
39906071363
39906077100
39906082349
39906086805
39906094617
39906099500
39906104871
39906110303
39906116101
39906121167
39906127271
39906133740
39906139173
39906146863
39906154431
39906158948
39906165540
39906171460
39906177747
39906184705
39906191724
39906197644
39906204907
39906211621
39906217603
39906223767
39906231091
39906238538
39906244031
39906251843
39906258618
39906265271
39906270337
39906277661
39906284802
39906291577
39906298230
39906305432
39906311047
39906318066
39906325634
39906331555
39906340466
39906346814
39906353466
39906360485
39906367199
39906374279
39906382458
39906388745
39906394421
39906402355
39906408703
39906415051
39906421337
39906428723
39906437145
39906442150
39906449169
39906456493
39906463329
39906468884
39906476025
39906483044
39906491772
39906499340
39906505871
39906512218
39906518810
39906526012
39906531139
39906539196
39906544872
39906552990
39906559337
39906567028
39906573253
39906580944
39906588207
39906593395
39906600414
39906607616
39906613964
39906621044
39906628185
39906634044
39906641674
39906645702
39906654369
39906661388
39906668651
39906673900
39906682689
39906692211
39906697765
39906704967
39906710338
39906718761
39906723583
39906729808
39906734752
39906741649
39906748058
39906753856
39906759898
39906765636
39906770519
39906778453
39906783519
39906790721
39906795482
39906800426
39906808238
39906814647
39906819774
39906827647
39906832103
39906838328
39906844554
39906850047
39906856212
39906862926
39906869578
39906875499
39906879832
39906886546
39906892100
39906898021
39906905101
39906910228
39906917369
39906922252
39906929026
39906934642
39906940135
39906947215
39906952769
39906958506
39906964366
39906969310
39906975108
39906981150
39906986155
39906991954
39906997569
39907003062
39907008982
39907014903
39907019724
39907025584
39907031260
39907036692
39907042368
39907047801
39907052866
39907058604
39907064280
39907069163
39907075755
39907081675
39907086741
39907092112
39907098093
39907103342
39907109080
39907115733
39907121775
39907126353
39907133189
39907139353
39907145884
39907150339
39907158457
39907165354
39907172068
39907178110
39907184702
39907191355
39907196726
39907203135
39907211313
39907217417
39907223764
39907230600
39907236521
39907243662
39907250071
39907257456
39907263987
39907269663
39907278391
39907282419
39907291391
39907295420
39907304819
39907313181
39907318369
39907325388
39907332102
39907338571
39907345834
39907353586
39907359445
39907366953
39907373544
39907380014
39907386789
39907393808
39907400949
39907407907
39907414743
39907421518
39907428415
39907435373
39907442697
39907448007
39907454538
39907461618
39907469858
39907474985
39907482065
39907489267
39907496713
39907502389
39907508676
39907517587
39907524606
39907529306
39907536935
39907543588
39907550180
39907557016
39907565133
39907571237
39907578317
39907585946
39907592050
39907598702
39907605355
39907612191
39907618783
39907625680
39907633065
39907640389
39907645516
39907652657
39907658639
39907668649
39907675912
39907680062
39907689339
39907693917
39907703194
39907709908
39907716439
39907723153
39907729562
39907735726
39907740426
39907746834
39907751839
39907758126
39907766121
39907772103
39907777657
39907783394
39907788399
39907794259
39907800789
39907807747
39907814644
39907819344
39907825386
39907830941
39907837227
39907843697
39907849678
39907856087
39907860543
39907867501
39907872017
39907879769
39907884651
39907890572
39907896553
39907903450
39907908577
39907915169
39907921211
39907927620
39907933113
39907940621
39907948189
39907953194
39907959358
39907963753
39907970406
39907973640
39907982124
39907987740
39907993416
39907998665
39908003304
39908009468
39908014595
39908020088
39908026253
39908031624
39908037605
39908043098
39908048653
39908052986
39908059761
39908065803
39908071419
39908077705
39908081733
39908088691
39908092903
39908099678
39908105049
39908110420
39908116584
39908121711
39908127327
39908131660
39908140205
39908145271
39908152900
39908159797
39908165718
39908172187
39908178840
39908184272
39908191474
39908197883
39908203193
39908211677
39908216010
39908224433
39908230232
39908238166
39908245185
39908250800
39908257331
39908262946
39908270881
39908277351
39908286628
39908293098
39908300544
39908306281
39908313422
39908318732
39908325996
39908332282
39908341010
39908347907
39908354377
39908360847
39908367560
39908374152
39908381354
39908388862
39908395026
39908402411
39908408088
39908413886
39908421454
39908426947
39908437384
39908444709
39908450385
39908459296
39908464240
39908472419
39908478034
39908484809
39908491278
39908499396
39908505805
39908512946
39908521308
39908527838
39908533515
39908540534
39908547797
39908554755
39908561652
39908567145
39908574591
39908581549
39908588690
39908597235
39908602545
39908610480
39908615546
39908623907
39908629095
39908637579
39908644232
39908651861
39908658026
39908666571
39908673285
39908680670
39908686407
39908694220
39908702520
39908708380
39908716314
39908723455
39908729742
39908734564
39908741217
39908747076
39908752935
39908756414
39908765692
39908770269
39908776068
39908782354
39908787420
39908794866
39908799566
39908806402
39908809881
39908817327
39908823858
39908829717
39908835821
39908842169
39908848943
39908853582
39908859197
39908863958
39908870794
39908876775
39908883978
39908889165
39908894903
39908901311
39908907476
39908912664
39908919134
39908925664
39908931463
39908936529
39908942266
39908949285
39908954839
39908960637
39908967412
39908971990
39908978460
39908982915
39908988714
39908993718
39908999273
39909004949
39909010381
39909015691
39909021245
39909027227
39909031560
39909038213
39909044011
39909049382
39909054753
39909060002
39909065618
39909071111
39909077764
39909083013
39909088872
39909092229
39909099065
39909105351
39909109441
39909116399
39909121343
39909127568
39909132451
39909141118
39909146306
39909153874
39909160039
39909166936
39909172185
39909178838
39909185857
39909189580
39909198552
39909204472
39909210698
39909218022
39909223271
39909230473
39909235844
39909243535
39909249272
39909258122
39909264226
39909271061
39909278935
39909284062
39909292119
39909299443
39909305607
39909313969
39909320805
39909324894
39909333134
39909339482
39909346196
39909353520
39909360661
39909367619
39909374760
39909381169
39909386906
39909394474
39909400273
39909407841
39909414982
39909421696
39909429508
39909434574
39909441776
39909448551
39909455509
39909463200
39909469242
39909477299
39909484196
39909490360
39909497013
39909503727
39909510685
39909517704
39909525333
39909531803
39909537601
39909545536
39909551212
39909559635
39909566593
39909573246
39909579960
39909586796
39909593387
39909600650
39909606388
39909613956
39909620182
39909628177
39909635074
39909641788
39909648441
39909655338
39909662601
39909670047
39909677799
39909684879
39909690677
39909698673
39909706485
39909711612
39909718021
39909725711
39909731265
39909738468
39909744449
39909750247
39909755618
39909760257
39909768069
39909773074
39909779056
39909783939
39909791446
39909796817
39909803653
39909810062
39909815921
39909821353
39909827701
39909832950
39909839114
39909845706
39909851321
39909857913
39909863406
39909869327
39909874392
39909879886
39909886599
39909893252
39909898929
39909903750
39909911319
39909916629
39909922366
39909928103
39909933841
39909940799
39909945376
39909951724
39909957339
39909963565
39909967959
39909974063
39909979983
39909986636
39909992129
39909996035
39910002993
39910007266
39910013552
39910018679
39910025454
39910030581
39910035769
39910040957
39910046267
39910051516
39910057375
39910063662
39910068667
39910074343
39910079836
39910084902
39910090517
39910096255
39910102785
39910107119
39910113039
39910119326
39910124819
39910130617
39910136965
39910143679
39910150393
39910157839
39910162905
39910169741
39910177370
39910183840
39910190249
39910197023
39910201906
39910208132
39910214907
39910219973
39910228029
39910236452
39910243044
39910249086
39910255678
39910263124
39910270082
39910276613
39910283083
39910291078
39910297731
39910304567
39910311098
39910317934
39910325441
39910331056
39910339174
39910346437
39910352297
39910358156
39910367189
39910373598
39910379030
39910388124
39910394838
39910401857
39910406862
39910414735
39910419862
39910428712
39910435548
39910443605
39910450136
39910456911
39910463868
39910470399
39910477174
39910484315
39910492006
39910499147
39910505555
39910511049
39910519105
39910523195
39910532106
39910540284
39910546998
39910553590
39910560060
39910567140
39910574525
39910582215
39910588868
39910596498
39910600587
39910609010
39910615968
39910622621
39910628724
39910635499
39910644105
39910649598
39910656068
39910663819
39910670350
39910676575
39910685548
39910693726
39910701173
39910705933
39910713624
39910719849
39910724305
39910730591
39910737244
39910743958
39910748658
39910754883
39910759766
39910766541
39910772339
39910778260
39910784974
39910790711
39910795838
39910801514
39910808533
39910812989
39910819947
39910825745
39910830994
39910835877
39910842408
39910848633
39910854370
39910860596
39910867798
39910874268
39910879090
39910885987
39910890808
39910897827
39910901306
39910909058
39910915589
39910921387
39910926575
39910932251
39910938538
39910944641
39910950745
39910956360
39910961853
39910965088
39910973633
39910977905
39910983093
39910988647
39910994934
39911001465
39911004455
39911013183
39911018127
39911023376
39911028992
39911034851
39911039673
39911045959
39911050781
39911055847
39911061340
39911068176
39911072632
39911078979
39911084655
39911090698
39911095703
39911100647
39911105652
39911113342
39911119445
39911123901
39911131591
39911136779
39911144043
39911149780
39911157287
39911163391
39911169555
39911177368
39911181884
39911188842
39911196105
39911201538
39911209289
39911216003
39911222595
39911229186
39911236938
39911241943
39911250671
39911256774
39911263610
39911271728
39911277282
39911282897
39911290832
39911297790
39911304748
39911312133
39911319640
39911326415
39911331420
39911339721
39911345336
39911352904
39911359557
39911368224
39911375548
39911381957
39911389220
39911395812
39911402282
39911410094
39911416198
39911423339
39911429503
39911435179
39911444335
39911448241
39911458007
39911465331
39911471984
39911478270
39911484923
39911491515
39911499083
39911506224
39911512267
39911519896
39911525755
39911532591
39911538390
39911546385
39911552184
39911560423
39911566527
39911574339
39911580382
39911589049
39911593260
39911602660
39911609862
39911617247
39911624266
39911631285
39911638609
39911645262
39911652525
39911657530
39911665892
39911673460
39911679991
39911686216
39911693724
39911699949
39911708494
39911713987
39911720518
39911726744
39911734434
39911739439
39911745176
39911750486
39911757017
39911762937
39911768003
39911775083
39911779783
39911785887
39911791502
39911797788
39911801389
39911810728
39911816160
39911822324
39911827879
39911834043
39911839414
39911844297
39911851438
39911858152
39911863706
39911869505
39911875242
39911881345
39911885801
39911892149
39911898618
39911904233
39911911252
39911916074
39911923032
39911928586
39911932859
39911939878
39911947324
39911951780
39911957578
39911963315
39911968992
39911973691
39911980100
39911985959
39911991452
39911997190
39912002805
39912007932
39912013547
39912020688
39912026242
39912031430
39912036435
39912042173
39912048398
39912052793
39912059384
39912064756
39912070066
39912075681
39912080808
39912086179
39912091733
39912098691
39912105100
39912110349
39912115720
39912121152
39912126279
39912132871
39912138547
39912146237
39912151364
39912156308
39912163998
39912171262
39912177426
39912183652
39912190976
39912197018
39912203549
39912210873
39912214596
39912224179
39912229855
39912237057
39912244870
39912252316
39912257565
39912264645
39912271359
39912277218
39912286679
39912293515
39912300351
39912307064
39912313717
39912321408
39912326413
39912333126
39912340939
39912348751
39912354916
39912362057
39912368954
39912375485
39912381100
39912389767
39912396969
39912402157
39912409786
39912416927
39912424862
39912431149
39912438473
39912445370
39912452267
39912456417
39912464962
39912471493
39912479366
39912486019
39912492977
39912500301
39912505611
39912512264
39912520016
39912526913
39912533932
39912538082
39912547298
39912555843
39912560909
39912568538
39912577022
39912583797
39912589290
39912595760
39912601680
39912610225
39912617672
39912624569
39912630184
39912637264
39912643856
39912650692
39912658565
39912663936
39912672847
39912678768
39912685787
39912693294
39912700862
39912709407
39912716792
39912722163
39912728572
39912734065
39912740108
39912745052
39912753597
39912759151
39912764949
39912771663
39912776057
39912783076
39912787349
39912794734
39912800044
39912807368
39912812739
39912817683
39912823298
39912830928
39912836726
39912842647
39912848018
39912854304
39912861140
39912866084
39912872126
39912877070
39912884944
39912891597
39912897334
39912902827
39912909236
39912914668
39912919795
39912925410
39912933345
39912939570
39912942988
39912951411
39912956050
39912961726
39912967402
39912972773
39912979670
39912984248
39912989741
39912994258
39913000788
39913006342
39913012751
39913019526
39913025141
39913030390
39913035578
39913041743
39913047114
39913052668
39913059138
39913063349
39913069147
39913074580
39913081477
39913085810
39913092402
39913098627
39913103876
39913108881
39913114191
39913120722
39913124811
39913131525
39913135798
39913143305
39913149408
39913155207
39913161860
39913167963
39913174433
39913181635
39913187494
39913192560
39913200495
39913206476
39913212702
39913219416
39913226496
39913233454
39913239069
39913247126
39913253595
39913260675
39913267389
39913274469
39913282892
39913288019
39913296198
39913301874
39913308710
39913314264
39913322626
39913329401
39913336237
39913343378
39913349908
39913356622
39913361932
39913369440
39913377130
39913384027
39913392206
39913397394
39913403253
39913411371
39913418390
39913425714
39913433648
39913441095
39913446405
39913453607
39913460321
39913466119
39913474725
39913482293
39913488824
39913496209
39913501336
39913509210
39913514337
39913522210
39913529840
39913535821
39913541497
39913549859
39913556085
39913564019
39913570123
39913577020
39913584893
39913592095
39913597894
39913605096
39913612725
39913618279
39913625848
39913633782
39913640557
39913647637
39913654168
39913661431
39913666436
39913674859
39913681329
39913690423
39913697564
39913705193
39913711968
39913718865
39913723687
39913730462
39913739007
39913743584
39913749688
39913755364
39913761284
39913767998
39913773919
39913779412
39913786919
39913792717
39913798088
39913804375
39913809990
39913814324
39913822747
39913828850
39913833367
39913840813
39913845574
39913852227
39913857353
39913863335
39913871453
39913877312
39913882134
39913887749
39913894219
39913900444
39913905815
39913912224
39913918449
39913923699
39913930046
39913935539
39913941155
39913946831
39913953484
39913961052
39913965324
39913971489
39913977348
39913983757
39913987114
39913995232
39914000908
39914005119
39914011345
39914017021
39914021782
39914027519
39914033378
39914039543
39914046135
39914051018
39914056450
39914062065
39914067802
39914073234
39914077873
39914085563
39914090873
39914096305
39914101554
39914106987
39914113761
39914118644
39914124626
39914129203
39914136528
39914141899
39914148124
39914154777
39914162284
39914168266
39914173515
39914181327
39914185172
39914193656
39914200981
39914207450
39914214225
39914221000
39914227348
39914232169
39914239188
39914246879
39914253532
39914259635
39914266593
39914274223
39914281119
39914286979
39914294242
39914301871
39914309012
39914314994
39914323295
39914330314
39914337333
39914344413
39914351249
39914357963
39914364982
39914372306
39914379081
39914385245
39914392264
39914399283
39914406241
39914412528
39914420340
39914426505
39914433890
39914440482
39914446158
39914455191
39914459525
39914467887
39914474906
39914482108
39914489371
39914496207
39914503775
39914508719
39914516531
39914523978
39914531180
39914536612
39914543204
39914548819
39914557730
39914562430
39914571890
39914578970
39914584585
39914591910
39914599234
39914605398
39914613455
39914619620
39914626578
39914633536
39914637564
39914646475
39914653616
39914660818
39914666189
39914673758
39914681936
39914687429
39914694143
39914700186
39914709524
39914716787
39914724783
39914733145
39914739797
39914745718
39914751821
39914758352
39914762747
39914769216
39914775930
39914782644
39914788198
39914793508
39914799124
39914804861
39914811331
39914817434
39914823171
39914829763
39914834768
39914841177
39914847097
39914851980
39914859548
39914863454
39914871145
39914877859
39914883413
39914889760
39914894033
39914900197
39914906911
39914912771
39914917837
39914924795
39914930837
39914936635
39914942434
39914948964
39914955312
39914961660
39914967031
39914973439
39914979421
39914984304
39914989858
39914996816
39915002126
39915008046
39915012136
39915018911
39915023183
39915029714
39915035024
39915041616
39915048207
39915052175
39915058705
39915062917
39915069570
39915074086
39915081288
39915086537
39915091664
39915097279
39915102467
39915108022
39915113820
39915118642
39915124928
39915129994
39915135548
39915140736
39915146901
39915152943
39915159352
39915164662
39915171010
39915178334
39915184865
39915188588
39915197743
39915203480
39915209584
39915216237
39915222951
39915228993
39915234059
39915241627
39915249318
39915255970
39915262196
39915268971
39915276600
39915281788
39915289723
39915295826
39915303456
39915309193
39915317189
39915323536
39915330311
39915338429
39915344288
39915352528
39915359669
39915365956
39915371876
39915379688
39915386219
39915393604
39915400868
39915407642
39915415333
39915420277
39915427601
39915434742
39915440601
39915448658
39915454884
39915460377
39915468189
39915474537
39915482471
39915487476
39915495350
39915503406
39915510609
39915517139
39915524402
39915530323
39915536243
39915544727
39915552601
39915559864
39915565479
39915572010
39915578785
39915585437
39915592762
39915601245
39915608142
39915613697
39915621021
39915626575
39915635059
39915640064
39915648609
39915656421
39915663623
39915670093
39915677173
39915683948
39915689319
39915698779
39915706714
39915714282
39915719592
39915728198
39915735828
39915740710
39915747852
39915753162
39915760242
39915764819
39915772021
39915777515
39915784717
39915788013
39915797168
39915803760
39915809741
39915814624
39915820239
39915826343
39915832812
39915838489
39915843493
39915850573
39915855761
39915860705
39915865771
39915872546
39915878589
39915884997
39915891101
39915896716
39915902514
39915908862
39915914172
39915921130
39915925524
39915932666
39915938586
39915944811
39915950366
39915956225
39915960620
39915966845
39915973315
39915980395
39915985156
39915990832
39915996264
39916002306
39916006030
39916012438
39916017931
39916023425
39916029101
39916034716
39916041125
39916044299
39916052355
39916058520
39916064257
39916069506
39916074145
39916079699
39916086108
39916092516
39916096545
39916103258
39916109240
39916114550
39916120470
39916124437
39916130907
39916137987
39916144457
39916149645
39916155871
39916162340
39916168627
39916172960
39916181627
39916187670
39916193895
39916200975
39916207933
39916213793
39916220629
39916226244
39916233141
39916239794
39916245043
39916252611
39916257921
39916265611
39916269396
39916277818
39916284593
39916292528
39916296556
39916304857
39916312792
39916318041
39916324571
39916332140
39916339220
39916346361
39916351488
39916359972
39916364061
39916374193
39916380296
39916387376
39916392320
39916400560
39916407701
39916414659
39916419481
39916427354
39916434129
39916441270
39916449327
39916456285
39916462205
39916469163
39916475816
39916482652
39916489976
39916497117
39916503343
39916510240
39916516954
39916523912
39916529771
39916536729
39916544175
39916551133
39916558335
39916565354
39916572129
39916577378
39916584397
39916591294
39916598008
39916605210
39916611924
39916618882
39916626450
39916631821
39916640488
39916645860
39916653123
39916660569
39916669175
39916674668
39916682725
39916688218
39916697007
39916702927
39916709946
39916717698
39916723801
39916731553
39916738328
39916744065
39916752732
39916760972
39916766587
39916775376
39916782212
39916787461
39916794907
39916799729
39916806626
39916813217
39916818283
39916825180
39916830918
39916837570
39916842880
39916849472
39916855271
39916860275
39916866989
39916872360
39916879990
39916885849
39916892624
39916896286
39916904465
39916908127
39916916794
39916923386
39916929184
39916935287
39916939743
39916947128
39916951950
39916957809
39916963180
39916970749
39916976608
39916982284
39916988876
39916993210
39916999924
39917006759
39917012008
39917018051
39917024521
39917030197
39917035812
39917041427
39917046371
39917052414
39917057785
39917063583
39917068283
39917074691
39917079452
39917085617
39917092514
39917097946
39917103256
39917109054
39917115036
39917119369
39917125045
39917130355
39917136276
39917141769
39917147201
39917153121
39917158676
39917164108
39917168685
39917175643
39917181014
39917186263
39917190231
39917197128
39917203048
39917209090
39917215926
39917221786
39917228622
39917232467
39917241073
39917247909
39917254806
39917261642
39917266769
39917275008
39917280746
39917286849
39917292892
39917301070
39917308211
39917315352
39917321456
39917329268
39917335616
39917342208
39917349044
39917356429
39917363143
39917369429
39917376021
39917382613
39917389937
39917397689
39917403609
39917411238
39917416854
39917424239
39917430648
39917437728
39917442366
39917451033
39917458785
39917465804
39917472395
39917478377
39917486434
39917492781
39917499434
39917508223
39917515059
39917520735
39917527449
39917535262
39917540266
39917548689
39917555220
39917563216
39917569746
39917576643
39917583052
39917589827
39917596602
39917604109
39917610518
39917617659
39917624128
39917629622
39917637373
39917643232
39917651716
39917659163
39917665937
39917673750
39917678694
39917686811
39917692366
39917700300
39917706221
39917714094
39917720076
39917727827
39917736128
39917741621
39917749311
39917757429
39917764936
39917772321
39917778974
39917786482
39917793562
39917798139
39917804487
39917811018
39917817182
39917821943
39917828657
39917834394
39917840253
39917843732
39917852399
39917858930
39917863508
39917871076
39917875410
39917882795
39917887556
39917894147
39917900068
39917906415
39917912885
39917918500
39917923871
39917929914
39917936445
39917943219
39917949445
39917954328
39917960126
39917965802
39917972699
39917978070
39917984052
39917990033
39917995832
39918002057
39918006696
39918013410
39918018354
39918025128
39918030133
39918036969
39918042645
39918047894
39918053937
39918057904
39918063580
39918070722
39918076154
39918081830
39918087018
39918092145
39918097516
39918103803
39918109540
39918115033
39918119672
39918125531
39918130719
39918136578
39918142255
39918148053
39918154462
39918158673
39918165448
39918173566
39918178754
39918184125
39918190716
39918196515
39918202862
39918208417
39918215436
39918221417
39918227765
39918234723
39918240216
39918247052
39918253277
39918258465
39918266583
39918272992
39918279400
39918286297
39918292889
39918298565
39918306012
39918312359
39918318768
39918325543
39918332684
39918339520
39918347027
39918352154
39918360211
39918365826
39918373455
39918381573
39918388226
39918394939
39918401775
39918408978
39918415569
39918421185
39918428875
39918436504
39918441997
39918448467
39918454388
39918462261
39918468792
39918476055
39918484112
39918490825
39918498028
39918503338
39918510357
39918518718
39918524883
39918531048
39918539226
39918545025
39918553630
39918560833
39918565837
39918573101
39918580852
39918588787
39918596294
39918601482
39918609172
39918616863
39918622356
39918629070
39918634807
39918643474
39918647624
39918656841
39918663921
39918671123
39918675212
39918685771
39918694621
39918699931
39918707683
39918715068
39918721416
39918727336
39918738322
39918746074
39918752788
39918760783
39918767802
39918775615
39918781413
39918789165
39918797526
39918804851
39918809916
39918816142
39918822246
39918829265
39918833964
39918840617
39918847270
39918853129
39918859782
39918865825
39918870524
39918876872
39918883036
39918890177
39918894938
39918901225
39918907572
39918912638
39918919169
39918924845
39918931376
39918937113
39918943705
39918949748
39918954875
39918961588
39918966654
39918972270
39918978861
39918986125
39918991923
39918997416
39919002299
39919008768
39919013773
39919020670
39919025980
39919033244
39919039042
39919044352
39919049540
39919056864
39919062662
39919068705
39919074442
39919080912
39919084269
39919091654
39919097513
39919102884
39919108378
39919113749
39919118448
39919124064
39919129618
39919135111
39919141703
39919145792
39919152689
39919157389
39919163980
39919168436
39919173929
39919180460
39919185282
39919189859
39919196329
39919201090
39919208414
39919211832
39919218607
39919224466
39919230020
39919233866
39919240701
39919246805
39919253275
39919260538
39919265238
39919272135
39919279093
39919284830
39919291666
39919297464
39919304422
39919310464
39919318033
39919323709
39919328958
39919336771
39919343362
39919350503
39919354654
39919363382
39919370645
39919377664
39919385171
39919390420
39919397989
39919405008
39919412210
39919419229
39919424234
39919432046
39919439859
39919445108
39919452066
39919459085
39919463174
39919472634
39919479959
39919487039
39919492105
39919500344
39919507547
39919514810
39919523110
39919528482
39919536843
39919542031
39919549417
39919556436
39919562905
39919569680
39919576394
39919583413
39919590615
39919598245
39919604226
39919611672
39919618142
39919625832
39919631264
39919638833
39919646218
39919651528
39919658608
39919666299
39919673196
39919680825
39919686501
39919694008
39919700173
39919707741
39919714577
39919720986
39919728310
39919737038
39919742348
39919750649
39919755959
39919761818
39919769753
39919775612
39919783730
39919789650
39919797646
39919803505
39919812233
39919818947
39919824684
39919831215
39919839577
39919846047
39919854653
39919860878
39919868446
39919876015
39919882118
39919887611
39919894081
39919899269
39919905434
39919911964
39919917641
39919922890
39919929604
39919934792
39919942238
39919947304
39919953957
39919959144
39919966713
39919972328
39919977089
39919982277
39919989845
39919995827
39920001198
39920006386
39920013466
39920018532
39920024452
39920029579
39920036781
39920041908
39920049415
39920055336
39920061500
39920067604
39920072181
39920077125
39920084510
39920090370
39920095802
39920100807
39920107643
39920112648
39920120033
39920123695
39920131629
39920135230
39920143531
39920149269
39920155250
39920160743
39920166297
39920171912
39920178748
39920184058
39920189552
39920194862
39920200904
39920206092
39920211951
39920217139
39920223304
39920228126
39920234046
39920239905
39920244483
39920250587
39920255225
39920261573
39920266334
39920273047
39920278724
39920284095
39920289832
39920295386
39920301002
39920306739
39920312354
39920317786
39920322547
39920328772
39920334937
39920341346
39920348548
39920355445
39920361609
39920368506
39920374366
39920379615
39920387061
39920392310
39920399024
39920406775
39920412024
39920418067
39920427283
39920434424
39920441443
39920445593
39920453772
39920459693
39920467444
39920473303
39920481726
39920488379
39920495642
39920502356
39920510291
39920514441
39920522681
39920529700
39920536597
39920543188
39920549963
39920554175
39920563330
39920570654
39920577734
39920584509
39920591467
39920598181
39920605200
39920609350
39920618445
39920625464
39920632422
39920639563
39920646643
39920653418
39920660498
39920667273
39920674414
39920681555
39920688513
39920695410
39920700781
39920707678
39920714514
39920721227
39920728613
39920737219
39920742468
39920750829
39920756078
39920764501
39920769872
39920776586
39920783849
39920791113
39920798193
39920805334
39920810644
39920819372
39920824621
39920831335
39920838415
39920845251
39920852148
39920858983
39920866003
39920872777
39920879857
39920886999
39920894811
39920902562
39920908483
39920916417
39920924291
39920930272
39920937780
39920943212
39920952306
39920959996
39920965123
39920972387
39920976903
39920982946
39920988805
39920994664
39921000951
39921006688
39921012731
39921018468
39921024510
39921031346
39921036046
39921042638
39921049046
39921054967
39921060948
39921067418
39921072118
39921079198
39921083775
39921090611
39921097264
39921102879
39921109532
39921115758
39921120274
39921127049
39921131627
39921138890
39921145482
39921150426
39921157017
39921162022
39921168370
39921173985
39921180699
39921186314
39921192967
39921199254
39921204258
39921210240
39921216771
39921221959
39921228489
39921233616
39921238255
39921243931
39921248509
39921255101
39921259922
39921266331
39921270909
39921278050
39921283848
39921289280
39921294773
39921300267
39921305271
39921310765
39921317417
39921321934
39921328526
39921334446
39921339878
39921343968
39921350926
39921355686
39921360996
39921366917
39921372349
39921377049
39921383335
39921387974
39921394138
39921398716
39921407078
39921413731
39921420139
39921426365
39921432651
39921439182
39921445469
39921452000
39921458652
39921465610
39921471958
39921478428
39921483127
39921491062
39921496494
39921503757
39921511631
39921519016
39921526645
39921533603
39921538791
39921546116
39921551487
39921560031
39921565403
39921574497
39921580234
39921588352
39921593662
39921600559
39921608127
39921613864
39921620883
39921629184
39921634616
39921642795
39921650180
39921656223
39921661594
39921669833
39921675632
39921683200
39921690646
39921698032
39921703830
39921710544
39921718112
39921725009
39921730929
39921737704
39921745212
39921752597
39921758334
39921765597
39921771640
39921779696
39921785861
39921792331
39921799838
39921806674
39921812472
39921819186
39921826754
39921832919
39921840609
39921847873
39921853793
39921861117
39921866915
39921874362
39921880160
39921887850
39921893771
39921901950
39921907931
39921916903
39921923495
39921930026
39921936678
39921943698
39921950350
39921956820
39921963534
39921970431
39921976840
39921985629
39921992037
39922000887
39922008089
39922014010
39922020418
39922028048
39922033602
39922040438
39922047518
39922052889
39922058199
39922064242
39922069369
39922077181
39922082308
39922088534
39922093722
39922100191
39922105379
39922112764
39922117891
39922123201
39922129671
39922135225
39922140413
39922147554
39922153048
39922160372
39922166231
39922171358
39922176363
39922183626
39922188631
39922195345
39922201082
39922206819
39922212068
39922218599
39922225862
39922230440
39922237703
39922242281
39922247652
39922254427
39922260225
39922266390
39922272127
39922278169
39922283968
39922291170
39922294771
39922302339
39922308931
39922314363
39922317537
39922324556
39922330843
39922336519
39922342256
39922347871
39922353425
39922357576
39922364473
39922368684
39922375947
39922381929
39922386751
39922392549
39922397859
39922402437
39922408601
39922413301
39922419526
39922424043
39922430269
39922437104
39922442537
39922445771
39922453096
39922458589
39922464082
39922469758
39922475251
39922479585
39922487397
39922491914
39922499787
39922506257
39922512605
39922519319
39922526093
39922531953
39922538728
39922544404
39922551057
39922558808
39922565217
39922572053
39922578584
39922585786
39922592561
39922599397
39922603669
39922612336
39922618134
39922626862
39922631135
39922639619
39922646332
39922654206
39922660737
39922667756
39922674836
39922681733
39922686066
39922694733
39922702302
39922709260
39922714264
39922724274
39922730072
39922737091
39922744110
39922751068
39922758332
39922763459
39922771271
39922778229
39922785187
39922790558
39922799103
39922804413
39922811310
39922818390
39922825287
39922832672
39922840119
39922847565
39922854340
39922859528
39922866974
39922874481
39922881622
39922886932
39922894318
39922901703
39922908478
39922913788
39922921173
39922928802
39922935028
39922942657
39922949615
39922954864
39922962311
39922969818
39922975982
39922983551
39922989959
39922997894
39923003998
39923011627
39923018158
39923024017
39923032196
39923037933
39923046417
39923053863
39923062713
39923069061
39923077545
39923083770
39923090972
39923097442
39923105438
39923111053
39923117095
39923123687
39923130035
39923135040
39923141448
39923146331
39923152740
39923159148
39923165130
39923170135
39923175750
39923182281
39923187591
39923194183
39923199493
39923206206
39923211761
39923216827
39923224334
39923229339
39923236419
39923242156
39923248931
39923255034
39923259795
39923264922
39923271575
39923276519
39923284392
39923288054
39923295928
39923299529
39923307158
39923312957
39923318938
39923324614
39923330535
39923336943
39923343047
39923346831
39923354949
39923358672
39923366240
39923372649
39923377959
39923383696
39923389556
39923395110
39923400603
39923405913
39923411711
39923417021
39923422576
39923428069
39923434111
39923440886
39923445403
39923450896
39923455473
39923461882
39923466521
39923473296
39923478606
39923484099
39923489897
39923495329
39923498625
39923505461
39923510893
39923516814
39923522490
39923527983
39923533354
39923538725
39923544279
39923549834
39923556303
39923562712
39923569304
39923575957
39923581144
39923587919
39923594816
39923600309
39923607756
39923613615
39923621000
39923626310
39923633696
39923639677
39923646391
39923653776
39923660612
39923664762
39923673063
39923681547
39923687040
39923694853
39923701933
39923706083
39923714628
39923721708
39923728666
39923735624
39923742582
39923749479
39923756437
39923763151
39923770048
39923777860
39923784818
39923791654
39923799223
39923805265
39923812711
39923818754
39923826444
39923833097
39923840787
39923847745
39923853666
39923860013
39923867582
39923873807
39923881315
39923888273
39923893583
39923900907
39923908353
39923915250
39923920682
39923928434
39923936063
39923943204
39923949186
39923955899
39923963590
39923969815
39923977445
39923983609
39923991117
39923997342
39924005033
39924011502
39924019132
39924025296
39924031156
39924038968
39924045072
39924052884
39924058743
39924066556
39924072415
39924080167
39924086087
39924093900
39924100186
39924107999
39924113858
39924121243
39924127530
39924135953
39924142361
39924151272
39924157620
39924165616
39924171841
39924178555
39924183560
39924190823
39924195340
39924203579
39924209500
39924216275
39924221463
39924227261
39924232449
39924239468
39924244656
39924251187
39924256436
39924264004
39924269009
39924275723
39924280850
39924286465
39924293667
39924298672
39924303921
39924311184
39924316433
39924322903
39924327786
39924335232
39924341091
39924347561
39924353603
39924359829
39924366055
39924372158
39924375698
39924383266
39924386745
39924394619
39924400356
39924406704
39924410305
39924418423
39924424282
39924430385
39924436306
39924442409
39924449184
39924454799
39924460415
39924465847
39924470363
39924475796
39924481167
39924486721
39924492275
39924497585
39924503383
39924509365
39924514736
39924520595
39924527370
39924532924
39924538601
39924541835
39924549160
39924554653
39924560085
39924565395
39924571010
39924576686
39924582241
39924587795
39924593288
39924598354
39924603847
39924610439
39924614528
39924621181
39924627956
39924633205
39924640041
39924646327
39924652980
39924659572
39924664882
39924671840
39924677150
39924684840
39924690822
39924696681
39924702602
39924709926
39924713649
39924723720
39924728602
39924737208
39924744472
39924751308
39924756740
39924763759
39924771449
39924778407
39924784083
39924791102
39924798060
39924805018
39924811976
39924818934
39924826320
39924831691
39924839625
39924846644
39924852198
39924859034
39924866725
39924874049
39924879664
39924886622
39924893153
39924899989
39924907435
39924914454
39924921534
39924928431
39924935511
39924940760
39924948023
39924954920
39924962550
39924967982
39924976344
39924981837
39924989710
39924997279
39925003138
39925010096
39925017054
39925022242
39925029810
39925037318
39925044459
39925052088
39925058741
39925066370
39925072962
39925078272
39925088404
39925095301
39925101099
39925107081
39925115259
39925121119
39925129358
39925135218
39925143885
39925148401
39925157312
39925164026
39925170984
39925177576
39925184046
39925189966
39925198572
39925206018
39925213953
39925221216
39925227075
39925233362
39925242395
39925248010
39925255273
39925261316
39925268274
39925273462
39925279871
39925284998
39925292200
39925297327
39925304163
39925309289
39925316247
39925322046
39925327600
39925332666
39925339990
39925343469
39925351221
39925356408
39925362939
39925368127
39925374475
39925381799
39925386316
39925391565
39925398767
39925404687
39925410852
39925416711
39925422815
39925428491
39925434777
39925440637
39925446496
39925452539
39925458581
39925462304
39925469934
39925475976
39925482019
39925487878
39925494103
39925500085
39925504785
39925510644
39925517480
39925523583
39925528832
39925534081
39925539575
39925544885
39925550439
39925556237
39925561730
39925566979
39925572533
39925578515
39925584069
39925589318
39925595299
39925600487
39925606408
39925611596
39925617394
39925622338
39925626916
39925633263
39925637902
39925644189
39925648827
39925655053
39925659875
39925666283
39925671532
39925678002
39925683190
39925690087
39925694725
39925700890
39925704613
39925713707
39925720787
39925727013
39925734215
39925738976
39925746056
39925752709
39925758751
39925765709
39925771874
39925777306
39925785118
39925790489
39925798607
39925805321
39925811424
39925817406
39925825829
39925832604
39925839012
39925844933
39925853661
39925860680
39925867821
39925871910
39925880943
39925887535
39925894371
39925898399
39925907738
39925914940
39925921898
39925929283
39925934715
39925942406
39925949547
39925954490
39925963035
39925970176
39925977318
39925983970
39925990989
39925998008
39926004966
39926011619
39926018516
39926025474
39926030784
39926037742
39926044883
39926051963
39926058982
39926065940
39926072898
39926079978
39926087608
39926093284
39926100669
39926107383
39926114402
39926121787
39926127036
39926135764
39926141380
39926148093
39926155113
39926161765
39926168723
39926176536
39926181785
39926190086
39926195518
39926203696
39926209312
39926216392
39926223899
39926231040
39926236228
39926244224
39926252402
39926259726
39926265342
39926272605
39926280723
39926286643
39926294883
39926301658
39926309897
39926315879
39926323203
39926328452
39926335471
39926340903
39926347556
39926353720
39926358481
39926364951
39926371604
39926377707
39926382346
39926388388
39926394980
39926400656
39926407614
39926413291
39926419821
39926425498
39926430014
39926436911
39926441611
39926449240
39926454611
39926462180
39926467307
39926474448
39926479391
39926486227
39926491476
39926497153
39926502646
39926510397
39926515768
39926521384
39926528647
39926533530
39926538534
39926545309
39926550375
39926557455
39926562521
39926569601
39926574667
39926580771
39926585898
39926592611
39926597738
39926604391
39926609091
39926615500
39926620810
39926627096
39926630270
39926637899
39926644186
39926649618
39926655233
39926660787
39926665548
39926670919
39926676901
39926683065
39926688192
39926694174
39926699240
39926705282
39926710165
39926716024
39926721212
39926725790
39926732198
39926736898
39926743429
39926748678
39926754171
39926759420
39926765463
39926771078
39926777486
39926781393
39926789877
39926796773
39926803121
39926809835
39926816122
39926823202
39926828023
39926835042
39926841817
39926848409
39926853841
39926861898
39926867635
39926874776
39926880575
39926888326
39926894063
39926902730
39926908773
39926915487
39926921895
39926929830
39926935811
39926943196
39926951558
39926957234
39926963155
39926972188
39926978841
39926986775
39926993917
39927000813
39927004903
39927013143
39927019673
39927028096
39927033040
39927040425
39927047566
39927054646
39927062154
39927067281
39927073811
39927081441
39927088460
39927095601
39927102376
39927109517
39927113606
39927123006
39927129719
39927136738
39927143941
39927150960
39927157979
39927164937
39927171895
39927178792
39927184773
39927192830
39927199543
39927206501
39927213276
39927220234
39927226399
39927233357
39927241230
39927248677
39927254780
39927261799
39927268879
39927275837
39927282551
39927289631
39927295857
39927302937
39927310627
39927315998
39927325092
39927330525
39927337971
39927345722
39927353046
39927360676
39927368549
39927374592
39927383686
39927389362
39927398579
39927403583
39927410114
39927417255
39927424091
39927430866
39927435688
39927441730
39927447651
39927453754
39927459797
39927466511
39927472431
39927476947
39927484699
39927489154
39927495868
39927500324
39927508136
39927512775
39927520526
39927525653
39927532123
39927537433
39927544330
39927549579
39927556598
39927561969
39927569049
39927574237
39927581378
39927586200
39927593524
39927596820
39927605548
39927612201
39927616657
39927623920
39927630328
39927635333
39927640460
39927646991
39927652484
39927659625
39927666156
39927671344
39927676776
39927682391
39927687091
39927693622
39927699908
39927705035
39927711017
39927717059
39927722369
39927727496
39927733600
39927738910
39927744525
39927750506
39927755511
39927760943
39927766314
39927772052
39927779071
39927784747
39927789447
39927795977
39927800555
39927805133
39927811724
39927818805
39927824115
39927829180
39927835162
39927841815
39927846942
39927855242
39927858966
39927867083
39927870806
39927880084
39927886736
39927893389
39927899432
39927905169
39927914080
39927917803
39927925494
39927931780
39927937884
39927944781
39927951373
39927958697
39927964495
39927972552
39927976641
39927985369
39927993120
39928000017
39928007403
39928012469
39928021075
39928027239
39928033648
39928039568
39928047503
39928053179
39928061785
39928068987
39928075945
39928080095
39928089495
39928093645
39928102983
39928110125
39928117083
39928124651
39928131487
39928138140
39928145342
39928151628
39928160112
39928167009
39928171526
39928179460
39928185808
39928194414
39928200334
39928207353
39928215105
39928222307
39928228716
39928234636
39928242265
39928248003
39928258501
39928265398
39928270647
39928279069
39928284441
39928292131
39928299394
39928305986
39928312150
39928319719
39928326188
39928334306
39928341142
39928347856
39928354204
39928362138
39928369035
39928374894
39928383622
39928389848
39928397172
39928403398
39928411393
39928419267
39928426103
39928430009
39928439225
39928445390
39928451127
39928456498
39928462968
39928469193
39928474381
39928480973
39928485795
39928492143
39928496842
39928504472
39928511979
39928519181
39928525590
39928531510
39928537675
39928544144
39928549516
39928554765
39928562455
39928566300
39928573075
39928578202
39928585526
39928591447
39928598160
39928604569
39928608964
39928616471
39928620988
39928628190
39928633072
39928639908
39928644791
39928651200
39928656022
39928662674
39928668778
39928674210
39928679398
39928685502
39928691361
39928696976
39928702530
39928707169
39928714249
39928718216
39928724808
39928731888
39928736039
39928742203
39928746903
39928752945
39928757950
39928764359
39928771012
39928775223
39928781632
39928786331
39928792435
39928796951
39928803909
39928807266
39928814957
39928820145
39928825638
39928831314
39928837112
39928842239
39928849014
39928855179
39928861649
39928867874
39928873978
39928880691
39928887222
39928892898
39928900223
39928906021
39928912674
39928919571
39928925796
39928932022
39928939285
39928946853
39928952530
39928961014
39928967910
39928974624
39928980240
39928987503
39928994705
39929001968
39929008133
39929015396
39929021499
39929027175
39929037063
39929043533
39929050430
39929056533
39929063308
39929069961
39929076797
39929084243
39929091873
39929098281
39929103957
39929111770
39929118179
39929125930
39929130935
39929140456
39929147231
39929154617
39929161513
39929167129
39929174209
39929179885
39929188552
39929195632
39929202346
39929209365
39929216262
39929222487
39929229140
39929237075
39929242812
39929250808
39929256423
39929263259
39929268813
39929277602
39929284682
39929291823
39929299331
39929304580
39929311721
39929318862
39929326064
39929331679
39929339553
39929346205
39929353530
39929360610
39929367385
39929373915
39929380568
39929389235
39929395155
39929403395
39929409865
39929418654
39929425795
39929431838
39929436110
39929444838
39929452040
39929457716
39929463454
39929469130
39929475172
39929479811
39929486403
39929493788
39929498854
39929503859
39929510878
39929514357
39929521742
39929528761
39929534865
39929541212
39929545607
39929551466
39929557814
39929564344
39929569777
39929575087
39929581007
39929587294
39929594252
39929600233
39929605177
39929611036
39929616590
39929625685
39929631666
39929635328
39929642347
39929648146
39929654127
39929659498
39929667982
39929672987
39929678785
39929684889
39929690016
39929695204
39929701246
39929707166
39929713270
39929718275
39929724134
39929728529
39929734815
39929739759
39929746046
39929752515
39929758375
39929763746
39929768140
39929774183
39929780592
39929786512
39929791883
39929797315
39929802564
39929807996
39929813489
39929819532
