34675304968
34675313330
34675320837
34675328650
34675335486
34675343420
34675350684
34675357580
34675364294
34675372778
34675379004
34675385962
34675394446
34675400671
34675406286
34675415014
34675421423
34675429541
34675438086
34675443945
34675452612
34675460180
34675467321
34675474829
34675481909
34675488623
34675495092
34675501440
34675509802
34675515600
34675524084
34675529333
34675538671
34675545202
34675551916
34675559057
34675568945
34675576330
34675582678
34675592321
34675598730
34675605077
34675615209
34675623083
34675632177
34675639318
34675645544
34675653234
34675661718
34675670690
34675677709
34675685827
34675691381
34675698583
34675708349
34675715612
34675721471
34675728429
34675738134
34675745641
34675751500
34675758825
34675765844
34675774083
34675783055
34675790380
34675799474
34675806920
34675814611
34675822301
34675830602
34675838109
34675845738
34675853490
34675862828
34675871007
34675878148
34675886083
34675891087
34675901707
34675908788
34675916722
34675926915
34675934972
34675941502
34675949925
34675958836
34675964146
34675974278
34675982457
34675990880
34675998997
34676005528
34676014744
34676021214
34676030858
34676037266
34676044163
34676054173
34676063023
34676069554
34676077549
34676084812
34676092564
34676101658
34676109349
34676117405
34676124851
34676132237
34676141270
34676148411
34676154698
34676164463
34676171787
34676179844
34676186741
34676194614
34676201756
34676209934
34676218906
34676228001
34676235081
34676247593
34676255894
34676263767
34676271274
34676279087
34676288425
34676296543
34676301975
34676313633
34676323398
34676331455
34676337986
34676349216
34676355930
34676365207
34676372837
34676384189
34676391391
34676402011
34676410922
34676418735
34676426670
34676435764
34676444431
34676453708
34676462375
34676468967
34676479221
34676485873
34676495578
34676504550
34676512485
34676521518
34676530063
34676538730
34676546054
34676555026
34676562289
34676570041
34676579867
34676586032
34676596835
34676604526
34676614657
34676621554
34676631747
34676638888
34676646945
34676656039
34676667147
34676675814
34676683505
34676690829
34676700595
34676708224
34676715975
34676724703
34676733615
34676742709
34676751071
34676759066
34676766940
34676776095
34676783968
34676789889
34676799105
34676807162
34676816195
34676824801
34676833346
34676840853
34676849581
34676857516
34676866732
34676876070
34676885409
34676894259
34676901461
34676910494
34676918856
34676926302
34676935518
34676943331
34676954195
34676964205
34676972261
34676981234
34676988985
34676996248
34677007051
34677013033
34677023897
34677030977
34677039705
34677047518
34677055452
34677063692
34677071809
34677080537
34677089082
34677097261
34677105684
34677112886
34677120760
34677127229
34677137178
34677144258
34677153963
34677160554
34677169221
34677176423
34677183626
34677192964
34677200837
34677208772
34677217500
34677227449
34677233674
34677241243
34677248994
34677256990
34677264497
34677272370
34677281282
34677289643
34677298616
34677304780
34677313203
34677321015
34677327790
34677335664
34677344453
34677352570
34677359162
34677368012
34677374543
34677382295
34677391450
34677397492
34677407197
34677415253
34677424897
34677430695
34677440156
34677447053
34677454560
34677462189
34677470551
34677478913
34677489655
34677495698
34677503998
34677513703
34677519806
34677528717
34677536896
34677545746
34677553925
34677560761
34677568940
34677575348
34677583527
34677591034
34677599640
34677609711
34677618195
34677623078
34677631622
34677638275
34677645294
34677652008
34677659271
34677666901
34677674957
34677682831
34677689667
34677696198
34677702789
34677709015
34677716522
34677725067
34677732696
34677740875
34677748199
34677755646
34677763336
34677770355
34677777984
34677787750
34677796600
34677803497
34677811187
34677818451
34677826202
34677833404
34677840179
34677848053
34677854827
34677862457
34677869720
34677877288
34677886016
34677893402
34677902191
34677908294
34677915862
34677923065
34677930572
34677938873
34677943511
34677954986
34677962066
34677972137
34677981109
34677987640
34677994476
34678003936
34678011626
34678019622
34678028594
34678035857
34678043670
34678054839
34678060943
34678070586
34678078032
34678084624
34678094878
34678101165
34678110686
34678118438
34678126311
34678130950
34678141143
34678149810
34678157317
34678163970
34678173369
34678182402
34678189299
34678197905
34678204253
34678213042
34678222014
34678227690
34678236785
34678244536
34678252959
34678261504
34678269438
34678277861
34678285368
34678293730
34678300078
34678310271
34678315825
34678324065
34678333159
34678341521
34678349882
34678358305
34678366301
34678374663
34678383269
34678391203
34678400297
34678408232
34678414579
34678422331
34678430326
34678438017
34678444304
34678451262
34678459074
34678468473
34678478605
34678486540
34678492826
34678500395
34678509550
34678516020
34678523710
34678530485
34678538786
34678545744
34678555570
34678561369
34678569242
34678578642
34678587186
34678596098
34678601286
34678612394
34678617826
34678627897
34678635160
34678642301
34678651395
34678659208
34678666959
34678674039
34678680326
34678688321
34678695585
34678703519
34678710111
34678719938
34678727872
34678738248
34678745755
34678756192
34678761869
34678769681
34678777005
34678783292
34678794217
34678803189
34678810575
34678816495
34678824307
34678831937
34678840054
34678848111
34678856717
34678866605
34678874783
34678878323
34678886990
34678894254
34678900845
34678904385
34678913052
34678918484
34678927029
34678931790
34678939542
34678944363
34678949612
34678955838
34678961026
34678968106
34678973172
34678979580
34678984463
34678990384
34678995266
34679001675
34679006802
34679012234
34679018643
34679023404
34679029507
34679034207
34679040371
34679046780
34679051236
34679059048
34679064236
34679069607
34679075222
34679081082
34679086270
34679091946
34679098294
34679103787
34679108975
34679115566
34679120571
34679126797
34679132107
34679138516
34679144375
34679150662
34679155911
34679159634
34679166409
34679170803
34679175747
34679181118
34679187466
34679192043
34679198086
34679202419
34679208340
34679212978
34679219204
34679225307
34679231106
34679235927
34679241421
34679246303
34679251674
34679256557
34679262844
34679268581
34679273464
34679279384
34679284328
34679288173
34679294094
34679301540
34679307277
34679313381
34679320278
34679325832
34679332180
34679337307
34679344265
34679350368
34679354946
34679363430
34679369472
34679375515
34679382289
34679387905
34679395778
34679403896
34679410121
34679415676
34679422206
34679429286
34679434779
34679443385
34679450771
34679455837
34679462734
34679469081
34679476711
34679482021
34679488002
34679496791
34679503078
34679507899
34679515346
34679520961
34679526942
34679533473
34679539455
34679547816
34679555324
34679560817
34679567958
34679573634
34679580592
34679586268
34679593532
34679600306
34679605189
34679613368
34679618434
34679624415
34679631617
34679637660
34679644801
34679651210
34679657435
34679665004
34679670924
34679677027
34679682582
34679690577
34679697169
34679704615
34679710230
34679717616
34679726588
34679733119
34679741419
34679748194
34679753748
34679759730
34679767176
34679771571
34679779139
34679784815
34679792323
34679797694
34679805445
34679811610
34679818995
34679824854
34679832606
34679839808
34679847376
34679854395
34679859949
34679869471
34679873072
34679881434
34679889490
34679896143
34679904566
34679911524
34679917688
34679924341
34679932398
34679939661
34679946436
34679953577
34679960657
34679968164
34679975672
34679982019
34679988306
34679994531
34680001184
34680006922
34680013758
34680019617
34680024927
34680031641
34680035913
34680042505
34680047327
34680054102
34680059045
34680065515
34680070032
34680076135
34680081506
34680087671
34680093591
34680098474
34680106164
34680112207
34680117456
34680122461
34680127771
34680133630
34680140466
34680145654
34680152734
34680157983
34680162866
34680169275
34680174157
34680180505
34680185693
34680191125
34680197595
34680202539
34680208459
34680213098
34680219079
34680224694
34680231164
34680236840
34680242578
34680247766
34680254480
34680259606
34680264306
34680269189
34680275415
34680281335
34680285913
34680291528
34680295739
34680301354
34680307702
34680312646
34680319055
34680323205
34680329247
34680334069
34680339990
34680343713
34680349877
34680355248
34680359765
34680365258
34680370873
34680376855
34680382165
34680387048
34680392602
34680398766
34680404382
34680410790
34680416039
34680422631
34680428612
34680433434
34680441918
34680447228
34680454125
34680460412
34680465905
34680470971
34680478539
34680485253
34680492516
34680498620
34680504052
34680510949
34680516442
34680522606
34680529930
34680537255
34680542382
34680549523
34680556176
34680562279
34680569298
34680575402
34680584130
34680590904
34680596215
34680603783
34680609581
34680615441
34680621727
34680627648
34680636315
34680642174
34680648460
34680655541
34680661705
34680668907
34680673790
34680681114
34680689537
34680695274
34680701317
34680708885
34680714989
34680720299
34680726280
34680734215
34680740684
34680747764
34680753868
34680759971
34680767662
34680772789
34680780723
34680786827
34680794334
34680800010
34680807090
34680812400
34680819420
34680826133
34680831932
34680840538
34680847374
34680853416
34680859031
34680865135
34680869895
34680879112
34680884422
34680892417
34680897544
34680904991
34680909751
34680917564
34680924339
34680930564
34680938926
34680945396
34680952110
34680959922
34680966331
34680972373
34680980430
34680986777
34680993491
34681001548
34681009055
34681014243
34681020530
34681028770
34681036033
34681042808
34681051230
34681060813
34681067161
34681075583
34681081687
34681087363
34681094321
34681099875
34681107749
34681112388
34681119101
34681123313
34681130149
34681134360
34681140464
34681146506
34681151877
34681158225
34681163535
34681169638
34681174948
34681177939
34681186362
34681192465
34681198874
34681203574
34681209616
34681214804
34681219626
34681224692
34681231040
34681236105
34681242636
34681248435
34681254599
34681259787
34681265280
34681270529
34681277548
34681282919
34681288351
34681293539
34681298971
34681304159
34681310019
34681315329
34681322653
34681327719
34681333029
34681339316
34681344382
34681349386
34681354452
34681361166
34681368979
34681373373
34681379171
34681383627
34681388388
34681394308
34681399130
34681405783
34681410482
34681415976
34681421530
34681425924
34681431478
34681436117
34681441915
34681448934
34681454184
34681458944
34681463766
34681469747
34681474020
34681480368
34681487264
34681491781
34681496969
34681502462
34681508138
34681514181
34681519735
34681527059
34681532919
34681538412
34681545370
34681550131
34681556844
34681563497
34681568807
34681576559
34681581869
34681589803
34681594564
34681602132
34681607015
34681615438
34681621480
34681627828
34681635152
34681641134
34681646993
34681652974
34681659261
34681665487
34681673299
34681681051
34681686971
34681692464
34681698201
34681705709
34681711324
34681718526
34681724630
34681732137
34681737142
34681745198
34681751180
34681755941
34681763204
34681768453
34681778218
34681781270
34681790792
34681796468
34681802449
34681808125
34681815633
34681822957
34681828633
34681835774
34681841267
34681847920
34681853413
34681860249
34681866841
34681875325
34681880269
34681888142
34681894368
34681900227
34681905476
34681912923
34681920491
34681926716
34681932637
34681940205
34681945393
34681952778
34681957844
34681965657
34681973835
34681978901
34681984578
34681991719
34681996907
34682003804
34682010579
34682018574
34682025105
34682033223
34682039082
34682044453
34682050373
34682057759
34682064350
34682072102
34682079121
34682085530
34682093891
34682099507
34682106098
34682113667
34682120930
34682127400
34682136860
34682144123
34682150715
34682157368
34682164509
34682172199
34682178791
34682186298
34682192829
34682198017
34682205341
34682210834
34682216511
34682221393
34682228229
34682234760
34682239887
34682245319
34682250385
34682256611
34682262836
34682267841
34682276264
34682281635
34682286457
34682292499
34682301227
34682306903
34682311969
34682319172
34682325763
34682330768
34682336566
34682343036
34682348773
34682355304
34682360126
34682367877
34682374347
34682380390
34682386066
34682391864
34682397357
34682402301
34682409870
34682414569
34682421405
34682427142
34682432391
34682439838
34682444476
34682451068
34682457660
34682463275
34682467975
34682474567
34682480548
34682486285
34682491229
34682496356
34682501910
34682508990
34682514484
34682519855
34682524859
34682530353
34682536883
34682541705
34682547809
34682553485
34682559039
34682564105
34682570270
34682575396
34682581988
34682587054
34682593036
34682598834
34682604327
34682609698
34682614703
34682621295
34682627093
34682633868
34682639849
34682645770
34682653460
34682659014
34682667620
34682673602
34682679705
34682686053
34682691851
34682700213
34682706378
34682712786
34682719378
34682726885
34682731463
34682738421
34682744341
34682752703
34682758807
34682766131
34682772478
34682778765
34682787066
34682793719
34682798968
34682805559
34682814654
34682821306
34682826983
34682834917
34682841204
34682847002
34682854510
34682861651
34682868120
34682873980
34682879473
34682887163
34682892656
34682900042
34682905901
34682913530
34682920794
34682926104
34682933611
34682938616
34682945696
34682950640
34682958391
34682965654
34682972673
34682979326
34682986345
34682994219
34683001116
34683007097
34683013994
34683020403
34683026567
34683033708
34683040361
34683046465
34683052812
34683058855
34683065385
34683071245
34683078386
34683085405
34683091142
34683096147
34683103899
34683110612
34683116716
34683122758
34683130449
34683137102
34683143205
34683149248
34683156511
34683163957
34683169755
34683178727
34683185136
34683191972
34683199662
34683205400
34683213762
34683220353
34683228166
34683235368
34683239152
34683248246
34683253739
34683261918
34683267472
34683276444
34683282609
34683290910
34683298844
34683305070
34683310014
34683315629
34683322587
34683328385
34683333451
34683341264
34683344437
34683352189
34683356400
34683362931
34683368485
34683373673
34683380143
34683385636
34683390946
34683396134
34683401017
34683406266
34683412369
34683417618
34683424576
34683429581
34683434403
34683440934
34683446366
34683451493
34683456070
34683463089
34683469071
34683475602
34683480362
34683486466
34683491715
34683497940
34683502762
34683507706
34683515030
34683519303
34683524613
34683530655
34683535782
34683541336
34683546463
34683553910
34683560684
34683566483
34683573624
34683578873
34683584976
34683591385
34683595535
34683601944
34683608292
34683613419
34683619156
34683624527
34683629166
34683635574
34683640701
34683646988
34683651871
34683657486
34683661942
34683667862
34683671890
34683677566
34683683365
34683687393
34683693375
34683699173
34683704056
34683709427
34683714432
34683720413
34683725540
34683730118
34683737076
34683743728
34683748672
34683754715
34683761490
34683766861
34683774429
34683779983
34683786087
34683791580
34683797439
34683803115
34683810440
34683816909
34683823074
34683829116
34683835586
34683841629
34683848281
34683854507
34683862258
34683868057
34683875198
34683880813
34683886123
34683893997
34683899978
34683907546
34683913894
34683919631
34683927444
34683932143
34683939590
34683945937
34683951858
34683957290
34683965469
34683970596
34683977370
34683983657
34683991164
34683996413
34684002456
34684010207
34684016433
34684022658
34684030227
34684035537
34684041579
34684047500
34684055495
34684061538
34684069655
34684075393
34684082473
34684088576
34684094191
34684101455
34684107741
34684114455
34684121962
34684127394
34684134352
34684141188
34684146010
34684151931
34684159743
34684166091
34684173659
34684179640
34684186232
34684192092
34684197341
34684204665
34684211928
34684219740
34684224989
34684231093
34684238356
34684244093
34684251784
34684258131
34684264601
34684273329
34684279372
34684285414
34684292799
34684299086
34684305739
34684312330
34684321486
34684327833
34684334303
34684341993
34684348219
34684354811
34684362562
34684369886
34684377638
34684384596
34684392286
34684398878
34684405226
34684413221
34684417921
34684423902
34684430006
34684437635
34684443006
34684448500
34684453565
34684460035
34684464063
34684470777
34684477369
34684482557
34684489210
34684493482
34684499403
34684505872
34684511183
34684515577
34684523145
34684528394
34684534376
34684538526
34684544996
34684549268
34684555555
34684562940
34684568739
34684573377
34684578626
34684584791
34684589979
34684595045
34684600355
34684606092
34684612867
34684618421
34684623121
34684629102
34684633863
34684639112
34684645887
34684650892
34684657605
34684662305
34684668470
34684673230
34684679395
34684685376
34684691419
34684696790
34684700818
34684707654
34684711805
34684717847
34684722791
34684727491
34684733655
34684739881
34684744886
34684749646
34684755994
34684759839
34684766187
34684770398
34684775952
34684782300
34684787061
34684792432
34684797254
34684802808
34684807568
34684813977
34684818677
34684824475
34684828931
34684833447
34684839734
34684845166
34684852307
34684859570
34684864209
34684871655
34684877209
34684882642
34684888928
34684894543
34684901745
34684909192
34684913647
34684921216
34684927197
34684932629
34684939404
34684945080
34684953076
34684960400
34684965771
34684973217
34684978161
34684985058
34684989575
34684996838
34685005566
34685011547
34685017590
34685024548
34685030651
34685037304
34685044445
34685050183
34685058239
34685061474
34685070385
34685075634
34685081860
34685089367
34685095471
34685102612
34685110424
34685114819
34685122448
34685129162
34685134594
34685141064
34685146862
34685153576
34685161022
34685166454
34685173351
34685178234
34685185131
34685191051
34685199047
34685207836
34685214550
34685220531
34685226635
34685232738
34685239818
34685245861
34685253673
34685259411
34685266674
34685273632
34685278453
34685285350
34685291698
34685297618
34685304271
34685310192
34685317943
34685322826
34685331310
34685336925
34685342906
34685350841
34685357006
34685363048
34685369701
34685377086
34685383678
34685390148
34685396739
34685404979
34685413768
34685419017
34685427074
34685433238
34685439281
34685445079
34685453685
34685461681
34685468028
34685475047
34685481456
34685488597
34685497752
34685503429
34685510692
34685519359
34685524791
34685531322
34685536571
34685542796
34685549144
34685554576
34685559886
34685565867
34685571238
34685577769
34685582042
34685588939
34685593150
34685598643
34685606456
34685611949
34685617747
34685624644
34685631419
34685638255
34685643138
34685650950
34685656504
34685662608
34685667979
34685673350
34685679820
34685684336
34685691111
34685697825
34685702403
34685707346
34685713389
34685719737
34685724070
34685731028
34685736887
34685743418
34685748484
34685753733
34685759714
34685764963
34685770457
34685775706
34685782114
34685787669
34685793589
34685797983
34685803599
34685808054
34685812754
34685818735
34685823984
34685829905
34685834726
34685840403
34685845225
34685849924
34685855906
34685862192
34685866953
34685872080
34685878061
34685882822
34685888437
34685892344
34685898813
34685905771
34685910837
34685915598
34685920420
34685926401
34685931833
34685936472
34685943125
34685948801
34685955088
34685959970
34685968332
34685974130
34685979624
34685986093
34685993479
34685999155
34686005563
34686010873
34686017709
34686023019
34686030649
34686038095
34686043466
34686050180
34686056833
34686062875
34686069223
34686075265
34686082529
34686090158
34686097726
34686103219
34686109628
34686116586
34686124643
34686131845
34686139352
34686146249
34686151681
34686158029
34686164865
34686169809
34686177194
34686185678
34686191598
34686197580
34686204293
34686210214
34686216561
34686222787
34686231088
34686237435
34686242196
34686249948
34686255502
34686263131
34686269479
34686275521
34686283883
34686289803
34686294747
34686301705
34686307626
34686314584
34686321603
34686326913
34686336129
34686339730
34686347543
34686354684
34686360787
34686367318
34686373299
34686380807
34686388863
34686395638
34686401131
34686408211
34686415475
34686420052
34686427559
34686435738
34686442513
34686448494
34686455513
34686462044
34686468941
34686475533
34686483590
34686492073
34686496834
34686505074
34686511360
34686519173
34686525460
34686531807
34686539742
34686546273
34686552803
34686560982
34686567146
34686573677
34686580269
34686589729
34686597359
34686604256
34686611458
34686617256
34686623909
34686629097
34686635689
34686642342
34686648994
34686653511
34686658760
34686665657
34686670906
34686674995
34686681343
34686686409
34686694954
34686700020
34686707039
34686713142
34686719734
34686726997
34686733345
34686739082
34686744453
34686750190
34686756477
34686761970
34686767769
34686774788
34686781196
34686786506
34686792488
34686797187
34686802742
34686808845
34686814094
34686819282
34686826728
34686832771
34686837959
34686842170
34686847969
34686854438
34686859809
34686864814
34686871711
34686876899
34686884162
34686889839
34686896125
34686902534
34686906867
34686913825
34686919807
34686925056
34686930000
34686936530
34686941474
34686947944
34686955817
34686960456
34686966560
34686972114
34686977668
34686981696
34686987739
34686994086
34687000129
34687004890
34687010505
34687015204
34687019721
34687025825
34687031379
34687037421
34687041816
34687048163
34687054633
34687058905
34687065802
34687073493
34687079291
34687086982
34687092475
34687100653
34687105231
34687113410
34687119086
34687126410
34687133124
34687139838
34687146674
34687151801
34687157843
34687165351
34687173346
34687180182
34687186224
34687192511
34687198431
34687204047
34687209967
34687218390
34687224860
34687230902
34687236884
34687243170
34687249152
34687254828
34687262640
34687267889
34687275946
34687281988
34687287421
34687294623
34687300055
34687306830
34687312689
34687319708
34687325873
34687334051
34687338690
34687346563
34687352057
34687358160
34687363287
34687372686
34687378241
34687386480
34687392889
34687400457
34687408270
34687413519
34687422674
34687428289
34687434332
34687441778
34687447698
34687453314
34687459234
34687468023
34687474310
34687479803
34687487371
34687493597
34687499151
34687506780
34687512579
34687521185
34687526312
34687532415
34687539373
34687546026
34687550787
34687559148
34687565984
34687572515
34687580022
34687588506
34687594854
34687603033
34687609746
34687617803
34687624029
34687632329
34687637761
34687645452
34687651311
34687658941
34687666814
34687673467
34687683477
34687689458
34687697332
34687702947
34687710088
34687718022
34687724797
34687729558
34687737004
34687743840
34687749517
34687755132
34687761785
34687767095
34687772160
34687780156
34687784612
34687790898
34687796391
34687801579
34687805669
34687812871
34687817265
34687824040
34687830266
34687835515
34687841801
34687848027
34687853947
34687858403
34687865849
34687870549
34687877080
34687883549
34687889592
34687893620
34687899968
34687906743
34687911259
34687917241
34687923710
34687929020
34687933293
34687939335
34687945866
34687952336
34687957219
34687962101
34687966923
34687973027
34687977604
34687983586
34687989994
34687994145
34688000187
34688006413
34688011174
34688016117
34688020878
34688026371
34688032658
34688037480
34688042973
34688047062
34688052616
34688057682
34688064579
34688070683
34688076054
34688080937
34688085453
34688091618
34688095951
34688102360
34688107426
34688113590
34688119572
34688123478
34688129581
34688135014
34688141788
34688148075
34688155338
34688160892
34688167301
34688172062
34688178470
34688185367
34688190372
34688198185
34688204655
34688210331
34688217106
34688223026
34688228763
34688236271
34688242679
34688250248
34688255253
34688262149
34688267765
34688274601
34688280216
34688289127
34688295658
34688300785
34688308048
34688315189
34688321109
34688327762
34688333682
34688340152
34688346561
34688353946
34688359317
34688366580
34688372074
34688377811
34688386051
34688393314
34688399173
34688405216
34688412235
34688417911
34688425601
34688431461
34688438052
34688444339
34688451358
34688457461
34688464725
34688470157
34688477969
34688483951
34688492557
34688497561
34688503970
34688511355
34688517337
34688522220
34688530459
34688537478
34688543765
34688546878
34688556887
34688561404
34688568850
34688573611
34688581485
34688588137
34688593814
34688601321
34688606082
34688614382
34688620181
34688626223
34688633853
34688640444
34688647952
34688654543
34688660342
34688668643
34688675173
34688681399
34688689150
34688697085
34688702456
34688710268
34688716494
34688724245
34688729739
34688738039
34688745425
34688753542
34688760805
34688767336
34688774599
34688780276
34688788759
34688794802
34688804506
34688808047
34688815066
34688820009
34688828493
34688832705
34688839113
34688845827
34688851198
34688858522
34688864077
34688870790
34688877260
34688883669
34688888308
34688895143
34688901796
34688907534
34688913393
34688918947
34688925051
34688930544
34688937258
34688942751
34688947389
34688954042
34688958376
34688965029
34688969972
34688975404
34688982546
34688989076
34688994081
34689000185
34689006044
34689010133
34689015321
34689022279
34689029237
34689033998
34689039369
34689045229
34689050539
34689055849
34689062013
34689068422
34689073244
34689078065
34689083742
34689087953
34689093568
34689098329
34689104188
34689110719
34689116456
34689121217
34689126222
34689130861
34689136293
34689141176
34689148622
34689153444
34689158509
34689164064
34689169862
34689173646
34689179506
34689183595
34689191102
34689196046
34689200807
34689206056
34689210755
34689215211
34689221437
34689229066
34689233644
34689241029
34689245362
34689251649
34689256104
34689264649
34689271180
34689277162
34689282594
34689289491
34689294679
34689301453
34689307130
34689314454
34689320069
34689327149
34689331849
34689338807
34689344849
34689351807
34689356873
34689362672
34689371400
34689377930
34689383851
34689390381
34689396302
34689402100
34689408082
34689414979
34689421082
34689426819
34689434266
34689439270
34689447754
34689453309
34689459412
34689465454
34689473023
34689478150
34689485657
34689491944
34689497437
34689504273
34689510010
34689515930
34689522888
34689529053
34689534546
34689541199
34689546570
34689552368
34689560059
34689568543
34689574768
34689581299
34689588989
34689595215
34689601135
34689607056
34689613281
34689620789
34689625977
34689631958
34689637695
34689645203
34689650818
34689656799
34689665527
34689673340
34689678772
34689685669
34689690430
34689697449
34689704407
34689710266
34689718139
34689722778
34689730713
34689735779
34689744018
34689750061
34689756714
34689762390
34689771545
34689780273
34689787597
34689794006
34689802734
34689810729
34689817138
34689824707
34689832946
34689840637
34689846130
34689852600
34689860900
34689869506
34689875793
34689884765
34689892577
34689897094
34689904540
34689910644
34689916869
34689923339
34689928771
34689935790
34689942504
34689947814
34689953857
34689959228
34689964416
34689969543
34689976256
34689981627
34689986693
34689993102
34689998595
34690004821
34690009337
34690016051
34690022765
34690027282
34690033934
34690039916
34690045104
34690049193
34690055480
34690062987
34690069640
34690074034
34690080138
34690087523
34690092955
34690098387
34690105651
34690111876
34690116820
34690122862
34690127257
34690133361
34690139769
34690145690
34690151671
34690156676
34690162169
34690167906
34690171813
34690177794
34690183775
34690190184
34690195433
34690200987
34690206664
34690212645
34690217467
34690222777
34690230162
34690235350
34690239256
34690246153
34690251524
34690256163
34690264220
34690269041
34690274840
34690279356
34690283995
34690289549
34690295958
34690301817
34690307921
34690313658
34690319700
34690325010
34690330015
34690337339
34690342039
34690349363
34690354246
34690362486
34690367979
34690373472
34690379942
34690385557
34690392088
34690398985
34690405699
34690410032
34690416929
34690423582
34690429624
34690437681
34690444090
34690450132
34690457639
34690463377
34690469297
34690476804
34690482481
34690488889
34690495725
34690501157
34690506712
34690514707
34690519529
34690528684
34690534910
34690542478
34690548826
34690554502
34690560972
34690567991
34690573423
34690579343
34690587461
34690592832
34690601194
34690606382
34690612424
34690619138
34690625181
34690632322
34690640317
34690646238
34690652280
34690658750
34690666684
34690672239
34690679563
34690687375
34690692502
34690699765
34690706296
34690712339
34690717038
34690724912
34690732907
34690739072
34690745297
34690752866
34690758969
34690765866
34690771665
34690778867
34690785886
34690791196
34690798459
34690803342
34690811154
34690815854
34690823361
34690828549
34690838071
34690845578
34690852353
34690858578
34690865231
34690871823
34690880063
34690887570
34690894406
34690900876
34690909176
34690914853
34690921444
34690927426
34690936093
34690943600
34690949887
34690956356
34690965268
34690970883
34690979916
34690984738
34690992916
34691001400
34691007199
34691012631
34691018429
34691023068
34691029171
34691034481
34691040768
34691045284
34691052426
34691057675
34691061886
34691069698
34691074764
34691080074
34691087338
34691092953
34691099300
34691105404
34691110043
34691116146
34691122677
34691129391
34691135433
34691142025
34691147701
34691152950
34691159664
34691164120
34691170528
34691177791
34691183895
34691189327
34691195186
34691200313
34691206722
34691211788
34691218441
34691224239
34691228939
34691234798
34691240902
34691244930
34691251217
34691255855
34691261898
34691266658
34691272701
34691278804
34691282955
34691289058
34691295284
34691299800
34691305233
34691310848
34691318904
34691331966
34691343013
34691349178
34691355098
34691360469
34691365718
34691372066
34691378108
34691382686
34691390682
34691396480
34691401363
34691407954
34691412410
34691416621
34691423335
34691430781
34691436519
34691444026
34691449580
34691456538
34691463008
34691468440
34691474971
34691481380
34691486567
34691493037
34691498408
34691504817
34691510493
34691518428
34691524470
34691529658
34691537043
34691543391
34691549311
34691554744
34691560725
34691568537
34691574458
34691581294
34691587214
34691592219
34691599604
34691605158
34691611018
34691618708
34691624629
34691629817
34691637202
34691642695
34691648554
34691655085
34691661006
34691666926
34691674494
34691679316
34691686762
34691691889
34691699274
34691704218
34691712580
34691719843
34691725581
34691731440
34691738398
34691744013
34691750910
34691756586
34691762385
34691770746
34691775690
34691781489
34691788569
34691795038
34691799860
34691806513
34691812372
34691822382
34691827936
34691834101
34691840448
34691846552
34691851252
34691859125
34691866388
34691872858
34691878717
34691886164
34691891840
34691897821
34691903376
34691910944
34691918695
34691925043
34691931757
34691937982
34691944513
34691952875
34691958368
34691965143
34691971735
34691980096
34691986078
34691992181
34691998285
34692006647
34692011835
34692020258
34692027093
34692035821
34692042779
34692049493
34692055109
34692063959
34692069208
34692076654
34692085504
34692093194
34692098443
34692105768
34692111627
34692117364
34692122918
34692128534
34692134637
34692141412
34692145257
34692151849
34692157464
34692162347
34692167108
34692174066
34692179376
34692185784
34692190789
34692196893
34692201593
34692207696
34692212701
34692219110
34692223809
34692228570
34692236077
34692240167
34692246148
34692250115
34692256402
34692261346
34692269219
34692274957
34692280267
34692285088
34692291436
34692297051
34692302300
34692307793
34692313470
34692318597
34692323907
34692329461
34692336053
34692341546
34692346795
34692352837
34692359917
34692365471
34692370354
34692376824
34692381524
34692386590
34692393242
34692398430
34692404900
34692409722
34692413506
34692419976
34692424370
34692430413
34692436455
34692441460
34692446343
34692452446
34692457146
34692462517
34692467095
34692473320
34692477837
34692483879
34692488396
34692494072
34692499260
34692505425
34692510124
34692515984
34692522698
34692528984
34692534599
34692543022
34692549553
34692555290
34692561882
34692569328
34692575493
34692582390
34692588738
34692597466
34692604790
34692612236
34692618095
34692624504
34692631523
34692637077
34692644157
34692650017
34692657402
34692665092
34692668999
34692678825
34692684379
34692691948
34692697563
34692703788
34692711235
34692716850
34692725334
34692730156
34692737175
34692744621
34692750724
34692758415
34692765068
34692771598
34692777092
34692782646
34692790153
34692795341
34692803153
34692809379
34692816581
34692821891
34692828910
34692834525
34692841544
34692846549
34692853874
34692861015
34692867790
34692873832
34692880058
34692886100
34692890800
34692899772
34692906730
34692914786
34692920035
34692927482
34692932059
34692939506
34692945670
34692951530
34692957938
34692965690
34692971427
34692978568
34692984305
34692989921
34692998465
34693004264
34693011588
34693016776
34693025992
34693031791
34693038382
34693046134
34693052909
34693059806
34693067984
34693074576
34693080741
34693086844
34693095023
34693101554
34693109915
34693116507
34693124564
34693130301
34693138358
34693144217
34693152640
34693158560
34693167899
34693175162
34693183890
34693190115
34693196768
34693202994
34693210135
34693215445
34693222525
34693228079
34693234244
34693238699
34693244803
34693251639
34693255850
34693261831
34693268423
34693275198
34693279715
34693286307
34693291006
34693296988
34693302786
34693309683
34693315115
34693319815
34693326223
34693332083
34693337454
34693343008
34693349478
34693355276
34693360708
34693365530
34693372000
34693377676
34693382620
34693388723
34693395193
34693401663
34693406179
34693410635
34693418203
34693423635
34693427847
34693434133
34693440542
34693446157
34693452017
34693458669
34693464956
34693470205
34693477041
34693484060
34693490041
34693495535
34693500906
34693506582
34693511098
34693517019
34693521657
34693528799
34693532888
34693540517
34693545095
34693551748
34693556875
34693564016
34693568532
34693574575
34693580800
34693586171
34693591665
34693596547
34693602773
34693607900
34693614003
34693619741
34693623586
34693631520
34693637258
34693642629
34693650075
34693655751
34693661855
34693668813
34693673085
34693680043
34693685231
34693691884
34693698842
34693706105
34693712209
34693717031
34693724294
34693731801
34693737782
34693745229
34693753163
34693758290
34693765981
34693772023
34693777516
34693783315
34693791188
34693796864
34693804127
34693810414
34693817494
34693822316
34693829396
34693835133
34693840993
34693849538
34693854787
34693863453
34693869740
34693875660
34693881154
34693887257
34693894887
34693901173
34693907521
34693915028
34693920033
34693927601
34693932057
34693939869
34693946766
34693954029
34693958546
34693965687
34693971852
34693977711
34693984242
34693990040
34693999928
34694006031
34694012074
34694018910
34694026051
34694031849
34694037769
34694044544
34694052357
34694060230
34694067738
34694072865
34694079823
34694085133
34694092701
34694101490
34694106861
34694112781
34694119495
34694125416
34694132435
34694138782
34694146290
34694153126
34694160145
34694166797
34694172840
34694181141
34694187244
34694193958
34694203235
34694209522
34694215198
34694223560
34694229663
34694236621
34694242054
34694250904
34694260120
34694266834
34694272510
34694281543
34694288806
34694295337
34694301624
34694307727
34694317127
34694322620
34694327991
34694334705
34694338855
34694345508
34694350574
34694357593
34694365039
34694370044
34694376209
34694382617
34694387927
34694393726
34694398975
34694405139
34694412219
34694416125
34694422778
34694427966
34694433215
34694438037
34694444873
34694451037
34694457446
34694463061
34694469165
34694473803
34694478869
34694484912
34694491321
34694498095
34694503039
34694509692
34694514148
34694520678
34694525500
34694530627
34694537951
34694543566
34694548816
34694555468
34694559924
34694566516
34694571398
34694577502
34694583361
34694587878
34694595019
34694600146
34694604968
34694610400
34694615222
34694621691
34694626757
34694631274
34694637438
34694641528
34694647570
34694652392
34694658251
34694663195
34694669421
34694675829
34694679919
34694685961
34694691576
34694696276
34694701891
34694708178
34694712694
34694718310
34694722948
34694728564
34694733507
34694740832
34694746508
34694753893
34694759447
34694765063
34694770556
34694776781
34694783922
34694789232
34694796007
34694802599
34694807055
34694814501
34694818895
34694826342
34694833788
34694840258
34694846056
34694853624
34694858812
34694865038
34694870714
34694878343
34694885607
34694891344
34694898119
34694903856
34694910570
34694917467
34694922594
34694930223
34694936998
34694944505
34694950609
34694957445
34694963548
34694968309
34694975450
34694983263
34694989671
34694997362
34695003404
34695010118
34695016038
34695021104
34695028795
34695036668
34695042650
34695047899
34695056322
34695063218
34695068651
34695074632
34695082628
34695089891
34695095079
34695101304
34695109483
34695115403
34695120164
34695128343
34695135423
34695142076
34695149034
34695155015
34695161851
34695167832
34695173997
34695180345
34695188462
34695195909
34695202378
34695207810
34695214036
34695221055
34695226243
34695233689
34695241136
34695248460
34695255051
34695260239
34695267564
34695274949
34695281541
34695287461
34695296738
34695303086
34695310044
34695316025
34695323533
34695328782
34695337449
34695345933
34695353135
34695361130
34695368210
34695374009
34695381150
34695389267
34695396531
34695402634
34695410874
34695415818
34695424363
34695427475
34695436142
34695441513
34695447373
34695454392
34695459885
34695465134
34695471787
34695476548
34695481797
34695487595
34695492905
34695499436
34695505661
34695510971
34695516953
34695521530
34695527634
34695531662
34695538132
34695545395
34695549728
34695555771
34695561508
34695566818
34695572433
34695577744
34695585312
34695590683
34695595200
34695601791
34695605820
34695612411
34695616989
34695623886
34695629989
34695636398
34695640732
34695646896
34695653427
34695657699
34695664779
34695669296
34695676315
34695682113
34695687301
34695692184
34695698593
34695702743
34695708847
34695715683
34695720321
34695726120
34695730575
34695735275
34695740768
34695745834
34695750900
34695758468
34695764022
34695768844
34695774459
34695779342
34695784530
34695789474
34695796005
34695801986
34695805526
34695811263
34695817550
34695821456
34695828048
34695833297
34695840438
34695846786
34695852218
34695858810
34695863876
34695869186
34695876266
34695884872
34695889327
34695896651
34695902145
34695907821
34695914046
34695920028
34695927657
34695935409
34695941085
34695947188
34695954391
34695960006
34695965987
34695973861
34695981795
34695986800
34695992537
34695999740
34696006026
34696013106
34696020675
34696025863
34696033797
34696041060
34696047042
34696052474
34696058455
34696065169
34696071089
34696078353
34696086226
34696092391
34696097884
34696105208
34696110640
34696116194
34696124007
34696130599
34696137862
34696142867
34696149947
34696155745
34696162703
34696169417
34696176680
34696183089
34696190169
34696196272
34696203108
34696209090
34696215376
34696221419
34696227217
34696234907
34696241804
34696247175
34696254194
34696259749
34696266462
34696272444
34696280134
34696286116
34696292280
34696299238
34696306074
34696312727
34696318892
34696324202
34696333235
34696340254
34696346540
34696352705
34696359297
34696367109
34696373640
34696382490
34696388838
34696396711
34696402693
34696409895
34696415937
34696421674
34696430219
34696438398
34696444624
34696451215
34696457868
34696466535
34696473310
34696479902
34696487226
34696494978
34696504377
34696510480
34696517438
34696522626
34696530378
34696536237
34696542219
34696550092
34696556684
34696561078
34696567304
34696571821
34696577985
34696582624
34696589093
34696596357
34696602094
34696607282
34696613446
34696618634
34696624555
34696629926
34696637006
34696642560
34696647321
34696654035
34696659162
34696664350
34696669843
34696676679
34696682294
34696688703
34696692548
34696698712
34696703778
34696709943
34696714948
34696721234
34696728925
34696733807
34696739056
34696744794
34696750043
34696755902
34696761151
34696767133
34696774152
34696779401
34696784222
34696790448
34696795148
34696799847
34696806439
34696813275
34696818707
34696823590
34696827313
34696834088
34696839093
34696843915
34696850079
34696856366
34696860638
34696866803
34696871258
34696876874
34696881695
34696888043
34696893902
34696899517
34696905682
34696910199
34696915142
34696920453
34696926678
34696932476
34696937176
34696942730
34696949078
34696954876
34696959271
34696966900
34696972088
34696979473
34696987225
34696992596
34696999371
34697004498
34697010906
34697018780
34697023907
34697031841
34697037518
34697044964
34697051067
34697055828
34697063396
34697072369
34697078777
34697084454
34697092022
34697097698
34697103680
34697109295
34697116985
34697125957
34697131878
34697138347
34697144024
34697150432
34697157390
34697162945
34697170208
34697178508
34697184795
34697190960
34697197735
34697203777
34697210430
34697216411
34697224041
34697230449
34697236919
34697244487
34697250225
34697257183
34697262920
34697270427
34697277446
34697284282
34697290264
34697297649
34697303569
34697306682
34697316142
34697323711
34697330119
34697335735
34697343242
34697348430
34697355937
34697361064
34697369060
34697374858
34697382426
34697388591
34697395671
34697401042
34697408488
34697414531
34697419658
34697428508
34697434001
34697441447
34697448039
34697454204
34697461223
34697467753
34697474467
34697481364
34697488505
34697495219
34697501323
34697507914
34697515178
34697521891
34697529460
34697536662
34697544657
34697550883
34697556254
34697564738
34697570597
34697579814
34697588603
34697595744
34697601786
34697610819
34697617167
34697624064
34697630717
34697636576
34697643656
34697649332
34697654704
34697661539
34697665751
34697672282
34697676310
34697683024
34697689555
34697696085
34697700175
34697706339
34697711588
34697717631
34697722697
34697727946
34697736307
34697741251
34697746561
34697752115
34697757364
34697763224
34697768534
34697775797
34697781473
34697786356
34697793070
34697798990
34697803751
34697809977
34697815104
34697822428
34697827555
34697832376
34697838541
34697843729
34697849832
34697855753
34697860269
34697867716
34697872293
34697879495
34697884012
34697890543
34697895059
34697900308
34697908548
34697914041
34697919595
34697925211
34697930155
34697934488
34697940591
34697945291
34697951700
34697955972
34697962808
34697968057
34697972818
34697978067
34697982889
34697990030
34697994607
34697999734
34698005350
34698011148
34698014993
34698019815
34698025857
34698031656
34698038003
34698042947
34698048257
34698053140
34698059305
34698064859
34698072366
34698079019
34698083719
34698090127
34698096658
34698102334
34698107949
34698112527
34698121377
34698127237
34698134805
34698140176
34698147683
34698152566
34698160501
34698167214
34698174356
34698179299
34698186318
34698192483
34698199502
34698204202
34698211709
34698217996
34698225808
34698231789
34698238870
34698244790
34698249551
34698257058
34698264809
34698271157
34698277200
34698283181
34698289040
34698295022
34698301980
34698307839
34698317238
34698322854
34698328896
34698335854
34698341897
34698348855
34698354470
34698360268
34698367836
34698372902
34698380715
34698385476
34698392861
34698399941
34698406960
34698414772
34698422707
34698428749
34698434792
34698440468
34698447975
34698453591
34698459633
34698467995
34698473854
34698480019
34698486977
34698492653
34698499550
34698505226
34698512734
34698519936
34698526527
34698533058
34698537636
34698546120
34698551918
34698557961
34698566139
34698572548
34698579994
34698586708
34698592201
34698600502
34698606789
34698613502
34698622658
34698628883
34698634071
34698642433
34698648231
34698656349
34698661720
34698671425
34698677772
34698685707
34698692176
34698698768
34698707069
34698713600
34698719947
34698726966
34698735633
34698741737
34698746986
34698754554
34698759193
34698766090
34698771705
34698776710
34698783607
34698790931
34698795692
34698800758
34698805946
34698811988
34698817176
34698824500
34698829994
34698836219
34698841468
34698846656
34698851966
34698858558
34698863807
34698869910
34698875587
34698881751
34698886512
34698891578
34698898048
34698903052
34698909827
34698915015
34698921485
34698926429
34698932837
34698938148
34698944312
34698949622
34698955665
34698961280
34698966895
34698974097
34698981055
34698985938
34698991187
34698997718
34699004371
34699008826
34699015418
34699019568
34699026465
34699031531
34699036353
34699041968
34699048133
34699052710
34699058753
34699063452
34699069068
34699074072
34699080542
34699085791
34699092078
34699096045
34699103919
34699108984
34699114844
34699119666
34699126563
34699132300
34699135901
34699141455
34699147498
34699152625
34699157568
34699164893
34699170752
34699175879
34699182654
34699188086
34699194922
34699200476
34699207800
34699214575
34699219214
34699227270
34699232519
34699238135
34699245459
34699251379
34699258398
34699265356
34699272253
34699277807
34699285193
34699290808
34699297644
34699303503
34699310583
34699317663
34699323095
34699330053
34699336401
34699343359
34699347937
34699355322
34699361059
34699368200
34699374975
34699379736
34699387487
34699392126
34699400976
34699406652
34699412817
34699420873
34699427282
34699433996
34699440160
34699446996
34699453100
34699459814
34699465734
34699472082
34699478124
34699483617
34699491552
34699496862
34699504491
34699511388
34699517003
34699523229
34699530065
34699535741
34699542760
34699548436
34699554235
34699560460
34699567540
34699572606
34699579625
34699585424
34699592382
34699599340
34699604589
34699610875
34699618627
34699624669
34699631383
34699637364
34699643529
34699649510
34699656468
34699662938
34699670629
34699676854
34699682591
34699689244
34699697240
34699703832
34699711705
34699720921
34699728490
34699734593
34699740575
34699749425
34699755528
34699761937
34699770909
34699777196
34699783665
34699791478
34699797398
34699805333
34699812169
34699819066
34699827672
34699836522
34699842991
34699847935
34699853550
34699859715
34699866063
34699871556
34699879551
34699884190
34699890843
34699896763
34699902073
34699906956
34699912083
34699918553
34699925572
34699930638
34699935887
34699941014
34699947544
34699952915
34699957920
34699964146
34699970738
34699975987
34699982090
34699986424
34699992832
34699998692
34700003269
34700011021
34700017063
34700022312
34700027927
34700033238
34700038425
34700043736
34700050266
34700057468
34700061680
34700068211
34700072117
34700078587
34700084202
34700090671
34700095249
34700101780
34700106541
34700112705
34700117832
34700123569
34700129551
34700135044
34700141208
34700145481
34700151523
34700156589
34700161106
34700166782
34700171421
34700177341
34700183811
34700188572
34700194187
34700199070
34700204563
34700209446
34700215427
34700220493
34700225986
34700231662
34700236789
34700241184
34700246433
34700252841
34700258701
34700262912
34700270908
34700276950
34700282504
34700287387
34700294589
34700301303
34700308017
34700312595
34700319064
34700324985
34700329929
34700337680
34700343234
34700352206
34700358554
34700364658
34700371860
34700377963
34700384189
34700390414
34700397189
34700405246
34700411899
34700417392
34700424350
34700430026
34700436130
34700443515
34700449557
34700456942
34700464511
34700470981
34700477145
34700482028
34700490146
34700497775
34700503939
34700510226
34700516268
34700522250
34700529757
34700535739
34700541659
34700550082
34700555819
34700561984
34700568942
34700574740
34700581881
34700587740
34700593783
34700603365
34700611056
34700617342
34700625155
34700633212
34700639010
34700646761
34700653353
34700659396
34700668429
34700673617
34700681063
34700688875
34700695528
34700701754
34700709933
34700716036
34700722567
34700730074
34700736422
34700743197
34700749727
34700757113
34700763460
34700768709
34700776217
34700781221
34700788973
34700794832
34700803499
34700810457
34700817171
34700824129
34700830171
34700838289
34700844454
34700851534
34700857942
34700864778
34700872957
34700878755
34700886568
34700893892
34700900301
34700906160
34700915682
34700922212
34700931123
34700937410
34700944124
34700951692
34700957491
34700964326
34700970552
34700977571
34700985139
34700990694
34700996919
34701002473
34701007417
34701012971
34701019441
34701024507
34701029512
34701036104
34701040315
34701046602
34701052583
34701057893
34701065522
34701071138
34701076753
34701082124
34701088289
34701093599
34701098603
34701103975
34701111543
34701116731
34701122651
34701127473
34701132295
34701138825
34701144258
34701150788
34701157075
34701161775
34701167939
34701172151
34701179719
34701183991
34701191010
34701197541
34701203034
34701208588
34701215241
34701220551
34701225861
34701231355
34701236665
34701243989
34701248566
34701254060
34701259736
34701264313
34701270051
34701274384
34701279206
34701286652
34701290620
34701297822
34701302766
34701307526
34701312897
34701317841
34701324616
34701329133
34701335053
34701339387
34701343964
34701349518
34701354767
34701359650
34701367524
34701372345
34701377228
34701382782
34701388031
34701393525
34701399445
34701406769
34701413483
34701419220
34701425629
34701430695
34701437165
34701443146
34701447968
34701456513
34701462067
34701469635
34701475311
34701481415
34701487702
34701493622
34701500702
34701507111
34701512787
34701521210
34701526581
34701534149
34701539337
34701547089
34701553925
34701559906
34701566193
34701573212
34701578583
34701585663
34701592621
34701598114
34701606537
34701611542
34701619110
34701623810
34701631866
34701635223
34701643463
34701650299
34701656707
34701662262
34701668609
34701675140
34701681366
34701687957
34701694366
34701700409
34701707367
34701715545
34701720733
34701727325
34701733734
34701739715
34701748382
34701753570
34701759857
34701765411
34701773712
34701778533
34701786651
34701793365
34701799529
34701806243
34701812713
34701819793
34701825530
34701832183
34701837920
34701844329
34701854217
34701861663
34701868072
34701875091
34701880950
34701887237
34701892303
34701900115
34701907500
34701914580
34701918426
34701927947
34701933562
34701942412
34701946624
34701956328
34701962127
34701968352
34701974822
34701982940
34701988555
34701995757
34702003752
34702010955
34702016631
34702025847
34702033415
34702041167
34702045561
34702056975
34702064849
34702071929
34702078337
34702084563
34702090605
34702096709
34702100066
34702109221
34702110991
34702120573
34702127043
34702132658
34702138762
34702144377
34702149748
34702154814
34702159880
34702165495
34702171171
34702176237
34702181670
34702187895
34702193510
34702198454
34702203520
34702209135
34702215422
34702220549
34702226469
34702231901
34702237700
34702244658
34702250883
34702255766
34702261442
34702267057
34702274931
34702280180
34702285917
34702293241
34702300566
34702306303
34702311918
34702318388
34702324675
34702330412
34702336637
34702343229
34702350309
34702354582
34702361601
34702367277
34702374174
34702379545
34702385587
34702389494
34702395353
34702401518
34702408170
34702413908
34702419645
34702424589
34702429472
34702435209
34702440336
34702446867
34702452055
34702457975
34702462553
34702467191
34702474393
34702479520
34702484525
34702490079
34702495511
34702500760
34702506009
34702512479
34702519987
34702525541
34702532682
34702540006
34702544706
34702552396
34702557035
34702565152
34702570829
34702578397
34702585416
34702591886
34702597501
34702605558
34702610379
34702618497
34702625699
34702633084
34702638761
34702645841
34702651700
34702657437
34702664395
34702670194
34702676480
34702684049
34702689908
34702697476
34702703641
34702708463
34702716153
34702721219
34702729703
34702737088
34702743192
34702749478
34702756497
34702762356
34702768399
34702775601
34702781705
34702787259
34702794888
34702801297
34702806790
34702812832
34702820828
34702825284
34702832791
34702838650
34702845669
34702852139
34702857632
34702863491
34702870877
34702876553
34702883816
34702890469
34702897000
34702903103
34702909573
34702915676
34702921170
34702929531
34702936001
34702942044
34702946804
34702954739
34702961086
34702967129
34702973171
34702979336
34702986965
34702992886
34702999661
34703005886
34703010708
34703017117
34703026516
34703033657
34703040066
34703046963
34703053188
34703061611
34703066921
34703075649
34703081936
34703088650
34703095669
34703102321
34703109463
34703117214
34703124233
34703131069
34703140529
34703148098
34703153957
34703163234
34703168666
34703175930
34703183559
34703190822
34703199977
34703206447
34703212062
34703218410
34703224575
34703230312
34703236110
34703243434
34703248928
34703255580
34703259853
34703266567
34703271144
34703277919
34703283229
34703288417
34703294826
34703301540
34703306239
34703312404
34703316982
34703323756
34703328944
34703333400
34703340907
34703346156
34703351405
34703357814
34703363063
34703368251
34703373439
34703380153
34703385829
34703390651
34703397304
34703401393
34703408046
34703413722
34703418849
34703424464
34703431239
34703437648
34703441920
34703447230
34703453395
34703459498
34703464076
34703471888
34703476832
34703482142
34703486476
34703493983
34703499232
34703504176
34703510035
34703516932
34703522486
34703527003
34703531825
34703537562
34703542323
34703548792
34703553919
34703559962
34703564845
34703569972
34703576197
34703580653
34703587122
34703591639
34703597682
34703602869
34703609034
34703613917
34703617884
34703624781
34703629969
34703637171
34703642359
34703649378
34703654261
34703661219
34703665674
34703673182
34703681544
34703686365
34703694422
34703700525
34703706568
34703712000
34703719874
34703725245
34703732813
34703738123
34703744288
34703751551
34703757654
34703764124
34703770227
34703777002
34703784449
34703790003
34703796228
34703802698
34703808863
34703814661
34703822534
34703827844
34703835413
34703842798
34703848291
34703854639
34703861658
34703867761
34703873682
34703879907
34703887048
34703892542
34703899622
34703906519
34703911340
34703918726
34703924463
34703932153
34703939294
34703945398
34703951868
34703957849
34703964380
34703970727
34703977258
34703983362
34703990137
34703996179
34704002588
34704008691
34704016321
34704022729
34704028772
34704034875
34704041162
34704047143
34704054345
34704059900
34704066858
34704072656
34704080102
34704085595
34704090417
34704098474
34704104211
34704111291
34704116723
34704124047
34704130029
34704138024
34704143090
34704150903
34704156762
34704164453
34704171349
34704177697
34704184228
34704192223
34704199242
34704205468
34704213097
34704219872
34704226220
34704234704
34704240990
34704247460
34704255761
34704264062
34704269250
34704277733
34704285180
34704292199
34704300377
34704307396
34704314721
34704320214
34704325524
34704333642
34704338097
34704345543
34704352562
34704357079
34704361901
34704368676
34704374840
34704380822
34704386132
34704392601
34704397972
34704403893
34704409203
34704413903
34704419029
34704424828
34704430077
34704435814
34704441124
34704447289
34704452721
34704458336
34704463768
34704469872
34704475731
34704482323
34704487450
34704493370
34704498192
34704504601
34704509361
34704514610
34704521446
34704526451
34704533043
34704538109
34704544273
34704549950
34704555870
34704561180
34704567833
34704573204
34704579796
34704585167
34704591820
34704597130
34704601890
34704606956
34704613426
34704619774
34704624473
34704630150
34704634666
34704640403
34704645042
34704650962
34704657676
34704662315
34704668480
34704673179
34704678184
34704683799
34704688743
34704695518
34704701438
34704706138
34704711753
34704717063
34704722373
34704727195
34704732749
34704737937
34704745201
34704751121
34704756065
34704763145
34704769737
34704775108
34704782859
34704787559
34704793296
34704800498
34704806236
34704812278
34704818320
34704826499
34704832786
34704839744
34704845847
34704850791
34704858298
34704864341
34704870566
34704878379
34704884299
34704891562
34704897056
34704903220
34704910239
34704915549
34704922934
34704928672
34704936179
34704941428
34704948630
34704954856
34704961325
34704967429
34704974997
34704981467
34704988547
34704994712
34705001181
34705007285
34705013022
34705019126
34705026328
34705034262
34705039572
34705045615
34705052023
34705059653
34705064292
34705072226
34705078574
34705086203
34705092307
34705099387
34705105734
34705110617
34705118552
34705124167
34705132040
34705137167
34705145712
34705151083
34705157187
34705163718
34705171286
34705178854
34705185202
34705190634
34705198202
34705203024
34705210531
34705215841
34705222006
34705230490
34705237814
34705243612
34705249533
34705256308
34705264059
34705270468
34705277548
34705287313
34705292990
34705299337
34705307272
34705314596
34705322531
34705329916
34705336996
34705344015
34705351949
34705358663
34705364828
34705371969
34705380514
34705386007
34705396322
34705403951
34705410299
34705417745
34705422750
34705430013
34705434225
34705441610
34705446554
34705454549
34705460714
34705466146
34705470235
34705478536
34705483724
34705489095
34705495016
34705501851
34705506185
34705512838
34705518697
34705523519
34705529683
34705534688
34705540853
34705545980
34705551778
34705558004
34705563009
34705567891
34705573873
34705580831
34705586446
34705590963
34705597921
34705604573
34705609761
34705615193
34705620442
34705625997
34705633016
34705637776
34705644307
34705649373
34705654134
34705659810
34705666097
34705672322
34705676595
34705682271
34705688802
34705694112
34705698384
34705704732
34705709309
34705717549
34705723103
34705728108
34705732808
34705738972
34705744527
34705749287
34705754231
34705760335
34705765278
34705770955
34705776814
34705782063
34705786824
34705793049
34705798298
34705803670
34705809834
34705814045
34705820149
34705824482
34705830769
34705835164
34705841145
34705847371
34705851704
34705859150
34705865376
34705870991
34705878376
34705885823
34705891499
34705898030
34705903828
34705908894
34705914326
34705921711
34705930500
34705935932
34705941975
34705948383
34705955891
34705962361
34705968464
34705976154
34705982563
34705987934
34705995869
34706003010
34706010883
34706017597
34706025166
34706032307
34706040119
34706046528
34706052509
34706058979
34706066547
34706073505
34706079792
34706087665
34706094257
34706101703
34706107013
34706114765
34706122760
34706130024
34706136921
34706142719
34706150348
34706157550
34706162311
34706169513
34706174640
34706182087
34706188739
34706194843
34706200397
34706208148
34706215229
34706222797
34706227558
34706234394
34706241168
34706245929
34706254230
34706260272
34706266376
34706273273
34706281451
34706288409
34706294025
34706300861
34706307391
34706317767
34706324298
34706332294
34706338214
34706346271
34706354388
34706361468
34706368060
34706375201
34706383746
34706390155
34706398883
34706405230
34706412555
34706419207
34706428973
34706435260
34706441729
34706447711
34706455767
34706461566
34706468524
34706475482
34706483966
34706490008
34706497149
34706506243
34706513262
34706519549
34706525775
34706531939
34706538409
34706544940
34706550128
34706555621
34706560809
34706566180
34706572222
34706578570
34706584918
34706591204
34706595904
34706602251
34706608233
34706613482
34706620623
34706625750
34706633440
34706638323
34706646014
34706651018
34706657793
34706664141
34706670672
34706675799
34706682268
34706686297
34706692339
34706697283
34706704119
34706709612
34706716509
34706721819
34706726336
34706732683
34706737749
34706744768
34706750017
34706756304
34706762041
34706766252
34706773943
34706779192
34706784441
34706792009
34706796221
34706800981
34706806536
34706812761
34706817888
34706823747
34706828447
34706834429
34706839983
34706844744
34706850908
34706854875
34706860674
34706866106
34706871599
34706877275
34706883135
34706887163
34706892900
34706898393
34706905107
34706910356
34706915910
34706921342
34706926164
34706931169
34706938432
34706945878
34706951494
34706957231
34706963823
34706969621
34706975358
34706982316
34706989152
34706994890
34707002519
34707008195
34707014665
34707021562
34707026750
34707036393
34707043718
34707050431
34707057084
34707062638
34707070207
34707076738
34707082841
34707091081
34707096391
34707103166
34707109757
34707115861
34707121720
34707128190
34707138017
34707144303
34707151444
34707156876
34707163285
34707169694
34707177811
34707185380
34707192033
34707198136
34707204057
34707210099
34707217057
34707223344
34707230729
34707237626
34707242570
34707251420
34707256730
34707264115
