46068624800
46068630171
46068635848
46068642073
46068647872
46068655623
46068661421
46068668868
46068674605
46068681746
46068687178
46068694502
46068701399
46068707869
46068715804
46068722273
46068728194
46068736128
46068743635
46068750288
46068757735
46068766402
46068771345
46068780989
46068789595
46068796065
46068803999
46068811018
46068816511
46068825728
46068832930
46068839827
46068846968
46068853743
46068860884
46068869978
46068875776
46068884932
46068890974
46068899275
46068906477
46068913008
46068921980
46068928755
46068935407
46068942426
46068950300
46068956953
46068964887
46068970014
46068979170
46068986799
46068995405
46069002668
46069009382
46069017438
46069025129
46069032819
46069041486
46069047895
46069057294
46069065412
46069074262
46069081220
46069088483
46069097516
46069105695
46069114606
46069121747
46069127057
46069136701
46069146100
46069152692
46069162824
46069171064
46069176984
46069184919
46069191022
46069200910
46069205426
46069215619
46069224957
46069231793
46069240705
46069244733
46069254743
46069264081
46069269696
46069277448
46069283978
46069292340
46069298383
46069306256
46069314191
46069322003
46069328717
46069336896
46069343426
46069350323
46069358807
46069363385
46069373150
46069381451
46069389691
46069397442
46069405377
46069413800
46069418194
46069428082
46069437481
46069446331
46069453717
46069463787
46069470806
46069478863
46069486981
46069495159
46069501141
46069509686
46069518048
46069526776
46069533489
46069542462
46069550518
46069557964
46069565655
46069573101
46069581585
46069589947
46069598797
46069606426
46069613811
46069620769
46069628887
46069638287
46069646526
46069654095
46069661419
46069669170
46069678325
46069686504
46069695659
46069704754
46069714153
46069721233
46069731731
46069738689
46069747905
46069758098
46069766399
46069774150
46069785564
46069791057
46069802837
46069813274
46069819744
46069828899
46069838420
46069847331
46069855998
46069866130
46069873760
46069882976
46069894084
46069904643
46069914409
46069924907
46069934611
46069943828
46069953532
46069962443
46069969340
46069978251
46069987956
46069996867
46070006083
46070015117
46070024394
46070033366
46070040934
46070049846
46070057902
46070064921
46070074321
46070081218
46070090617
46070097148
46070107279
46070116130
46070124369
46070133219
46070141703
46070149577
46070157450
46070166178
46070174845
46070182597
46070191081
46070199564
46070206461
46070215800
46070220072
46070230326
46070238383
46070249613
46070258585
46070266215
46070276102
46070284891
46070293009
46070301554
46070310953
46070320414
46070329081
46070338358
46070348307
46070355204
46070364298
46070373087
46070383341
46070390482
46070400736
46070407389
46070418009
46070424417
46070434671
46070441324
46070451273
46070461405
46070470377
46070477762
46070486856
46070494608
46070505411
46070513101
46070523843
46070533060
46070541116
46070548685
46070558572
46070565713
46070575357
46070583230
46070592813
46070602640
46070609353
46070616800
46070625894
46070633523
46070643106
46070650796
46070661966
46070667703
46070679605
46070684915
46070696755
46070705545
46070713662
46070723123
46070734658
46070744607
46070754250
46070764382
46070775308
46070785195
46070792397
46070803506
46070810036
46070820229
46070829079
46070837014
46070845193
46070853066
46070860268
46070867959
46070875588
46070883645
46070890847
46070897988
46070904274
46070913247
46070920571
46070928994
46070936379
46070944497
46070952126
46070959389
46070968483
46070975258
46070984597
46070991677
46070999550
46071008400
46071015846
46071024208
46071029579
46071038185
46071044899
46071052040
46071059425
46071068031
46071076698
46071085243
46071092812
46071099464
46071107887
46071113930
46071123268
46071131081
46071139259
46071148231
46071156715
46071165565
46071171913
46071180336
46071189186
46071197731
46071206642
46071215797
46071223060
46071231910
46071242591
46071251808
46071258094
46071266822
46071271644
46071282447
46071289344
46071297279
46071305458
46071312660
46071321449
46071328895
46071335365
46071341468
46071350013
46071356117
46071365089
46071373389
46071380836
46071388282
46071395606
46071403785
46071411231
46071417518
46071425513
46071433265
46071441260
46071450049
46071456275
46071465430
46071473975
46071481177
46071490088
46071498328
46071504371
46071512793
46071521277
46071529273
46071535315
46071543128
46071551429
46071558692
46071566993
46071574622
46071581458
46071588843
46071597449
46071604956
46071613623
46071621375
46071629736
46071636878
46071645667
46071653174
46071660010
46071667944
46071676794
46071683691
46071692969
46071700293
46071707251
46071714209
46071723242
46071730627
46071740881
46071749792
46071757971
46071765967
46071772131
46071781286
46071788672
46071798132
46071806616
46071814917
46071823034
46071829321
46071837439
46071844458
46071852392
46071860327
46071868627
46071875463
46071883215
46071891149
46071896643
46071904882
46071910314
46071918432
46071923681
46071929174
46071934118
46071941564
46071947729
46071954076
46071957739
46071966345
46071972570
46071978857
46071985387
46071990514
46071998205
46072004980
46072010473
46072017980
46072023595
46072028600
46072035009
46072040319
46072048925
46072052770
46072060644
46072064184
46072071935
46072078466
46072084691
46072090123
46072096105
46072102758
46072110021
46072115880
46072120946
46072126928
46072131994
46072139501
46072145971
46072153234
46072160192
46072166906
46072173619
46072179174
46072184362
46072188939
46072195104
46072200170
46072207494
46072213597
46072219029
46072224828
46072229833
46072236485
46072241246
46072248631
46072254735
46072259801
46072265294
46072271092
46072276952
46072282689
46072288487
46072294164
46072300084
46072305516
46072313084
46072319920
46072326024
46072332310
46072338048
46072344517
46072349400
46072356663
46072363438
46072370457
46072376378
46072383702
46072387730
46072396031
46072403172
46072410191
46072416661
46072422825
46072429905
46072437169
46072444432
46072450779
46072457127
46072464451
46072470494
46072476719
46072484165
46072492344
46072499363
46072505589
46072512913
46072520970
46072526097
46072534641
46072540562
46072547093
46072552525
46072561009
46072565159
46072575413
46072579807
46072589390
46072595982
46072600803
46072608433
46072613499
46072621006
46072628940
46072636021
46072642734
46072649631
46072656589
46072663669
46072669956
46072676975
46072683201
46072689365
46072695896
46072700840
46072708469
46072715915
46072722690
46072729160
46072735874
46072741184
46072748569
46072752597
46072761508
46072769077
46072776645
46072783115
46072790256
46072797214
46072804233
46072810459
46072814853
46072821140
46072827793
46072833652
46072839511
46072846713
46072852207
46072859042
46072862582
46072870334
46072876559
46072882846
46072889072
46072894138
46072902316
46072907687
46072915073
46072920077
46072927890
46072933810
46072941257
46072947177
46072952914
46072958774
46072964755
46072970553
46072976413
46072981540
46072987887
46072994845
46073000155
46073006503
46073013156
46073020663
46073026217
46073033969
46073037997
46073044650
46073050998
46073056918
46073063632
46073069674
46073076022
46073081942
46073088473
46073093478
46073100131
46073106112
46073112094
46073117831
46073123873
46073129794
46073134799
46073140597
46073145480
46073153109
46073159823
46073165255
46073172518
46073189608
46073195834
46073201937
46073206942
46073214632
46073217745
46073225802
46073231722
46073237459
46073244784
46073248263
46073256441
46073262179
46073268221
46073274569
46073280184
46073288546
46073293673
46073301119
46073307589
46073313082
46073320040
46073324801
46073332979
46073338289
46073344698
46073349581
46073358309
46073364168
46073370699
46073378816
46073383943
46073391023
46073397981
46073405001
46073410433
46073418245
46073422029
46073432161
46073438692
46073445100
46073451753
46073458040
46073464632
46073471346
46073479768
46073485933
46073491182
46073496370
46073504243
46073512056
46073518587
46073525606
46073531770
46073538850
46073545503
46073552034
46073557527
46073565095
46073570955
46073580476
46073587007
46073594819
46073601472
46073608247
46073614778
46073621919
46073628511
46073634065
46073642305
46073648835
46073655244
46073662385
46073668733
46073677339
46073684236
46073690095
46073695344
46073702058
46073709809
46073715363
46073720918
46073730439
46073737458
46073743745
46073750092
46073754731
46073761445
46073768281
46073775666
46073781220
46073788117
46073793732
46073800446
46073805939
46073811677
46073818391
46073824433
46073830537
46073836640
46073842133
46073848237
46073853242
46073858246
46073867035
46073874238
46073880097
46073886506
46073891510
46073897858
46073904267
46073910126
46073916901
46073922821
46073927887
46073934296
46073939789
46073946808
46073952240
46073959320
46073963166
46073971710
46073977631
46073983795
46073989838
46073996613
46074002655
46074007782
46074014923
46074019806
46074027069
46074033661
46074039887
46074045624
46074051544
46074057648
46074062286
46074069122
46074074921
46074082367
46074088043
46074094513
46074098358
46074105316
46074111664
46074117828
46074124542
46074130890
46074136078
46074142486
46074148285
46074153229
46074160614
46074167633
46074173004
46074180267
46074185028
46074192596
46074198822
46074203460
46074210235
46074217071
46074221527
46074228668
46074234954
46074240936
46074247161
46074252410
46074259796
46074264923
46074273468
46074279022
46074284759
46074291473
46074296966
46074301910
46074309112
46074315643
46074322601
46074329009
46074333953
46074339752
46074347747
46074351592
46074359222
46074363128
46074371429
46074375335
46074382842
46074386748
46074394317
46074400237
46074407378
46074415496
46074422515
46074428191
46074435210
46074442351
46074447845
46074454986
46074462066
46074468108
46074475066
46074481536
46074488677
46074495086
46074502288
46074508635
46074515105
46074522063
46074527007
46074534148
46074539275
46074546416
46074551299
46074559050
46074563994
46074570464
46074577422
46074583464
46074589080
46074594634
46074601836
46074607390
46074614592
46074620818
46074626677
46074632964
46074638884
46074647185
46074653288
46074659575
46074665739
46074673613
46074679716
46074686674
46074692961
46074699736
46074705778
46074713469
46074720061
46074725981
46074731840
46074738737
46074744353
46074752653
46074759550
46074764738
46074768217
46074778471
46074782011
46074791594
46074798307
46074803373
46074810881
46074815825
46074822599
46074829130
46074835539
46074840544
46074847074
46074853666
46074857634
46074866178
46074870146
46074879545
46074886015
46074892546
46074898039
46074904630
46074911039
46074917631
46074924101
46074929655
46074936369
46074941435
46074949613
46074955167
46074962125
46074967191
46074976774
46074982145
46074988065
46074993131
46074999418
46075004606
46075010648
46075015653
46075023221
46075026578
46075033719
46075039518
46075044645
46075051114
46075057218
46075063810
46075069730
46075075345
46075079374
46075085111
46075091337
46075098356
46075103299
46075110563
46075116422
46075122586
46075128873
46075134793
46075140226
46075144559
46075151029
46075157254
46075162686
46075169156
46075175809
46075181302
46075188931
46075194303
46075201016
46075206204
46075214383
46075221402
46075227322
46075231107
46075238919
46075245938
46075252225
46075258694
46075265347
46075272244
46075279263
46075285428
46075290982
46075297940
46075305081
46075311978
46075318326
46075325711
46075332913
46075338406
46075344510
46075352627
46075359952
46075367154
46075371487
46075380398
46075387906
46075395230
46075401394
46075408230
46075415738
46075421658
46075425442
46075435879
46075443264
46075450466
46075457363
46075463406
46075471401
46075477200
46075485317
46075490872
46075497647
46075504971
46075513271
46075518582
46075527493
46075532253
46075538967
46075544155
46075551357
46075557278
46075565151
46075571133
46075579494
46075585720
46075592739
46075599026
46075607143
46075613308
46075620205
46075626247
46075634182
46075639919
46075647915
46075652187
46075659939
46075666958
46075673488
46075677700
46075685329
46075689418
46075697719
46075704372
46075709194
46075715419
46075722744
46075727993
46075734096
46075739589
46075746059
46075750881
46075759548
46075766139
46075770839
46075777248
46075783290
46075789882
46075794521
46075801113
46075807704
46075813136
46075819789
46075825832
46075830470
46075836818
46075844081
46075851222
46075857021
46075864528
46075870326
46075876979
46075882777
46075889857
46075894923
46075902431
46075908839
46075915614
46075920558
46075928187
46075935390
46075941188
46075947230
46075953334
46075959742
46075965846
46075971217
46075977443
46075984095
46075990199
46075995997
46076001857
46076007838
46076012660
46076019740
46076025782
46076033595
46076039637
46076046595
46076052760
46076058192
46076061488
46076068873
46076075648
46076079981
46076087123
46076093714
46076099879
46076106410
46076112208
46076118250
46076123316
46076129237
46076134486
46076140894
46076149195
46076152552
46076161829
46076167384
46076173365
46076180445
46076187159
46076193323
46076200037
46076208216
46076212061
46076220179
46076225916
46076234278
46076241785
46076247889
46076254725
46076260096
46076268702
46076274500
46076280542
46076286402
46076294519
46076301416
46076308252
46076312281
46076321863
46076329309
46076334314
46076342432
46076349390
46076355677
46076361353
46076369593
46076375574
46076384180
46076392175
46076400171
46076407739
46076415613
46076421838
46076430017
46076436853
46076441553
46076451074
46076457788
46076464441
46076471399
46076478113
46076485376
46076493127
46076500329
46076506128
46076515344
46076524499
46076531091
46076539880
46076547082
46076553369
46076558923
46076566797
46076572412
46076579004
46076585168
46076592187
46076598413
46076606347
46076612085
46076618982
46076625024
46076632409
46076638330
46076646508
46076652307
46076660485
46076666894
46076672875
46076679223
46076684838
46076689782
46076695580
46076700585
46076706201
46076711144
46076717858
46076721581
46076728906
46076732629
46076739831
46076745690
46076753503
46076757714
46076766259
46076770226
46076777611
46076781335
46076788964
46076792931
46076800927
46076804650
46076813378
46076819482
46076825463
46076829064
46076836571
46076840172
46076848046
46076852135
46076860009
46076867089
46076872277
46076879174
46076885766
46076891930
46076898522
46076904869
46076910180
46076916954
46076923546
46076929589
46076936302
46076942833
46076948571
46076954430
46076960900
46076967003
46076971642
46076977928
46076984520
46076991722
46076997337
46077003197
46077009850
46077014855
46077020836
46077025841
46077032616
46077038841
46077044884
46077051109
46077056358
46077062401
46077068687
46077074974
46077080345
46077084434
46077090172
46077094383
46077100304
46077106224
46077110618
46077116905
46077122948
46077127647
46077133262
46077137840
46077142967
46077147972
46077155540
46077160789
46077167991
46077174461
46077179649
46077183311
46077193260
46077199669
46077206016
46077213340
46077218345
46077223960
46077228904
46077236412
46077242759
46077248741
46077254539
46077261741
46077268516
46077275535
46077282554
46077288230
46077295188
46077302940
46077310691
46077318076
46077324546
46077331260
46077336814
46077343284
46077350730
46077355979
46077363547
46077370383
46077377891
46077382896
46077390769
46077395896
46077403159
46077409934
46077419333
46077424827
46077431846
46077437644
46077445212
46077450889
46077459128
46077463157
46077471885
46077479331
46077484397
46077491599
46077498557
46077503196
46077511374
46077519431
46077525962
46077532431
46077539023
46077546347
46077553183
46077559287
46077564292
46077573020
46077578574
46077585593
46077590720
46077597617
46077602744
46077610617
46077616232
46077624167
46077630759
46077636923
46077643210
46077649680
46077655844
46077662192
46077669211
46077675497
46077681052
46077685446
46077692160
46077698263
46077703512
46077710348
46077717367
46077722494
46077728537
46077733298
46077740683
46077746603
46077752401
46077758017
46077766623
46077771872
46077777975
46077785055
46077789999
46077796408
46077802633
46077809652
46077816305
46077822592
46077828146
46077834921
46077839620
46077846395
46077850485
46077859823
46077864218
46077870199
46077877096
46077883138
46077888510
46077894430
46077901571
46077908041
46077914449
46077919820
46077926656
46077931112
46077937399
46077942587
46077950277
46077955709
46077960958
46077966634
46077972311
46077978963
46077985372
46077992147
46077995626
46078003255
46078006368
46078012960
46078019002
46078024068
46078030050
46078036092
46078040975
46078046529
46078051473
46078057088
46078063985
46078067464
46078075948
46078081868
46078087667
46078093038
46078098043
46078104390
46078111287
46078117025
46078123494
46078129354
46078134603
46078141744
46078146810
46078153462
46078162129
46078168965
46078174764
46078180318
46078187337
46078192098
46078199971
46078205403
46078213033
46078218648
46078225484
46078233662
46078240254
46078246480
46078251546
46078257466
46078266011
46078271809
46078278096
46078284871
46078291218
46078297932
46078304097
46078312825
46078318684
46078324971
46078331990
46078338093
46078344929
46078352620
46078359456
46078366475
46078372944
46078379048
46078384968
46078391316
46078397725
46078403706
46078412129
46078417073
46078424519
46078429341
46078436726
46078441548
46078448200
46078455281
46078462177
46078468159
46078474934
46078480183
46078486958
46078492085
46078499226
46078504902
46078513752
46078518452
46078525349
46078531879
46078537983
46078545246
46078550312
46078559162
46078564228
46078571796
46078576923
46078583820
46078589069
46078596271
46078601276
46078607990
46078612995
46078620014
46078623493
46078631244
46078634723
46078642109
46078649494
46078655719
46078661518
46078667194
46078672992
46078678669
46078683796
46078689655
46078697406
46078702472
46078708271
46078714374
46078719440
46078725605
46078731098
46078737689
46078743244
46078748737
46078755634
46078760456
46078767169
46078772357
46078779010
46078785114
46078791217
46078797748
46078802142
46078808978
46078813373
46078820148
46078824420
46078833575
46078839069
46078846088
46078851276
46078857623
46078862506
46078868487
46078875079
46078880878
46078884845
46078891803
46078895953
46078902972
46078909198
46078914813
46078920733
46078926654
46078931659
46078935992
46078942523
46078948993
46078954730
46078958392
46078966754
46078971698
46078976703
46078982623
46078988421
46078994586
46078999591
46079005999
46079011798
46079018512
46079024249
46079029742
46079035968
46079040667
46079049090
46079054156
46079060443
46079067340
46079073016
46079078387
46079086566
46079093157
46079099200
46079107195
46079112261
46079117510
46079123614
46079129839
46079137164
46079145098
46079151751
46079156756
46079162920
46079168963
46079175677
46079181963
46079189959
46079195391
46079203387
46079210894
46079216936
46079222063
46079229326
46079234820
46079242510
46079248430
46079256243
46079259966
46079267656
46079272783
46079279985
46079286150
46079292681
46079299517
46079305925
46079313066
46079319109
46079324846
46079331438
46079337480
46079344683
46079351457
46079357805
46079363787
46079368974
46079375566
46079380266
46079389055
46079394853
46079400530
46079406816
46079414812
46079421404
46079428484
46079432695
46079441118
46079448930
46079453569
46079461198
46079467668
46079473405
46079479814
46079487443
46079494035
46079500871
46079508256
46079513994
46079521074
46079526628
46079533830
46079540239
46079546647
46079552873
46079556291
46079564775
46079571244
46079576860
46079585221
46079591447
46079596574
46079602616
46079609208
46079613908
46079621293
46079625993
46079634049
46079639176
46079645097
46079651383
46079657304
46079662370
46079668046
46079673112
46079680619
46079686906
46079693009
46079699235
46079705277
46079708817
46079716691
46079723039
46079728715
46079734879
46079740556
46079746354
46079752274
46079757767
46079763505
46079770768
46079777604
46079784074
46079789139
46079795731
46079800614
46079807450
46079813309
46079819291
46079825516
46079831376
46079837906
46079843155
46079849564
46079854935
46079861527
46079865189
46079872513
46079875748
46079884720
46079890885
46079896683
46079903336
46079909256
46079915238
46079920426
46079927323
46079932877
46079939102
46079945145
46079950882
46079956070
46079962113
46079967972
46079973770
46079980484
46079985794
46079993179
46079997086
46080005325
46080011612
46080017716
46080023758
46080029068
46080037857
46080046463
46080058304
46080065811
46080075943
46080083694
46080093216
46080102737
46080111038
46080119644
46080128921
46080140518
46080150589
46080159622
46080167495
46080177383
46080186782
46080196060
46080204483
46080215347
46080225357
46080235488
46080260330
46080271499
46080281204
46080290786
46080301772
46080312881
46080322036
46080330703
46080339797
46080349013
46080358047
46080367385
46080376418
46080387466
46080396743
46080406386
46080415664
46080425246
46080434890
46080444716
46080454848
46080463515
46080470107
46080479201
46080489882
46080500441
46080511916
46080521315
46080529433
46080537490
46080551283
46080557509
46080571120
46080579299
46080589003
46080598036
46080607802
46080617873
46080625319
46080632155
46080644606
46080655592
46080663405
46080673353
46080683546
46080691786
46080698866
46080709486
46080718825
46080726820
46080734755
46080744642
46080752577
46080762648
46080769728
46080778822
46080786085
46080795301
46080805433
46080814466
46080823378
46080831556
46080841749
46080854261
46080872511
46080892469
46080911512
46080931959
46080949354
46080969434
46080987623
46081005506
46081027295
46081045606
46081065992
46081078016
46081090223
46081101941
46081114575
46081133740
46081153455
46081166455
46081181104
46081188123
46081195447
46081201245
46081209180
46081215710
46081221875
46081228528
46081235242
46081241833
46081248303
46081253857
46081260022
46081266186
46081271680
46081277783
46081283826
46081289624
46081294873
46081300732
46081306347
46081312817
46081317334
46081323315
46081329358
46081335217
46081341809
46081347485
46081352490
46081360730
46081366345
46081373547
46081378918
46081385388
46081390332
46081396435
46081401806
46081409375
46081414929
46081423168
46081427807
46081436474
46081440624
46081449719
46081456066
46081463268
46081469189
46081478100
46081482250
46081491772
46081495739
46081503491
46081507397
46081517162
46081521496
46081530590
46081535351
46081543468
46081547436
46081556713
46081564098
46081569958
46081576855
46081583996
46081588024
46081596386
46081600353
46081607982
46081615978
46081623241
46081628490
46081635082
46081642101
46081647838
46081654918
46081661937
46081668041
46081674999
46081681713
46081688915
46081695324
46081702465
46081708751
46081715892
46081723094
46081730358
46081736400
46081743663
46081750377
46081755626
46081762340
46081769298
46081776805
46081782420
46081789562
46081796825
46081804088
46081809947
46081817027
46081824229
46081833751
46081839183
46081845958
46081850841
46081858165
46081865916
46081872874
46081878734
46081886058
46081891246
46081898326
46081905040
46081911143
46081918223
46081923655
46081928233
46081936839
46081942759
46081948558
46081955882
46081961253
46081966380
46081972117
46081977122
46081984263
46081991099
46081996775
46082002330
46082009288
46082014781
46082020640
46082027903
46082033091
46082038462
46082046275
46082052134
46082058177
46082064524
46082069651
46082074717
46082082102
46082087779
46082094737
46082100535
46082105174
46082110300
46082116892
46082121897
46082127756
46082132761
46082138621
46082143198
46082149607
46082155100
46082161814
46082167795
46082172800
46082178843
46082185007
46082191599
46082196543
46082203135
46082207712
46082214060
46082219797
46082224619
46082230295
46082235727
46082240488
46082245859
46082250742
46082257517
46082262766
46082268503
46082271921
46082279673
46082286203
46082292368
46082297739
46082303965
46082309824
46082315683
46082321298
46082326670
46082331796
46082339243
46082344919
46082351267
46082356882
46082362192
46082368906
46082374460
46082381174
46082386789
46082394479
46082400705
46082406931
46082413889
46082420297
46082430002
46082437509
46082445138
46082451669
46082458688
46082464792
46082473703
46082480600
46082486825
46082493417
46082501779
46082505746
46082513193
46082519662
46082526376
46082532907
46082539865
46082548776
46082556405
46082562753
46082571359
46082579171
46082585214
46082592477
46082598703
46082604989
46082610360
46082617929
46082623605
46082629586
46082635507
46082642831
46082648751
46082656381
46082662850
46082670785
46082678292
46082684152
46082690011
46082698678
46082702950
46082712533
46082716683
46082725655
46082732613
46082739510
46082743417
46082751656
46082758126
46082763802
46082770577
46082778268
46082782845
46082791268
46082795418
46082805184
46082812508
46082818306
46082825875
46082833016
46082840096
46082845894
46082853280
46082860482
46082868172
46082874154
46082879891
46082884468
46082890633
46082896309
46082901802
46082906197
46082911934
46082917855
46082923775
46082928597
46082934883
46082941231
46082946480
46082952950
46082959847
46082966805
46082973457
46082979866
46082985848
46082992256
46082997505
46083003609
46083010689
46083015205
46083020821
46083026802
46083033150
46083037544
46083043465
46083047920
46083054451
46083059883
46083066780
46083073433
46083080147
46083085274
46083092537
46083099312
46083107368
46083112922
46083119331
46083124092
46083131721
46083136238
46083142646
46083147163
46083155037
46083159492
46083164619
46083170845
46083176277
46083181282
46083188118
46083193672
46083200508
46083204353
46083212165
46083215766
46083223701
46083229438
46083235420
46083241706
46083247138
46083252143
46083258125
46083263801
46083269721
46083275886
46083279914
46083285651
46083291694
46083297065
46083301337
46083306892
46083313300
46083318977
46083324287
46083331977
46083337592
46083343940
46083349616
46083357062
46083361213
46083370612
46083374763
46083382941
46083386848
46083394477
46083400458
46083406989
46083412238
46083418647
46083424506
46083431281
46083438971
46083444404
46083452216
46083457831
46083465644
46083471076
46083480719
46083485053
46083493476
46083499640
46083507025
46083511176
46083519354
46083523505
46083532843
46083536749
46083545905
46083552680
46083559271
46083565314
46083572028
46083577948
46083584479
46083590765
46083597296
46083602972
46083609442
46083615912
46083620917
46083628607
46083633734
46083641486
46083646368
46083653326
46083660528
46083666998
46083674383
46083682928
46083688788
46083696173
46083701605
46083710577
46083716437
46083724005
46083729254
46083737249
46083745367
46083752386
46083757513
46083765570
46083771063
46083778204
46083783697
46083792547
46083798101
46083805853
46083811651
46083819830
46083825445
46083833196
46083838568
46083847601
46083853521
46083860113
46083865850
46083872259
46083877264
46083883489
46083889105
46083895147
46083900457
46083906866
46083912298
46083918340
46083925237
46083930975
46083936956
46083943609
46083949285
46083955450
46083960943
46083967718
46083972661
46083979253
46083984502
46083992132
46083995855
46084004644
46084010320
46084019170
46084024236
46084032476
46084038945
46084045720
46084050603
46084058171
46084064824
46084071416
46084075017
46084083440
46084089910
46084096379
46084102910
46084109380
46084114873
46084121709
46084127996
46084134465
46084142095
46084148076
46084153508
46084158269
46084164189
46084169011
46084175908
46084180608
46084187749
46084193669
46084199406
46084202763
46084210576
46084217107
46084223393
46084230901
46084236394
46084243169
46084247929
46084255986
46084261174
46084267460
46084272954
46084279912
46084285161
46084291874
46084296513
46084303715
46084309330
46084315068
46084321721
46084328495
46084335026
46084341801
46084349064
46084355412
46084361210
46084368473
46084374882
46084381840
46084388493
46084393620
46084401188
46084407109
46084413944
46084420292
46084428227
46084434330
46084442875
46084448734
46084457279
46084463139
46084472843
46084477116
46084485355
46084492374
46084499027
46084502995
46084511112
46084517826
46084524357
46084531742
46084538517
46084543949
46084550541
46084557011
46084563602
46084570865
46084575931
46084583011
46084589481
46084595707
46084602298
46084608402
46084615116
46084622257
46084629276
46084637272
46084642948
46084650943
46084657108
46084664005
46084671878
46084679996
46084686283
46084692997
46084698673
46084707218
46084714115
46084721134
46084728275
46084736148
46084743106
46084750980
46084757083
46084763675
46084770938
46084776126
46084783572
46084791324
46084799930
46084804874
46084812808
46084817996
46084825992
46084831668
46084838748
46084846194
46084853152
46084859073
46084867068
46084872928
46084879764
46084885379
46084893130
46084898868
46084906802
46084910830
46084919192
46084925601
46084931887
46084935611
46084943606
46084950564
46084956729
46084960452
46084968814
46084975650
46084982058
46084988345
46084994876
46085001467
46085007388
46085013064
46085019229
46085025515
46085031680
46085037722
46085043887
46085051943
46085057253
46085064456
46085071719
46085078127
46085085452
46085091372
46085098757
46085105105
46085110964
46085117861
46085123110
46085130007
46085135195
46085142641
46085146487
46085155276
46085158571
46085166079
46085172060
46085177736
46085184633
46085190798
46085197146
46085201601
46085208437
46085215273
46085222353
46085227480
46085234011
46085238894
46085245119
46085249941
46085255983
46085260683
46085268618
46085275515
46085281740
46085287722
46085293520
46085299623
46085305117
46085310427
46085315981
46085322511
46085328859
46085335878
46085341676
46085349001
46085354555
46085360536
46085365541
46085372621
46085377870
46085385866
46085389406
46085397585
46085404787
46085410890
46085417238
46085423891
46085429994
46085436708
46085442811
46085449708
46085457399
46085462770
46085470827
46085477724
46085486207
46085493959
46085501100
46085506044
46085513307
46085520509
46085527223
46085533082
46085540834
46085546449
46085553041
46085558595
46085566285
46085572389
46085580873
46085587159
46085595155
46085601991
46085608522
46085615785
46085622926
46085629945
46085637086
46085641541
46085651612
46085659181
46085666139
46085673097
46085679505
46085681764
46085691407
46085699403
46085704591
46085712159
46085719971
46085726075
46085733094
46085738892
46085747132
46085753541
46085759217
46085767396
46085773011
46085780457
46085786377
46085795350
46085802613
46085809083
46085814881
46085824097
46085827942
46085837159
46085843384
46085850891
46085855164
46085863526
46085869507
46085875672
46085879212
46085888123
46085894593
46085900818
46085908142
46085914734
46085922119
46085927307
46085934937
46085941223
46085948181
46085952942
46085961304
46085966675
46085972961
46085979675
46085985413
46085992188
46085998474
46086004089
46086011108
46086016968
46086024475
46086030212
46086037781
46086042969
46086049744
46086055054
46086062500
46086068359
46086074219
46086079407
46086086487
46086092346
46086099304
46086103149
46086111328
46086114746
46086123779
46086130127
46086136352
46086139953
46086147400
46086153686
46086159912
46086167175
46086173767
46086178894
46086185791
46086191772
46086197021
46086204589
46086209777
46086216796
46086222900
46086228515
46086233825
46086239379
46086247192
46086252075
46086259338
46086263915
46086270812
46086275512
46086282043
46086286926
46086294860
46086300170
46086307128
46086310424
46086317870
46086324096
46086330199
46086336608
46086342589
46086349181
46086353820
46086361999
46086367187
46086374633
46086381164
46086387816
46086393249
46086401671
46086408080
46086414489
46086420714
46086426635
46086435424
46086442931
46086450011
46086455809
46086464171
46086468749
46086478636
46086483214
46086492186
46086497679
46086505919
46086512572
46086520140
46086525572
46086531981
46086540221
46086545714
46086553282
46086560668
46086567381
46086571593
46086580504
46086587340
46086594664
46086602232
46086607359
46086614378
46086619749
46086628416
46086634886
46086641844
46086648314
46086656004
46086663084
46086669432
46086676207
46086682676
46086689818
46086697081
46086702635
46086709410
46086716307
46086722593
46086730650
46086736509
46086745848
46086751646
46086759520
46086765074
46086771604
46086778929
46086786375
46086792601
46086799620
46086806455
46086812254
46086822080
46086826414
46086835447
46086843199
46086849973
46086855894
46086862791
46086868894
46086875364
46086881834
46086889707
46086895444
46086901121
46086908262
46086915525
46086920469
46086926816
46086931821
46086941282
46086946348
46086954587
46086959226
46086967161
46086973630
46086980222
46086985837
46086991941
46086999448
46087006162
46087012449
46087017576
46087024717
46087030027
46087038205
46087043882
46087050351
46087057004
46087063230
46087069638
46087075254
46087083127
46087089536
46087095029
46087101743
46087107724
46087112912
46087118344
46087126279
46087130490
46087137448
46087141965
46087147702
46087154355
46087160092
46087166196
46087173032
46087177670
46087182736
46087190060
46087194577
46087200803
46087205380
46087213498
46087219113
46087224484
46087229977
46087235593
46087240842
46087246884
46087253110
46087258481
46087264401
46087269772
46087275448
46087282345
46087286801
46087294369
46087299557
46087306332
46087311215
46087318173
46087324398
46087330502
46087338498
46087345089
46087351193
46087355893
46087362545
46087369076
46087374874
46087381588
46087387631
46087395260
46087400448
46087406918
46087413754
46087420712
46087426205
46087433651
46087440548
46087446835
46087451229
46087458675
46087466000
46087470882
46087480404
46087487301
46087493832
46087499386
46087506466
46087512325
46087519710
46087523922
46087533077
46087540401
46087545345
46087552791
46087559322
46087566341
46087573360
46087580379
46087586117
46087594051
46087599361
46087607784
46087614681
46087621029
46087628902
46087635982
46087642208
46087648861
46087654171
46087661129
46087668270
46087674129
46087682186
46087689693
46087696163
46087702938
46087708858
46087714900
46087721797
46087730892
46087736629
46087743221
46087748470
46087756648
46087763484
46087769710
46087776485
46087782954
46087788997
46087795161
46087801448
46087806087
46087812617
46087817744
46087825618
46087829402
46087837459
46087841548
46087848689
46087855586
46087861506
46087867976
46087874690
46087880183
46087886531
46087892939
46087897822
46087903865
46087909114
46087917842
46087922908
46087928706
46087934932
46087941951
46087948725
46087953852
46087960932
46087966059
46087973689
46087980281
46087986628
46087992243
46087998774
46088006709
46088012263
46088019648
46088025263
46088030329
46088036372
46088043696
46088049799
46088054438
46088062006
46088066706
46088072749
46088077387
46088085017
46088091364
46088096857
46088102717
46088109064
46088114863
46088120722
46088127253
46088131159
46088139948
46088143976
46088151972
46088156428
46088161738
46088168818
46088174006
46088181513
46088187494
46088193232
46088199518
46088205439
46088211359
46088217341
46088224054
46088229303
46088236567
46088242426
46088249445
46088255670
46088261591
46088269525
46088274469
46088281732
46088286981
46088294916
46088300897
46088308039
46088314325
46088321405
46088329218
46088334345
46088342706
46088348505
46088355402
46088361200
46088370050
46088376764
46088383234
46088387201
46088396112
46088403802
46088410699
46088417230
46088424249
46088430658
46088438043
46088444574
46088449884
46088458429
46088466058
46088472955
46088479486
46088486017
46088493036
46088500482
46088506646
46088513726
46088520074
46088528253
46088534112
46088539544
46088548516
46088557061
46088565911
46088572625
46088580010
46088587030
46088593194
46088601190
46088607659
46088613336
46088619683
46088626763
46088634210
46088641168
46088646905
46088653741
46088660210
46088666741
46088673882
46088680962
46088686639
46088693780
46088701897
46088707513
46088714959
46088722710
46088729912
46088735406
46088743340
46088748650
46088755181
46088762566
46088769768
46088775689
46088783379
46088789238
46088795220
46088800347
46088806633
46088811699
46088817376
46088822442
46088829461
46088834587
46088841179
46088846123
46088851555
46088856438
46088862908
46088868218
46088873345
46088878289
46088884636
46088890496
46088897637
46088903557
46088910088
46088915825
46088923332
46088929375
46088936333
46088942253
46088948235
46088953789
46088961784
46088967278
46088974846
46088978691
46088986931
46088991020
46088998466
46089004936
46089010551
46089016533
46089023918
46089029838
46089034233
46089040153
46089045402
46089048637
46089055412
46089061394
46089067619
46089073051
46089079277
46089085014
46089089225
46089096367
46089101432
46089108085
46089114433
46089119072
46089125419
46089130973
46089135734
46089141716
46089145073
46089151603
46089156303
46089163627
46089167106
46089174186
46089179740
46089184928
46089190238
46089195732
46089201652
46089209037
46089215812
46089221000
46089228019
46089234672
46089240348
46089246635
46089252494
46089257743
46089264457
46089269462
46089275932
46089281669
46089288871
46089292777
46089300834
46089304801
46089312430
46089318900
46089324515
46089330375
46089340018
46089344047
46089352225
46089356315
46089366202
46089372062
46089378898
46089384757
46089392203
46089400260
46089406180
46089413871
46089419547
46089426566
46089434012
46089441336
46089448783
46089455802
46089461051
46089470267
46089475211
46089483390
46089489493
46089496756
46089503287
46089510550
46089516776
46089526053
46089532523
46089540640
46089547293
46089554190
46089561514
46089567557
46089576346
46089584891
46089591788
46089598318
46089605398
46089612112
46089618582
46089625723
46089630789
46089637930
46089644400
46089651785
46089658926
46089663992
46089671438
46089678579
46089684195
46089692740
46089699087
46089707693
46089713491
46089719351
46089725088
46089730764
46089735037
46089742971
46089750723
46089755728
46089762686
46089767691
46089774832
46089780020
46089786062
46089791555
46089798025
46089803579
46089810781
46089816152
46089822073
46089828542
46089834402
46089839834
46089845632
46089851858
46089858083
46089863699
46089868642
46089876089
46089881216
46089889577
46089893240
46089900442
46089907400
46089913320
46089918569
46089924367
46089931508
46089937551
46089942922
46089947866
46089954946
46089959463
46089966298
46089972341
46089977712
46089984182
46089988332
46089994558
46090000417
46090005544
46090010915
46090017446
46090022512
46090029775
46090035268
46090040578
46090046254
46090050405
46090058095
46090062673
46090068959
46090073476
46090080129
46090083364
46090090749
46090099355
46090103871
46090110829
46090115224
46090121694
46090126515
46090132436
46090137196
46090145009
46090151540
46090156178
46090163747
46090169972
46090175587
46090180470
46090188771
46090195058
46090200734
46090206959
46090212819
46090219960
46090224232
46090232594
46090237965
46090246144
46090250050
46090258229
46090261952
46090270253
46090279896
46090284962
46090292897
46090299855
46090306080
46090311451
46090319020
46090324696
46090332508
46090336415
46090344105
46090351612
46090358082
46090365040
46090371510
46090378895
46090383839
46090391224
46090398182
46090404774
46090410145
46090417774
46090423145
46090431019
46090438221
46090444752
46090451160
46090457447
46090463612
46090469959
46090478321
46090483936
46090491932
46090497730
46090504322
46090510853
46090517322
46090524280
46090530750
46090536732
46090543140
46090550709
46090555347
46090563099
46090568409
46090576587
46090582691
46090588428
46090593677
46090601123
46090607837
46090614429
46090623035
46090628101
46090635791
46090640125
46090646411
46090652149
46090659351
46090665332
46090672840
46090678394
46090684253
46090690174
46090695850
46090699329
46090707385
46090716663
46090721607
46090727710
46090734058
46090739734
46090746082
46090751758
46090756702
46090765369
46090769153
46090777148
46090783252
46090790637
46090796497
46090802295
46090809314
46090814136
46090820605
46090827014
46090832507
46090837512
46090844104
46090849536
46090857654
46090864428
46090870349
46090876819
46090882678
46090887744
46090892932
46090900073
46090904773
46090910998
46090916003
46090922595
46090927844
46090933398
46090940661
46090944873
46090951464
46090957202
46090963610
46090968737
46090974230
46090979968
46090986682
46090992663
46090996752
46091003344
46091009081
46091014575
46091019213
46091027026
46091032885
46091038256
46091044848
46091048998
46091055285
46091061327
46091068041
46091074328
46091080004
46091085802
46091091357
46091098009
46091102221
46091110583
46091115649
46091123217
46091126818
46091134386
46091140551
46091146288
46091153551
46091160204
46091166063
46091172716
46091179369
46091184679
46091192186
46091199022
46091205553
46091212511
46091218798
46091225817
46091230699
46091237719
46091244127
46091252611
46091259691
46091265734
46091271044
46091278673
46091284166
46091292223
46091299059
46091307176
46091312914
46091319139
46091325548
46091331957
46091339098
46091346178
46091353685
46091359483
46091366685
46091372118
46091379747
46091385850
46091392686
46091400011
46091406480
46091414415
46091419115
46091426561
46091433702
46091440172
46091447374
46091454454
46091460801
46091467637
46091474901
46091481004
46091486741
46091493150
46091501634
46091507005
46091514512
46091521287
46091527879
46091533067
46091540391
46091546006
46091554490
46091559312
46091566392
46091572251
46091577989
46091585496
46091592027
46091598313
46091603684
46091609788
46091614915
46091622483
46091625840
46091633714
46091642136
46091646836
46091653001
46091659165
46091665208
46091669968
46091676926
46091682420
46091689194
46091694443
46091701646
46091708054
46091713853
46091719163
46091724839
46091731125
46091737229
46091744309
46091749070
46091754685
46091760850
46091766343
46091771225
46091781662
46091787095
46091792771
46091799302
46091805344
46091811692
46091816513
46091824509
46091829270
46091835556
46091841904
46091847580
46091853501
46091858811
46091865769
46091870529
46091877121
46091881638
46091888230
46091893845
46091899399
46091906296
46091911545
46091916550
46091922165
46091928146
46091933884
46091939560
46091944199
46091952377
46091957687
46091962753
46091969528
46091975265
46091980514
46091987289
46091993454
46091996567
46092004867
46092011947
46092017197
46092024521
46092031601
46092038925
46092044662
46092050461
46092056076
46092062607
46092066086
46092073532
46092081283
46092086349
46092093368
46092098861
46092104904
46092113021
46092123642
46092132125
46092139022
46092145858
46092155075
46092160324
46092167037
46092171859
46092180038
46092187057
46092193832
46092200668
46092205856
46092213363
46092220016
46092225631
46092232223
46092238082
46092244796
46092252242
46092257369
46092265609
46092271285
46092279525
46092285201
46092293014
46092300216
46092306747
46092313949
46092320785
46092327926
46092335799
46092341353
46092349715
46092357161
46092362838
46092370284
46092376998
46092382674
46092388717
46092393721
46092401839
46092407515
46092413619
46092419295
46092425399
46092432357
46092438094
46092443648
46092450362
46092455733
46092462081
46092467391
46092473433
46092481124
46092487410
46092494124
46092500838
46092506941
46092515242
46092521590
46092527998
46092533492
46092541304
46092548079
46092553450
46092559004
46092567366
46092571211
46092579939
46092585127
46092592268
46092596541
46092603926
46092609907
46092615767
46092621687
46092627363
46092632734
46092640425
46092644636
46092652205
46092658674
46092663862
46092670820
46092676008
46092681501
46092688704
46092695173
46092701887
46092708906
46092714338
46092720869
46092727583
46092734175
46092739607
46092746382
46092753157
46092759992
46092765364
46092772444
46092778730
46092786787
46092792524
46092799543
46092807050
46092812483
46092818647
46092825666
46092830915
46092836469
46092842817
46092848737
46092854902
46092860151
46092866376
46092873273
46092879499
46092885908
46092891767
46092898420
46092903364
46092909894
46092915937
46092921979
46092927900
46092933515
46092940717
46092946882
46092953107
46092959089
46092964765
46092970502
46092976972
46092983381
46092989423
46092994794
46093000837
46093007489
46093014325
46093022870
46093028241
46093035321
46093041120
46093048505
46093054669
46093061383
46093069135
46093075727
46093081708
46093088605
46093095746
46093102277
46093109296
46093117230
46093124066
46093130475
46093137799
46093145245
46093151837
46093158795
46093166180
46093172955
46093178754
46093186993
46093194134
46093201153
46093207928
46093214581
46093221539
46093228375
46093235699
46093242779
46093250042
46093257306
46093263470
46093268719
46093276715
46093283551
46093288372
46093295147
46093301068
46093306805
46093313153
46093318402
46093325787
46093332989
46093339642
46093345745
46093352520
46093358746
46093366863
46093373028
46093380840
46093386151
46093392437
46093398052
46093406231
46093411846
46093418621
46093424297
46093432049
46093438091
46093448162
46093452862
46093463421
46093470135
46093475201
46093483501
46093490948
46093497600
46093505230
46093511516
46093517071
46093524395
46093531353
46093537090
46093542522
46093549297
46093555767
46093562420
46093564434
46093574993
46093581524
46093588787
46093593792
46093599956
46093605144
46093611553
46093618084
46093622722
46093628337
46093634746
46093639812
46093644451
46093651287
46093658061
46093662517
46093669841
46093675517
46093682475
46093689128
46093694133
46093700237
46093705303
46093710857
46093715740
46093722148
46093727031
46093732707
46093737834
46093743205
46093749614
46093755534
46093761394
46093768718
46093774333
46093780986
46093785869
46093792216
46093797221
46093802531
46093807597
46093814494
46093820048
46093826823
46093832866
46093837993
46093842875
46093849711
46093854777
46093860148
46093865397
46093870952
46093876140
46093882060
46093886760
46093892192
46093899760
46093904582
46093913554
46093918254
46093923930
46093928324
46093933573
46093938151
46093945658
46093951762
46093958598
46093966654
46093973185
46093979228
46093985514
46093991435
46093995890
46094003214
46094008097
46094016032
46094021952
46094028605
46094034525
46094041788
46094045329
46094053324
46094056986
46094064799
46094069010
46094077250
46094084269
46094091105
46094095560
46094103007
46094109415
46094116129
46094120096
46094128641
46094136027
46094141153
46094148356
46094153605
46094160990
46094167765
46094173441
46094179850
46094186319
46094191507
46094198160
46094204447
46094209513
46094215921
46094222391
46094227762
46094235453
46094241922
46094244181
46094253702
46094259928
46094266153
46094273294
46094279154
46094286844
46094292764
46094300760
46094306619
46094313638
46094320841
46094327737
46094333048
46094341592
46094349466
46094355691
46094360941
46094369730
46094374979
46094381753
46094389383
46094395120
46094402322
46094408426
46094413919
46094420999
46094428445
46094434976
46094441568
46094450296
46094456094
46094464395
46094471658
46094478494
46094484536
46094490701
46094496926
46094503640
46094509744
46094515176
46094524636
46094531289
46094537393
46094545632
46094552346
46094558267
46094566018
46094571328
46094577371
46094584451
46094588174
46094597024
46094604165
46094610696
46094616555
46094621560
46094628213
46094634744
46094639931
46094645913
46094652200
46094659402
46094665993
46094672158
46094679787
46094686806
46094692849
46094700173
46094706399
46094712258
46094717446
46094723916
46094729043
46094737404
46094742714
46094747841
46094754006
46094760109
46094765664
46094769814
46094777443
46094782204
46094788979
46094795388
46094800698
46094805580
46094811074
46094818459
46094823159
46094830117
46094834633
46094841225
46094846108
46094851418
46094858376
46094863564
46094870583
46094874550
46094881203
46094885842
46094892067
46094899208
46094904701
46094911293
46094915199
46094921852
46094927589
46094932655
46094939125
46094946449
46094953773
46094959572
46094966103
46094971718
46094978310
46094984901
46094991981
46094997291
46095004127
46095009865
46095015480
46095022560
46095028419
46095035682
46095042946
46095049476
46095054664
46095062355
46095067909
46095075233
46095081276
46095090675
46095097999
46095104347
46095110450
46095116676
46095122474
46095129066
46095135719
46095142860
46095149940
46095156166
46095162513
46095168617
46095176124
46095180335
46095188758
46095193458
46095201392
46095207923
46095214271
46095220680
46095226722
46095235389
46095240943
46095247291
46095252662
46095260169
46095266273
46095273902
46095280128
46095286780
46095293433
46095299537
46095306312
46095312964
46095318763
46095326209
46095333960
46095338111
46095345618
46095350989
46095358680
46095364966
46095371009
46095378028
46095384620
46095391211
46095397315
46095403601
46095410254
46095417700
46095422705
46095430030
46095437720
46095443701
46095448767
46095454505
46095461341
46095467383
46095474158
46095480689
46095486914
46095492102
46095498328
46095503149
46095510474
46095517859
46095523901
46095529334
46095536536
46095541418
46095547400
46095554663
46095559119
46095566443
46095571570
46095578772
46095583655
46095589880
46095594641
46095601599
46095609839
46095615759
46095621985
46095628210
46095633459
46095639563
46095646093
46095651465
46095658484
46095665625
46095670446
46095676306
46095681799
46095686621
46095693579
46095700048
46095705114
46095713354
46095718786
46095725012
46095732397
46095738256
46095744116
46095750585
46095756262
46095762609
46095768652
46095773901
46095780370
46095786047
46095792822
46095798925
46095802404
46095810033
46095816686
46095822363
46095828405
46095834570
46095840856
46095845434
46095851903
46095857397
46095863805
46095869359
46095875158
46095883092
46095887548
46095893957
46095900243
46095906469
46095911718
46095920690
46095927343
46095933996
46095942296
46095949559
46095956640
46095960729
46095970189
46095978307
46095983617
46095991429
46095998754
46096005468
46096013158
46096019933
46096025670
46096033422
46096038915
46096046727
46096054479
46096061498
46096068761
46096074071
46096080724
46096087621
46096094640
46096099828
46096107945
46096115270
46096121800
46096128026
46096136143
46096142735
46096149022
46096155370
46096161717
46096169652
46096176610
46096181492
46096189061
46096196995
46096204198
46096209813
46096216405
46096223790
46096230992
46096237462
46096243443
46096250767
46096257969
46096265110
46096269627
46096278416
46096285069
46096292088
46096298680
46096305577
46096312229
46096319432
46096328038
46096333653
46096341587
46096347386
46096355137
46096360630
46096369175
46096376194
46096382115
46096387852
46096394260
46096400547
46096406834
46096412449
46096419102
46096425999
46096432285
46096437107
46096442234
46096449192
46096452976
46096459629
46096465549
46096472690
46096479221
46096484348
46096490635
46096496433
46096501377
46096507236
46096512241
46096518650
46096524753
46096529209
46096535434
46096540500
46096548923
46096554538
46096559971
46096565281
46096572971
46096577671
46096584995
46096592014
46096597995
46096604404
46096611545
46096618137
46096623874
46096630283
46096635837
46096641635
46096647251
46096655002
46096660922
46096667270
46096672824
46096680148
46096686496
46096691806
46096697299
46096704868
46096711093
46096716769
46096722812
46096727206
46096733188
46096738376
46096743808
46096748080
46096753390
46096759189
46096765353
46096772006
46096777682
46096782260
46096791171
46096795932
46096802768
46096808200
46096814181
46096819491
46096826755
46096833102
46096840182
46096847079
46096853732
46096860263
46096866855
46096872409
46096878817
46096886569
46096893039
46096900241
46096906283
46096913485
46096921115
46096926730
46096934176
46096940829
46096946810
46096953890
46096960665
46096967623
46096974215
46096979769
46096987460
46096993014
46096999850
46097006197
46097012484
46097017306
46097023348
46097029635
46097037203
46097042147
46097048373
46097054659
46097061129
46097066012
46097073214
46097078158
46097086581
46097091830
46097100130
46097105074
46097112703
46097118258
46097125948
46097131563
46097140474
46097146822
46097153597
46097159090
46097167208
46097174959
46097181063
46097186312
46097194307
46097202364
46097209627
46097215914
46097222628
46097228670
46097235140
46097241365
46097248445
46097254488
46097261629
46097268038
46097276033
46097282442
46097289400
46097295625
46097304170
46097310579
46097316927
46097322847
46097330049
46097335603
46097343050
46097349214
46097355440
46097360933
46097368379
46097372713
46097380769
46097386690
46097393037
46097398958
46097405733
46097411348
46097418306
46097423677
46097430818
46097436494
46097442964
46097448884
46097456392
46097462373
46097468354
46097472017
46097481355
46097488801
46097494783
46097502351
46097507783
46097514436
46097521028
46097527253
46097532136
46097538972
46097545625
46097552583
46097558198
46097565400
46097570893
46097577790
46097585114
46097590913
46097597627
46097603547
46097610322
46097616303
46097623322
46097630036
46097636628
46097640961
46097647553
46097653596
46097660126
46097666901
46097672822
46097677827
46097683442
46097689179
46097693574
46097699860
46097704072
46097710053
46097714203
46097719697
46097725617
46097730744
46097735810
46097743744
46097749482
46097754487
46097759736
46097767365
46097773346
46097779511
46097783295
46097790741
46097794220
46097801483
46097806855
46097812104
46097817597
46097823761
46097828766
46097834992
46097841095
46097845734
46097851593
46097858612
46097865570
46097871735
46097878754
46097885162
46097890900
46097896393
46097903839
46097910004
46097914581
46097920746
46097929169
46097936249
46097942169
46097948273
46097957001
46097964264
46097970123
46097978912
46097985321
46097990509
46097997223
46098004242
46098009796
46098017486
46098023102
46098031952
46098037872
46098045807
46098051666
46098059051
46098064666
46098073333
46098079193
46098086883
46098094635
46098101043
46098106658
46098113739
46098120330
46098131317
46098137481
46098145904
46098151580
46098157440
46098164581
46098171295
46098177032
46098183440
46098190826
46098197784
46098203704
46098209991
46098215606
46098223418
46098228973
46098236968
46098243377
46098248443
46098254607
46098262969
46098268828
46098275359
46098280852
46098288421
46098294158
46098301360
46098307097
46098315886
46098319976
46098327788
46098333526
46098341094
46098346709
46098354400
46098361113
46098367522
46098373320
46098381377
46098387969
46098393462
46098399443
46098407378
46098414702
46098421477
46098426421
46098433806
46098437407
46098446013
46098452300
46098458281
46098464873
46098471343
46098478789
46098485503
46098491362
46098498137
46098505339
46098512480
46098517851
46098524443
46098530363
46098536040
46098544340
46098548491
46098557280
46098562834
46098568815
46098575285
46098581267
46098587431
46098594267
46098601530
46098607145
46098614164
46098619719
46098626860
46098631132
46098638090
46098644438
46098650419
46098656157
46098662565
46098668425
46098673185
46098680387
46098687345
46098693144
46098700407
46098706694
46098714201
46098717680
46098725736
46098733000
46098739164
46098745085
46098752165
46098757597
46098763456
46098769132
46098773100
46098781156
46098784574
46098793607
46098798856
46098804350
46098809538
46098814970
46098820707
46098825040
46098833463
46098838041
46098845487
46098850370
46098855802
46098862455
46098869657
46098873685
46098882230
46098889676
46098894803
46098901578
46098908353
46098928006
46098933500
46098941922
46098947660
46098954252
46098960355
46098966825
46098972440
46098979459
46098985501
46098992765
46098998868
46099005826
46099012052
46099019010
46099026944
46099032743
46099040677
46099046414
46099051969
46099058682
46099064542
46099069608
46099076383
46099082791
46099088467
46099095120
46099101102
46099107999
46099114224
46099120694
46099125943
46099133145
46099139127
46099144131
46099149991
46099158169
46099165555
46099171475
46099177640
46099185757
46099193570
46099199612
46099207058
46099214688
46099222012
46099228970
46099235806
46099241116
46099249234
46099256070
46099262295
46099270596
46099278103
46099283352
46099291287
46099297940
46099304470
46099311062
46099316189
46099324246
46099331997
46099336941
46099343838
46099349941
46099357510
46099362637
46099367519
46099375210
46099380459
46099387051
46099392300
46099399624
46099405117
46099412197
46099417568
46099425564
46099430813
46099437771
46099444851
46099451137
46099456936
46099462551
46099467129
46099474209
46099478786
46099485866
46099491421
46099497402
46099502468
46099509365
46099514553
46099522426
46099527981
46099535122
46099540676
46099546779
46099552395
46099558193
46099563259
46099569179
46099575466
46099580837
46099585720
46099590969
46099595851
46099602321
46099607631
46099613430
46099618434
46099625148
46099630397
46099636135
46099641567
46099647548
46099652675
46099659694
46099664699
46099671474
46099675380
46099682826
46099687953
46099695216
46099701869
46099706569
46099712001
46099717616
46099722804
46099727992
46099733791
46099737941
46099744594
46099748927
46099754787
46099759364
46099767055
46099772426
46099778224
46099785121
46099790675
46099796107
46099802943
46099806727
46099813502
46099818446
46099825038
46099831691
46099838282
46099842921
46099850612
46099855922
46099862757
46099866908
46099876185
46099880580
46099889430
46099896022
46099901210
46099908656
46099913844
46099920863
46099927760
46099934352
46099940211
46099948634
46099954432
46099962245
46099968165
46099975977
46099981715
46099989527
46099995020
46100003870
46100009608
46100016932
46100022242
46100029871
46100037134
46100043909
46100049403
46100055872
46100061365
46100067530
46100072474
46100079066
46100086512
46100092310
46100099451
46100105738
46100111658
46100118250
46100125757
46100132471
46100139124
46100145288
46100152430
46100158411
46100163904
46100170130
46100175562
46100181604
46100189112
46100195520
46100201074
46100208032
46100213709
46100221094
46100226648
46100232996
46100238733
46100245569
46100251978
46100258997
46100265161
46100272669
46100278650
46100288416
46100293115
46100301294
46100308069
46100313440
46100320215
46100326013
46100333459
46100340845
46100344812
46100353296
46100356897
46100363916
46100367517
46100375451
46100379297
46100387048
46100391260
46100398950
46100402551
46100410180
46100415307
46100421167
46100424707
46100432580
46100437463
46100443322
46100450647
46100456140
46100463159
46100468713
46100475549
46100482202
46100489038
46100494653
46100501550
46100508203
46100513696
46100520165
46100525231
46100531579
46100539453
46100544579
46100550805
46100555322
46100562402
46100568505
46100575219
46100579614
46100587548
46100594628
46100600915
46100607262
46100613793
46100619836
46100625939
46100632531
46100638207
46100641625
46100649071
46100654748
46100659997
46100665246
46100670739
46100676903
46100683556
46100689171
46100695458
46100699791
46100706017
46100711205
46100717431
46100723717
46100728844
46100736412
46100739952
46100746117
46100750573
46100757042
46100763451
46100768029
46100774376
46100781334
46100788170
46100794884
46100800865
46100807335
46100814171
46100820519
46100825890
46100830528
46100838280
46100843468
46100849632
46100855126
46100862572
46100868126
46100875511
46100880882
46100886925
46100892235
46100899132
46100905113
46100911095
46100916771
46100923302
46100928978
46100937279
46100943687
46100950523
46100956810
46100965111
46100970848
46100977928
46100983665
46100991050
46100997398
46101003380
46101009178
46101015587
46101021324
46101027916
46101033470
46101040916
46101046470
46101053428
46101059410
46101068687
46101075889
46101081077
46101086631
46101094444
46101100791
46101107627
46101114219
46101121055
46101125144
46101133201
46101139549
46101146507
46101153648
46101159263
46101166892
46101172324
46101179343
46101186301
46101190513
46101199546
46101207114
46101212852
46101221213
46101226340
46101230125
46101239097
46101246299
46101252219
46101259666
46101264792
46101273154
46101278708
46101285117
46101291892
46101298850
46101304099
46101311118
46101318320
46101324546
46101329490
46101336264
46101342978
46101347617
46101354026
46101359946
46101366233
46101372397
46101378134
46101385642
46101391806
46101399314
46101405234
46101411948
46101417685
46101426108
46101430014
46101437888
46101444113
46101449790
46101454794
46101462119
46101465903
46101473532
46101477133
46101484579
46101488181
46101495139
46101501120
46101507285
46101510947
46101518454
46101524924
46101529440
46101535422
46101541464
46101548117
46101555441
46101562155
46101568808
46101574606
