53185335463
53185341323
53185346694
53185352309
53185357009
53185362136
53185367202
53185372878
53185378188
53185383254
53185389174
53185394850
53185400649
53185406813
53185411574
53185418349
53185424208
53185430251
53185436781
53185442763
53185448927
53185454909
53185460341
53185466444
53185472975
53185479750
53185485060
53185492140
53185498915
53185504225
53185511305
53185516737
53185523512
53185530775
53185536207
53185544935
53185551100
53185559523
53185566664
53185574415
53185581007
53185589247
53185596144
53185602919
53185610426
53185619459
53185627333
53185634291
53185641615
53185649000
53185655104
53185663404
53185671034
53185678236
53185683668
53185691725
53185698316
53185706739
53185713453
53185720594
53185727918
53185735914
53185743238
53185750074
53185757154
53185765089
53185773084
53185778700
53185786268
53185794813
53185804212
53185817029
53185828748
53185837110
53185843275
53185852796
53185859937
53185873487
53185882093
53185887891
53185897535
53185907056
53185915296
53185921582
53185931043
53185937757
53185946607
53185953931
53185960828
53185966687
53185976758
53185984082
53185990491
53185996656
53186004468
53186012219
53186018262
53186028272
53186034985
53186042188
53186049451
53186058118
53186065564
53186071790
53186080090
53186088391
53186094861
53186103589
53186111645
53186119397
53186127026
53186134045
53186142468
53186149121
53186154675
53186162976
53186170178
53186178113
53186185498
53186194348
53186203198
53186363171
53186374462
53186384594
53186397778
53186406750
53186415478
53186426037
53186437511
53186445934
53186453564
53186462536
53186473522
53186482494
53186489513
53186496837
53186503551
53186511730
53186520641
53186527233
53186536449
53186542797
53186550914
53186559886
53186568553
53186578319
53186586254
53186595043
53186603038
53186610423
53186618541
53186625011
53186655345
53186662975
53186670299
53186679149
53186687144
53186695750
53186700999
53186709056
53186715953
53186723949
53186730662
53186737010
53186744761
53186752757
53186760997
53186766490
53186774180
53186782481
53186791758
53186798289
53186804942
53186813487
53186820872
53186827220
53186836314
53186843638
53186850718
53186857432
53186865611
53186871958
53186878123
53186886058
53186894663
53186901438
53186907237
53186916453
53186924082
53186929637
53186937815
53186946360
53186953745
53186960886
53186967112
53186974497
53186981760
53186989512
53186997141
53187003550
53187011851
53187018442
53187023630
53187031504
53187040476
53187049998
53187060496
53187069101
53187077646
53187085520
53187090647
53187099802
53187109263
53187118540
53187127329
53187139048
53187148142
53187157907
53187163523
53187171640
53187177744
53187185129
53187193186
53187200632
53187208505
53187215463
53187221994
53187229501
53187237314
53187244455
53187251596
53187260568
53187267282
53187274850
53187283151
53187290414
53187298166
53187305246
53187315378
53187323007
53187330392
53187336801
53187344491
53187353525
53187361276
53187369455
53187376169
53187383615
53187390878
53187398141
53187407418
53187417428
53187426217
53187434152
53187440866
53187448861
53187456430
53187463693
53187471749
53187479928
53187487557
53187495065
53187502816
53187510018
53187516732
53187526559
53187531869
53187542367
53187549081
53187557748
53187568185
53187576302
53187583443
53187590157
53187596322
53187601754
53187607674
53187617074
53187623116
53187627755
53187633065
53187640572
53187647530
53187652596
53187659005
53187666756
53187673775
53187681893
53187689950
53187696541
53187703377
53187712349
53187719124
53187729134
53187738472
53187747750
53187755013
53187764046
53187769539
53187777107
53187783516
53187790901
53187796395
53187804268
53187810921
53187820442
53187827095
53187833992
53187841377
53187847481
53187854866
53187862312
53187869087
53187875984
53187881111
53187888802
53187894844
53187902779
53187909248
53187915535
53187922554
53187929573
53187935860
53187942634
53187949776
53187956856
53187964119
53187970039
53187976204
53187982612
53187988899
53187996284
53188003486
53188010078
53188015937
53188023262
53188030586
53188037849
53188044319
53188051582
53188057441
53188063728
53188070503
53188077705
53188082649
53188089485
53188096260
53188102668
53188111579
53188118903
53188123908
53188131049
53188139045
53188147102
53188153571
53188161079
53188167121
53188173469
53188180854
53188189338
53188195014
53188201301
53188207893
53188213203
53188221198
53188229560
53188238715
53188244697
53188253608
53188259894
53188267646
53188274543
53188281257
53188287787
53188295417
53188300238
53188308295
53188314704
53188319648
53188325568
53188331855
53188338080
53188344184
53188351203
53188359564
53188364997
53188373419
53188378485
53188384650
53188391791
53188398932
53188404486
53188410712
53188417059
53188420905
53188427985
53188434943
53188440497
53188447699
53188454474
53188460455
53188467047
53188473090
53188479193
53188485358
53188491705
53188495734
53188503790
53188509711
53188517401
53188523566
53188528509
53188536383
53188542181
53188549566
53188556158
53188563421
53188570501
53188576544
53188583685
53188588507
53188596869
53188601996
53188609076
53188615789
53188621710
53188628729
53188634344
53188642828
53188650091
53188655645
53188660833
53188669439
53188675726
53188682012
53188687139
53188692999
53188700079
53188707098
53188713934
53188722784
53188730962
53188737188
53188743963
53188751226
53188760198
53188766241
53188774053
53188780706
53188788091
53188795782
53188802434
53188809942
53188815984
53188822088
53188829168
53188834478
53188840703
53188848943
53188854619
53188860662
53188867132
53188873906
53188880620
53188886480
53188893316
53188899968
53188905523
53188912603
53188920354
53188926580
53188933355
53188939824
53188946599
53188952886
53188959600
53188964727
53188972112
53188979070
53188985234
53188991460
53188997991
53189005681
53189012090
53189018376
53189022771
53189029729
53189036565
53189042973
53189049016
53189056096
53189062199
53189070195
53189076054
53189081914
53189087956
53189093327
53189099370
53189106755
53189114506
53189121220
53189126164
53189132634
53189138798
53189144230
53189152287
53189157841
53189163212
53189169804
53189174626
53189181462
53189189213
53189196171
53189201542
53189207097
53189214665
53189224064
53189231694
53189239018
53189245549
53189251530
53189257572
53189266056
53189272953
53189278263
53189287113
53189294132
53189300724
53189307804
53189313847
53189319157
53189326420
53189333561
53189339420
53189346806
53189354313
53189359318
53189365971
53189373417
53189380131
53189387821
53189394840
53189400394
53189406010
53189412845
53189418583
53189423405
53189430424
53189437259
53189443546
53189447574
53189454471
53189460941
53189466739
53189471927
53189479496
53189484562
53189491825
53189497867
53189503177
53189508609
53189515018
53189522708
53189527713
53189534610
53189539615
53189545963
53189552921
53189557559
53189564884
53189568668
53189576053
53189581729
53189588199
53189593814
53189600467
53189607425
53189612735
53189619571
53189625003
53189631778
53189637454
53189643924
53189649722
53189656985
53189662357
53189667972
53189674808
53189680423
53189686587
53189693118
53189698550
53189704227
53189710635
53189715762
53189722964
53189728213
53189734317
53189740664
53189748233
53189752871
53189760867
53189768435
53189774783
53189781497
53189787539
53189795047
53189799685
53189807010
53189814151
53189820925
53189829226
53189835025
53189841922
53189847720
53189852603
53189857608
53189863284
53189869815
53189872622
53189881594
53189885684
53189893740
53189899600
53189906924
53189912783
53189918643
53189923892
53189929873
53189936892
53189942812
53189950015
53189955447
53189961916
53189967776
53189973269
53189978762
53189985598
53189991885
53189997134
53190002688
53190007754
53190014590
53190020937
53190026247
53190033449
53190038515
53190044314
53190050600
53190057558
53190063173
53190069582
53190075564
53190080813
53190088320
53190095583
53190100771
53190108156
53190112673
53190121340
53190127077
53190132265
53190139284
53190144350
53190151308
53190158144
53190165346
53190171205
53190178041
53190184633
53190190187
53190195314
53190202272
53190209535
53190215456
53190222414
53190227907
53190234132
53190242250
53190246706
53190253664
53190260011
53190267824
53190273988
53190281496
53190287660
53190295839
53190300905
53190309633
53190315858
53190322999
53190327272
53190333681
53190341676
53190348268
53190353822
53190360658
53190367006
53190372499
53190378907
53190385743
53190391664
53190399171
53190404298
53190411073
53190417543
53190422425
53190428773
53190434449
53190440492
53190446229
53190453065
53190457460
53190463990
53190469178
53190474977
53190482179
53190487855
53190493653
53190499818
53190504579
53190510987
53190518189
53190522401
53190529176
53190533692
53190541505
53190548096
53190553956
53190559632
53190564942
53190570252
53190575196
53190581849
53190587220
53190592896
53190599244
53190606568
53190613953
53190618348
53190625184
53190630189
53190636902
53190641297
53190648255
53190652894
53190659607
53190665833
53190670289
53190675477
53190682068
53190687867
53190692627
53190699585
53190706299
53190711548
53190716248
53190721375
53190725708
53190732117
53190739197
53190744995
53190750611
53190758362
53190764893
53190771790
53190779419
53190787232
53190795777
53190802918
53190809082
53190815308
53190821045
53190827576
53190836487
53190842407
53190848267
53190860962
53190869629
53190880432
53190886475
53190891296
53190898865
53190904114
53190912903
53190925049
53190931824
53190938598
53190945190
53190950622
53190958191
53190964599
53190973388
53190982055
53190988098
53190993713
53191000427
53191010620
53191017334
53191023315
53191030639
53191036499
53191043090
53191049499
53191055175
53191063415
53191069091
53191074584
53191081420
53191086242
53191092468
53191100524
53191105346
53191111694
53191116515
53191121276
53191127624
53191133544
53191139770
53191145263
53191150573
53191157348
53191162902
53191169616
53191176208
53191182494
53191187621
53191191650
53191197387
53191202758
53191208312
53191213683
53191221190
53191226928
53191232909
53191238280
53191245360
53191251342
53191256957
53191263671
53191270690
53191276244
53191280761
53191286010
53191292907
53191299743
53191304564
53191311644
53191318419
53191324095
53191328978
53191335814
53191341674
53191347594
53191350707
53191359984
53191365111
53191371276
53191376708
53191382994
53191388732
53191392821
53191397765
53191406737
53191413207
53191418578
53191426451
53191432982
53191439574
53191445067
53191456175
53191461790
53191467894
53191473021
53191482420
53191489928
53191495726
53191500914
53191506285
53191512205
53191517088
53191523680
53191530577
53191536741
53191541868
53191545958
53191550779
53191556822
53191563109
53191567564
53191575926
53191581236
53191587645
53191592405
53191597898
53191602903
53191609007
53191614378
53191619810
53191625853
53191633360
53191640562
53191645201
53191653013
53191658933
53191666075
53191671507
53191678098
53191683409
53191689817
53191695921
53191702085
53191706968
53191713682
53191719175
53191724790
53191730100
53191735105
53191741148
53191748045
53191754087
53191759397
53191765867
53191770689
53191775327
53191780027
53191787168
53191792356
53191798704
53191804441
53191811216
53191817930
53191822690
53191829831
53191834226
53191840452
53191846616
53191852475
53191857908
53191863950
53191870298
53191875303
53191880552
53191886594
53191894101
53191899717
53191905576
53191911801
53191917417
53191923764
53191929074
53191934018
53191940488
53191945737
53191954709
53191965695
53191974484
53191982907
53191987851
53191997434
53192005978
53192013303
53192019162
53192026730
53192034116
53192039731
53192044980
53192049496
53192056149
53192062009
53192068356
53192073178
53192077878
53192083066
53192089535
53192094479
53192102780
53192107785
53192111874
53192118771
53192123959
53192129880
53192135678
53192140866
53192146908
53192152524
53192158261
53192165524
53192171689
53192177182
53192183651
53192189511
53192194882
53192201107
53192206662
53192211361
53192216183
53192223019
53192229245
53192235165
53192240292
53192244625
53192250973
53192257199
53192263180
53192269467
53192275509
53192281857
53192287594
53192292172
53192298580
53192302853
53192308041
53192314816
53192320309
53192325375
53192331295
53192335629
53192341793
53192348385
53192353512
53192358883
53192367245
53192372433
53192377926
53192383846
53192390377
53192396480
53192401058
53192406307
53192411251
53192418880
53192425350
53192431026
53192436580
53192443355
53192449093
53192456234
53192462642
53192467403
53192474300
53192480587
53192486446
53192490352
53192498470
53192505611
53192514339
53192521846
53192528194
53192535457
53192541805
53192547054
53192557857
53192565303
53192571224
53192577693
53192583614
53192589839
53192595577
53192602474
53192609248
53192614009
53192620357
53192626155
53192631221
53192637935
53192643611
53192648433
53192655940
53192662166
53192667720
53192671992
53192678950
53192684749
53192691524
53192696956
53192701228
53192705989
53192711970
53192717952
53192724299
53192730464
53192737117
53192743159
53192748774
53192754512
53192760371
53192768123
53192773066
53192779170
53192784358
53192789729
53192794917
53192801936
53192807917
53192814936
53192819514
53192825801
53192831111
53192835139
53192841242
53192847285
53192853022
53192859553
53192865351
53192870356
53192877619
53192883784
53192889338
53192894709
53192902216
53192907404
53192913935
53192920588
53192925227
53192932551
53192937006
53192942805
53192949702
53192955805
53192962153
53192968134
53192974543
53192980585
53192986384
53192992487
53192997858
53193004999
53193011408
53193017267
53193023310
53193028742
53193034052
53193040644
53193046137
53193052973
53193059992
53193067987
53193078608
53193085810
53193092768
53193099543
53193107050
53193117060
53193123285
53193129633
53193135797
53193144647
53193151056
53193157160
53193161737
53193170221
53193173273
53193181940
53193184931
53193194147
53193199030
53193205072
53193210748
53193218317
53193223932
53193230707
53193235651
53193241998
53193247186
53193253046
53193257379
53193265619
53193271295
53193277154
53193282464
53193287836
53193293024
53193297418
53193304620
53193309808
53193314569
53193318902
53193326105
53193331415
53193338250
53193344171
53193351434
53193356622
53193362359
53193367791
53193372247
53193379022
53193386041
53193391290
53193397393
53193402703
53193408013
53193415460
53193420648
53193426751
53193433465
53193440484
53193445977
53193452874
53193457391
53193464654
53193471368
53193476006
53193483209
53193490289
53193496026
53193501397
53193508904
53193514336
53193520196
53193526604
53193532525
53193539300
53193544122
53193549248
53193554070
53193558953
53193565118
53193571526
53193577813
53193583855
53193590325
53193596673
53193602776
53193607903
53193612420
53193619256
53193625908
53193636101
53193644158
53193652153
53193657219
53193666924
53193675713
53193682427
53193689080
53193695366
53193703667
53193708123
53193715325
53193721001
53193726982
53193731865
53193737602
53193742851
53193749138
53193754997
53193759575
53193768059
53193773369
53193779228
53193785881
53193791802
53193797051
53193803398
53193808159
53193814629
53193820732
53193826408
53193832207
53193838371
53193844536
53193849480
53193856560
53193861320
53193867302
53193874138
53193880791
53193886894
53193892204
53193898002
53193903923
53193909843
53193916069
53193922172
53193928276
53193934746
53193941520
53193947197
53193952629
53193959282
53193964531
53193969658
53193976432
53193981193
53193987968
53193994804
53194002616
53194008659
53194013176
53194019645
53194027519
53194032951
53194039360
53194045402
53194051689
53194057548
53194066764
53194072990
53194079154
53194086356
53194092094
53194097709
53194104362
53194110709
53194115775
53194122550
53194129569
53194135062
53194142265
53194149161
53194155631
53194160636
53194169974
53194176505
53194184684
53194190909
53194197989
53194203361
53194211661
53194217765
53194224723
53194232108
53194238700
53194245109
53194250663
53194257316
53194264273
53194268729
53194277152
53194282096
53194288749
53194294486
53194301200
53194308585
53194312613
53194321097
53194326529
53194333243
53194338858
53194345816
53194352103
53194358634
53194365897
53194370596
53194378287
53194385123
53194391226
53194396597
53194402945
53194409903
53194414725
53194421622
53194427420
53194435049
53194440298
53194446646
53194453848
53194460501
53194466849
53194473074
53194479544
53194486319
53194493216
53194499075
53194505728
53194511954
53194517080
53194523611
53194531180
53194536306
53194543875
53194551809
53194558096
53194562796
53194569326
53194575979
53194581717
53194588491
53194595449
53194601431
53194609548
53194615225
53194622793
53194628713
53194635305
53194641775
53194648245
53194654165
53194660085
53194666494
53194672659
53194681204
53194687856
53194693655
53194700247
53194706960
53194712881
53194717397
53194726064
53194733083
53194741262
53194749319
53194756338
53194763601
53194771718
53194779043
53194785634
53194791067
53194797414
53194805654
53194813222
53194818776
53194824819
53194831167
53194839223
53194845510
53194850820
53194857839
53194863942
53194871267
53194877004
53194882680
53194889455
53194896047
53194903005
53194908925
53194916249
53194921987
53194928701
53194935658
53194941823
53194948415
53194952870
53194959706
53194966481
53194972646
53194978871
53194985707
53194992238
53194998341
53195004872
53195010487
53195016042
53195022511
53195029836
53195036671
53195041676
53195046620
53195053090
53195060963
53195066518
53195073476
53195078602
53195086476
53195092030
53195097951
53195104725
53195111500
53195117360
53195124562
53195131093
53195137257
53195143055
53195147694
53195155507
53195162342
53195168446
53195174244
53195180409
53195186695
53195192372
53195198902
53195205860
53195210621
53195218800
53195224110
53195230274
53195237232
53195243580
53195250477
53195257618
53195261891
53195271351
53195277088
53195287891
53195294666
53195301319
53195308765
53195314320
53195324207
53195331715
53195340137
53195346668
53195353687
53195361500
53195367237
53195373279
53195380054
53195386524
53195393482
53195398609
53195404957
53195412708
53195419544
53195425098
53195432178
53195438038
53195444996
53195451770
53195457630
53195463306
53195470752
53195478077
53195484119
53195490284
53195496936
53195502979
53195508899
53195517078
53195521350
53195529407
53195535205
53195541492
53195549365
53195555103
53195562000
53195567371
53195574268
53195579334
53195588123
53195593616
53195597888
53195606311
53195613147
53195620898
53195627490
53195633166
53195639026
53195646045
53195652576
53195659412
53195664416
53195672290
53195677661
53195684497
53195689807
53195697375
53195702014
53195710315
53195716174
53195722705
53195729052
53195735400
53195741992
53195748095
53195755420
53195760608
53195767199
53195773547
53195780139
53195786914
53195793139
53195799060
53195803454
53195811633
53195821276
53195827929
53195835192
53195841296
53195848071
53195854540
53195861132
53195867968
53195877673
53195883959
53195891833
53195896410
53195903674
53195910387
53195916979
53195922961
53195929003
53195936083
53195942431
53195947741
53195954211
53195961046
53195966234
53195974047
53195980273
53195984667
53195993212
53195999438
53196006823
53196012926
53196019457
53196025072
53196031603
53196037890
53196044787
53196051561
53196056261
53196063036
53196069262
53196076220
53196081285
53196088121
53196095140
53196102098
53196107103
53196112108
53196118944
53196124864
53196131029
53196137682
53196143724
53196150255
53196155626
53196161608
53196168260
53196176012
53196181261
53196186998
53196194872
53196201097
53196206957
53196213853
53196220872
53196226671
53196233690
53196239549
53196245714
53196252855
53196259264
53196264329
53196272508
53196279344
53196285325
53196292650
53196298753
53196305528
53196311265
53196319017
53196324022
53196330735
53196337083
53196344224
53196349412
53196357286
53196362657
53196370591
53196379014
53196382798
53196392320
53196399644
53196406114
53196412400
53196418809
53196427232
53196433763
53196439988
53196447923
53196454820
53196460557
53196467149
53196473924
53196480943
53196487412
53196494737
53196499192
53196507127
53196513169
53196520249
53196524949
53196532273
53196537766
53196544175
53196550706
53196557175
53196564072
53196570420
53196576890
53196584641
53196590317
53196597153
53196602158
53196610459
53196616135
53196622361
53196629868
53196635727
53196642502
53196648423
53196654648
53196661789
53196668259
53196673081
53196679795
53196687119
53196694260
53196699692
53196707444
53196713730
53196721237
53196727707
53196735031
53196741501
53196750412
53196755966
53196761948
53196768112
53196775070
53196781784
53196788254
53196794235
53196800766
53196808212
53196815598
53196822433
53196827377
53196833969
53196840683
53196847336
53196853561
53196859299
53196865158
53196872543
53196878769
53196884201
53196890182
53196897812
53196904342
53196909530
53196920089
53196927841
53196935653
53196942733
53196950485
53196955917
53196964828
53196971786
53196978378
53196985763
53196992599
53197000167
53197006088
53197012924
53197019515
53197024520
53197031356
53197037460
53197044235
53197051193
53197057662
53197063644
53197068893
53197075485
53197082504
53197088973
53197093490
53197100143
53197107345
53197113082
53197118636
53197124252
53197131087
53197137618
53197144027
53197151229
53197156112
53197163863
53197169234
53197176314
53197182723
53197189193
53197195418
53197202437
53197207808
53197213668
53197220870
53197225814
53197232467
53197238692
53197245223
53197250777
53197257613
53197262618
53197269027
53197275985
53197282393
53197288192
53197294600
53197301009
53197308028
53197315108
53197321456
53197328169
53197332747
53197338973
53197345687
53197349959
53197356612
53197363814
53197370772
53197375716
53197382491
53197386763
53197393477
53197398116
53197405074
53197412215
53197419051
53197425581
53197431624
53197437178
53197442549
53197447737
53197454451
53197460615
53197466597
53197473494
53197479353
53197487532
53197494673
53197503279
53197509321
53197517500
53197524092
53197531904
53197538801
53197545271
53197551619
53197558516
53197566084
53197572920
53197578108
53197585615
53197592695
53197598371
53197605390
53197611006
53197618574
53197623823
53197630232
53197636152
53197642683
53197647016
53197653669
53197661115
53197668745
53197675459
53197681745
53197688825
53197694929
53197700361
53197706098
53197713911
53197720197
53197725751
53197732832
53197738264
53197744367
53197751264
53197758466
53197764875
53197770734
53197776838
53197782941
53197789777
53197797101
53197802656
53197809491
53197814496
53197820844
53197826398
53197833234
53197839093
53197843793
53197849286
53197855939
53197861982
53197868451
53197875898
53197881696
53197887738
53197894147
53197899823
53197907086
53197914105
53197921369
53197927472
53197933942
53197941693
53197947003
53197953900
53197961591
53197967938
53197974591
53197982159
53197989117
53197997479
53198006085
53198011456
53198018475
53198027386
53198036114
53198042279
53198050030
53198057965
53198064618
53198072919
53198079266
53198085736
53198093609
53198098614
53198107647
53198114789
53198122052
53198128888
53198133770
53198140789
53198147381
53198152996
53198159222
53198166485
53198171673
53198179425
53198186627
53198193707
53198200421
53198207134
53198211590
53198217877
53198226177
53198232220
53198238445
53198247112
53198252545
53198259075
53198265484
53198271465
53198278973
53198284344
53198290264
53198296917
53198303448
53198309612
53198316814
53198322735
53198328899
53198333904
53198340984
53198346538
53198352703
53198359173
53198365398
53198371380
53198377544
53198383770
53198390423
53198397686
53198402202
53198408733
53198416362
53198421917
53198428386
53198434246
53198440776
53198446941
53198452983
53198461406
53198467998
53198474468
53198480510
53198486553
53198494426
53198501995
53198509258
53198515727
53198521648
53198528545
53198536357
53198543010
53198550823
53198556133
53198563213
53198569988
53198577617
53198583904
53198590007
53198596172
53198602763
53198609416
53198615642
53198620952
53198627849
53198634196
53198639384
53198646831
53198652507
53198659221
53198664348
53198671184
53198676311
53198684733
53198690288
53198696696
53198702495
53198709514
53198715129
53198722819
53198729106
53198734050
53198740336
53198747599
53198751933
53198760417
53198765239
53198772197
53198779521
53198783915
53198791789
53198798625
53198805277
53198810282
53198816691
53198824687
53198830485
53198836527
53198842326
53198849711
53198856303
53198861918
53198867838
53198874491
53198881388
53198886515
53198892435
53198900858
53198906351
53198912272
53198918925
53198925333
53198931864
53198938456
53198944315
53198952677
53198957560
53198964274
53198970438
53198977030
53198983622
53198989908
53198995585
53199001688
53199008585
53199014628
53199021769
53199028849
53199035440
53199043070
53199049967
53199056437
53199061136
53199069803
53199077127
53199084024
53199090128
53199097086
53199105020
53199112772
53199117838
53199124368
53199130655
53199137247
53199143472
53199148721
53199156534
53199162027
53199169107
53199175394
53199180704
53199187051
53199194254
53199201089
53199207803
53199213602
53199218668
53199225626
53199231912
53199238748
53199244302
53199250528
53199256692
53199263101
53199269693
53199274759
53199280862
53199287759
53199292459
53199298745
53199304727
53199311380
53199316934
53199322061
53199328225
53199333230
53199340677
53199346597
53199351846
53199358987
53199365091
53199374002
53199379129
53199385049
53199390298
53199396585
53199403237
53199409585
53199417092
53199424233
53199429055
53199433938
53199441812
53199447427
53199453164
53199459084
53199464700
53199471475
53199476296
53199482766
53199487466
53199494057
53199498818
53199504739
53199511636
53199517312
53199524636
53199530678
53199535561
53199542458
53199549050
53199554482
53199559792
53199565468
53199572121
53199577431
53199584023
53199591713
53199601601
53199606850
53199613564
53199621071
53199631142
53199638344
53199644509
53199651162
53199657448
53199664284
53199668923
53199675453
53199684365
53199689919
53199696144
53199702919
53199708412
53199714760
53199719887
53199726174
53199732948
53199737770
53199744057
53199750221
53199755409
53199759865
53199765358
53199772194
53199777504
53199782204
53199788734
53199794533
53199799721
53199805580
53199813209
53199818520
53199825050
53199829445
53199835487
53199841469
53199845497
53199851539
53199859840
53199865455
53199868751
53199876991
53199883095
53199890297
53199895118
53199902443
53199908424
53199913185
53199918312
53199924720
53199928749
53199935951
53199941627
53199948951
53199954200
53199961097
53199967201
53199973426
53199979225
53199984352
53199989845
53199995826
53200001258
53200006324
53200013770
53200019020
53200025062
53200032325
53200039588
53200044532
53200051246
53200057227
53200061256
53200066261
53200072852
53200079017
53200085853
53200091956
53200098243
53200103980
53200108863
53200115211
53200119727
53200124793
53200131263
53200137305
53200142554
53200149818
53200157569
53200161963
53200169837
53200175818
53200182593
53200189185
53200196326
53200203162
53200209998
53200215491
53200222449
53200230262
53200236426
53200242530
53200246802
53200253882
53200260718
53200266883
53200273047
53200278418
53200283606
53200289710
53200296729
53200302771
53200308936
53200315039
53200321082
53200327368
53200332495
53200339514
53200344580
53200350928
53200357764
53200363440
53200369482
53200375464
53200381812
53200387854
53200393164
53200400305
53200406226
53200411108
53200416663
53200423437
53200428992
53200433996
53200439490
53200445959
53200450903
53200458288
53200464148
53200471411
53200477331
53200483679
53200489416
53200494909
53200499914
53200505163
53200511206
53200517614
53200523474
53200528723
53200535864
53200541662
53200547827
53200553930
53200558691
53200564978
53200569128
53200575048
53200581091
53200587072
53200594030
53200599523
53200604833
53200611059
53200617163
53200623632
53200631323
53200636266
53200642187
53200646887
53200651586
53200657751
53200662878
53200670080
53200676794
53200681493
53200688024
53200694555
53200700536
53200707311
53200714147
53200723241
53200729772
53200737157
53200743322
53200749914
53200758153
53200763402
53200770116
53200777196
53200783117
53200788854
53200796300
53200801793
53200808446
53200814061
53200820653
53200826329
53200832738
53200839574
53200843846
53200850194
53200857762
53200863683
53200869481
53200876805
53200882360
53200889012
53200894017
53200900548
53200906224
53200912572
53200918736
53200924840
53200929662
53200936681
53200944127
53200949742
53200955235
53200961156
53200966649
53200972264
53200979039
53200984288
53200991307
53200996983
53201003941
53201010106
53201015843
53201022130
53201029271
53201035863
53201040745
53201047398
53201053990
53201062230
53201068577
53201074986
53201081517
53201089024
53201093846
53201101414
53201107335
53201114537
53201120091
53201127354
53201132847
53201140477
53201146763
53201153538
53201159825
53201167454
53201173313
53201179844
53201185459
53201192906
53201198948
53201204136
53201211643
53201217930
53201224827
53201231236
53201236179
53201244480
53201249973
53201255955
53201262730
53201268772
53201275791
53201281101
53201290256
53201294956
53201304050
53201309177
53201317112
53201324985
53201331272
53201337864
53201345859
53201351291
53201359592
53201364414
53201371555
53201377842
53201384556
53201392612
53201399204
53201405002
53201412510
53201419040
53201424411
53201430881
53201437351
53201443760
53201449314
53201454807
53201461582
53201466281
53201473178
53201478794
53201485874
53201492038
53201497165
53201502902
53201509067
53201514316
53201520725
53201526950
53201533420
53201540561
53201545261
53201552463
53201559543
53201565891
53201573520
53201579440
53201585727
53201591708
53201597812
53201603610
53201610202
53201616183
53201623813
53201629550
53201636752
53201642673
53201648410
53201655307
53201660983
53201667941
53201673251
53201680697
53201687961
53201694735
53201700045
53201707614
53201714267
53201721225
53201728122
53201735080
53201741610
53201746615
53201753817
53201760104
53201766207
53201774691
53201782260
53201788241
53201795992
53201801791
53201809054
53201815096
53201823580
53201830477
53201838900
53201846957
53201853121
53201860506
53201867342
53201873263
53201883089
53201888155
53201895113
53201900668
53201908480
53201914706
53201922762
53201929537
53201935457
53201945528
53201950716
53201958224
53201964876
53201972750
53201979464
53201987215
53201995089
53202001009
53202007845
53202015169
53202021395
53202028963
53202034761
53202041536
53202047274
53202054537
53202059969
53202066439
53202074373
53202083162
53202089266
53202095796
53202102083
53202109407
53202115572
53202121919
53202127413
53202134065
53202140047
53202146455
53202152071
53202158785
53202164156
53202172090
53202177705
53202184541
53202189607
53202194978
53202201326
53202206636
53202213350
53202220674
53202226716
53202232088
53202238618
53202243989
53202249177
53202256380
53202262056
53202268220
53202275544
53202280122
53202287568
53202292085
53202298799
53202306245
53202312837
53202317231
53202324495
53202329499
53202336152
53202343476
53202349824
53202356233
53202360871
53202369599
53202374482
53202381379
53202385530
53202392854
53202399446
53202404817
53202410066
53202418000
53202423615
53202428498
53202435090
53202441071
53202447358
53202451630
53202458527
53202464509
53202471711
53202476960
53202484162
53202489533
53202496430
53202502839
53202509431
53202516511
53202522187
53202528657
53202534943
53202540314
53202546723
53202554413
53202559907
53202568207
53202572907
53202579804
53202586701
53202594635
53202600007
53202606781
53202612824
53202618256
53202623810
53202631745
53202637421
53202644135
53202650544
53202655487
53202662751
53202668366
53202674225
53202681488
53202688202
53202693207
53202700348
53202705536
53202712189
53202717255
53202724030
53202730133
53202737518
53202743805
53202751312
53202758392
53202765595
53202772430
53202777679
53202784515
53202789825
53202795685
53202799774
53202806122
53202813324
53202818573
53202827179
53202833526
53202839203
53202845489
53202850982
53202856720
53202862335
53202869049
53202876739
53202882477
53202889496
53202895233
53202901642
53202906524
53202913787
53202920135
53202926910
53202932891
53202938995
53202944488
53202950836
53202956268
53202962677
53202968902
53202975128
53202982635
53202989166
53202996185
53203003326
53203009796
53203016204
53203024688
53203030792
53203036834
53203044219
53203049224
53203057403
53203062957
53203071075
53203077911
53203083892
53203089629
53203096404
53203104034
53203114837
53203122954
53203128875
53203136260
53203143584
53203150054
53203156646
53203163421
53203170318
53203174834
53203182097
53203189116
53203194610
53203201079
53203209014
53203213469
53203221526
53203225859
53203233550
53203240203
53203246917
53203252227
53203258757
53203263762
53203270171
53203276396
53203283354
53203289275
53203296111
53203302703
53203308318
53203313506
53203319548
53203327605
53203332976
53203339140
53203344817
53203350859
53203357939
53203362944
53203370451
53203376494
53203382780
53203389128
53203393828
53203401945
53203409270
53203415434
53203423247
53203430632
53203435820
53203443266
53203449797
53203456816
53203464506
53203469755
53203476835
53203483976
53203490690
53203496061
53203502958
53203508513
53203513823
53203522367
53203528898
53203535246
53203541044
53203548674
53203554045
53203561857
53203567411
53203574674
53203580961
53203587736
53203593595
53203598844
53203607023
53203615080
53203621916
53203627592
53203634489
53203640165
53203646818
53203653959
53203660429
53203666837
53203674162
53203680753
53203688139
53203695585
53203701810
53203709135
53203716398
53203721769
53203731901
53203738370
53203744840
53203752103
53203757841
53203764615
53203770475
53203776212
53203782804
53203788480
53203793729
53203799344
53203805997
53203811979
53203817044
53203823209
53203828153
53203833768
53203840177
53203847623
53203852384
53203858853
53203864713
53203870145
53203875089
53203881436
53203888272
53203894559
53203899198
53203905057
53203909512
53203915311
53203921658
53203926297
53203934171
53203939175
53203945584
53203951444
53203955899
53203960965
53203968106
53203974820
53203980740
53203986295
53203993191
53203997830
53204004727
53204011685
53204018033
53204024869
53204029507
53204037381
53204043545
53204050992
53204056424
53204063992
53204071744
53204078457
53204084256
53204089810
53204097256
53204102749
53204110196
53204117215
53204124112
53204129971
53204136441
53204143704
53204149075
53204156155
53204163418
53204169583
53204175442
53204181912
53204187954
53204194668
53204200466
53204207974
53204214749
53204220303
53204227322
53204233791
53204238613
53204245144
53204251003
53204263393
53204270229
53204277920
53204285305
53204291897
53204298794
53204306972
53204313320
53204319546
53204326931
53204334743
53204340786
53204346645
53204352993
53204358669
53204366543
53204372402
53204376674
53204385158
53204390224
53204397915
53204403103
53204409572
53204416408
53204423122
53204428920
53204434963
53204441677
53204448024
53204454555
53204460353
53204466945
53204472621
53204479824
53204485134
53204490749
53204497524
53204502712
53204509487
53204515468
53204522121
53204526515
53204534023
53204540004
53204544399
53204553188
53204558376
53204565150
53204572169
53204579250
53204585597
53204591518
53204598353
53204602992
53204610744
53204616908
53204624415
53204631007
53204636256
53204642848
53204649684
53204655971
53204661281
53204670741
53204676722
53204682765
53204689174
53204696498
53204702174
53204708400
53204716212
53204720973
53204730250
53204735621
53204741542
53204747462
53204755213
53204761805
53204768885
53204774928
53204779627
53204788111
53204794398
53204799891
53204806971
53204814295
53204819666
53204828028
53204835963
53204841517
53204848780
53204855250
53204862818
53204868861
53204876307
53204881983
53204889429
53204895167
53204901636
53204911768
53204918116
53204924647
53204931421
53204935999
53204942591
53204946985
53204955164
53204961451
53204966822
53204973108
53204978785
53204985560
53204992273
53204996912
53205003016
53205009668
53205016138
53205023218
53205029261
53205034754
53205041101
53205047388
53205052515
53205058863
53205065271
53205071192
53205078028
53205083643
53205090601
53205097009
53205103479
53205108484
53205115137
53205122156
53205128626
53205133997
53205140710
53205150049
53205155054
53205162317
53205168787
53205175500
53205181482
53205188135
53205195093
53205202661
53205209070
53205214136
53205221765
53205230371
53205235925
53205241296
53205248987
53205254480
53205261926
53205267236
53205274865
53205281335
53205287256
53205293847
53205301233
53205306115
53205313379
53205318994
53205328759
53205335046
53205341882
53205348229
53205354699
53205360681
53205366967
53205372888
53205380395
53205386315
53205391992
53205399621
53205405663
53205411828
53205417870
53205424157
53205436791
53205443261
53205450280
53205457787
53205462182
53205469994
53205479028
53205486169
53205493798
53205499963
53205508202
53205514123
53205521020
53205525841
53205532982
53205537865
53205545189
53205551049
53205557885
53205564354
53205569237
53205575097
53205581444
53205588707
53205593834
53205600975
53205605919
53205612816
53205619347
53205625695
53205631676
53205638268
53205644127
53205650963
53205656700
53205661766
53205668602
53205673607
53205680748
53205685936
53205693382
53205698937
53205705895
53205712120
53205719505
53205726341
53205734032
53205740074
53205744774
53205752098
53205756981
53205765343
53205770653
53205776756
53205784203
53205790489
53205796226
53205803917
53205810753
53205817222
53205823265
53205831138
53205836082
53205843467
53205848655
53205856285
53205861961
53205869224
53205875328
53205882408
53205887840
53205894859
53205900108
53205907432
53205912925
53205919883
53205926109
53205931663
53205938133
53205942894
53205948570
53205955467
53205963096
53205969322
53205977134
53205983238
53205988426
53205994895
53206000266
53206007407
53206014304
53206020347
53206029502
53206036338
53206046531
53206054038
53206060264
53206066856
53206074058
53206081321
53206088706
53206094627
53206101890
53206109397
53206115256
53206121482
53206126670
53206133079
53206139182
53206143699
53206151816
53206157920
53206163718
53206169700
53206175193
53206181540
53206186911
53206193442
53206202964
53206209677
53206216391
53206222251
53206228904
53206236899
53206243003
53206250327
53206256491
53206263571
53206270346
53206274924
53206283896
53206290976
53206297019
53206303305
53206311423
53206317282
53206324301
53206330527
53206337485
53206345419
53206350363
53206359213
53206366110
53206371847
53206378195
53206384909
53206392782
53206399008
53206405966
53206412009
53206418600
53206425924
53206431540
53206439718
53206444723
53206452963
53206459128
53206466147
53206473349
53206479818
53206484945
53206493551
53206499472
53206506369
53206512716
53206519613
53206526937
53206533712
53206540487
53206547262
53206551596
53206558370
53206566732
53206573934
53206579672
53206586080
53206592184
53206599813
53206606466
53206613546
53206621236
53206629598
53206633871
53206644125
53206649435
53206659505
53206666280
53206674276
53206679647
53206685506
53206693136
53206698629
53206705648
53206710775
53206717061
53206724691
53206730855
53206736287
53206742574
53206749715
53206755819
53206762594
53206768148
53206774556
53206781759
53206788045
53206794881
53206800252
53206806661
53206814351
53206820211
53206827596
53206832845
53206840657
53206846456
53206852925
53206859822
53206866231
53206871480
53206877767
53206884603
53206890767
53206897542
53206903829
53206910664
53206916707
53206922383
53206928853
53206935994
53206942342
53206948445
53206954976
53206961018
53206968159
53206974019
53206980672
53206987324
53206993062
53206999837
53207006123
53207011006
53207016011
53207022236
53207029255
53207033650
53207040974
53207047017
53207054341
53207059041
53207066365
53207073018
53207078328
53207083455
53207090168
53207096333
53207101765
53207108662
53207115315
53207121785
53207126240
53207133320
53207139302
53207146504
53207151081
53207157734
53207162617
53207169209
53207173786
53207180561
53207188435
53207195698
53207202656
53207209797
53207216450
53207221943
53207230183
53207236347
53207243122
53207252644
53207259602
53207266743
53207274250
53207280170
53207286335
53207292988
53207300068
53207304890
53207311420
53207317829
53207324421
53207329670
53207335895
53207343220
53207349445
53207355671
53207361835
53207366779
53207374408
53207379657
53207386921
53207391803
53207398700
53207405780
53207412006
53207417621
53207422077
53207429767
53207435932
53207440509
53207446552
53207452411
53207460102
53207464618
53207472186
53207479022
53207483539
53207490436
53207497272
53207502887
53207509479
53207514972
53207521442
53207526447
53207533221
53207539447
53207544513
53207550739
53207557941
53207564349
53207570392
53207576434
53207584003
53207589679
53207596332
53207603168
53207610126
53207617023
53207623614
53207629901
53207636859
53207642779
53207649188
53207655597
53207662494
53207669085
53207676104
53207681231
53207688250
53207694232
53207700091
53207705157
53207711322
53207716143
53207721087
53207727984
53207734698
53207745379
53207757464
53207762713
53207770892
53207778094
53207784380
53207792864
53207799334
53207804522
53207811419
53207818377
53207824664
53207830828
53207836199
53207842608
53207848589
53207854266
53207860918
53207865984
53207874773
53207880022
53207885088
53207890520
53207897845
53207902178
53207910235
53207915728
53207921221
53207928606
53207934038
53207938677
53207944903
53207951799
53207958025
53207964068
53207969256
53207974932
53207981096
53207986589
53207992266
53207997271
53208004473
53208009966
53208016130
53208021257
53208025530
53208034136
53208039263
53208045061
53208050066
53208057756
53208063005
53208068682
53208075151
53208082292
53208089250
53208093889
53208100664
53208106645
53208112016
53208117754
53208123918
53208129778
53208136064
53208140642
53208146257
53208153154
53208158891
53208165605
53208173418
53208178178
53208185075
53208190141
53208196062
53208202287
53208208208
53208213945
53208220170
53208225786
53208230913
53208238054
53208243669
53208251970
53208256730
53208261979
53208271318
53208281633
53208289567
53208296769
53208301896
53208313005
53208319169
53208329057
53208335527
53208344132
53208349565
53208355668
53208361466
53208368546
53208374284
53208380815
53208385941
53208392167
53208397599
53208404496
53208409989
53208416886
53208421830
53208428117
53208434464
53208438676
53208446061
53208453019
53208458695
53208464005
53208470170
53208477677
53208483903
53208488785
53208496232
53208501359
53208507645
53208514725
53208520341
53208526444
53208533341
53208539994
53208545365
53208549637
53208555680
53208560807
53208566971
53208573380
53208578385
53208585770
53208591385
53208596329
53208602188
53208609574
53208615067
53208620438
53208628189
53208634049
53208639725
53208645157
53208652603
53208658585
53208666336
53208673050
53208678604
53208686173
53208692215
53208698502
53208703323
53208710220
53208715836
53208722549
53208728287
53208734634
53208740250
53208746048
53208751602
53208757706
53208765884
53208771988
53208777725
53208783951
53208789383
53208798721
53208808853
53208817276
53208823196
53208827591
53208836014
53208843155
53208851150
53208859085
53208864029
53208872635
53208881057
53208888687
53208893447
53208900894
53208906570
53208911392
53208918960
53208923965
53208930068
53208935501
53208941421
53208947830
53208953323
53208959243
53208966934
53208972244
53208982009
53208990371
53208995986
53209003127
53209009475
53209016006
53209022170
53209028762
53209034560
53209040542
53209046279
53209052871
53209057754
53209063613
53209068130
53209075881
53209080825
53209088332
53209092666
53209099257
53209105788
53209111037
53209116042
53209122085
53209128554
53209133071
53209140273
53209147109
53209151564
53209156630
53209161879
53209168776
53209174453
53209181777
53209188063
53209193496
53209200087
53209204116
53209210707
53209216445
53209223220
53209228469
53209235549
53209240554
53209246779
53209251418
53209258254
53209263808
53209270217
53209277602
53209282668
53209288405
53209293715
53209300917
53209306654
53209312819
53209320021
53209325514
53209331679
53209340529
53209349013
53209358534
53209365797
53209372389
53209378004
53209385145
53209392225
53209399367
53209406752
53209415053
53209419813
53209427382
53209432142
53209438734
53209445387
53209450514
53209457716
53209462111
53209468153
53209473036
53209480055
53209485975
53209490675
53209496778
53209502516
53209508070
53209514234
53209520338
53209526258
53209530470
53209537062
53209543775
53209549513
53209555189
53209562757
53209567640
53209574293
53209580152
53209586134
53209592176
53209597669
53209602796
53209609266
53209614027
53209619398
53209626478
53209632398
53209637952
53209644178
53209650220
53209655286
53209661329
53209667127
53209672071
53209678663
53209684339
53209689893
53209696363
53209702955
53209709180
53209716382
53209722181
53209729017
53209736951
53209743787
53209750135
53209757276
53209763318
53209769422
53209774549
53209780530
53209787122
53209794751
53209800733
53209808423
53209816114
53209824231
53209831616
53209839368
53209845655
53209852124
53209859754
53209869519
53209878186
53209885388
53209893506
53209901929
53209907788
53209917615
53209924756
53209931531
53209938977
53209946912
53209952649
53209958447
53209966321
53209972668
53209980359
53209987744
53209993298
53209999768
53210006787
53210012280
53210018384
53210026745
53210031750
53210038708
53210045361
53210050427
53210057934
53210063183
53210069226
53210073925
53210082653
53210087658
53210095776
53210101635
53210110302
53210117016
53210124584
53210130810
53210137219
53210144299
53210151135
53210156933
53210164501
53210169506
53210176525
53210182995
53210189159
53210195019
53210201366
53210208080
53210214916
53210221325
53210229015
53210235485
53210248302
53210264355
53210271191
53210276562
53210287365
53210294262
53210302379
53210309826
53210317150
53210325390
53210330883
53210339306
53210345043
53210351879
53210357738
53210363536
53210368663
53210376781
53210381664
53210387645
53210394237
53210400341
53210406505
53210410961
53210419322
53210425853
53210431957
53210437877
53210443431
53210449047
53210455943
53210461803
53210467967
53210472911
53210480052
53210487499
53210492687
53210499278
53210503551
53210511119
53210517650
53210524974
53210531078
53210536449
53210542003
53210546703
53210552562
53210559947
53210564952
53210570933
53210576732
53210581309
53210588817
53210595042
53210601024
53210609019
53210614451
53210620738
53210625438
53210630870
53210636851
53210641490
53210648265
53210653819
53210658336
53210665782
53210670604
53210678477
53210684886
53210690623
53210696238
53210701121
53210706736
53210713877
53210718211
53210726329
53210731394
53210739207
53210745494
53210752390
53210758860
53210763011
53210768870
53210775462
53210781260
53210787852
53210793162
53210798289
53210804697
53210808970
53210816965
53210823496
53210828379
53210834544
53210841379
53210848032
53210852732
53210859080
53210864512
53210869700
53210876292
53210882334
53210888315
53210894053
53210899302
53210904429
53210910410
53210917002
53210922190
53210929758
53210936899
53210942026
53210948313
53210954844
53210960093
53210965464
53210973764
53210980173
53210989695
53210997263
53211002390
53211010752
53211016367
53211023996
53211031198
53211037729
53211042429
53211048776
53211056040
53211061228
53211068247
53211074350
53211078867
53211084909
53211091135
53211095102
53211101389
53211109445
53211115610
53211121042
53211125986
53211132516
53211137033
53211143503
53211150522
53211157053
53211161996
53211167856
53211173532
53211179147
53211184335
53211190561
53211197275
53211202463
53211207589
53211213937
53211218576
53211224740
53211231942
53211238534
53211243051
53211250436
53211256051
53211261422
53211266916
53211273080
53211280160
53211285226
53211290719
53211296823
53211301217
53211308847
53211313119
53211319772
53211326730
53211332284
53211338815
53211343087
53211349618
53211354501
53211361886
53211369515
53211375497
53211381234
53211388009
53211393685
53211400521
53211406075
53211413277
53211420602
53211425545
53211432687
53211437020
53211444588
53211448922
53211456673
53211464059
53211471810
53211476266
53211483712
53211490182
53211497017
53211502266
53211509408
53211514962
53211522103
53211528267
53211534371
53211538765
53211546944
53211553963
53211562813
53211569527
53211575997
53211581856
53211588875
53211595894
53211602059
53211608650
53211614937
53211622322
53211626778
53211634896
53211639900
53211646614
53211652535
53211659126
53211664803
53211670662
53211675545
53211681526
53211686775
53211693123
53211700020
53211704903
53211710945
53211716072
53211722481
53211727669
53211734261
53211740364
53211747505
53211753548
53211760628
53211766426
53211774666
53211779610
53211787178
53211793892
53211799202
53211805916
53211811714
53211818306
53211823921
53211831672
53211837593
53211844490
53211849739
53211855537
53211862068
53211867439
53211874763
53211881172
53211886177
53211893318
53211899665
53211905464
53211912239
53211917976
53211922676
53211930915
53211936592
53211944099
53211951118
53211958381
53211965095
53211970527
53211979072
53211984077
53211991828
53211996528
53212004829
53212009589
53212018867
53212025153
53212031379
53212036994
53212044135
53212049079
53212056159
53212062079
53212067329
53212075568
53212081977
53212086127
53212093085
53212098456
53212105720
53212112372
53212118903
53212124885
53212133002
53212140448
53212146613
53212154425
53212160834
53212166327
53212174262
53212182074
53212189032
53212195075
53212200446
53212206305
53212212042
53212218573
53212225287
53212230536
53212236823
53212243414
53212247443
53212253424
53212260077
53212266852
53212272406
53212278815
53212283942
53212292304
53212298041
53212304633
53212311224
53212317023
53212324164
53212328925
53212336066
53212344183
53212350592
53212357367
53212364020
53212369086
53212376532
53212381476
53212389349
53212397284
53212404425
53212410467
53212417242
53212422857
53212429815
53212436590
53212443060
53212449652
53212456121
53212462652
53212469183
53212475286
53212481878
53212488226
53212496893
53212502264
53212509954
53212514837
53212522711
53212528021
53212535406
53212541876
53212549200
53212555059
53212561651
53212568243
53212574896
53212580145
53212587286
53212593633
53212600225
53212606817
53212613592
53212619939
53212625555
53212631841
53212639104
53212645330
53212651983
53212659368
53212665716
53212670598
53212678167
53212684209
53212690618
53212697271
53212703557
53212710515
53212720403
53212730169
53212736821
53212744024
53212751470
53212756658
53212764409
53212770635
53212777837
53212783208
53212789617
53212797978
53212805608
53212811467
53212818120
53212823796
53212829595
53212835027
53212841313
53212847112
53212852605
53212859868
53212865910
53212872746
53212877934
53212884404
53212891484
53212897160
53212902592
53212909062
53212914861
53212920659
53212927800
53212932561
53212939397
53212944524
53212951176
53212956547
53212961552
53212969182
53212974431
53212980168
53212987065
53212992802
53213000065
53213006413
53213013554
53213019413
53213024174
53213032780
53213038578
53213044743
53213051701
53213057927
53213065434
53213071843
53213077336
53213084721
53213089543
53213096867
53213103642
53213109318
53213115605
53213122746
53213129276
53213135929
53213141728
53213148136
53213155583
53213161991
53213169193
53213174748
53213182316
53213188786
53213196598
53213203373
53213210819
53213218510
53213224796
53213232975
53213238407
53213244450
53213252018
53213258732
53213266178
53213272892
53213278751
53213286503
53213295109
53213301029
53213308597
53213316105
53213328373
53213335575
53213342960
53213349735
53213356571
53213362430
53213370182
53213378177
53213385440
53213392826
53213400028
53213410892
53213416324
53213424869
53213431400
53213437015
53213441287
53213449039
53213455264
53213463687
53213469669
53213476077
53213482608
53213486942
53213495486
53213501163
53213509402
53213516727
53213522891
53213528628
53213534366
53213541019
53213546268
53213553409
53213560062
53213565005
53213570498
53213577151
53213583133
53213589969
53213596560
53213600833
53213608218
53213613467
53213619326
53213626407
53213632144
53213639102
53213645816
53213651187
53213657412
53213662905
53213669314
53213675418
53213681643
53213687930
53213692324
53213699771
53213704104
53213710391
53213716250
53213723086
53213728396
53213735354
53213740237
53213746951
53213753603
53213758669
53213764651
53213770815
53213777407
53213782778
53213789858
53213794680
53213801760
53213807131
53213813601
53213820376
53213825930
53213833010
53213838625
53213844973
53213849795
53213855288
53213863528
53213869509
53213874880
53213879946
53213887392
53213895144
53213900332
53213907839
53213913698
53213921877
53213927553
53213935610
53213941652
53213948732
53213955263
53213961428
53213968080
53213975161
53213980898
53213986879
53213992250
53213998903
53214005861
53214010378
53214017885
53214024050
53214029054
53214034670
53214043276
53214049013
53214055055
53214060732
53214064272
53214070131
53214073488
53214079713
53214084047
53214089906
53214094606
53214100282
53214104372
53214109560
53214114809
53214119813
53214125185
53214130434
53214134645
53214138856
53214142702
53214146608
53214150575
53214154970
53214161012
53214166261
53214170106
53214173768
53214179017
53214184205
53214188722
53214193178
53214198976
53214203431
53214206849
53214210939
53214215394
53214219301
53214223390
53214229066
53214232728
53214237001
53214240846
53214244874
53214248903
53214254579
53214260255
53214262818
53214267640
53214272035
53214275941
53214279115
53214283326
53214288026
53214294007
53214298829
53214304322
53214309754
53214314454
53214319154
53214324586
53214329347
53214334168
53214338624
53214343812
53214347413
53214352052
53214357118
53214361573
53214366456
53214373902
53214379884
53214384095
53214390138
53214394227
53214398927
53214403260
53214409791
53214415528
53214420838
53214426392
53214432435
53214439027
53214443848
53214448670
53214454774
53214459351
53214464600
53214468140
53214474000
53214479859
53214484070
53214488160
53214492737
53214497498
53214502381
53214507508
53214513306
53214518677
53214522950
53214529908
53214534546
53214540650
53214543457
53214550843
53214557618
53214563782
53214569580
53214574768
53214579468
53214584107
53214588684
53214596070
53214600830
53214608460
53214612793
53214617554
53214622193
53214628113
53214633972
53214641113
53214650513
53214656006
53214662048
53214668518
53214673462
53214679443
53214685669
53214690002
53214695557
53214701599
53214706665
53214713867
53214719971
53214722961
53214729431
53214737305
53214742676
53214749573
53214757568
53214763061
53214769348
53214774902
53214780578
53214785339
53214790222
53214797973
53214803039
53214809204
53214813904
53214820190
53214825622
53214832031
53214836853
53214844299
53214852172
53214857482
53214864563
53214870056
53214876403
53214880188
53214887573
53214892395
53214899902
53214903747
53214910339
53214915771
53214922119
53214927429
53214934142
53214941711
53214948242
53214955749
53214962768
53214968078
53214972900
53214979003
53214985839
53214990966
53215000976
53215008239
53215015197
53215021361
53215026733
53215034850
53215041747
53215045714
53215052550
53215058959
53215064757
53215070922
53215076232
53215080993
53215087462
53215092345
53215099059
53215104369
53215111998
53215116454
53215121154
53215128112
53215134276
53215140624
53215145812
53215152221
53215157897
53215162902
53215168761
53215174071
53215178832
53215184813
53215191710
53215197203
53215205870
53215212401
53215217589
53215222228
53215229064
53215233336
53215241271
53215245726
53215252501
53215259825
53215265257
53215269591
53215275206
53215280028
53215286742
53215293333
53215297667
53215304564
53215310973
53215316893
53215321959
53215329161
53215332640
53215339903
53215344847
53215351073
53215357786
53215365965
53215371519
53215376219
53215380736
53215389036
53215394346
53215398619
53215405516
53215412047
53215418272
53215423399
53215428587
53215433592
53215441465
53215446348
53215451963
53215459776
53215465147
53215470213
53215475950
53215480406
53215486631
53215492491
53215497373
53215504759
53215509825
53215514646
53215521421
53215526975
53215531431
53215539060
53215544065
53215550352
53215554258
53215561704
53215563230
53215574644
53215583738
53215589048
53215595945
53215601316
53215612546
53215619016
53215629087
53215633359
53215640134
53215645200
53215651853
53215658445
53215664853
53215672178
53215677427
53215683164
53215689206
53215695188
53215700315
53215706174
53215710935
53215716611
53215722715
53215729429
53215735593
53215739804
53215744565
53215749936
53215759214
53215764951
53215772519
53215777463
53215782712
53215788999
53215795407
53215799314
53215805112
53215811765
53215816953
53215822690
53215828977
53215833859
53215841306
53215846249
53215851254
53215858884
53215866330
53215872128
53215876462
53215882932
53215888303
53215894772
53215898923
53215904660
53215912106
53215918759
53215924496
53215930173
53215935910
53215941220
53215946286
53215953366
53215958371
53215963925
53215970578
53215974362
53215981808
53215988095
53215993405
53215997250
53216003903
53216011410
53216018246
53216024899
53216031857
53216036618
53216042599
53216047970
53216055294
53216060482
53216068051
53216073483
53216079159
53216087033
53216092587
53216100582
53216104855
53216110958
53216118893
53216125485
53216132198
53216138241
53216143063
53216148373
53216153256
53216159908
53216165951
53216172421
53216180355
53216185177
53216192196
53216200436
53216206051
53216212948
53216219967
53216227840
53216235836
53216242550
53216247372
53216255062
53216261959
53216267574
53216272213
53216279110
53216286556
53216291988
53216297298
53216305233
53216311336
53216316829
53216323116
53216330989
53216335201
53216340694
53216346675
53216353572
53216359005
53216364925
53216371334
53216376522
53216381526
53216388423
53216393856
53216401973
53216405574
53216412837
53216419063
53216425044
53216431026
53216437496
53216444270
53216449825
53216456599
53216460017
53216468562
53216473872
53216479366
53216486140
53216494929
53216500301
53216506648
53216512324
53216519160
53216525996
53216530330
53216537105
53216544246
53216549068
53216553645
53216560969
53216567012
53216574519
53216580378
53216586604
53216592463
53216599421
53216604548
53216610774
53216618403
53216623530
53216630000
53216636897
53216642756
53216648127
53216655085
53216660701
53216666804
53216673152
53216679316
53216686030
53216692195
53216696406
53216705256
53216710139
53216717463
53216723750
53216729365
53216733882
53216743342
53216748408
53216756709
53216763606
53216771662
53216777277
53216786372
53216791071
53216799616
53216808466
53216817683
53216824885
53216832941
53216841303
53216849360
53216855280
53216866144
53216871454
53216879206
53216889643
53216895014
53216905451
53216911982
53216920893
53216930964
53216942011
53216951227
53216965326
53216972834
53216977838
53216992792
53217000299
53217009393
53217019342
53217030817
53217037836
53217046808
53217054681
53217063715
53217070306
53217085321
53217090204
53217100397
53217108575
53217114496
53217124506
53217132745
53217139154
53217144525
53217156915
53217162408
53217172662
53217181634
53217186456
53217197137
53217202691
53217212579
53217221490
53217228509
53217234796
53217244134
53217250054
53217259759
53217267938
53217274163
53217278924
53217289300
53217298577
53217306573
53217316461
53217323907
53217331109
53217340508
53217349358
53217358636
53217366021
53217374505
53217382256
53217390679
53217399346
53217401910
53217415642
53217424920
53217434197
53217440606
53217448174
53217460564
53217469353
53217476372
53217487908
53217492669
53217501030
53217509758
53217517693
53217525322
53217534172
53217537102
53217549614
53217555229
53217564873
53217573967
53217582451
53217589226
53217594048
53217606377
53217615593
53217621880
53217633843
53217640740
53217650566
53217657402
53217666008
53217671257
53217680351
53217688347
53217696342
53217704521
53217710075
53217719047
53217727104
53217734062
53217742119
53217751640
53217759453
53217767570
53217774345
53217784904
