53480151298
53480158561
53480163749
53480169486
53480175346
53480181327
53480186881
53480193534
53480198722
53480204826
53480210136
53480217521
53480223685
53480228996
53480234122
53480239371
53480246329
53480254325
53480259391
53480265433
53480271476
53480278434
53480284659
53480291434
53480298026
53480304435
53480311088
53480318412
53480325614
53480332511
53480339286
53480345084
53480352836
53480361564
53480368583
53480376334
53480384452
53480390494
53480397940
53480406546
53480414420
53480422538
53480429618
53480436209
53480442923
53480449576
53480456107
53480461173
53480468924
53480478018
53480485831
53480491812
53480498953
53480504446
53480511649
53480517325
53480524832
53480531607
53480540518
53480547232
53480555594
53480560049
53480569815
53480576834
53480584341
53480592337
53480597891
53480605215
53480613638
53480621267
53480628164
53480635367
53480643484
53480650930
53480657950
53480665762
53480672842
53480679617
53480687246
53480694265
53480701345
53480708914
53480715933
53480722891
53480730642
53480738027
53480746023
53480754507
53480761709
53480769399
53480777334
53480783193
53480790640
53480797476
53480806020
53480813039
53480821096
53480829458
53480836477
53480844106
53480850210
53480861013
53480868032
53480873525
53480882802
53480888540
53480895925
53480905569
53480912710
53480919851
53480925710
53480933889
53480941274
53480948781
53480955312
53480965017
53480972890
53480980092
53480986867
53480992849
53481001760
53481010732
53481016225
53481024404
53481032521
53481037770
53481045217
53481054128
53481064382
53481073415
53481082265
53481091298
53481098744
53481107167
53481113210
53481120412
53481126881
53481136769
53481144459
53481152211
53481160329
53481168141
53481176198
53481181691
53481191517
53481195912
53481205739
53481210805
53481220448
53481230397
53481236622
53481243641
53481250111
53481259327
53481266774
53481274342
53481282521
53481289845
53481296986
53481302906
53481311695
53481319081
53481326344
53481333973
53481340748
53481349354
53481355580
53481363880
53481370289
53481379078
53481386158
53481394520
53481404224
53481411549
53481419361
53481425465
53481434010
53481441822
53481449085
53481456287
53481463306
53481470753
53481478626
53481486866
53481494678
53481501758
53481508777
53481517078
53481525379
53481534717
53481542164
53481549915
53481560108
53481568042
53481577015
53481582386
53481594043
53481602344
53481613452
53481622486
53481631031
53481640186
53481648548
53481656543
53481664050
53481673633
53481682605
53481689258
53481697925
53481705249
53481711963
53481721057
53481730762
53481737781
53481747852
53481756580
53481763721
53481772876
53481780505
53481791797
53481799426
53481808398
53481815356
53481822192
53481830310
53481838488
53481847094
53481856982
53481863086
53481869860
53481876208
53481885241
53481892138
53481899585
53481910815
53481918017
53481924670
53481932604
53481937426
53481947436
53481954821
53481963244
53481970080
53481978564
53481985827
53481996142
53482003161
53482013049
53482021777
53482029772
53482037768
53482046679
53482054369
53482063158
53482069872
53482079272
53482087084
53482095263
53482103197
53482110094
53482117479
53482125780
53482134386
53482143053
53482149767
53482158922
53482165880
53482173204
53482180590
53482189684
53482197618
53482205797
53482212511
53482220568
53482227770
53482237230
53482246324
53482256395
53482264879
53482272142
53482278246
53482288500
53482300890
53482309312
53482317491
53482327928
53482337694
53482346788
53482356126
53482364427
53482372667
53482379198
53482386217
53482391344
53482395799
53482403245
53482414476
53482422410
53482430711
53482438157
53482447374
53482456956
53482465928
53482474900
53482482652
53482490098
53482497483
53482505784
53482513963
53482521287
53482528184
53482537095
53482546617
53482553819
53482560838
53482569383
53482577500
53482583299
53482591599
53482602769
53482609422
53482615769
53482621812
53482628159
53482636765
53482645920
53482652085
53482661423
53482669236
53482677109
53482683091
53482690903
53482698166
53482704087
53482713242
53482721909
53482728623
53482734787
53482743332
53482751877
53482759629
53482766892
53482775437
53482782700
53482791001
53482797104
53482805222
53482809616
53482818466
53482825363
53482833054
53482841232
53482850876
53482858750
53482866806
53482873093
53482879746
53482887253
53482891159
53482900864
53482906723
53482913193
53482921982
53482927780
53482935043
53482940659
53482949081
53482952804
53482961532
53482967575
53482973678
53482979599
53482987167
53482991318
53482998947
53483006149
53483012619
53483019333
53483025924
53483031418
53483037765
53483045883
53483052841
53483059250
53483065170
53483070419
53483076644
53483083664
53483089096
53483095626
53483100021
53483111984
53483122177
53483131637
53483139083
53483146407
53483152755
53483158492
53483164230
53483170333
53483177169
53483186324
53483194198
53483199569
53483205062
53483211837
53483217086
53483222457
53483229598
53483234969
53483243331
53483250289
53483256881
53483263290
53483268233
53483274520
53483280990
53483288436
53483294295
53483301742
53483307113
53483314742
53483319930
53483326217
53483332625
53483338668
53483345870
53483352767
53483357467
53483364547
53483369185
53483375655
53483382491
53483389205
53483395980
53483401534
53483408187
53483414717
53483421797
53483429366
53483434981
53483442671
53483448409
53483454268
53483461348
53483467513
53483472579
53483479292
53483485823
53483491621
53483496809
53483504500
53483510542
53483517867
53483523665
53483530989
53483535811
53483544478
53483551009
53483556868
53483562666
53483569685
53483575300
53483582930
53483586531
53483593428
53483599104
53483605452
53483609236
53483616377
53483623030
53483629133
53483635969
53483642317
53483647932
53483654280
53483660994
53483665937
53483672102
53483679304
53483687178
53483693952
53483699873
53483704573
53483712019
53483717085
53483725935
53483735456
53483746076
53483756391
53483761518
53483767988
53483774214
53483779524
53483785322
53483794782
53483803205
53483807356
53483813825
53483820112
53483825727
53483831708
53483837446
53483845014
53483851728
53483858503
53483864850
53483870832
53483876874
53483882001
53483888898
53483893842
53483900739
53483905500
53483912031
53483916913
53483922590
53483927472
53483934186
53483939374
53483947065
53483951886
53483959333
53483965131
53483970685
53483975507
53483980817
53483985578
53483991254
53483997296
53484003827
53484010419
53484015180
53484022199
53484028974
53484034894
53484040387
53484046246
53484051068
53484057111
53484062238
53484069318
53484072675
53484078900
53484082562
53484090863
53484097516
53484103803
53484109479
53484115826
53484121991
53484129803
53484136273
53484142377
53484149213
53484155072
53484160565
53484166424
53484173016
53484180585
53484187665
53484192730
53484198590
53484205243
53484211346
53484218609
53484224347
53484229046
53484235150
53484240155
53484246563
53484251141
53484258404
53484262310
53484270611
53484281231
53484285992
53484295086
53484304058
53484311932
53484316387
53484323834
53484330181
53484335613
53484342510
53484349590
53484354778
53484361920
53484368267
53484371868
53484379803
53484386089
53484392864
53484399517
53484403973
53484412029
53484419292
53484427288
53484433269
53484440533
53484447857
53484453350
53484459759
53484466167
53484472637
53484479107
53484487957
53484495708
53484504680
53484511577
53484520549
53484527752
53484534343
53484541790
53484548076
53484554607
53484561626
53484568279
53484576091
53484583110
53484588604
53484595561
53484602153
53484609722
53484616863
53484623882
53484629253
53484636211
53484642742
53484649150
53484656535
53484663310
53484671916
53484679485
53484687846
53484696758
53484705363
53484710063
53484716899
53484722392
53484730754
53484735820
53484741801
53484748332
53484752727
53484759807
53484765300
53484772807
53484776408
53484785502
53484790019
53484796245
53484803142
53484809306
53484814555
53484820292
53484829753
53484838115
53484842692
53484854533
53484861491
53484868083
53484874369
53484879985
53484885722
53484893290
53484897929
53484906840
53484913554
53484919413
53484925334
53484930644
53484937602
53484943827
53484950724
53484958048
53484965861
53484971598
53484977580
53484983073
53484988261
53484994303
53485000529
53485007487
53485014384
53485020182
53485025370
53485033366
53485039164
53485045756
53485051310
53485057291
53485063151
53485069864
53485074869
53485081949
53485088297
53485094950
53485098673
53485108011
53485109903
53485117960
53485123392
53485129129
53485134989
53485139383
53485145914
53485153360
53485159342
53485166178
53485171732
53485177896
53485183268
53485188455
53485195230
53485201273
53485208292
53485213846
53485219950
53485225199
53485231851
53485237955
53485243753
53485249979
53485256387
53485262552
53485268839
53485274759
53485280252
53485285928
53485290689
53485298624
53485303262
53485310281
53485315652
53485323526
53485329263
53485336038
53485341409
53485346963
53485351846
53485357645
53485362344
53485368692
53485374246
53485381692
53485387674
53485391885
53485399515
53485408609
53485414651
53485424478
53485430459
53485438638
53485445779
53485451577
53485458780
53485464944
53485471231
53485476724
53485484841
53485490945
53485496926
53485503518
53485510476
53485516152
53485523110
53485529153
53485538125
53485542581
53485549172
53485554604
53485562905
53485568093
53485575051
53485581826
53485587991
53485594827
53485600137
53485606179
53485613625
53485619668
53485626199
53485634011
53485640542
53485647500
53485652505
53485661782
53485668130
53485673989
53485680337
53485687050
53485694191
53485700234
53485706398
53485711953
53485719155
53485725197
53485731545
53485738869
53485745339
53485752053
53485758583
53485764016
53485769997
53485777199
53485783730
53485789467
53485795754
53485802101
53485807778
53485816139
53485822670
53485827919
53485835121
53485842201
53485848671
53485856117
53485862770
53485868752
53485874733
53485882179
53485888588
53485893593
53485900490
53485906654
53485912941
53485919289
53485926308
53485935463
53485942665
53485949074
53485956947
53485964149
53485970070
53485977333
53485984230
53485991920
53485998695
53486005714
53486012001
53486019752
53486025612
53486033485
53486041175
53486047828
53486056068
53486064064
53486069374
53486076149
53486082008
53486090248
53486095130
53486101783
53486109840
53486115821
53486122535
53486128883
53486135475
53486140968
53486147498
53486155067
53486161292
53486167396
53486173194
53486179542
53486185767
53486191444
53486198035
53486204322
53486211829
53486217689
53486224952
53486231177
53486236976
53486242164
53486250709
53486257484
53486263526
53486270057
53486274940
53486283179
53486287696
53486295569
53486303016
53486308814
53486315101
53486320899
53486327857
53486334449
53486340796
53486347876
53486353064
53486359473
53486366614
53486372901
53486381324
53486388220
53486394141
53486400366
53486407080
53486413123
53486420691
53486426673
53486432227
53486439063
53486444495
53486451575
53486458350
53486465064
53486470984
53486477454
53486483923
53486490759
53486497839
53486505041
53486512488
53486520056
53486525976
53486531714
53486537817
53486544409
53486552405
53486559912
53486566870
53486573584
53486580115
53486585852
53486592993
53486598730
53486605078
53486611120
53486617956
53486624731
53486630041
53486636938
53486644629
53486651525
53486656530
53486663855
53486671606
53486676123
53486686132
53486692175
53486698644
53486704138
53486709875
53486716039
53486720983
53486729894
53486736120
53486741979
53486748571
53486754797
53486761694
53486766515
53486773840
53486780004
53486787084
53486793432
53486799169
53486804601
53486810766
53486817785
53486823644
53486829442
53486835912
53486841527
53486848852
53486853918
53486861852
53486868871
53486874486
53486881688
53486887426
53486893590
53486899877
53486907811
53486912572
53486918248
53486926732
53486933629
53486938573
53486945714
53486952794
53486959386
53486965245
53486970372
53486978246
53486983556
53486988500
53486994786
53487000218
53487006749
53487013219
53487018834
53487025731
53487034825
53487040929
53487048314
53487054295
53487061009
53487067113
53487074071
53487079991
53487084447
53487092198
53487096349
53487104405
53487110142
53487116307
53487121129
53487127843
53487144810
53487150792
53487157139
53487164464
53487169163
53487177037
53487182164
53487187657
53487194310
53487200169
53487205052
53487211522
53487217259
53487222813
53487230076
53487236119
53487242100
53487249058
53487257542
53487265293
53487270726
53487276890
53487281163
53487290074
53487296971
53487302830
53487309239
53487313267
53487320835
53487324253
53487332859
53487339573
53487344151
53487350620
53487354954
53487361729
53487368015
53487372410
53487377964
53487387852
53487394627
53487400486
53487406528
53487410740
53487416782
53487422703
53487428745
53487435093
53487441440
53487445957
53487452854
53487457554
53487463962
53487469822
53487476536
53487481968
53487488071
53487491855
53487499851
53487506748
53487513096
53487517795
53487523166
53487529758
53487535373
53487540805
53487547336
53487554538
53487563999
53487570835
53487577610
53487585605
53487591526
53487598728
53487605564
53487610507
53487617404
53487625522
53487630588
53487636752
53487641635
53487650302
53487654880
53487663730
53487670139
53487676303
53487682895
53487689853
53487695468
53487702609
53487709079
53487716098
53487720737
53487728793
53487733310
53487740573
53487744784
53487753757
53487759982
53487765841
53487772372
53487779147
53487784701
53487792453
53487798983
53487802585
53487811313
53487816806
53487822177
53487829379
53487836215
53487841586
53487847140
53487854647
53487858004
53487864962
53487870516
53487876681
53487883456
53487889804
53487894564
53487899935
53487906344
53487910616
53487916781
53487923861
53487930453
53487935397
53487942294
53487947848
53487954745
53487960970
53487967318
53487971713
53487977633
53487984591
53487989779
53487997286
53488002291
53488009371
53488015841
53488021151
53488026156
53488032076
53488037020
53488042818
53488047518
53488053866
53488060396
53488067171
53488070955
53488078951
53488085482
53488091097
53488095553
53488101473
53488108187
53488114290
53488119417
53488124056
53488130831
53488135836
53488144075
53488152864
53488162386
53488168062
53488175264
53488181612
53488188509
53488197725
53488206392
53488215242
53488223421
53488233919
53488243074
53488253450
53488261812
53488271394
53488280061
53488286897
53488293428
53488299348
53488306184
53488312654
53488318391
53488324373
53488330659
53488335786
53488342866
53488350007
53488355317
53488362398
53488368623
53488374055
53488381074
53488386567
53488393464
53488399202
53488405549
53488411348
53488416169
53488422822
53488428437
53488435579
53488441438
53488449495
53488455354
53488461030
53488465119
53488472077
53488478608
53488484773
53488490632
53488496614
53488502046
53488508088
53488514253
53488519196
53488526338
53488531281
53488537995
53488543305
53488549226
53488554841
53488561250
53488564729
53488573945
53488580048
53488585786
53488591218
53488596955
53488603730
53488608247
53488615632
53488619965
53488627412
53488631806
53488638825
53488645661
53488652741
53488656281
53488663910
53488671235
53488677155
53488684540
53488690766
53488696320
53488701325
53488710785
53488714692
53488721955
53488727875
53488735199
53488741852
53488748627
53488755585
53488762482
53488769501
53488774445
53488780792
53488786591
53488792328
53488798920
53488805206
53488813019
53488819550
53488825226
53488832306
53488837250
53488843964
53488849457
53488856415
53488861237
53488868256
53488876373
53488881561
53488887787
53488893707
53488899811
53488906158
53488911468
53488917877
53488923736
53488928497
53488935272
53488940155
53488947479
53488953827
53488960357
53488964203
53488972992
53488976471
53488984894
53488990814
53488998932
53489004547
53489011139
53489017303
53489023468
53489028411
53489034515
53489041778
53489048004
53489055999
53489061492
53489067596
53489072540
53489079742
53489085967
53489093170
53489099578
53489105194
53489110076
53489116302
53489123687
53489128021
53489134124
53489140350
53489146514
53489150848
53489158416
53489163543
53489169708
53489175018
53489183257
53489188506
53489194488
53489199248
53489206756
53489213348
53489219695
53489223418
53489233123
53489239104
53489243804
53489250213
53489256438
53489263885
53489268767
53489276275
53489283111
53489289580
53489294524
53489302092
53489307036
53489314605
53489321685
53489327971
53489332732
53489339995
53489347075
53489352019
53489358977
53489365935
53489373442
53489379363
53489386077
53489391204
53489398650
53489405547
53489411589
53489415618
53489423613
53489429961
53489436430
53489442900
53489449248
53489455595
53489461760
53489468657
53489475920
53489482329
53489486845
53489495451
53489500822
53489507780
53489512541
53489518889
53489525114
53489532011
53489537138
53489544157
53489549711
53489556242
53489562407
53489568205
53489573820
53489579802
53489585844
53489591887
53489598661
53489603544
53489610075
53489616606
53489622831
53489627348
53489633635
53489640409
53489646818
53489652494
53489659635
53489664518
53489671476
53489676359
53489684049
53489690336
53489696684
53489703398
53489709074
53489714872
53489720793
53489727018
53489733488
53489739469
53489745695
53489752714
53489758817
53489765043
53489770475
53489777433
53489784696
53489790800
53489794157
53489802824
53489809782
53489814481
53489821744
53489828763
53489834867
53489839750
53489846830
53489852445
53489859769
53489865018
53489872831
53489876493
53489884244
53489889249
53489896940
53489901212
53489910306
53489917936
53489924344
53489930020
53489936490
53489943509
53489950345
53489956571
53489964139
53489971524
53489976163
53489983365
53489988614
53489997647
53490004361
53490012052
53490017972
53490025113
53490030240
53490037198
53490043240
53490049405
53490056119
53490062466
53490067776
53490074551
53490081143
53490087125
53490093533
53490099698
53490106168
53490113003
53490118802
53490123746
53490130643
53490136258
53490142239
53490148770
53490155118
53490161404
53490167569
53490173550
53490179837
53490185513
53490192593
53490198880
53490203701
53490211026
53490217068
53490223294
53490227871
53490235012
53490240872
53490248257
53490253689
53490260098
53490265225
53490272549
53490277249
53490283596
53490288479
53490295193
53490301235
53490307217
53490313137
53490318813
53490324612
53490330349
53490336453
53490342251
53490348476
53490353115
53490360439
53490367458
53490374111
53490380825
53490386074
53490390835
53490397671
53490402370
53490409389
53490414699
53490420864
53490425625
53490432033
53490436794
53490443569
53490449001
53490455593
53490461696
53490467922
53490475246
53490480922
53490486477
53490492519
53490497402
53490503749
53490510585
53490515407
53490523952
53490529445
53490536098
53490542079
53490549709
53490555263
53490564357
53490571681
53490578273
53490584804
53490589504
53490596462
53490602870
53490610195
53490617458
53490623012
53490629665
53490635097
53490641322
53490647182
53490651942
53490658839
53490664333
53490671718
53490676845
53490684474
53490691005
53490697108
53490703212
53490709804
53490717189
53490723720
53490730311
53490735072
53490742946
53490747523
53490754664
53490760951
53490766505
53490770900
53490777858
53490782863
53490789576
53490794459
53490801234
53490806483
53490814357
53490818141
53490826991
53490833583
53490839930
53490846583
53490852748
53490858546
53490864344
53490869227
53490875025
53490881861
53490886256
53490892970
53490899195
53490905909
53490912196
53490918543
53490923975
53490931666
53490937098
53490943201
53490948451
53490955042
53490959803
53490966822
53490972254
53490978236
53490984156
53490990198
53490994898
53491002650
53491009791
53491014429
53491021082
53491027857
53491033716
53491040735
53491046778
53491051539
53491058680
53491064661
53491069788
53491074671
53491081080
53491088282
53491094019
53491099512
53491105860
53491111780
53491118494
53491122095
53491132044
53491138330
53491145288
53491152491
53491158655
53491165369
53491169702
53491175989
53491181787
53491188135
53491194727
53491200708
53491207300
53491212793
53491217493
53491224451
53491229639
53491236536
53491242212
53491248682
53491255090
53491262048
53491268640
53491275049
53491280786
53491286584
53491292078
53491298181
53491304712
53491313379
53491327295
53491341028
53491348901
53491356286
53491364892
53491372644
53491380151
53491387903
53491395715
53491403772
53491412133
53491419213
53491425927
53491431848
53491439721
53491446923
53491454248
53491462121
53491467736
53491475060
53491481652
53491490014
53491501855
53491510583
53491516625
53491524438
53491531030
53491537072
53491544335
53491550683
53491557763
53491563012
53491570153
53491575890
53491581689
53491589684
53491597436
53491603356
53491607567
53491613976
53491619897
53491625207
53491629906
53491636498
53491641686
53491649193
53491652794
53491659142
53491664391
53491671654
53491677880
53491683861
53491689904
53491694237
53491700951
53491705346
53491712181
53491717614
53491728112
53491735619
53491740685
53491752953
53491757958
53491763695
53491771019
53491776085
53491783409
53491792198
53491796715
53491804161
53491812096
53491817955
53491824059
53491830650
53491836876
53491841454
53491847984
53491855553
53491862877
53491868980
53491875450
53491880821
53491887596
53491893150
53491899437
53491906517
53491912926
53491918358
53491922874
53491928490
53491933433
53491941673
53491945152
53491953270
53491959312
53491964866
53491969810
53491975181
53491980125
53491985740
53491992759
53491999107
53492005027
53492010276
53492015709
53492022239
53492028282
53492033836
53492040977
53492046287
53492051841
53492055259
53492062583
53492069908
53492077049
53492083702
53492089439
53492095420
53492100913
53492107566
53492113181
53492118980
53492124290
53492131492
53492134849
53492141746
53492146873
53492152671
53492157920
53492163963
53492171287
53492176353
53492183250
53492188499
53492195090
53492201804
53492208274
53492214194
53492221641
53492227195
53492234275
53492237937
53492246543
53492252585
53492259177
53492263022
53492269675
53492275229
53492280661
53492290366
53492297202
53492304892
53492311911
53492317771
53492325461
53492329123
53492336325
53492339499
53492348410
53492356223
53492363364
53492369589
53492375327
53492379660
53492385703
53492391867
53492397543
53492404257
53492412314
53492415549
53492423239
53492429709
53492436179
53492443686
53492449728
53492456869
53492462424
53492469382
53492472983
53492480795
53492484885
53492492148
53492497763
53492504111
53492510275
53492516745
53492522665
53492529379
53492534445
53492541220
53492546957
53492552023
53492559836
53492565390
53492571920
53492578329
53492584982
53492588339
53492596640
53492599875
53492607565
53492612570
53492618368
53492624594
53492630941
53492638571
53492644186
53492649984
53492655477
53492660971
53492667929
53492672750
53492679281
53492685385
53492690695
53492695516
53492700399
53492707113
53492713522
53492718832
53492725912
53492731588
53492737936
53492743795
53492750082
53492755148
53492761617
53492769125
53492774923
53492782674
53492789815
53492796041
53492802022
53492806844
53492814290
53492821187
53492827169
53492834188
53492843587
53492851461
53492861287
53492867574
53492876607
53492881673
53492889364
53492895833
53492902547
53492908895
53492916158
53492921651
53492928609
53492935567
53492941854
53492946370
53492954732
53492962544
53492969502
53492977315
53492983357
53492988118
53492996907
53493003316
53493008077
53493015523
53493023396
53493030537
53493037862
53493043294
53493050679
53493056844
53493065816
53493072652
53493078572
53493085896
53493092122
53493097676
53493105183
53493112630
53493116780
53493123921
53493129841
53493137593
53493143818
53493150349
53493156025
53493161274
53493167195
53493174763
53493181294
53493186909
53493192524
53493199055
53493205220
53493211506
53493216267
53493223530
53493230000
53493234883
53493241291
53493248127
53493254353
53493259724
53493266621
53493272785
53493278828
53493285175
53493291889
53493297260
53493302754
53493309223
53493314167
53493320332
53493327717
53493334248
53493341450
53493349751
53493356647
53493363789
53493371052
53493379352
53493388935
53493396564
53493402668
53493409321
53493416462
53493422993
53493431049
53493437275
53493443805
53493449421
53493454059
53493462238
53493468525
53493474384
53493480976
53493487690
53493494281
53493500385
53493506427
53493511127
53493518817
53493526264
53493532917
53493538532
53493543415
53493551532
53493557636
53493563617
53493569843
53493576373
53493582843
53493588947
53493594989
53493602374
53493607562
53493614276
53493620075
53493626727
53493632709
53493639667
53493644733
53493651263
53493657733
53493664264
53493669818
53493676349
53493681232
53493690753
53493697345
53493703876
53493710406
53493717669
53493723224
53493728839
53493734942
53493742450
53493747210
53493755877
53493761859
53493768084
53493774249
53493780963
53493787494
53493793780
53493800677
53493807452
53493813555
53493819598
53493826312
53493831011
53493839007
53493844256
53493849810
53493856158
53493862078
53493870257
53493875933
53493882464
53493888690
53493896685
53493902361
53493912798
53493921099
53493928057
53493934771
53493942828
53493949236
53493955462
53493961443
53493967181
53493974139
53493980974
53493988299
53493994524
53494000201
53494005816
53494012957
53494019549
53494025713
53494030413
53494038042
53494046526
53494051409
53494057940
53494063677
53494070086
53494076616
53494084490
53494092974
53494100664
53494110674
53494119341
53494128069
53494136248
53494143877
53494149980
53494155535
53494162248
53494168657
53494175005
53494180986
53494187029
53494193865
53494200517
53494206438
53494211870
53494218584
53494224260
53494229997
53494236162
53494242387
53494248613
53494254655
53494261552
53494267717
53494275285
53494283159
53494288713
53494296220
53494302934
53494308977
53494314653
53494321733
53494328019
53494335466
53494341142
53494348527
53494354509
53494361955
53494369523
53494376420
53494382158
53494387040
53494394792
53494400224
53494406144
53494414567
53494419450
53494425004
53494431352
53494436906
53494442643
53494449235
53494457597
53494463334
53494469743
53494474259
53494484269
53494492265
53494501298
53494510636
53494516496
53494522965
53494526139
53494534196
53494540910
53494548905
53494556046
53494562943
53494569169
53494575089
53494581254
53494587113
53494595597
53494602311
53494609025
53494614884
53494621720
53494628190
53494635209
53494638627
53494646256
53494652482
53494658158
53494666398
53494670975
53494678177
53494681717
53494689286
53494695633
53494702164
53494708878
53494717118
53494722733
53494728470
53494734207
53494740311
53494745682
53494752274
53494759049
53494764908
53494771439
53494776993
53494782791
53494791153
53494796768
53494802078
53494808304
53494813919
53494820450
53494826187
53494833145
53494839066
53494844864
53494849564
53494856094
53494861587
53494869766
53494876480
53494882584
53494888687
53494893143
53494899856
53494905472
53494912185
53494918655
53494924698
53494932388
53494935684
53494943863
53494948868
53494954727
53494965225
53494970230
53494977859
53494983108
53494988662
53494995132
53495001175
53495008377
53495017471
53495026748
53495037246
53495043289
53495049941
53495053176
53495061660
53495068984
53495074844
53495084853
53495091384
53495095901
53495104629
53495110183
53495116592
53495122939
53495130691
53495138503
53495142409
53495151565
53495156387
53495162307
53495169265
53495176345
53495182632
53495187575
53495194594
53495200149
53495205398
53495210219
53495217483
53495224135
53495230239
53495235671
53495241469
53495248671
53495253188
53495260573
53495267958
53495273330
53495279860
53495286147
53495291457
53495298232
53495303420
53495310744
53495316848
53495323744
53495330458
53495336440
53495343093
53495347243
53495354567
53495359633
53495368056
53495373671
53495379286
53495385146
53495391554
53495397658
53495404067
53495412062
53495415602
53495424330
53495430495
53495436415
53495442946
53495447279
53495455031
53495459914
53495470412
53495479689
53495486220
53495492811
53495501662
53495507460
53495513807
53495520033
53495526076
53495533766
53495539259
53495546278
53495552382
53495557753
53495564589
53495570814
53495575148
53495583693
53495593092
53495597609
53495606398
53495611647
53495619093
53495624159
53495630445
53495633741
53495642835
53495646864
53495654859
53495661634
53495668226
53495675550
53495680494
53495686598
53495691419
53495699415
53495706617
53495712537
53495719679
53495726942
53495733350
53495739698
53495745496
53495750379
53495758131
53495763380
53495772108
53495779737
53495787122
53495792188
53495799024
53495805982
53495811414
53495819105
53495828504
53495833082
53495840772
53495846998
53495854078
53495860486
53495866773
53495874891
53495880201
53495886914
53495893811
53495899671
53495905835
53495913465
53495919446
53495926953
53495932813
53495940503
53495944959
53495951978
53495958997
53495967175
53495973157
53495978467
53495986768
53495991895
53496000867
53496008374
53496015088
53496021436
53496027478
53496033337
53496038892
53496045056
53496052441
53496057080
53496063794
53496070691
53496076733
53496083996
53496089917
53496095532
53496099988
53496107556
53496113415
53496118969
53496124890
53496131054
53496140271
53496146496
53496155590
53496163220
53496171399
53496178234
53496184887
53496189953
53496197033
53496205029
53496211376
53496217907
53496225354
53496230969
53496236706
53496242382
53496247936
53496257214
53496262890
53496269543
53496275829
53496279492
53496286511
53496292797
53496299145
53496306347
53496311352
53496317883
53496324657
53496330334
53496336681
53496341808
53496347607
53496354443
53496359753
53496366588
53496372509
53496378979
53496384960
53496391002
53496397655
53496402355
53496411449
53496416393
53496422558
53496429394
53496435009
53496440258
53496446788
53496452160
53496458263
53496464367
53496470958
53496476085
53496479808
53496487621
53496493663
53496500804
53496506542
53496513134
53496519176
53496523448
53496530345
53496538036
53496543895
53496548778
53496554393
53496561046
53496568126
53496574840
53496581432
53496587230
53496592418
53496599010
53496605174
53496610484
53496617748
53496623119
53496629100
53496635081
53496641917
53496645518
53496654246
53496664867
53496670665
53496676158
53496683787
53496688914
53496695384
53496702403
53496709178
53496715709
53496723155
53496727244
53496733348
53496740245
53496746348
53496752391
53496760081
53496766307
53496772166
53496779002
53496784617
53496791026
53496797374
53496802256
53496809214
53496814585
53496821360
53496827464
53496834117
53496839366
53496846934
53496850230
53496856700
53496864451
53496870738
53496875865
53496882456
53496887339
53496893260
53496899241
53496906504
53496911448
53496917124
53496923472
53496928660
53496934519
53496940806
53496946665
53496954172
53496959238
53496967295
53496973582
53496978709
53496985911
53496990854
53496999521
53497005259
53497011912
53497016550
53497023813
53497030283
53497037058
53497043345
53497049387
53497054819
53497061106
53497067026
53497071909
53497079599
53497086130
53497089792
53497096628
53497104319
53497110117
53497117380
53497122202
53497128794
53497135202
53497139841
53497148020
53497153513
53497159189
53497166818
53497173837
53497179941
53497186228
53497195627
53497200571
53497205820
53497211313
53497217477
53497224191
53497229623
53497237863
53497241098
53497249399
53497256052
53497262460
53497268198
53497273874
53497282663
53497288888
53497296152
53497300241
53497306833
53497313485
53497319894
53497325692
53497331308
53497337472
53497344064
53497349679
53497355844
53497361642
53497367868
53497373666
53497378549
53497385080
53497391183
53497396615
53497403634
53497409982
53497415353
53497420297
53497425485
53497431893
53497438485
53497446176
53497451547
53497457833
53497462777
53497469735
53497474252
53497482064
53497486276
53497493966
53497499215
53497506112
53497512154
53497516732
53497523873
53497529488
53497535531
53497541695
53497548043
53497553597
53497560189
53497566659
53497572091
53497578011
53497583871
53497590462
53497598458
53497604378
53497610360
53497618233
53497624520
53497629464
53497635933
53497642586
53497650521
53497653878
53497661446
53497667794
53497672310
53497681038
53497689095
53497696114
53497702462
53497708016
53497714791
53497719307
53497726326
53497731453
53497738045
53497745735
53497752144
53497758797
53497765572
53497770943
53497777718
53497783760
53497789253
53497795845
53497804268
53497812141
53497817757
53497824348
53497832832
53497840340
53497846138
53497852180
53497858467
53497864754
53497870430
53497877510
53497883064
53497889473
53497894966
53497901497
53497906746
53497914863
53497918709
53497926033
53497931526
53497937446
53497942024
53497947944
53497951423
53497960640
53497966377
53497971748
53497977729
53497984382
53497990181
53497995002
53498002388
53498009162
53498015022
53498019599
53498024665
53498029243
53498036262
53498039680
53498047248
53498053657
53498059516
53498065376
53498071723
53498077155
53498083259
53498089912
53498094184
53498100349
53498106696
53498112495
53498117866
53498125251
53498130866
53498137519
53498142829
53498149543
53498153449
53498161262
53498166755
53498173163
53498178290
53498185554
53498192389
53498197883
53498201484
53498209601
53498213202
53498221198
53498224921
53498232978
53498239203
53498243842
53498255317
53498259345
53498267890
53498278205
53498285041
53498291266
53498296393
53498302069
53498308539
53498315558
53498323676
53498331488
53498336371
53498342536
53498348639
53498354621
53498360419
53498366889
53498375311
53498382514
53498388251
53498394843
53498399664
53498406866
53498413641
53498419501
53498424872
53498431342
53498436163
53498441717
53498447272
53498454718
53498461554
53498467169
53498473028
53498477972
53498485052
53498491583
53498497259
53498503607
53498509710
53498516241
53498522040
53498528875
53498535345
53498540838
53498546026
53498552313
53498559820
53498565741
53498571966
53498578253
53498584539
53498588446
53498596258
53498601934
53498607366
53498613043
53498618719
53498625494
53498630926
53498637457
53498644110
53498650335
53498656317
53498662603
53498668401
53498674566
53498680547
53498687200
53498693304
53498697942
53498703680
53498708501
53498715643
53498722845
53498729009
53498734319
53498740484
53498746282
53498752264
53498757696
53498762701
53498770391
53498777044
53498782049
53498788457
53498794256
53498799444
53498807683
53498816106
53498822759
53498831853
53498841375
53498846624
53498852727
53498858953
53498864995
53498870855
53498878423
53498883306
53498890020
53498896733
53498902532
53498907903
53498916081
53498919377
53498925847
53498932256
53498938298
53498946233
53498951726
53498957646
53498962407
53498969426
53498975591
53498981023
53498986150
53498993535
53498999638
53499005254
53499011418
53499017644
53499023137
53499029485
53499035527
53499041264
53499047307
53499054265
53499060429
53499065190
53499072697
53499078190
53499085270
53499091130
53499096501
53499100712
53499107182
53499112614
53499119511
53499125432
53499131718
53499137822
53499143986
53499149968
53499156254
53499162785
53499167790
53499174198
53499180424
53499186711
53499192692
53499198124
53499202702
53499208988
53499214360
53499220646
53499225712
53499231999
53499236515
53499243107
53499246525
53499252934
53499258671
53499264835
53499269474
53499276676
53499283268
53499289616
53499295109
53499301273
53499307255
53499313602
53499320805
53499326542
53499333683
53499338505
53499345524
53499351871
53499357120
53499364139
53499371769
53499376713
53499387577
53499397770
53499406254
53499413578
53499419742
53499426395
53499432071
53499438358
53499444400
53499451908
53499459476
53499465335
53499471012
53499477176
53499482425
53499488101
53499495487
53499501956
53499508609
53499514652
53499519962
53499527713
53499531070
53499540225
53499545658
53499552127
53499558719
53499564945
53499571353
53499576358
53499582095
53499589053
53499595279
53499601688
53499607181
53499612064
53499617740
53499622256
53499628726
53499632388
53499641238
53499644961
53499652957
53499659061
53499665286
53499671451
53499677798
53499684451
53499689578
53499696353
53499700686
53499707400
53499711490
53499717654
53499722354
53499729434
53499734378
53499741214
53499746646
53499753054
53499759280
53499765933
53499771792
53499778323
53499782962
53499789004
53499793765
53499800173
53499806033
53499811892
53499819033
53499824282
53499831729
53499837466
53499843691
53499847170
53499853762
53499860049
53499865969
53499871890
53499878176
53499884646
53499891238
53499896914
53499903689
53499908755
53499913576
53499920229
53499925112
53499932741
53499939272
53499949892
53499957033
53499964358
53499970766
53499979067
53499985171
53499991213
53499998354
53500004702
53500010866
53500019838
53500026491
53500031374
53500037600
53500042788
53500049562
53500054750
53500061220
53500067690
53500074709
53500080202
53500087221
53500093325
53500099245
53500105104
53500110842
53500116579
53500123049
53500128298
53500135683
53500141725
53500147768
53500155031
53500160463
53500166811
53500172487
53500178407
53500186159
53500192201
53500198549
53500203371
53500210634
53500217226
53500224794
53500230531
53500237123
53500244081
53500250734
53500256715
53500263612
53500270204
53500275575
53500281251
53500284547
53500291383
53500294801
53500301881
53500308717
53500315004
53500320924
53500327211
53500333192
53500339113
53500345887
53500351075
53500357423
53500363954
53500369325
53500375367
53500380128
53500385865
53500390870
53500396180
53500403504
53500409669
53500415833
53500421876
53500427674
53500434022
53500440858
53500448243
53500455140
53500460877
53500467530
53500473451
53500478577
53500484620
53500492432
53500498475
53500504639
53500512208
53500517945
53500525941
53500538270
53500544678
53500550965
53500556458
53500562012
53500566163
53500575318
53500583497
53500588990
53500594605
53500599000
53500606324
53500612977
53500618103
53500627198
53500635132
53500640992
53500647400
53500652466
53500659241
53500665650
53500671509
53500678040
53500684510
53500690857
53500695435
53500702942
53500709290
53500715454
53500720276
53500726196
53500730835
53500736267
53500740845
53500747193
53500753540
53500761047
53500766785
53500772644
53500777710
53500783142
53500787842
53500793579
53500799377
53500805298
53500810242
53500816833
53500822998
53500828491
53500835632
53500841736
53500847595
53500852600
53500859558
53500864746
53500870544
53500876098
53500881958
53500887085
53500892761
53500898315
53500903930
53500909240
53500915466
53500921386
53500928039
53500933715
53500938476
53500946045
53500951171
53500956604
53500963073
53500967956
53500974243
53500980773
53500986450
53500994140
53501000488
53501005432
53501011108
53501020324
53501024963
53501031921
53501038390
53501044738
53501051086
53501057128
53501061584
53501068786
53501076659
53501088500
53501097045
53501104613
53501110351
53501117431
53501123534
53501128478
53501136046
53501142638
53501150024
53501156310
53501162719
53501169127
53501174132
53501181396
53501185912
53501194762
53501200438
53501206298
53501212035
53501218810
53501224913
53501230224
53501235961
53501242980
53501248290
53501251769
53501258666
53501264708
53501271849
53501278502
53501283995
53501288573
53501295043
53501301940
53501307677
53501312316
53501318297
53501323851
53501328978
53501335936
53501342223
53501348082
53501353087
53501359923
53501363097
53501370177
53501374205
53501383299
53501389708
53501394957
53501402403
53501407530
53501414488
53501419310
53501426085
53501432066
53501436278
53501442442
53501448179
53501453245
53501460692
53501463865
53501473204
53501478819
53501483397
53501490660
53501497374
53501503050
53501507994
53501515196
53501522032
53501527220
53501531920
53501537901
53501542723
53501549009
53501554014
53501562010
53501568968
53501575987
53501582334
53501589231
53501595457
53501602476
53501608824
53501615476
53501622007
53501627378
53501635069
53501642820
53501649839
53501659422
53501669492
53501673765
53501681821
53501686887
53501693723
53501700132
53501708005
53501716428
53501721982
53501728025
53501731565
53501739927
53501746152
53501752073
53501758787
53501765745
53501773008
53501776792
53501784726
53501791196
53501796933
53501804258
53501808957
53501815549
53501821897
53501828183
53501834653
53501839902
53501846128
53501851621
53501856443
53501862912
53501866269
53501873044
53501878232
53501886350
53501892331
53501897946
53501904111
53501908750
53501916501
53501922788
53501928098
53501933286
53501939816
53501944699
53501951047
53501955563
53501961179
53501966122
53501974667
53501979916
53501985471
53501991208
53501995419
53502001584
53502007931
53502013608
53502020688
53502026547
53502032956
53502040280
53502044186
53502050839
53502055478
53502063229
53502070431
53502082943
53502090207
53502096310
53502103695
53502112362
53502117489
53502124569
53502128170
53502136288
53502143063
53502149472
53502155270
53502161557
53502166867
53502171444
53502178524
53502184994
53502191036
53502197079
53502205013
53502211849
53502219357
53502226742
53502233334
53502239010
53502245724
53502253292
53502257748
53502263668
53502270382
53502276791
53502283138
53502289181
53502295101
53502301754
53502307064
53502315426
53502319149
53502327694
53502331783
53502341793
53502346676
53502353084
53502359798
53502365475
53502372005
53502377743
53502383724
53502389950
53502396175
53502403255
53502409176
53502416011
53502421688
53502430294
53502439083
53502444820
53502450924
53502457943
53502462581
53502470455
53502475887
53502482906
53502489986
53502496089
53502503169
53502510005
53502515865
53502522640
53502528499
53502534053
53502541622
53502546626
53502555904
53502561458
53502567012
53502574886
53502581844
53502588252
53502595576
53502601558
53502607356
53502613155
53502620967
53502630305
53502635982
53502642512
53502648921
53502656001
53502660396
53502667293
53502673579
53502679316
53502686091
53502692134
53502697200
53502703181
53502707698
53502713496
53502718440
53502724421
53502729792
53502735286
53502741938
53502747126
53502754145
53502760554
53502765742
53502771907
53502778315
53502788935
53502797846
53502805537
53502811518
53502818720
53502825373
53502830683
53502836360
53502842890
53502849909
53502857111
53502864497
53502869318
53502875605
53502881159
53502885798
53502891352
53502898005
53502904902
53502911494
53502916804
53502923701
53502928522
53502935725
53502941340
53502945917
53502950983
53502958368
53502965021
53502971247
53502977595
53502984308
53502989313
53502994867
53503000544
53503005488
53503012812
53503017817
53503024775
53503029474
53503036737
53503042414
53503048761
53503053949
53503061701
53503065180
53503073114
53503079523
53503085810
53503092584
53503097895
53503103144
53503108576
53503113092
53503119440
53503126093
53503131037
53503138727
53503143732
53503150446
53503157465
53503163629
53503169244
53503174860
53503179742
53503186578
53503190240
53503197626
53503203180
53503209528
53503214715
53503221796
53503228204
53503234308
53503239801
53503246820
53503252496
53503259759
53503265802
53503272699
53503279168
53503283868
53503290765
53503294915
53503302911
53503309076
53503315423
53503322198
53503327142
53503333612
53503339898
53503345513
53503358453
53503363580
53503374078
53503383538
53503390069
53503397088
53503401910
53503407647
53503415215
53503424737
53503429681
53503437798
53503442986
53503448907
53503452203
53503459832
53503465813
53503471246
53503478814
53503484246
53503489617
53503497491
53503503411
53503510308
53503515984
53503523919
53503529717
53503536004
53503542840
53503548943
53503554680
53503562066
53503569146
53503574700
53503581414
53503588982
53503594475
53503601067
53503608513
53503614800
53503621697
53503627190
53503633782
53503639153
53503646416
53503654351
53503660393
53503669182
53503675713
53503680779
53503688530
53503694267
53503702934
53503709709
53503715202
53503721489
53503728752
53503735649
53503741509
53503747490
53503752251
53503760674
53503766167
53503772636
53503779961
53503785637
53503791435
53503800041
53503807243
53503814506
53503820671
53503828361
53503835686
53503842094
53503849296
53503856682
53503863395
53503869072
53503877006
53503882194
53503891227
53503901298
53503907951
53503913444
53503919914
53503927238
53503935112
53503943290
53503948844
53503955253
53503962211
53503968986
53503975944
53503984428
53503993095
53503999259
53504005790
53504011711
53504019462
53504025749
53504032768
53504039542
53504047538
53504053886
53504060600
53504068961
53504075309
53504082877
53504089713
53504094657
53504102470
53504109794
53504117423
53504122916
53504129325
53504138053
53504144034
53504152640
53504159171
53504166678
53504173942
53504181083
53504189017
53504194327
53504200675
53504208304
53504216483
53504222892
53504229178
53504235404
53504242911
53504250907
53504258170
53504264884
53504270987
53504277823
53504284903
53504292410
53504299491
53504304129
53504312918
53504319327
53504327139
53504332144
53504341483
53504347220
53504354544
53504361014
53504367850
53504378653
53504384451
53504392752
53504399710
53504407217
53504413626
53504419729
53504427603
53504435171
53504440481
53504452200
53504458975
53504466177
53504472647
53504480154
53504487722
53504494375
53504503286
53504507315
53504515615
53504522635
53504529348
53504535208
53504542288
53504549002
53504555227
53504562246
53504569937
53504575491
53504581533
53504590200
53504595693
53504603445
53504608389
53504614187
53504622183
53504629629
53504636221
53504643850
53504651174
53504657827
53504664419
53504671743
53504678213
53504685171
53504691335
53504698965
53504707143
53504713552
53504719594
53504725881
53504733938
53504740468
53504746572
53504751821
53504758840
53504765127
53504772329
53504779958
53504786367
53504791921
53504799184
53504805471
53504810903
53504818166
53504825673
53504831899
53504838979
53504845266
53504852407
53504858266
53504865468
53504870778
53504878774
53504887197
53504893361
53504903859
53504914357
53504920949
53504927358
53504933705
53504941457
53504951283
53504955678
53504962941
53504970570
53504978993
53504986012
53504993092
53504999257
53505006398
53505012746
53505019154
53505025441
53505033314
53505038808
53505045521
53505053090
53505061574
53505069447
53505075001
53505082448
53505089955
53505096852
53505103871
53505111805
53505116993
53505125782
53505131642
53505138234
53505144459
53505152760
53505159779
53505166493
53505174000
53505180836
53505188832
53505195484
53505203175
53505209767
53505217518
53505225880
53505233875
53505240223
53505246388
53505252674
53505259571
53505265858
53505273365
53505279896
53505286549
53505292896
53505299976
53505307117
53505314136
53505321400
53505328174
53505333973
53505343189
53505350696
53505355518
53505363025
53505370899
53505377063
53505388050
53505394581
53505405567
53505411670
53505418201
53505427051
53505432483
53505440357
53505447315
53505453723
53505461109
53505467029
53505474903
53505481128
53505488635
53505495105
53505502307
53505509937
53505516589
53505522449
53505530139
53505536548
53505547107
53505554309
53505562427
53505569263
53505576221
53505581653
53505590320
53505595996
53505601916
53505607532
53505614245
53505620349
53505625354
53505630969
53505638232
53505644275
53505647998
53505656848
53505661120
53505670031
53505676196
53505681140
53505689074
53505695178
53505702929
53505709216
53505715014
53505723010
53505728808
53505733874
53505743273
53505750170
53505757800
53505762866
53505770556
53505777331
53505782031
53505789721
53505798083
53505805224
53505811266
53505818285
53505824267
53505830065
53505837328
53505847094
53505853136
53505860217
53505863879
53505873156
53505879870
53505886889
53505895861
53505902331
53505912401
53505919054
53505926012
53505935595
53505942553
53505948900
53505953783
53505962633
53505969042
53505975573
53505982103
53505987841
53505995775
53506003099
53506009325
53506015306
53506022448
53506028612
53506034960
53506041246
53506047716
53506053697
53506059862
53506066759
53506073290
53506079820
53506086229
53506091051
53506096727
53506101549
53506108263
53506113695
53506121629
53506128282
53506134569
53506140550
53506146288
53506152574
53506158800
53506165025
53506171861
53506177965
53506183336
53506190599
53506195909
53506202196
53506207078
53506213426
53506219408
53506223985
53506231737
53506236986
53506242662
53506247056
53506254442
53506260423
53506265123
53506269334
53506275499
53506281846
53506289232
53506294481
53506303575
53506310716
53506317125
53506324266
53506327806
53506337876
53506343370
53506348924
53506356309
53506361497
53506367784
53506374925
53506381578
53506387986
53506393540
53506399461
53506405137
53506411851
53506416367
53506423448
53506428574
53506436082
53506441209
53506448655
53506454270
53506460252
53506465867
53506472703
53506478745
53506486008
53506492966
53506499436
53506506150
53506512131
53506517869
53506524216
53506530198
53506536851
53506541733
53506547043
53506554001
53506562424
53506568406
53506575364
53506580796
53506585618
53506592209
53506595505
53506605393
53506612595
53506619980
53506627365
53506632614
53506639572
53506643723
53506651169
53506656357
53506664292
53506668442
53506677658
53506685654
53506689499
53506697373
53506703598
53506708969
53506717514
53506722519
53506729416
53506735519
53506741745
53506748398
53506754684
53506760239
53506766403
53506771469
53506776413
53506782089
53506789963
53506797592
53506803818
53506810287
53506817062
53506822922
53506827133
53506833298
53506840378
53506845566
53506850509
53506858505
53506862167
53506870529
53506874557
53506882370
53506889328
53506895858
53506902877
53506907760
53506913253
53506918136
53506925766
53506930709
53506937850
53506943344
53506947982
53506953109
53506961227
53506965011
53506973312
53506979782
53506986678
53506992538
53506998641
53507004867
53507009567
53507017806
53507023422
53507028854
53507035934
53507042159
53507045699
53507051986
53507057906
53507064864
53507068893
53507077621
53507084151
53507090621
53507098678
53507103316
53507111373
53507116744
53507122115
53507128768
53507136580
53507142318
53507149215
53507154586
53507160079
53507165572
53507171554
53507177779
53507184249
53507190841
53507196029
53507202803
53507209090
53507214400
53507218673
53507225569
53507232283
53507238021
53507244551
53507250594
53507255416
53507262496
53507268355
53507274031
53507279341
53507284712
53507290083
53507296187
53507301863
53507306563
53507314986
53507319258
53507325911
53507331038
53507336714
53507343611
53507349776
53507355391
53507362410
53507367598
53507373335
53507378096
53507384505
53507390120
53507397017
53507403120
53507408552
53507414351
53507420576
53507427351
53507432905
53507442488
53507449629
53507456282
53507459761
53507466230
53507470808
53507477888
53507483625
53507490339
53507497236
53507501936
53507508711
53507514692
53507520002
53507525190
53507531599
53507537580
53507543806
53507548872
53507555220
53507560530
53507566572
53507573164
53507579939
53507585127
53507590681
53507596601
53507603132
53507608686
53507613264
53507619611
53507625227
53507632368
53507638960
53507645734
53507652082
53507658186
53507665388
53507672163
53507677961
53507683576
53507689374
53507696760
53507701948
53507710126
53507715558
53507722394
53507729169
53507734784
53507740217
53507743451
53507751569
53507757917
53507763410
53507770795
53507775495
53507783612
53507788190
53507794416
53507799482
53507806318
53507813092
53507819135
53507823957
53507830915
53507834760
53507843671
53507849835
53507856488
53507862165
53507867841
53507872052
53507877484
53507883344
53507889203
53507895429
53507899945
53507906293
53507910993
53507915936
53507922284
53507928632
53507934003
53507941205
53507946637
53507953717
53507956952
53507963788
53507967328
53507975507
53507978986
53507987408
53507992047
53507997601
53508003583
53508009686
53508011700
53508020917
53508027752
53508034527
53508040204
53508047528
53508053753
53508059918
53508065167
53508070416
53508078351
53508084881
53508091412
53508096356
53508103192
53508109295
53508115277
53508121563
53508128521
53508133648
53508139630
53508145794
53508150311
53508156475
53508161053
53508167950
53508172589
53508180462
53508185955
53508194073
53508200237
53508207440
53508213970
53508220501
53508227032
53508235088
53508240948
53508248760
53508252239
53508259869
53508265789
53508271465
53508276836
53508283733
53508289165
53508295757
53508301800
53508306805
53508313579
53508320965
53508326885
53508333294
53508338970
53508344646
53508350872
53508357341
53508362102
53508370037
53508374859
53508381572
53508388225
53508394207
53508401043
53508406414
53508413311
53508418010
53508422771
53508429058
53508434429
53508440105
53508443645
53508451641
53508458538
53508464824
53508471233
53508475505
53508481731
53508488078
53508494914
53508501689
53508506999
53508511272
53508517192
53508523296
53508528484
53508533550
53508540324
53508546733
53508554179
53508557780
53508565471
53508570598
53508578044
53508584697
53508591411
53508596782
53508602336
53508608073
53508612956
53508620646
53508625285
53508631938
53508637126
53508646464
53508651713
53508656230
53508658976
53508664958
53508670207
53508676005
53508682109
53508686869
53508691691
53508695842
53508700053
53508702983
53508709208
53508715556
53508720988
53508725444
53508730143
53508734904
53508739543
53508745585
53508751811
53508757182
53508764628
53508770365
53508775675
53508782328
53508786540
53508791544
53508796549
53508801493
53508806071
53508812724
53508818522
53508823527
53508829142
53508834147
53508838847
53508842509
53508848490
53508853617
53508858256
53508864603
53508869242
53508873881
53508878458
53508884318
53508890604
53508895060
53508900370
53508905863
53508910563
53508914530
53508920389
53508925333
53508929911
53508934305
53508938700
53508943644
53508948771
53508953653
53508958536
53508963663
53508967325
53508973551
53508978006
53508982645
53508987589
53508992594
53508997416
53509001383
53509006632
53509010782
53509016214
53509021219
53509027323
53509032083
53509036356
53509042337
53509048075
53509053140
53509057779
53509064432
53509070719
53509075052
53509079935
53509085977
53509090555
53509094705
53509100382
53509105081
53509111795
53509116373
53509123087
53509126199
53509132547
53509137613
53509143167
53509151590
53509156778
53509160196
53509168558
53509171854
53509179849
53509183877
53509190652
53509194253
53509202615
53509207315
53509213418
53509219583
53509225442
53509229959
53509237466
53509245645
53509253213
53509261758
53509266641
53509272378
53509278604
53509282876
53509289346
53509295022
53509301797
53509308938
53509314126
53509321023
53509326272
53509330545
53509338296
53509344522
53509350320
53509357339
53509362222
53509368142
53509375100
53509380166
53509386575
53509392983
53509398721
53509405129
53509411111
53509416238
53509421853
53509429177
53509433511
53509442544
53509447427
53509453774
53509460244
53509467202
53509473305
53509479775
53509485818
53509490700
53509497170
53509502663
53509509133
53509516579
53509522805
53509528115
53509533730
53509539040
53509545266
53509551247
53509558083
53509566323
53509572670
53509578652
53509586342
53509592507
53509598366
53509602517
53509611489
53509616371
53509625405
53509631752
53509637734
53509644875
53509650673
53509654885
53509665383
53509672646
53509679848
53509685707
53509692604
53509698708
53509704079
53509711281
53509719276
53509724770
53509731361
53509737831
53509743019
53509750771
53509756447
53509763466
53509770363
53509777077
53509782936
53509789467
53509795692
53509803383
53509807655
53509814369
53509822304
53509829201
53509837196
53509844642
53509852028
53509858436
53509863319
53509872352
53509878517
53509883339
53509891151
53509897071
53509902870
53509908790
53509915809
53509922645
53509928627
53509934730
53509941078
53509946815
53509953285
53509957618
53509964576
53509969093
53509976539
53509983314
53509988685
53509995826
53510001380
53510008460
53510013770
53510020118
53510025733
53510031898
53510039588
53510045020
53510051917
53510057471
53510064857
53510071326
53510077247
53510084205
53510089454
53510095984
53510101172
53510108314
53510113563
53510120398
53510132300
53510138648
53510144568
53510151587
53510156836
53510165320
53510170935
53510179480
53510185096
53510193457
53510198584
53510205359
53510210669
53510217139
53510223059
53510229651
53510236304
53510243323
53510248145
53510254981
53510260779
53510267493
53510273047
53510282080
53510287268
53510294714
53510301550
53510308020
53510313513
53510317725
53510327429
53510331824
53510339697
53510347327
53510352393
53510358557
53510364416
53510370215
53510375464
53510382056
53510388830
53510395910
53510404211
53510409033
53510417700
53510425085
53510432715
53510440771
53510446997
53510457556
53510464880
53510475622
53510483435
53510491308
53510497290
53510509680
53510518164
53510526525
53510534643
53510543676
53510552893
53510556066
53510568212
53510574743
53510586340
53510593603
53510602331
53510611120
53510621862
53510628942
53510632177
53510644689
53510651403
53510661718
53510669286
53510679052
53510685522
53510694738
53510702733
53510710912
53510718603
53510727147
53510736303
53510743078
53510751500
53510760289
53510768651
53510777318
53510784459
53510793004
53510804113
53510811742
53510820470
53510828771
53510835301
53510846044
53510852757
53510862523
53510871068
53510880650
53510889928
53510897679
53510908238
53510912145
53510923253
53510931920
53510939488
53510947484
53510954747
53510962987
53510973057
53510980382
53510986424
53510996678
53511002476
53511010533
53511020238
53511028904
53511039952
53511045994
53511057713
53511061558
53511074131
53511080052
53511090733
53511095860
53511106541
53511112339
53511119786
53511130711
53511136570
53511146824
53511153660
53511162022
53511170872
53511178501
53511186314
53511195408
53511203404
53511210362
53511222263
53511228916
53511237217
53511244907
53511254673
53511263889
53511273228
53511281284
53511288914
53511299290
53511306248
53511315708
53511322300
53511331760
53511339573
53511350193
53511358860
53511367405
53511376865
53511385349
53511394382
53511401523
53511411472
53511420993
53511431430
53511437290
53511449130
53511457431
53511466831
53511475864
53511482333
53511492832
53511503574
53511511874
53511520419
53511529269
53511537021
53511545993
53511554355
53511564670
53511573520
53511580295
53511590915
53511597507
53511607882
53511616794
53511624423
53511632296
53511636447
53511647738
53511654940
53511666293
53511672274
53511684237
53511692599
53511701449
53511709323
53511718600
53511727145
53511732943
53511743136
53511749728
53511760958
53511767794
53511776522
53511783968
53511795199
53511803011
53511812472
53511820589
53511829562
53511840426
53511844210
53511855074
53511861361
53511872713
53511880160
53511889620
53511898653
53511909762
53511917635
53511921358
53511935030
53511938997
53511950838
53511959444
53511969820
53511978243
53511986971
53511996187
53512004244
53512011812
53512015718
53512025972
53512033174
53512043428
53512049715
53512058687
53512066255
53512073702
53512081453
53512088655
53512099886
53512109224
53512116182
53512122774
53512133394
53512139497
53512147005
53512154451
53512163118
53512171785
53512180757
53512189424
53512196016
53512206087
53512213411
53512220857
53512229585
53512238130
53512245210
53512254792
53512262910
53512271394
53512278108
53512283906
53512292451
53512301118
53512307405
53512315034
53512318879
53512330781
53512338655
53512347016
53512353730
53512356721
53512368501
53512377534
53512388825
53512397981
53512407136
53512416840
53512420808
53512432526
53512441376
53512449494
53512456513
53512459504
53512470063
53512476899
53512489411
53512498993
53512507477
53512516266
53512519990
53512536896
53512544281
53512553803
53512563263
53512569977
53512578339
53512587983
53512595795
53512603180
53512615326
53512621552
53512631195
53512637482
53512647980
53512656403
53512665924
53512673737
53512684174
53512692169
53512698700
53512708282
53512716034
53512726471
53512735077
53512743805
53512752350
53512755402
53512767425
53512773346
53512782379
53512792084
53512802948
53512809173
53512820404
53512826202
53512836029
53512841644
53512852691
53512860321
53512867462
53512875946
53512886322
53512893829
53512900848
53512909149
53512917755
53512927215
53512934905
53512938384
53512949310
53512955657
53512965972
53512975860
53512981780
53512990875
53512998931
53513006866
53513017303
