53285137637
53285140994
53285144534
53285148196
53285151431
53285155520
53285159915
53285164431
53285167971
53285171756
53285176028
53285180728
53285184756
53285190432
53285195437
53285199832
53285204409
53285208865
53285214419
53285220645
53285225772
53285231143
53285237673
53285243044
53285248660
53285254946
53285260989
53285268435
53285275149
53285281374
53285287722
53285296145
53285304751
53285310488
53285317873
53285322329
53285332034
53285338869
53285344241
53285351870
53285358095
53285366335
53285372622
53285381960
53285386233
53285398501
53285403261
53285414431
53285423342
53285429873
53285439577
53285445925
53285451235
53285460573
53285470095
53285476015
53285483522
53285492006
53285500307
53285506777
53285513857
53285519655
53285527590
53285534670
53285542909
53285549074
53285557985
53285563844
53285570802
53285581911
53285590639
53285599428
53285609438
53285617555
53285624208
53285635683
53285640871
53285651796
53285660280
53285668519
53285678224
53285684877
53285692506
53285700502
53285708436
53285717042
53285722902
53285731141
53285738466
53285745240
53285751161
53285759401
53285766969
53285772584
53285780519
53285788270
53285794435
53285803346
53285810182
53285818299
53285824891
53285834596
53285842225
53285851258
53285858582
53285866761
53285875184
53285880616
53285887391
53285894227
53285901124
53285908753
53285916505
53285924744
53285932862
53285939576
53285949342
53285954102
53285963502
53285971009
53285978455
53285982850
53285992676
53286001038
53286008912
53286014893
53286023743
53286031861
53286039734
53286047364
53286055054
53286062500
53286068299
53286077637
53286083252
53286092652
53286098267
53286108094
53286114197
53286120545
53286128235
53286136353
53286143982
53286151245
53286158081
53286166931
53286174622
53286181213
53286187683
53286197937
53286205627
53286213989
53286218018
53286227661
53286231934
53286241150
53286248962
53286255981
53286262634
53286270325
53286278564
53286284607
53286293396
53286301208
53286311218
53286320617
53286329773
53286338501
53286347351
53286355957
53286363586
53286373291
53286382690
53286391540
53286400390
53286407043
53286415710
53286423034
53286432922
53286441711
53286450256
53286456970
53286464050
53286473449
53286481384
53286488830
53286497863
53286504089
53286514098
53286518493
53286527831
53286537475
53286544860
53286553283
53286561523
53286568908
53286577270
53286584777
53286593993
53286602355
53286610595
53286619018
53286626830
53286634032
53286642028
53286650390
53286661132
53286669616
53286677672
53286686766
53286693969
53286705199
53286714110
53286722594
53286734069
53286743773
53286752074
53286761473
53286769408
53286778624
53286788817
53286797484
53286807677
53286813536
53286824889
53286834593
53286844847
53286852843
53286863829
53286872618
53286881895
53286891661
53286901243
53286910093
53286919432
53286928282
53286938597
53286948790
53286958006
53286966429
53286973570
53286983641
53286992674
53287001707
53287011656
53287019285
53287028074
53287039915
53287049742
53287059263
53287068907
53287076841
53287086240
53287095030
53287103758
53287113157
53287120969
53287130979
53287135618
53287146177
53287154722
53287161619
53287168027
53287174741
53287182249
53287189268
53287197507
53287205198
53287214170
53287222287
53287230588
53287238157
53287245908
53287254697
53287262632
53287270017
53287277829
53287285703
53287292844
53287301450
53287309568
53287317685
53287325864
53287333798
53287341245
53287348935
53287359982
53287368100
53287376523
53287384885
53287392087
53287399655
53287407040
53287415952
53287423886
53287431882
53287440366
53287447262
53287454953
53287462460
53287470517
53287478818
53287483578
53287492489
53287499081
53287508481
53287516537
53287524960
53287532223
53287540219
53287546750
53287552670
53287561520
53287567379
53287576718
53287585141
53287592465
53287602474
53287610104
53287617306
53287625424
53287632504
53287639828
53287646115
53287652401
53287656979
53287664242
53287670773
53287676144
53287683102
53287688473
53287695126
53287700436
53287706539
53287712704
53287719418
53287726376
53287734127
53287744503
53287751644
53287757503
53287765621
53287775265
53287785518
53287800533
53287809688
53287818355
53287829708
53287839412
53287847225
53287854854
53287861385
53287868221
53287875057
53287881710
53287889339
53287894588
53287901302
53287907344
53287913875
53287920955
53287927425
53287934017
53287940181
53287946773
53287953853
53287960506
53287964717
53287973140
53287978877
53287988521
53287994441
53288001704
53288008784
53288015498
53288020747
53288027705
53288033931
53288038997
53288047114
53288053096
53288057918
53288063228
53288070918
53288076961
53288084590
53288088557
53288095820
53288101130
53288107783
53288113032
53288120601
53288124263
53288132625
53288139705
53288146174
53288150081
53288158137
53288165034
53288171443
53288178035
53288184565
53288190547
53288196772
53288201228
53288210383
53288215205
53288221552
53288229670
53288234980
53288242793
53288247859
53288254633
53288261286
53288267939
53288274470
53288281733
53288286738
53288295344
53288300349
53288308344
53288313349
53288320124
53288327265
53288333430
53288340082
53288345820
53288352473
53288358515
53288369684
53288375117
53288382624
53288391779
53288398371
53288406428
53288414301
53288421930
53288427790
53288434382
53288442194
53288447992
53288453547
53288461176
53288466669
53288474054
53288479608
53288487482
53288491144
53288499750
53288506159
53288512812
53288519220
53288526544
53288534540
53288541742
53288548517
53288554926
53288560175
53288566583
53288573175
53288579523
53288586054
53288592340
53288598688
53288605585
53288611200
53288617914
53288624139
53288628839
53288635553
53288642267
53288649164
53288654840
53288661859
53288668939
53288675348
53288681085
53288689691
53288695123
53288702081
53288707452
53288713739
53288721368
53288726617
53288731866
53288739923
53288746026
53288752923
53288759149
53288764886
53288770440
53288778680
53288782525
53288791131
53288798577
53288804620
53288810723
53288815667
53288822564
53288828912
53288835992
53288843133
53288849114
53288854180
53288861810
53288868035
53288874139
53288880669
53288887933
53288894341
53288900933
53288906365
53288913018
53288920220
53288926018
53288933099
53288937737
53288945428
53288951348
53288957451
53288963860
53288970513
53288977288
53288986931
53288994011
53289002251
53289007561
53289016655
53289022149
53289030816
53289041985
53289047112
53289053521
53289058953
53289065483
53289068840
53289077996
53289083916
53289090081
53289096367
53289102288
53289107598
53289113335
53289119560
53289125176
53289131157
53289138237
53289143791
53289150139
53289155754
53289160515
53289166802
53289173515
53289179253
53289185051
53289190788
53289196037
53289202568
53289208244
53289214714
53289221855
53289227837
53289233940
53289238274
53289244438
53289250175
53289256767
53289263908
53289270622
53289275871
53289281730
53289289604
53289296684
53289303703
53289311516
53289318229
53289325004
53289330803
53289337639
53289343986
53289349113
53289357475
53289361076
53289369194
53289376762
53289381645
53289389884
53289394462
53289402214
53289407890
53289414970
53289420646
53289428031
53289432365
53289439689
53289446647
53289453910
53289458854
53289465263
53289471183
53289478935
53289483878
53289489066
53289497428
53289504325
53289510673
53289516837
53289523429
53289529472
53289536246
53289542899
53289549796
53289555533
53289562797
53289568046
53289573783
53289582267
53289588859
53289598319
53289605399
53289611136
53289618827
53289624747
53289631644
53289637931
53289643668
53289649649
53289655753
53289661856
53289667655
53289672721
53289678580
53289685294
53289691825
53289697806
53289702750
53289710074
53289715262
53289722342
53289728140
53289734915
53289741263
53289746939
53289753287
53289757254
53289763236
53289767447
53289773917
53289780570
53289787161
53289792838
53289798819
53289805960
53289811758
53289817252
53289825064
53289831839
53289837881
53289843619
53289850882
53289856558
53289865530
53289869436
53289878836
53289883413
53289888968
53289895376
53289900686
53289906424
53289910391
53289917166
53289924490
53289930838
53289935782
53289943350
53289948111
53289955862
53289961111
53289969107
53289974966
53289981375
53289986990
53289994985
53289999685
53290005178
53290010305
53290017629
53290023550
53290030020
53290036855
53290042349
53290047781
53290056081
53290062368
53290069936
53290076284
53290082510
53290089101
53290093923
53290100698
53290107290
53290114126
53290121023
53290128103
53290133657
53290139699
53290144948
53290152151
53290160634
53290168325
53290177480
53290185171
53290190664
53290197683
53290208547
53290216420
53290221975
53290229604
53290235646
53290241811
53290248220
53290254323
53290261220
53290266774
53290273244
53290279103
53290286000
53290293691
53290298940
53290305348
53290310964
53290318105
53290324513
53290330678
53290337453
53290343312
53290349172
53290355885
53290362172
53290368520
53290373525
53290382314
53290388051
53290394643
53290400563
53290405507
53290412831
53290419545
53290425709
53290432301
53290437306
53290443898
53290449940
53290455800
53290462391
53290469899
53290477040
53290483204
53290489918
53290497975
53290504750
53290511036
53290516407
53290525013
53290531788
53290538563
53290544911
53290550953
53290558522
53290566029
53290571705
53290578541
53290585560
53290590321
53290599232
53290604847
53290611866
53290615833
53290624134
53290630482
53290638050
53290645802
53290649830
53290658436
53290664723
53290671681
53290676563
53290684437
53290691822
53290699757
53290705677
53290713978
53290721912
53290729542
53290735279
53290743214
53290750904
53290757191
53290764210
53290771168
53290776783
53290785022
53290790149
53290797718
53290803699
53290809620
53290815174
53290820728
53290826404
53290834156
53290838489
53290844776
53290851062
53290857532
53290862598
53290869373
53290874561
53290882007
53290887378
53290893848
53290897327
53290905200
53290911792
53290917774
53290925220
53290931873
53290937732
53290943958
53290949695
53290956958
53290962512
53290968005
53290975696
53290981250
53290987170
53290993762
53291000354
53291005725
53291012073
53291019092
53291024707
53291031299
53291036792
53291044604
53291050220
53291056750
53291064380
53291071887
53291075732
53291083240
53291089526
53291095569
53291101733
53291107776
53291114550
53291121264
53291125964
53291133532
53291140490
53291147143
53291153613
53291160205
53291166796
53291173083
53291180346
53291185107
53291192431
53291197070
53291203845
53291210986
53291222277
53291231799
53291245104
53291253344
53291261523
53291268359
53291275805
53291282214
53291290331
53291296435
53291302355
53291308703
53291314745
53291320666
53291328173
53291335314
53291342272
53291349718
53291355883
53291362902
53291370165
53291377367
53291385424
53291393358
53291399523
53291406420
53291412218
53291417040
53291424669
53291432055
53291438341
53291444689
53291450365
53291455431
53291461473
53291468676
53291473802
53291481798
53291486437
53291493517
53291498522
53291505480
53291510485
53291516832
53291524278
53291529772
53291535936
53291542406
53291546983
53291553819
53291559862
53291565538
53291572679
53291578966
53291584459
53291590501
53291595811
53291600694
53291607896
53291612779
53291619859
53291625535
53291632310
53291639085
53291644578
53291650377
53291654710
53291661119
53291667100
53291673082
53291679918
53291686021
53291692674
53291697984
53291704210
53291709703
53291717088
53291722093
53291728990
53291734605
53291739976
53291745652
53291751084
53291757005
53291763047
53291769212
53291775621
53291781785
53291787828
53291793382
53291799485
53291806260
53291811997
53291818040
53291823045
53291829148
53291834580
53291839402
53291846787
53291851914
53291859666
53291865525
53291872361
53291878220
53291883897
53291889634
53291895982
53291902207
53291907944
53291913193
53291919175
53291926255
53291933518
53291939805
53291946763
53291952988
53291958237
53291965561
53291971543
53291978562
53291987595
53291994492
53292001450
53292006089
53292011704
53292018479
53292023240
53292028183
53292035691
53292041794
53292048813
53292055222
53292061264
53292067124
53292072800
53292078720
53292084702
53292090683
53292096909
53292102219
53292108444
53292114060
53292119064
53292126694
53292132065
53292139145
53292144394
53292150620
53292155441
53292162033
53292167526
53292173874
53292180588
53292186264
53292191635
53292197678
53292204025
53292210861
53292217148
53292223678
53292229477
53292234238
53292240402
53292245285
53292251633
53292256576
53292263534
53292268478
53292275619
53292280380
53292287643
53292294052
53292300583
53292308090
53292312606
53292319992
53292324569
53292332626
53292337570
53292344955
53292351547
53292356857
53292361679
53292368454
53292375473
53292381027
53292386337
53292392074
53292397445
53292403610
53292409530
53292415695
53292421981
53292428085
53292434921
53292439315
53292446090
53292452804
53292459701
53292464767
53292472274
53292478378
53292484664
53292490401
53292496871
53292503768
53292510421
53292516097
53292522811
53292530196
53292537276
53292545455
53292550521
53292557113
53292564620
53292570540
53292577132
53292583053
53292587813
53292595076
53292600875
53292606795
53292612410
53292618697
53292625594
53292631087
53292637008
53292643538
53292650374
53292656295
53292661605
53292668074
53292673445
53292680281
53292686568
53292693160
53292697798
53292702681
53292709334
53292716475
53292722334
53292728316
53292735518
53292747725
53292754561
53292759688
53292766463
53292773116
53292776900
53292785017
53292791731
53292797713
53292802351
53292807906
53292813887
53292818587
53292826094
53292832686
53292837935
53292842390
53292850081
53292855513
53292862593
53292867293
53292873030
53292878889
53292885908
53292892317
53292898115
53292903791
53292909163
53292914900
53292919294
53292925947
53292931746
53292936995
53292942244
53292949202
53292954206
53292960371
53292965986
53292973799
53292981001
53292987715
53292994489
53293000898
53293007246
53293012739
53293018842
53293024275
53293031477
53293036604
53293042951
53293048505
53293054365
53293057783
53293067854
53293078657
53293087324
53293095380
53293102460
53293112836
53293122541
53293129560
53293135541
53293142438
53293148908
53293155134
53293161542
53293168928
53293174604
53293182355
53293186628
53293192975
53293198468
53293204267
53293210553
53293216108
53293220868
53293227277
53293232648
53293239545
53293245893
53293252179
53293258466
53293264997
53293270856
53293276471
53293281659
53293287152
53293293012
53293297101
53293304242
53293309979
53293316022
53293322675
53293328961
53293334088
53293340009
53293344586
53293351727
53293356732
53293364850
53293371075
53293377362
53293381329
53293388104
53293395795
53293400555
53293406598
53293412396
53293418194
53293422772
53293427838
53293434186
53293441022
53293446271
53293452801
53293457867
53293464764
53293470074
53293477093
53293484234
53293489972
53293496258
53293501934
53293507672
53293511944
53293517132
53293522625
53293529644
53293534466
53293541546
53293546429
53293552533
53293557171
53293564068
53293569500
53293575970
53293580914
53293587628
53293592938
53293598675
53293604351
53293610150
53293616741
53293624615
53293633648
53293641277
53293648418
53293655926
53293662762
53293666363
53293675762
53293683514
53293688396
53293695049
53293701580
53293707317
53293711956
53293719707
53293725139
53293731426
53293737652
53293742718
53293750835
53293755840
53293762798
53293768413
53293773662
53293779339
53293784771
53293790630
53293796856
53293802715
53293808880
53293815349
53293822002
53293828716
53293833660
53293841167
53293849590
53293853984
53293861431
53293866497
53293873516
53293878887
53293885662
53293892314
53293898357
53293901836
53293909343
53293914836
53293920451
53293926250
53293932048
53293938396
53293944438
53293950237
53293956767
53293963176
53293969524
53293977641
53293982097
53293987773
53293993938
53294000285
53294005229
53294012065
53294016948
53294023356
53294028178
53294035075
53294040751
53294047160
53294053508
53294059794
53294066081
53294072978
53294078593
53294084391
53294090007
53294095744
53294101298
53294107158
53294114787
53294121074
53294126017
53294132243
53294137858
53294144206
53294149699
53294154765
53294162089
53294167399
53294174845
53294182109
53294188883
53294194682
53294201335
53294208354
53294215006
53294221781
53294228678
53294236369
53294241923
53294249857
53294257609
53294264201
53294269205
53294276163
53294281290
53294288981
53294294108
53294301127
53294306742
53294314188
53294320536
53294326700
53294332560
53294338297
53294345072
53294349466
53294355631
53294361673
53294367716
53294374186
53294380655
53294387369
53294393168
53294398356
53294406473
53294412455
53294418009
53294423014
53294430094
53294436624
53294442362
53294448038
53294453897
53294459329
53294465250
53294471720
53294477762
53294483377
53294489847
53294495584
53294501383
53294507425
53294514078
53294519876
53294526956
53294532510
53294539224
53294546182
53294551736
53294557535
53294563394
53294569315
53294575296
53294581827
53294589456
53294595254
53294600015
53294607278
53294612588
53294619119
53294626626
53294631448
53294639566
53294643899
53294651285
53294656167
53294661905
53294668374
53294674295
53294679178
53294687600
53294695230
53294701516
53294705301
53294713052
53294718972
53294724771
53294730874
53294737283
53294743020
53294748880
53294755532
53294759988
53294767861
53294772744
53294780923
53294786294
53294793496
53294799844
53294807900
53294813516
53294820657
53294826211
53294833413
53294837441
53294847085
53294850869
53294858743
53294864907
53294872781
53294878335
53294884438
53294891701
53294896584
53294902138
53294908364
53294913857
53294920388
53294927834
53294933694
53294939370
53294945046
53294950783
53294956765
53294962685
53294969216
53294975380
53294981118
53294987038
53294993386
53295000344
53295005959
53295012673
53295019570
53295024208
53295031350
53295036721
53295044167
53295049294
53295056923
53295062538
53295069863
53295075722
53295081337
53295086525
53295092262
53295098915
53295103310
53295110817
53295115456
53295121925
53295128822
53295136269
53295141518
53295148293
53295153420
53295159889
53295167030
53295172951
53295178749
53295184425
53295189857
53295195656
53295201454
53295207374
53295213722
53295219948
53295225624
53295231972
53295240028
53295247169
53295256080
53295259742
53295267738
53295273597
53295279762
53295285804
53295292396
53295298927
53295305641
53295311073
53295317237
53295322303
53295328590
53295335060
53295340187
53295347938
53295352821
53295359718
53295365272
53295372596
53295379249
53295385291
53295391395
53295399696
53295404518
53295411231
53295418372
53295423560
53295431617
53295439185
53295446876
53295452186
53295457740
53295464576
53295471290
53295476478
53295483619
53295489112
53295497474
53295503699
53295509925
53295515906
53295521827
53295527564
53295533179
53295538733
53295544654
53295550330
53295556251
53295562049
53295568152
53295575049
53295580115
53295586463
53295594153
53295599524
53295604895
53295612830
53295618811
53295624793
53295630286
53295636084
53295641700
53295648535
53295654029
53295659644
53295664466
53295670203
53295676428
53295682898
53295688269
53295695288
53295702246
53295707556
53295714514
53295719641
53295726416
53295731604
53295738501
53295743933
53295751135
53295756812
53295762671
53295768774
53295774939
53295781592
53295788122
53295794470
53295800757
53295807043
53295811865
53295819189
53295823523
53295829687
53295835974
53295842383
53295848974
53295854651
53295859717
53295866797
53295871801
53295879919
53295885901
53295892859
53295898962
53295904760
53295908728
53295915869
53295922766
53295928625
53295934301
53295940344
53295945776
53295950048
53295956762
53295963354
53295969457
53295977087
53295983984
53295989538
53295997534
53296003454
53296010290
53296017004
53296024755
53296031164
53296038000
53296043859
53296049535
53296056921
53296063024
53296068151
53296074255
53296079443
53296085546
53296091100
53296096044
53296104162
53296109655
53296117162
53296122472
53296129308
53296134984
53296141271
53296147741
53296156652
53296164708
53296170873
53296176488
53296181127
53296186986
53296191869
53296200231
53296203344
53296214208
53296218908
53296225072
53296231481
53296237828
53296243688
53296248021
53296254125
53296260655
53296266576
53296271520
53296277440
53296282445
53296288976
53296294164
53296300816
53296306065
53296312413
53296317601
53296322179
53296326817
53296335118
53296341466
53296347630
53296352940
53296359227
53296365208
53296370702
53296376073
53296382603
53296388707
53296393223
53296401036
53296405430
53296411961
53296416783
53296423863
53296428013
53296435155
53296438511
53296447423
53296453892
53296460057
53296465916
53296472569
53296478734
53296483983
53296490208
53296495457
53296502903
53296512547
53296518284
53296524754
53296531590
53296539097
53296542515
53296551060
53296557713
53296564732
53296570835
53296577366
53296583531
53296590305
53296597447
53296604893
53296611118
53296617954
53296623264
53296629490
53296635654
53296640415
53296646275
53296651157
53296659702
53296663181
53296671055
53296678074
53296684238
53296689060
53296696201
53296701328
53296707737
53296714084
53296720249
53296726719
53296731174
53296741977
53296746921
53296756199
53296762546
53296768528
53296773777
53296779575
53296785984
53296792453
53296799045
53296805698
53296812473
53296817844
53296825412
53296831089
53296837253
53296842990
53296848972
53296855075
53296861606
53296867893
53296873996
53296880893
53296885532
53296894687
53296902133
53296908786
53296914279
53296920505
53296928134
53296933872
53296939609
53296945895
53296953525
53296958530
53296965427
53296970065
53296978000
53296984958
53296990817
53296997653
53297003390
53297011020
53297015658
53297023349
53297028232
53297035739
53297042331
53297047519
53297053378
53297059848
53297064975
53297071322
53297077853
53297084994
53297090060
53297097323
53297102023
53297108981
53297117099
53297123385
53297130099
53297135592
53297145175
53297152072
53297160128
53297166049
53297171725
53297179904
53297187594
53297192660
53297199923
53297206515
53297212679
53297218050
53297226656
53297232455
53297238375
53297245028
53297252535
53297258578
53297265597
53297271639
53297277682
53297285250
53297290621
53297297884
53297305453
53297311800
53297317843
53297324740
53297330050
53297336092
53297343111
53297349093
53297356051
53297362276
53297369051
53297375521
53297382174
53297389864
53297397005
53297402803
53297411226
53297417879
53297423250
53297430208
53297438448
53297445040
53297452608
53297457796
53297466402
53297474703
53297481844
53297486971
53297494295
53297500154
53297506868
53297512666
53297519808
53297526521
53297534029
53297539522
53297545808
53297551241
53297558321
53297566682
53297572969
53297578218
53297583894
53297589509
53297595247
53297602022
53297608735
53297615022
53297619356
53297627473
53297632478
53297639558
53297644746
53297651887
53297657441
53297665620
53297669099
53297676362
53297682161
53297688508
53297694368
53297701753
53297709077
53297715120
53297723115
53297728425
53297735566
53297742402
53297750825
53297758332
53297765840
53297771333
53297777680
53297782746
53297790925
53297797090
53297802949
53297809724
53297814546
53297820710
53297827241
53297834504
53297839509
53297847504
53297852692
53297861420
53297866425
53297873139
53297877900
53297883637
53297890534
53297896393
53297902924
53297908539
53297914582
53297920563
53297927094
53297933503
53297939789
53297945954
53297953217
53297958344
53297964325
53297971222
53297977326
53297984467
53297990204
53297995331
53298002289
53298008515
53298015839
53298019684
53298027008
53298033112
53298038849
53298045441
53298052216
53298058319
53298064789
53298071930
53298076752
53298084320
53298088898
53298096283
53298101776
53298108185
53298114838
53298121063
53298126129
53298132965
53298140472
53298147064
53298151947
53298157684
53298164825
53298169403
53298176178
53298183258
53298188934
53298195526
53298202301
53298208038
53298214325
53298221832
53298227936
53298233734
53298239837
53298246368
53298252777
53298259002
53298265350
53298271454
53298277252
53298283722
53298290191
53298296295
53298304473
53298310028
53298315399
53298323150
53298329681
53298336639
53298340545
53298348907
53298356353
53298362884
53298369720
53298375823
53298381561
53298387298
53298393646
53298399871
53298407317
53298412200
53298418121
53298424285
53298430083
53298434966
53298442290
53298447234
53298454620
53298460784
53298470733
53298477935
53298482940
53298490569
53298496551
53298503692
53298509307
53298515594
53298521026
53298527007
53298534270
53298539763
53298546782
53298552886
53298558623
53298566131
53298571196
53298579131
53298585234
53298590789
53298597197
53298602874
53298609404
53298615569
53298622161
53298626738
53298633513
53298640288
53298646819
53298652373
53298659575
53298666716
53298671965
53298678740
53298683928
53298689360
53298697234
53298703642
53298710661
53298716887
53298723479
53298730925
53298735930
53298744780
53298750700
53298756865
53298764067
53298769438
53298775664
53298783476
53298790373
53298797026
53298802214
53298810209
53298813566
53298821806
53298829435
53298834990
53298843107
53298849638
53298855497
53298861845
53298868437
53298876188
53298883574
53298889860
53298896513
53298902250
53298911283
53298919584
53298924711
53298932951
53298938261
53298944609
53298951567
53298957792
53298964079
53298970121
53298976225
53298982816
53298988798
53298993803
53299001310
53299007475
53299013883
53299019560
53299024503
53299031583
53299037260
53299044035
53299051420
53299056425
53299064664
53299070158
53299075956
53299082609
53299089384
53299096036
53299102445
53299110013
53299116300
53299121366
53299128751
53299135099
53299141080
53299146085
53299152738
53299158109
53299165982
53299169461
53299177457
53299183194
53299189664
53299196805
53299201017
53299208036
53299212491
53299219998
53299224637
53299231412
53299238248
53299243863
53299250455
53299255887
53299262540
53299268155
53299273709
53299280301
53299287015
53299293301
53299299893
53299306180
53299312955
53299317593
53299324124
53299331143
53299338223
53299343716
53299349881
53299355008
53299361600
53299368436
53299374905
53299381070
53299386624
53299392239
53299398099
53299403592
53299409329
53299415616
53299421902
53299426907
53299433682
53299441678
53299446255
53299452725
53299459317
53299465970
53299471707
53299480008
53299485501
53299493863
53299500882
53299507107
53299510708
53299520047
53299523526
53299531582
53299538296
53299543972
53299549587
53299555325
53299561428
53299566067
53299573208
53299577358
53299584133
53299590298
53299595669
53299600613
53299607632
53299613186
53299620205
53299625698
53299632778
53299640041
53299645840
53299654018
53299658779
53299666531
53299673489
53299679531
53299686428
53299692470
53299699673
53299704799
53299711880
53299718349
53299724209
53299731472
53299737636
53299743801
53299748745
53299756496
53299763149
53299769924
53299776271
53299781215
53299789455
53299794033
53299803005
53299808254
53299814968
53299821071
53299825954
53299833400
53299837917
53299845973
53299853664
53299858425
53299865199
53299870571
53299877040
53299884487
53299891200
53299896816
53299902370
53299910793
53299917201
53299922939
53299930507
53299936000
53299942470
53299949428
53299955775
53299961391
53299966579
53299974635
53299980678
53299988002
53299995021
53300002101
53300009242
53300017299
53300023097
53300029323
53300037623
53300044154
53300051234
53300056483
53300063319
53300066859
53300074611
53300081385
53300087550
53300092189
53300099452
53300104823
53300110621
53300117091
53300121546
53300128016
53300132777
53300141078
53300146632
53300152247
53300159083
53300163539
53300168055
53300174159
53300179591
53300187464
53300193385
53300197718
53300204676
53300209681
53300216639
53300221033
53300227564
53300234339
53300240809
53300246363
53300252467
53300257654
53300264551
53300267908
53300275294
53300281519
53300287867
53300294764
53300299158
53300305567
53300311854
53300318995
53300324793
53300330408
53300335901
53300342676
53300348047
53300354456
53300359400
53300365747
53300371607
53300377344
53300382593
53300388025
53300394007
53300399683
53300406153
53300412744
53300418482
53300422998
53300430078
53300434473
53300439600
53300444361
53300451868
53300457910
53300465051
53300469995
53300475916
53300482630
53300488550
53300493799
53300499170
53300505518
53300510339
53300517236
53300523889
53300529993
53300534998
53300541650
53300547876
53300553979
53300559412
53300565881
53300572412
53300578515
53300586572
53300591882
53300599023
53300604822
53300613550
53300617029
53300625512
53300632837
53300638940
53300644006
53300651086
53300657129
53300661462
53300667382
53300672448
53300680322
53300683984
53300692285
53300698266
53300703637
53300709313
53300715722
53300722802
53300729638
53300734765
53300740808
53300746362
53300752587
53300758019
53300764672
53300770593
53300775964
53300784203
53300790429
53300796471
53300802636
53300808434
53300815026
53300821557
53300827416
53300832177
53300838708
53300843713
53300850487
53300855920
53300862878
53300868920
53300875390
53300882165
53300887963
53300891747
53300898644
53300905785
53300910790
53300918114
53300923119
53300929406
53300934044
53300939904
53300944664
53300952782
53300956444
53300964806
53300970665
53300976036
53300980980
53300987084
53300994408
53301000206
53301004906
53301009484
53301016503
53301021691
53301029137
53301032494
53301041405
53301047875
53301053978
53301059776
53301065941
53301071556
53301076805
53301082665
53301087364
53301094505
53301101158
53301106773
53301112938
53301118675
53301127647
53301136070
53301141563
53301149498
53301158775
53301167869
53301173363
53301183433
53301192161
53301198082
53301202720
53301208641
53301214378
53301219810
53301225853
53301232444
53301237449
53301244041
53301249900
53301255333
53301262657
53301267234
53301272728
53301277183
53301283287
53301288597
53301293724
53301299400
53301305442
53301310997
53301316856
53301324058
53301330406
53301335838
53301341941
53301348167
53301354759
53301360069
53301366538
53301371604
53301377586
53301383384
53301388694
53301395835
53301403037
53301408897
53301412376
53301420554
53301427207
53301433494
53301437827
53301445274
53301450095
53301456077
53301462119
53301468772
53301474753
53301478843
53301486838
53301492332
53301498496
53301503440
53301510032
53301514975
53301520408
53301523642
53301532065
53301538169
53301544577
53301550925
53301557151
53301562400
53301568991
53301575949
53301580954
53301588279
53301592978
53301598838
53301604819
53301610190
53301614646
53301620139
53301624838
53301632224
53301637412
53301645041
53301650900
53301656455
53301661154
53301668784
53301675437
53301683615
53301691733
53301698752
53301704977
53301714621
53301724265
53301734274
53301742453
53301747702
53301755820
53301761496
53301767477
53301771017
53301777853
53301783407
53301789572
53301796347
53301801596
53301806784
53301813193
53301819113
53301824545
53301831442
53301836935
53301842245
53301847677
53301854940
53301860373
53301866903
53301872580
53301878256
53301885458
53301891622
53301898275
53301903280
53301909445
53301914755
53301919821
53301924826
53301932638
53301936117
53301943868
53301948202
53301955831
53301962606
53301968832
53301975851
53301979879
53301985799
53301990011
53301996114
53302002340
53302007772
53302012899
53302019857
53302024618
53302032003
53302035848
53302043294
53302049398
53302055440
53302062826
53302067647
53302074789
53302079488
53302086080
53302092306
53302098897
53302105428
53302110250
53302116842
53302122823
53302128316
53302135396
53302140523
53302146505
53302151448
53302159444
53302165670
53302172017
53302177938
53302183797
53302189351
53302193746
53302200521
53302205525
53302214559
53302219991
53302226827
53302235372
53302243917
53302251546
53302260518
53302269307
53302277303
53302286031
53302295979
53302301473
53302308003
53302314656
53302320515
53302325948
53302331197
53302338765
53302344502
53302350728
53302354146
53302362935
53302365987
53302374837
53302382771
53302387349
53302393879
53302399006
53302404805
53302409993
53302419026
53302425251
53302431477
53302436726
53302442158
53302447590
53302453938
53302460408
53302466633
53302473896
53302479023
53302486042
53302489888
53302496418
53302499836
53302507771
53302514851
53302520832
53302526264
53302532185
53302536579
53302542439
53302547505
53302551655
53302559651
53302564228
53302570515
53302575031
53302580463
53302585407
53302593037
53302599018
53302605549
53302611469
53302617207
53302622395
53302627949
53302632404
53302637897
53302643757
53302650776
53302655170
53302660541
53302666462
53302670734
53302677265
53302683246
53302691120
53302696796
53302701130
53302705890
53302712482
53302717670
53302723285
53302729389
53302734638
53302737995
53302745441
53302748676
53302756244
53302762043
53302767719
53302775226
53302779926
53302785724
53302791950
53302800556
53302808490
53302812885
53302822345
53302830646
53302840167
53302847186
53302853107
53302859393
53302866351
53302872089
53302878253
53302884479
53302890033
53302897174
53302902606
53302909869
53302916461
53302922015
53302927509
53302934161
53302939960
53302946185
53302952838
53302958697
53302964252
53302969256
53302977069
53302983294
53302989459
53302992938
53303000934
53303004107
53303012530
53303019061
53303024981
53303030902
53303036334
53303041522
53303046038
53303053119
53303057940
53303065997
53303071551
53303077655
53303082659
53303089068
53303093768
53303099932
53303105059
53303111102
53303115924
53303122393
53303127581
53303134173
53303137469
53303146624
53303150713
53303158770
53303164935
53303169024
53303175555
53303182269
53303188494
53303193011
53303199908
53303205645
53303211993
53303215960
53303224383
53303228411
53303234087
53303239519
53303245562
53303252398
53303258623
53303265215
53303271685
53303277544
53303282610
53303288103
53303293902
53303299944
53303305193
53303310137
53303315325
53303323076
53303329363
53303335527
53303339800
53303346025
53303353106
53303358416
53303366350
53303372576
53303379534
53303385820
53303392961
53303397661
53303404802
53303412371
53303418169
53303424944
53303429827
53303437395
53303442217
53303448259
53303453874
53303458940
53303463701
53303471086
53303476396
53303481096
53303486101
53303494341
53303500505
53303506364
53303512895
53303518266
53303522966
53303528764
53303535844
53303540727
53303547868
53303554033
53303560441
53303566118
53303571794
53303579118
53303584794
53303589677
53303596269
53303599504
53303606706
53303610185
53303618364
53303621843
53303630876
53303637162
53303643205
53303649125
53303654130
53303661088
53303667619
53303673844
53303679216
53303686723
53303691972
53303699967
53303706010
53303711442
53303715409
53303721818
53303728471
53303734879
53303740556
53303746049
53303751908
53303756913
53303763810
53303770585
53303776444
53303781510
53303786820
53303793229
53303797501
53303802384
53303810380
53303816056
53303821427
53303826676
53303832719
53303838517
53303844132
53303850419
53303855302
53303862748
53303868363
53303874589
53303881302
53303887101
53303892228
53303900528
53303906815
53303913102
53303916581
53303926224
53303930375
53303939530
53303946183
53303953263
53303959732
53303965287
53303972611
53303976334
53303985489
53303992386
53303999466
53304005509
53304012161
53304018326
53304024124
53304029862
53304035233
53304041580
53304048416
53304054459
53304060013
53304066422
53304071426
53304078812
53304083878
53304089737
53304094498
53304102615
53304108902
53304114273
53304119949
53304125931
53304133499
53304137588
53304144974
53304151138
53304156143
53304161453
53304169205
53304174637
53304181045
53304186355
53304192337
53304199112
53304205642
53304210525
53304216018
53304222732
53304228347
53304234939
53304241775
53304247085
53304253921
53304261062
53304265945
53304272415
53304277603
53304285903
53304292007
53304299026
53304302810
53304311050
53304315994
53304322952
53304329177
53304334487
53304340164
53304344497
53304350845
53304357803
53304364028
53304370071
53304375198
53304379836
53304386550
53304394180
53304400771
53304404678
53304413833
53304419143
53304425063
53304431411
53304437636
53304444167
53304450637
53304456374
53304463027
53304469436
53304474990
53304480300
53304485854
53304493606
53304500075
53304506118
53304514235
53304519790
53304527785
53304533400
53304541701
53304547255
53304553847
53304559768
53304569228
53304575331
53304579726
53304587355
53304591811
53304598097
53304605605
53304612624
53304618483
53304628188
53304634291
53304638747
53304645339
53304652358
53304658522
53304664992
53304670668
53304674757
53304682448
53304688002
53304694289
53304698988
53304705275
53304710768
53304716994
53304723952
53304730360
53304736830
53304742445
53304748793
53304754225
53304758986
53304764662
53304770766
53304775038
53304782728
53304787550
53304793654
53304800551
53304806898
53304812391
53304819227
53304824965
53304832106
53304838942
53304844984
53304850111
53304855848
53304861219
53304867262
53304874037
53304880201
53304884596
53304890760
53304896070
53304902845
53304909559
53304915907
53304922010
53304928724
53304933607
53304941175
53304945875
53304952223
53304959242
53304965223
53304971082
53304976698
53304981641
53304988294
53304994093
53305001051
53305007215
53305013624
53305017042
53305026319
53305032423
53305038770
53305044691
53305050306
53305057325
53305062452
53305069593
53305074354
53305081739
53305086561
53305093213
53305098707
53305107862
53305113721
53305119519
53305126600
53305133985
53305141248
53305147657
53305156751
53305163037
53305168653
53305173963
53305182019
53305185804
53305192578
53305198133
53305203992
53305210523
53305216687
53305222241
53305228711
53305235425
53305239636
53305247022
53305252393
53305258801
53305266126
53305272351
53305277600
53305285535
53305291638
53305297498
53305301770
53305307690
53305315015
53305319958
53305327344
53305333203
53305339062
53305345837
53305351636
53305357068
53305364270
53305369458
53305373974
53305378613
53305387951
53305392956
53305398816
53305404919
53305411511
53305417798
53305423718
53305429760
53305436596
53305442273
53305447522
53305454113
53305458813
53305465039
53305469921
53305478161
53305481762
53305490185
53305496350
53305501782
53305506420
53305511852
53305519238
53305525646
53305530651
53305534680
53305541699
53305546520
53305553234
53305558727
53305566296
53305571789
53305578503
53305583630
53305589672
53305592968
53305599621
53305607738
53305613232
53305620495
53305625317
53305632091
53305638439
53305643078
53305649608
53305657116
53305662975
53305670421
53305674267
53305683361
53305686901
53305696483
53305705639
53305711864
53305719677
53305723278
53305730297
53305733654
53305742199
53305745617
53305754711
53305761303
53305765697
53305771312
53305776927
53305783153
53305789684
53305794994
53305800548
53305807994
53305813671
53305819896
53305825267
53305832775
53305836376
53305843089
53305848888
53305855357
53305861949
53305868358
53305874339
53305880382
53305886119
53305892223
53305898204
53305902843
53305908580
53305913585
53305920848
53305926280
53305933116
53305938853
53305945201
53305949229
53305958568
53305964427
53305969737
53305976878
53305983043
53305989146
53305992747
53305999705
53306005626
53306011302
53306018016
53306024424
53306029551
53306033885
53306040538
53306046519
53306054026
53306059153
53306066783
53306072642
53306078623
53306085337
53306090525
53306098094
53306103037
53306109812
53306116282
53306122080
53306127635
53306134959
53306140391
53306146983
53306151682
53306157603
53306163157
53306170603
53306177256
53306181956
53306187510
53306192881
53306199351
53306206431
53306211924
53306218088
53306223154
53306228403
53306235422
53306240977
53306249827
53306254221
53306263071
53306267039
53306275339
53306281809
53306288889
53306296763
53306301401
53306306894
53306313913
53306319346
53306324595
53306332834
53306336679
53306344675
53306351328
53306356394
53306363047
53306368723
53306373728
53306379099
53306385263
53306390024
53306397959
53306404550
53306411264
53306416330
53306422678
53306427133
53306433786
53306437082
53306445017
53306451486
53306458078
53306462595
53306469919
53306477304
53306481699
53306489023
53306493539
53306501047
53306508249
53306514902
53306520334
53306529306
53306534372
53306540292
53306546945
53306552438
53306557748
53306564706
53306569894
53306577890
53306583383
53306589975
53306595346
53306603463
53306607003
53306614877
53306620736
53306627572
53306634286
53306641061
53306646981
53306653756
53306660104
53306667001
53306674203
53306680123
53306684762
53306690988
53306697396
53306702950
53306709664
53306715463
53306722604
53306728768
53306735360
53306741097
53306748300
53306752511
53306759652
53306765023
53306773873
53306780587
53306786996
53306793343
53306800179
53306805978
53306812508
53306820016
53306825631
53306832284
53306839181
53306845956
53306852059
53306858895
53306865365
53306873299
53306879891
53306888802
53306895455
53306900826
53306906563
53306912545
53306919259
53306923653
53306930489
53306937081
53306942025
53306948067
53306954048
53306958626
53306965340
53306970772
53306976998
53306982247
53306990059
53306996224
53307002022
53307005440
53307013436
53307019112
53307025276
53307030586
53307035896
53307041512
53307047188
53307053780
53307058968
53307065743
53307072395
53307078499
53307083565
53307090096
53307094612
53307100288
53307105354
53307112190
53307118294
53307124824
53307130379
53307137581
53307144356
53307151131
53307157600
53307165352
53307171455
53307179268
53307184822
53307192695
53307199165
53307206611
53307213142
53307218208
53307224311
53307229560
53307236274
53307241645
53307248054
53307252998
53307259651
53307265266
53307271492
53307278083
53307284431
53307291572
53307298896
53307304939
53307311042
53307317939
53307322822
53307328925
53307334174
53307339912
53307344856
53307352058
53307357185
53307363776
53307369392
53307375861
53307379340
53307389045
53307392707
53307402412
53307406318
53307414069
53307417914
53307427924
53307435920
53307440497
53307447516
53307455268
53307462775
53307469916
53307476630
53307482856
53307491401
53307496405
53307503913
53307507514
53307514716
53307520148
53307525580
53307532294
53307537848
53307545111
53307550360
53307557440
53307562140
53307569037
53307573676
53307581244
53307586432
53307594245
53307600409
53307607794
53307614081
53307618964
53307623663
53307632086
53307635870
53307644598
53307651434
53307656622
53307663092
53307669562
53307676520
53307681342
53307687506
53307691656
53307698309
53307703741
53307711859
53307717352
53307724676
53307729254
53307735358
53307741278
53307746527
53307751593
53307758490
53307763739
53307769842
53307775335
53307784918
53307789007
53307796515
53307801580
53307807989
53307811468
53307820379
53307826849
53307833319
53307840094
53307845953
53307851202
53307856756
53307862310
53307867193
53307875128
53307883184
53307889166
53307894781
53307901190
53307906622
53307913458
53307918463
53307924444
53307929876
53307936224
53307943121
53307948431
53307954046
53307962225
53307967596
53307974859
53307980230
53307987615
53307993291
53308000616
53308006841
53308014837
53308023199
53308030706
53308037115
53308043523
53308048406
53308055181
53308062688
53308068853
53308077092
53308084234
53308089483
53308094793
53308102544
53308106389
53308114690
53308120122
53308125493
53308130010
53308136174
53308143560
53308148564
53308156987
53308161199
53308166997
53308173467
53308179265
53308185308
53308193608
53308199956
53308208135
53308212224
53308220525
53308226933
53308232793
53308237737
53308243169
53308249333
53308254338
53308261357
53308267644
53308278630
53308285527
53308291264
53308295293
53308305913
53308311833
53308316838
53308325566
53308330998
53308337407
53308344060
53308349919
53308355839
53308361882
53308369511
53308374699
53308383000
53308388554
53308394902
53308402043
53308408390
53308415226
53308419499
53308427922
53308434086
53308440739
53308445622
53308453007
53308459355
53308465702
53308471501
53308477909
53308485905
53308492130
53308498478
53308503239
53308511540
53308517521
53308523869
53308530399
53308536015
53308541874
53308548893
53308555912
53308560734
53308568058
53308571476
53308580509
53308587040
53308592777
53308599674
53308604557
53308612980
53308619999
53308627079
53308637150
53308642338
53308651554
53308658939
53308665714
53308672611
53308678837
53308686710
53308694095
53308700504
53308706913
53308712162
53308718876
53308725711
53308731815
53308739261
53308744022
53308750919
53308757999
53308763614
53308771183
53308777469
53308784061
53308788883
53308796329
53308803348
53308809818
53308815616
53308821414
53308828800
53308834781
53308840640
53308845340
53308853763
53308859988
53308865604
53308871768
53308877994
53308884769
53308890872
53308897098
53308903751
53308909366
53308915896
53308922122
53308929751
53308934451
53308943728
53308951053
53308957156
53308964663
53308970218
53308975955
53308983157
53308988955
53308994998
53309002749
53309009341
53309016421
53309023928
53309029300
53309036135
53309040957
53309049380
53309055117
53309061465
53309065859
53309074710
53309079837
53309085940
53309093508
53309098208
53309105227
53309112612
53309118594
53309124270
53309132449
53309139163
53309145693
53309151919
53309158266
53309164675
53309169680
53309180422
53309191286
53309198489
53309204775
53309211977
53309217592
53309225771
53309233950
53309240236
53309246462
53309253298
53309260805
53309267763
53309274050
53309280398
53309287111
53309294558
53309299746
53309306337
53309311281
53309318911
53309325502
53309331972
53309338503
53309344484
53309350222
53309354433
53309361025
53309365419
53309373110
53309378603
53309385256
53309390688
53309396913
53309402284
53309409426
53309414919
53309421449
53309427492
53309433351
53309439027
53309444399
53309449892
53309457216
53309463991
53309468752
53309475587
53309481996
53309487978
53309493715
53309500551
53309505373
53309512331
53309517641
53309525087
53309531129
53309537416
53309543886
53309550050
53309555604
53309560975
53309565919
53309572206
53309578370
53309584291
53309590028
53309594301
53309601747
53309607484
53309613954
53309619508
53309626344
53309631349
53309640077
53309647035
53309651795
53309658082
53309663453
53309669068
53309673463
53309682069
53309686952
53309693177
53309699281
53309704408
53309711060
53309716309
53309721192
53309727052
53309733643
53309739198
53309744264
53309750977
53309759034
53309765809
53309773438
53309781129
53309788331
53309793946
53309801270
53309805237
53309814881
53309823060
53309828126
53309833741
53309838379
53309845521
53309850831
53309858277
53309861573
53309869813
53309875855
53309881897
53309888794
53309893433
53309899964
53309904663
53309912415
53309918091
53309923401
53309929505
53309935730
53309941223
53309947571
53309954468
53309959656
53309965332
53309971253
53309977234
53309982788
53309989075
53309994202
53310001526
53310007874
53310013855
53310017517
53310024902
53310030945
53310037781
53310044983
53310049866
53310057495
53310062317
53310069824
53310075500
53310081726
53310088013
53310094604
53310100952
53310106811
53310113342
53310120788
53310126221
53310133789
53310139343
53310144897
53310151123
53310156311
53310163025
53310168396
53310175720
53310181640
53310189758
53310196045
53310203247
53310207092
53310215576
53310219238
53310229065
53310232727
53310242553
53310248657
53310255065
53310260559
53310267211
53310273193
53310279907
53310288024
53310293762
53310301391
53310306579
53310313598
53310320617
53310327453
53310334716
53310341186
53310347717
53310356445
53310362487
53310368468
53310372375
53310381408
53310385558
53310395507
53310403014
53310409240
53310414916
53310421203
53310427428
53310432799
53310441588
53310447204
53310454223
53310459716
53310464843
53310471190
53310477172
53310481994
53310489989
53310495482
53310501586
53310506896
53310513793
53310519713
53310525634
53310530822
53310536681
53310543090
53310550414
53310557555
53310562804
53310570555
53310578124
53310585570
53310590697
53310597533
53310602477
53310609435
53310614501
53310622130
53310625670
53310634276
53310640685
53310647337
53310652464
53310658568
53310665282
53310671934
53310678160
53310684447
53310690916
53310695982
53310702818
53310709532
53310715330
53310722288
53310729185
53310734617
53310740538
53310745238
53310751951
53310757872
53310764219
53310768065
53310777342
53310781309
53310789976
53310796568
53310803282
53310808470
53310816160
53310823118
53310828550
53310835569
53310842527
53310848448
53310855284
53310861997
53310869016
53310875608
53310883116
53310890318
53310895994
53310903562
53310909178
53310916074
53310921385
53310930906
53310936643
53310942564
53310950193
53310957151
53310964109
53310971799
53310978513
53310986570
53310992063
53310998655
53311005369
53311012449
53311018979
53311026121
53311033079
53311038083
53311045408
53311051633
53311057920
53311063474
53311070737
53311076841
53311082578
53311087461
53311093442
53311099363
53311103635
53311109250
53311115354
53311118833
53311128476
53311134702
53311140500
53311147214
53311154782
53311159970
53311165952
53311173947
53311179563
53311186765
53311191953
53311197995
53311204465
53311210751
53311217832
53311223935
53311228391
53311235776
53311240353
53311246457
53311253476
53311258908
53311265195
53311269955
53311277035
53311283993
53311287961
53311294980
53311301205
53311307126
53311313290
53311317685
53311324826
53311331418
53311336423
53311343197
53311349484
53311354916
53311361874
53311366879
53311374020
53311381466
53311386227
53311393368
53311398861
53311404965
53311411618
53311418942
53311424923
53311431759
53311438656
53311444332
53311451351
53311459103
53311465695
53311472653
53311480221
53311487545
53311496456
53311504513
53311511471
53311518307
53311526669
53311536861
53311546139
53311554012
53311561275
53311568050
53311574642
53311583919
53311589779
53311595699
53311602535
53311609066
53311613705
53311623714
53311629574
53311636654
53311642208
53311648311
53311653316
53311663326
53311669552
53311677974
53311683956
53311689022
53311695797
53311702816
53311710811
53311718685
53311724178
53311730892
53311735530
53311743587
53311749752
53311756221
53311761592
53311768062
53311775386
53311780757
53311787959
53311792720
53311800289
53311807369
53311812618
53311822078
53311827510
53311832210
53311840266
53311845943
53311851680
53311859554
53311866389
53311871394
53311879451
53311885860
53311892268
53311899592
53311906550
53311913997
53311921687
53311926631
53311932368
53311940303
53311947139
53311952998
53311961055
53311967891
53311974849
53311982173
53311989131
53311995356
53312001033
53312008052
53312014949
53312022883
53312027705
53312035701
53312041072
53312049067
53312055842
53312062556
53312069148
53312075862
53312081904
53312086237
53312092463
53312096736
53312103755
53312108515
53312116084
53312121516
53312127985
53312132990
53312139643
53312146235
53312152644
53312156733
53312164118
53312168024
53312176142
53312183100
53312188288
53312195246
53312200190
53312206904
53312211481
53312218439
53312223139
53312228754
53312233576
53312240046
53312244501
53312252680
53312258906
53312265009
53312271296
53312276850
53312281122
53312287043
53312293146
53312299555
53312305292
53312311945
53312317133
53312323542
53312330194
53312336969
53312343744
53312350885
53312356806
53312362543
53312369989
53312376154
53312382868
53312388788
53312397394
53312403253
53312409967
53312415582
53312424188
53312427972
53312436334
53312440240
53312449030
53312455560
53312462701
53312467706
53312475336
53312482965
53312488336
53312497003
53312502618
53312506219
53312515741
53312520196
53312529230
53312535455
53312541681
53312547052
53312553155
53312558587
53312564630
53312571283
53312576349
53312583490
53312588250
53312596429
53312601373
53312608026
53312612970
53312621392
53312628778
53312633844
53312639825
53312648004
53312654351
53312661675
53312669244
53312675958
53312682366
53312687371
53312695428
53312700982
53312707147
53312712823
53312718987
53312725823
53312731316
53312735406
53312743523
53312749200
53312756036
53312762749
53312769829
53312777276
53312784051
53312792229
53312797478
53312805291
53312810174
53312818169
53312823601
53312829156
53312835991
53312842522
53312848443
53312856072
53312862236
53312869988
53312875847
53312883233
53312889031
53312895806
53312900872
53312907952
53312911492
53312918938
53312922600
53312929802
53312933953
53312943352
53312950005
53312956902
53312963860
53312969536
53312976616
53312983391
53312988518
53312996452
53313003410
53313008537
53313015434
53313021965
53313028252
53313034660
53313041252
53313047600
53313055168
53313060539
53313068596
53313073845
53313082451
53313087517
53313095573
53313100273
53313105278
53313112358
53313118889
53313122551
53313130913
53313136467
53313143486
53313147453
53313156303
53313160148
53313169548
53313176750
53313182243
53313189811
53313195793
53313201225
53313207328
53313216117
53313224662
53313231376
53313236930
53313244377
53313251640
53313258598
53313264274
53313270500
53313277091
53313285331
53313293510
53313300163
53313305595
53313313163
53313319267
53313323966
53313331474
53313335929
53313343620
53313350211
53313356193
53313363029
53313369132
53313375480
53313379935
53313386893
53313391593
53313399711
53313405082
53313412284
53313418082
53313425773
53313432120
53313439811
53313443900
53313453360
53313460074
53313465384
53313473563
53313478995
53313487601
53313493399
53313498221
53313502982
53313510123
53313515555
53313522147
53313525504
53313533255
53313539786
53313546256
53313551993
53313558768
53313565055
53313571829
53313578238
53313582999
53313588309
53313594901
53313600638
53313605948
53313612906
53313618094
53313625540
53313630545
53313637625
53313644522
53313650992
53313655936
53313662344
53313669119
53313675162
53313680838
53313685232
53313692862
53313697806
53313705191
53313709952
53313717215
53313724173
53313729666
53313736746
53313743033
53313748648
53313755301
53313761099
53313765982
53313770742
53313778616
53313782888
53313790579
53313797842
53313804678
53313810049
53313816214
53313823843
53313831411
53313837881
53313845083
53313851065
53313856436
53313865896
53313872793
53313879507
53313885732
53313892690
53313899831
53313905386
53313911916
53313917654
53313924307
53313931081
53313937612
53313944509
53313951101
53313958303
53313963125
53313971120
53313976552
53313983816
53313989065
53313995656
53314000295
53314008291
53314014760
53314021230
53314029226
53314034536
53314042226
53314048696
53314054921
53314061757
53314066457
53314073171
53314078237
53314084645
53314092153
53314098073
53314104055
53314108876
53314116994
53314121999
53314127553
53314134877
53314140920
53314147878
53314153127
53314158803
53314165029
53314170522
53314176198
53314182607
53314189687
53314195668
53314200673
53314206960
53314212514
53314217885
53314225758
53314231496
53314237050
53314243214
53314250172
53314255177
53314259755
53314268300
53314274098
53314279347
53314286244
53314291493
53314298390
53314302846
53314311024
53314316884
53314322316
53314328847
53314334157
53314340321
53314346669
53314353627
53314360768
53314366627
53314373463
53314378590
53314387867
53314398426
53314405201
53314411427
53314419850
53314426869
53314432850
53314442738
53314450001
53314455433
53314463062
53314469471
53314475758
53314481312
53314488026
53314494251
53314500721
53314506641
53314514210
53314521168
53314527943
53314534718
53314540882
53314547352
53314553699
53314559437
53314566212
53314573170
53314578419
53314584461
53314591480
53314596424
53314604481
53314610340
53314616443
53314623951
53314629993
53314636280
53314640918
53314647754
53314652881
53314661121
53314667286
53314673389
53314680164
53314685291
53314694385
53314700855
53314706226
53314714221
53314721790
53314727283
53314732898
53314738819
53314756580
53314764026
53314769824
53314776294
53314781726
53314788867
53314795154
53314801685
53314808887
53314815173
53314821521
53314826648
53314834094
53314840869
53314847888
53314853625
53314859546
53314865344
53314871265
53314877490
53314884875
53314889575
53314895495
53314901599
53314908130
53314913012
53314920032
53314925403
53314932788
53314939441
53314945361
53314954211
53314961474
53314968860
53314975756
53314983752
53314994433
53315001879
53315009875
53315016406
53315022814
53315029101
53315035510
53315041552
53315047534
53315054675
53315061267
53315070056
53315076098
53315082568
53315089282
53315094714
53315100878
53315108019
53315114245
53315120409
53315125964
53315134509
53315142321
53315147570
53315152087
53315155749
53315162401
53315166552
53315170946
53315176073
53315180529
53315185778
53315189562
53315196337
53315201525
53315206164
53315210985
53315214342
53315220019
53315223375
53315229052
53315232775
53315238329
53315241991
53315246813
53315251940
53315256273
53315261644
53315266161
53315271593
53315276964
53315281786
53315285570
53315291796
53315297411
53315303026
53315307970
53315311815
53315318102
53315320726
53315326647
53315331407
53315336656
53315341844
53315346422
53315351122
53315356493
53315360582
53315365343
53315372545
53315377550
53315382555
53315387193
53315392381
53315397752
53315400865
53315406664
53315412279
53315417223
53315422838
53315426988
53315432603
53315437181
53315445543
53315452318
53315458360
53315462450
53315467271
53315474534
53315477769
53315486131
53315491380
53315496263
53315501878
53315506029
53315512376
53315517259
53315522996
53315528734
53315533433
53315538621
53315543565
53315548936
53315555467
53315559495
53315564744
53315568589
53315575669
53315580186
53315585679
53315590684
53315595384
53315601243
53315606858
53315611619
53315616197
53315621018
53315627183
53315632371
53315639146
53315644578
53315649949
53315656419
53315661424
53315667710
53315673264
53315679002
53315684861
53315691270
53315696580
53315702622
53315710191
53315716233
53315721421
53315728745
53315734544
53315741318
53315748337
53315753770
53315761460
53315767808
53315774766
53315779893
53315784531
53315793503
53315799912
53315805649
53315811875
53315818223
53315823166
53315834031
53315838913
53315845200
53315851059
53315856369
53315862656
53315867783
53315873581
53315879441
53315884568
53315892197
53315898545
53315902878
53315908066
53315914109
53315917160
53315926560
53315934372
53315941574
53315949753
53315956772
53315965439
53315969834
53315979233
53315985092
53315991562
53315998886
53316004135
53316011642
53316015549
53316021530
53316027451
53316032516
53316037643
53316044968
53316048630
53316055466
53316061996
53316068527
53316072922
53316079025
53316085129
53316090133
53316097091
53316102157
53316109726
53316115097
53316121017
53316126388
53316134628
53316141647
53316148666
53316155136
53316162155
53316168380
53316175521
53316179123
53316186264
53316191330
53316197738
53316202926
53316210128
53316216537
53316223190
53316226730
53316234664
53316239608
53316246566
53316251693
53316260116
53316264816
53316273055
53316277816
53316285262
53316291061
53316297836
53316304366
53316310043
53316316085
53316322372
53316328353
53316334701
53316341964
53316347091
53316352584
53316360824
53316366927
53316373824
53316379928
53316385665
53316391219
53316395614
53316402816
53316409835
53316416488
53316423568
53316429366
53316434737
53316440474
53316446578
53316454085
53316460494
53316467086
53316473067
53316478194
53316485762
53316491805
53316496688
53316503340
53316508406
53316515120
53316522505
53316528304
53316534407
53316536666
53316547225
53316549605
53316560469
53316567732
53316576705
53316583235
53316590743
53316598921
53316604964
53316612410
53316620772
53316623518
53316632552
53316637434
53316645918
53316647932
53316655989
53316659773
53316668257
53316671980
53316680708
53316685286
53316692976
53316697859
53316704024
53316710188
53316715864
53316720320
53316726668
53316734541
53316736555
53316746016
53316750593
53316755781
53316763411
53316768782
53316773848
53316781599
53316788252
53316795454
53316799604
53316805708
53316811323
53316818220
53316823774
53316829328
53316834577
53316840620
53316847822
53316853010
53316857588
53316860945
53316869673
53316876753
53316883100
53316888532
53316895795
53316899458
53316905927
53316912031
53316917036
53316921796
53316929121
53316934736
53316941511
53316948102
53316953229
53316958539
53316966169
53316970624
53316976728
53316981733
53316987104
53316994794
53317001569
53317006696
53317012128
