53083391755
53083397309
53083401825
53083407380
53083412751
53083416596
53083422455
53083428009
53083434662
53083440155
53083446320
53083452362
53083459259
53083464936
53083471771
53083477448
53083482758
53083489350
53083494782
53083500824
53083507965
53083514313
53083520294
53083528046
53083533112
53083540802
53083544525
53083552582
53083560577
53083566925
53083570648
53083580597
53083587555
53083595184
53083600983
53083608673
53083615326
53083622528
53083629364
53083634674
53083641571
53083647430
53083654693
53083660736
53083668670
53083672394
53083683807
53083691620
53083698822
53083705291
53083713714
53083721405
53083727630
53083734771
53083740997
53083750701
53083758758
53083766326
53083773345
53083780670
53083787872
53083794097
53083802093
53083807830
53083813934
53083822051
53083829742
53083833526
53083842681
53083848602
53083856048
53083860748
53083871123
53083878570
53083884002
53083891509
53083898223
53083904143
53083910918
53083918181
53083923736
53083931914
53083940032
53083949370
53083957061
53083964629
53083971648
53083978789
53083987517
53083993865
53084003081
53084009917
53084017669
53084024443
53084032927
53084040007
53084047637
53084053740
53084061492
53084067595
53084076628
53084084563
53084091216
53084100188
53084105986
53084113005
53084120146
53084126616
53084133025
53084137053
53084145964
53084154143
53084161955
53084169646
53084178069
53084184599
53084190825
53084198942
53084207365
53084214384
53084222746
53084230131
53084236967
53084245817
53084252470
53084259489
53084266325
53084274687
53084281645
53084287077
53084292875
53084301909
53084307524
53084316801
53084323759
53084329191
53084336210
53084343046
53084350065
53084356962
53084362577
53084371427
53084380155
53084389372
53084396452
53084404875
53084412016
53084419706
53084430021
53084439726
53084446989
53084457182
53084464201
53084473295
53084481535
53084490568
53084498685
53084506010
53084515043
53084523771
53084531583
53084538541
53084547880
53084555753
53084564359
53084571622
53084578092
53084586271
53084595487
53084604520
53084612516
53084621427
53084627347
53084636685
53084642545
53084651700
53084659207
53084668363
53084678861
53084687345
53084694913
53084703275
53084712674
53084723050
53084731900
53084739163
53084747647
53084757474
53084766324
53084774686
53084782132
53084790372
53084798733
53084806973
53084816373
53084822293
53084834134
53084843228
53084851224
53084859219
53084868435
53084877530
53084885586
53084897671
53084906216
53084913723
53084922634
53084929837
53084940579
53084951321
53084959500
53084967495
53084978298
53084984585
53084996121
53085003567
53085014492
53085022915
53085032070
53085041714
53085049526
53085058010
53085069485
53085080227
53085091030
53085102627
53085113186
53085120205
53085129543
53085137172
53085143886
53085153347
53085161648
53085167568
53085175014
53085183254
53085191127
53085197719
53085204128
53085211208
53085219020
53085226589
53085233486
53085241725
53085248989
53085253017
53085261806
53085267543
53085274562
53085280239
53085289150
53085295863
53085304714
53085308681
53085318080
53085325588
53085330837
53085337856
53085345424
53085352504
53085360439
53085367091
53085375209
53085383815
53085389918
53085398585
53085407069
53085414027
53085419826
53085427211
53085433925
53085441798
53085450221
53085457972
53085464686
53085472072
53085475978
53085487330
53085494410
53085501063
53085507167
53085513942
53085521510
53085529322
53085536158
53085543666
53085551051
53085558009
53085564173
53085572474
53085578333
53085584498
53085591761
53085598597
53085605860
53085612330
53085618067
53085625514
53085632227
53085635767
53085645533
53085653529
53085658656
53085664576
53085673304
53085682276
53085689966
53085698511
53085703272
53085712977
53085723597
53085729517
53085739405
53085746912
53085754603
53085763147
53085771265
53085777491
53085784754
53085794764
53085799219
53085808741
53085816858
53085825708
53085835474
53085842066
53085853784
53085861353
53085869043
53085873804
53085882471
53085886987
53085898584
53085903589
53085913965
53085922632
53085928613
53085935205
53085940454
53085948816
53085958093
53085963220
53085969751
53085977441
53085983240
53085990381
53085997644
53086004358
53086011072
53086017297
53086023706
53086030359
53086037683
53086043298
53086050989
53086057153
53086063073
53086069055
53086075891
53086081750
53086087487
53086096276
53086102990
53086109277
53086116601
53086123193
53086130273
53086138757
53086146630
53086153222
53086159326
53086167260
53086173791
53086179955
53086187585
53086193749
53086200646
53086207482
53086214990
53086220483
53086226769
53086235070
53086241784
53086248376
53086255395
53086262048
53086268883
53086274804
53086283166
53086289025
53086295190
53086302758
53086310387
53086317040
53086324792
53086331261
53086336693
53086344323
53086352379
53086359581
53086367455
53086372521
53086382348
53086389855
53086398766
53086410057
53086418236
53086426049
53086433983
53086439537
53086446923
53086453270
53086460045
53086466637
53086472618
53086478295
53086486351
53086492027
53086499169
53086505455
53086511376
53086518761
53086524803
53086531212
53086538963
53086546471
53086553062
53086559410
53086566917
53086572777
53086579979
53086586510
53086592918
53086598656
53086605919
53086613243
53086619774
53086626365
53086632042
53086638878
53086645897
53086655479
53086660423
53086668235
53086675804
53086680504
53086687889
53086695457
53086699852
53086707237
53086713646
53086718650
53086725059
53086733238
53086737754
53086744956
53086750328
53086756736
53086763572
53086771324
53086776634
53086785056
53086790428
53086796409
53086804160
53086810813
53086815940
53086823081
53086828513
53086834556
53086841697
53086847923
53086852073
53086859153
53086865379
53086871177
53086876975
53086885337
53086892112
53086899558
53086909385
53086916831
53086923423
53086929709
53086935813
53086942283
53086949424
53086954978
53086961936
53086966697
53086974143
53086980918
53086987510
53086993979
53087000571
53087007102
53087013449
53087019919
53087026572
53087033225
53087039511
53087046286
53087052329
53087058249
53087064475
53087070029
53087076987
53087081320
53087089133
53087095603
53087101889
53087107626
53087113547
53087119650
53087126730
53087133505
53087140524
53087146384
53087152975
53087158469
53087165488
53087174094
53087180807
53087188254
53087194540
53087199728
53087208578
53087214071
53087219748
53087226462
53087233114
53087239523
53087245504
53087253439
53087259848
53087266134
53087272848
53087278402
53087285910
53087292318
53087298483
53087305136
53087311789
53087317587
53087324667
53087331320
53087335897
53087343588
53087349325
53087354086
53087361837
53087367758
53087373983
53087380148
53087386923
53087393026
53087401571
53087406820
53087415609
53087421407
53087427694
53087435751
53087441488
53087448873
53087456136
53087461813
53087468771
53087473226
53087480123
53087486654
53087492391
53087499410
53087503988
53087511556
53087517232
53087523763
53087530294
53087536886
53087542074
53087550374
53087554952
53087562703
53087568563
53087575093
53087583089
53087589254
53087593587
53087601888
53087608724
53087616475
53087622579
53087629842
53087637105
53087643270
53087650167
53087658223
53087664327
53087671041
53087677266
53087682393
53087688863
53087696248
53087701619
53087707967
53087714192
53087719563
53087725667
53087732747
53087738972
53087746358
53087752888
53087757649
53087764119
53087771626
53087776753
53087783711
53087790364
53087795613
53087802266
53087810261
53087815816
53087822651
53087829854
53087834004
53087840901
53087847126
53087853718
53087859517
53087865559
53087871296
53087878682
53087886555
53087897847
53087904194
53087911457
53087919026
53087926045
53087934651
53087940205
53087947224
53087952839
53087959065
53087965351
53087973164
53087978718
53087986469
53087992390
53087997883
53088004841
53088010334
53088018330
53088024372
53088029865
53088038105
53088045124
53088050617
53088058918
53088065082
53088070331
53088078998
53088085834
53088093403
53088098652
53088106403
53088111530
53088116840
53088124286
53088131061
53088137470
53088144062
53088149128
53088154987
53088162067
53088169086
53088174335
53088181598
53088189350
53088195209
53088201923
53088209552
53088215290
53088221393
53088226886
53088233356
53088240558
53088247211
53088253375
53088259662
53088266254
53088272235
53088279071
53088286212
53088291705
53088298175
53088304950
53088311237
53088317706
53088323871
53088329913
53088336139
53088342364
53088348407
53088355853
53088363483
53088368976
53088375751
53088380878
53088389789
53088397967
53088403461
53088414386
53088422870
53088429583
53088436725
53088443072
53088450091
53088456927
53088462115
53088470477
53088476031
53088482135
53088488971
53088495135
53088501727
53088508136
53088517047
53088524127
53088531451
53088539385
53088544757
53088551226
53088557452
53088564532
53088571734
53088577227
53088583025
53088588763
53088597125
53088603289
53088611041
53088616045
53088622454
53088628313
53088635638
53088642779
53088649004
53088657732
53088663653
53088670122
53088678057
53088684160
53088692095
53088697283
53088704058
53088709124
53088714739
53088721758
53088728167
53088735918
53088741961
53088749529
53088756487
53088762468
53088768145
53088776690
53088784441
53088788774
53088796587
53088803728
53088809221
53088815508
53088822039
53088826799
53088833513
53088839983
53088845110
53088852983
53088858232
53088863420
53088870317
53088873735
53088880327
53088885698
53088891435
53088899065
53088905962
53088911760
53088917436
53088923357
53088930864
53088938737
53088945512
53088954057
53088960405
53088966264
53088972490
53088979692
53088986406
53088991411
53088999284
53089005021
53089011064
53089015886
53089023088
53089029680
53089034562
53089039079
53089045793
53089051103
53089058183
53089061662
53089070146
53089076371
53089081437
53089086442
53089092973
53089098649
53089105790
53089112443
53089119828
53089125627
53089132340
53089137895
53089142716
53089149308
53089153031
53089161881
53089167924
53089174394
53089180802
53089187150
53089192765
53089198624
53089204301
53089209428
53089218095
53089221818
53089229691
53089235184
53089240556
53089246903
53089253617
53089260575
53089265275
53089272538
53089278336
53089283768
53089289384
53089296036
53089303544
53089310929
53089317704
53089323014
53089330338
53089334427
53089341446
53089347123
53089354813
53089360917
53089367875
53089374527
53089380448
53089385941
53089394303
53089400101
53089406998
53089412735
53089417740
53089424393
53089430191
53089435318
53089444107
53089450211
53089455887
53089460037
53089467240
53089472305
53089479691
53089486893
53089493301
53089499222
53089506851
53089510391
53089518875
53089524673
53089530960
53089537918
53089542496
53089550308
53089555801
53089561600
53089567764
53089574722
53089580765
53089587906
53089593643
53089599075
53089604202
53089609756
53089614700
53089621231
53089627884
53089633682
53089638992
53089644241
53089649612
53089656265
53089661880
53089666885
53089673538
53089679153
53089685379
53089690383
53089697403
53089702468
53089707840
53089714187
53089720413
53089726394
53089732559
53089738723
53089743362
53089750259
53089757034
53089762588
53089767532
53089773513
53089778152
53089784805
53089791152
53089796279
53089803176
53089809585
53089816055
53089822341
53089827895
53089834609
53089840346
53089847121
53089853408
53089860244
53089866836
53089872085
53089878127
53089883559
53089889907
53089895949
53089900832
53089908217
53089911635
53089919326
53089924880
53089931167
53089937270
53089943923
53089948806
53089953444
53089960891
53089966872
53089972060
53089978713
53089984938
53089989760
53089995497
53090001601
53090006423
53090013198
53090018019
53090024672
53090032118
53090038954
53090045485
53090052565
53090059950
53090068068
53090075881
53090082167
53090086440
53090093398
53090099684
53090104811
53090109999
53090117751
53090123549
53090129530
53090135085
53090140883
53090146315
53090152052
53090159743
53090164564
53090170668
53090175062
53090181837
53090187514
53090192579
53090199598
53090205885
53090211134
53090216810
53090221632
53090227369
53090232679
53090238356
53090245009
53090251722
53090257521
53090263380
53090269117
53090274244
53090282118
53090288404
53090292189
53090300978
53090307081
53090312757
53090318678
53090323316
53090330030
53090336500
53090343092
53090347730
53090354505
53090360609
53090365919
53090370863
53090378370
53090383802
53090391432
53090396619
53090404005
53090409742
53090415357
53090422926
53090428846
53090435438
53090441663
53090447340
53090453931
53090461439
53090469190
53090475599
53090481946
53090488416
53090494337
53090501050
53090505323
53090513807
53090520704
53090527356
53090532483
53090539075
53090545118
53090549939
53090557019
53090562146
53090571180
53090576307
53090582227
53090587598
53090594800
53090600843
53090610547
53090614698
53090624646
53090632764
53090640332
53090647107
53090655347
53090661023
53090666760
53090672315
53090679639
53090686170
53090692029
53090698926
53090703503
53090710706
53090717664
53090723096
53090728467
53090735303
53090741711
53090747937
53090754101
53090761059
53090766614
53090774487
53090780408
53090786450
53090793713
53090800732
53090806836
53090813489
53090817639
53090826550
53090832409
53090839612
53090845471
53090852307
53090858593
53090864087
53090870556
53090877026
53090884167
53090891369
53090897106
53090905407
53090911206
53090917736
53090924938
53090930371
53090938610
53090945141
53090951733
53090958935
53090965099
53090971203
53090979748
53090984753
53090992992
53090999401
53091006115
53091013195
53091020336
53091026684
53091033398
53091039867
53091046703
53091051769
53091061718
53091068981
53091075634
53091081615
53091088756
53091094433
53091101330
53091109142
53091116100
53091123668
53091127514
53091136364
53091142101
53091149181
53091157482
53091166698
53091173900
53091182689
53091190502
53091199047
53091205333
53091212047
53091217662
53091224498
53091229137
53091235362
53091242015
53091248180
53091253490
53091260082
53091265025
53091271617
53091276256
53091284374
53091290660
53091296092
53091303172
53091309337
53091316173
53091319530
53091327342
53091334056
53091339732
53091345836
53091352061
53091358836
53091363658
53091370250
53091375560
53091383311
53091389903
53091396251
53091402781
53091408946
53091415233
53091421458
53091427684
53091434214
53091440684
53091447154
53091452952
53091459544
53091466136
53091472911
53091479380
53091486338
53091492686
53091497996
53091505015
53091510874
53091517100
53091526011
53091530833
53091537669
53091544383
53091549876
53091557017
53091562266
53091567881
53091576487
53091581675
53091587656
53091595225
53091600108
53091607737
53091613352
53091620798
53091625986
53091633067
53091639109
53091645274
53091651011
53091656992
53091665049
53091671458
53091677317
53091684763
53091690684
53091696360
53091702280
53091708567
53091714914
53091721872
53091728098
53091733774
53091741159
53091748789
53091755381
53091763254
53091773386
53091780527
53091787485
53091791574
53091801096
53091807138
53091813059
53091820078
53091824411
53091831735
53091836618
53091842783
53091850046
53091856699
53091862253
53091868051
53091873300
53091879648
53091885202
53091891000
53091896982
53091902536
53091908212
53091914255
53091921030
53091927560
53091933298
53091939889
53091944772
53091950693
53091958078
53091961984
53091970590
53091974557
53091985116
53091992196
53091999032
53092005258
53092009836
53092017282
53092022470
53092028451
53092035348
53092043649
53092047433
53092054818
53092062936
53092069345
53092073739
53092080453
53092088632
53092094064
53092101571
53092106942
53092114266
53092117868
53092125436
53092132699
53092138925
53092145761
53092152352
53092158639
53092163827
53092170968
53092178048
53092185311
53092189889
53092197579
53092204476
53092211007
53092218697
53092224862
53092231637
53092239388
53092245187
53092248604
53092256783
53092260384
53092267708
53092275948
53092281991
53092287789
53092293404
53092298775
53092304757
53092310433
53092316781
53092323861
53092329903
53092338631
53092348702
53092358956
53092367562
53092375435
53092382759
53092388924
53092395760
53092402230
53092409554
53092416756
53092423165
53092427803
53092436592
53092443489
53092449959
53092455879
53092460518
53092467171
53092473396
53092479927
53092487251
53092493111
53092498665
53092504463
53092511482
53092515877
53092522652
53092529427
53092535957
53092541572
53092547737
53092554024
53092560676
53092567756
53092574043
53092578255
53092585640
53092592232
53092599617
53092606392
53092611763
53092619148
53092624214
53092632148
53092637947
53092644050
53092651191
53092657600
53092663215
53092669929
53092675972
53092681343
53092688362
53092697212
53092702400
53092709907
53092715644
53092722175
53092726692
53092732917
53092739875
53092747505
53092753852
53092760383
53092764839
53092773200
53092778877
53092783576
53092792854
53092797492
53092805671
53092810554
53092816718
53092821723
53092829230
53092837836
53092842902
53092850959
53092855781
53092863349
53092868354
53092875495
53092881904
53092888679
53092895637
53092901984
53092907721
53092914924
53092921271
53092928901
53092935798
53092947455
53092954352
53092960822
53092965461
53092973578
53092980292
53092986640
53092989875
53092996527
53093003302
53093009223
53093011054
53093020331
53093026129
53093032111
53093037421
53093043585
53093049567
53093054144
53093060919
53093065741
53093072516
53093079474
53093084906
53093089240
53093095526
53093100531
53093107428
53093113287
53093119940
53093123480
53093130316
53093135748
53093140936
53093146918
53093152960
53093159430
53093165594
53093171515
53093175787
53093182745
53093187506
53093193731
53093200567
53093207037
53093211859
53093219183
53093222906
53093230658
53093235663
53093244146
53093248358
53093253607
53093259405
53093265570
53093271612
53093275885
53093282598
53093287359
53093295538
53093301336
53093307562
53093312078
53093318731
53093325506
53093331365
53093338445
53093347296
53093352300
53093358953
53093367742
53093374517
53093380926
53093387334
53093393926
53093399114
53093406988
53093414312
53093420171
53093425970
53093433477
53093439519
53093445562
53093453374
53093459356
53093464788
53093471502
53093476873
53093484197
53093489385
53093498113
53093505620
53093513006
53093519475
53093524663
53093533696
53093541082
53093548894
53093555547
53093561773
53093567693
53093573491
53093578618
53093584905
53093591191
53093596562
53093602971
53093607976
53093615605
53093621404
53093627568
53093631719
53093638249
53093645024
53093648992
53093655278
53093660100
53093666631
53093673406
53093681340
53093686345
53093694218
53093699529
53093706425
53093711919
53093718327
53093723454
53093729741
53093735722
53093742558
53093748357
53093755070
53093760502
53093766301
53093771672
53093778325
53093781682
53093787968
53093793644
53093799809
53093806584
53093812932
53093817631
53093823857
53093830327
53093835270
53093842167
53093846745
53093854741
53093861576
53093870854
53093878422
53093882023
53093889714
53093895573
53093902287
53093908329
53093914677
53093920353
53093926151
53093931095
53093937260
53093955448
53093960880
53093965763
53093972904
53093977848
53093984806
53093991032
53093996220
53094002628
53094007694
53094014347
53094021244
53094027409
53094032902
53094038883
53094043339
53094048405
53094053043
53094063419
53094072330
53094078312
53094084293
53094091800
53094097782
53094104557
53094109134
53094117008
53094123478
53094129032
53094133548
53094138858
53094145206
53094151554
53094157474
53094164310
53094170719
53094175663
53094181339
53094185672
53094191532
53094196353
53094203983
53094207706
53094215701
53094221439
53094226505
53094232425
53094238162
53094243411
53094249332
53094254520
53094260684
53094265506
53094271549
53094277469
53094284061
53094289920
53094294437
53094302005
53094308170
53094314334
53094319888
53094325381
53094329837
53094336246
53094342166
53094347598
53094352908
53094359012
53094364566
53094371280
53094376529
53094382083
53094388858
53094393435
53094399722
53094405276
53094411502
53094416873
53094423343
53094429507
53094435733
53094441958
53094446536
53094453311
53094457217
53094464114
53094469912
53094475955
53094480960
53094488101
53094493045
53094499575
53094504214
53094511599
53094517703
53094523867
53094528750
53094534121
53094540896
53094546511
53094552981
53094559573
53094566958
53094573061
53094579165
53094582705
53094589724
53094595339
53094601748
53094607119
53094612551
53094619631
53094625185
53094632143
53094638918
53094645449
53094653200
53094659792
53094667483
53094674135
53094679567
53094685122
53094690676
53094697512
53094703920
53094710085
53094716066
53094720705
53094727297
53094733095
53094739870
53094745119
53094750917
53094757509
53094763918
53094769350
53094775759
53094781862
53094788210
53094794802
53094799379
53094805788
53094810488
53094817690
53094823244
53094829592
53094835817
53094841249
53094844423
53094850893
53094854067
53094862611
53094867922
53094873537
53094879396
53094884035
53094890688
53094897096
53094903322
53094909914
53094915346
53094919984
53094927492
53094933900
53094940065
53094946229
53094951967
53094957948
53094964357
53094969606
53094975831
53094981935
53094988466
53094994813
53095000123
53095006471
53095011110
53095016420
53095021241
53095028321
53095035035
53095040223
53095043580
53095051576
53095057923
53095062196
53095068483
53095075318
53095081544
53095086854
53095092774
53095099427
53095109010
53095114625
53095122132
53095128236
53095133058
53095141419
53095147950
53095153687
53095160401
53095166261
53095172852
53095181458
53095189881
53095198121
53095206055
53095212403
53095218995
53095226746
53095233582
53095240357
53095246155
53095255677
53095260682
53095266236
53095272278
53095277283
53095284607
53095288819
53095295960
53095302063
53095307129
53095314087
53095318848
53095326233
53095330628
53095339234
53095344483
53095350708
53095356873
53095362732
53095367432
53095374329
53095380554
53095385681
53095391968
53095399353
53095405457
53095412171
53095418457
53095424683
53095430664
53095434448
53095440003
53095447144
53095454895
53095460144
53095465942
53095473328
53095479065
53095484863
53095491760
53095498230
53095503418
53095508545
53095515930
53095522095
53095526062
53095533813
53095539734
53095545959
53095556335
53095562683
53095568054
53095575805
53095582397
53095589782
53095596008
53095602295
53095610351
53095615661
53095621643
53095625488
53095634582
53095642273
53095648071
53095654846
53095661315
53095668151
53095673156
53095679992
53095687133
53095692382
53095701415
53095708068
53095715454
53095722900
53095727172
53095734741
53095742492
53095750549
53095759460
53095765075
53095772460
53095778442
53095784301
53095790710
53095796447
53095802123
53095808349
53095813781
53095819335
53095826781
53095831603
53095837096
53095843627
53095850341
53095856750
53095863036
53095869811
53095875853
53095880492
53095887328
53095893432
53095898314
53095904601
53095910399
53095916564
53095922545
53095929198
53095935302
53095940856
53095946044
53095953795
53095959594
53095966857
53095971862
53095976988
53095984862
53095991698
53095997191
53096002928
53096010008
53096016295
53096021605
53096028746
53096035643
53096041686
53096048277
53096055113
53096061766
53096068602
53096074339
53096080565
53096086363
53096092162
53096098204
53096104979
53096112486
53096118590
53096123350
53096130003
53096137694
53096142882
53096149229
53096154173
53096161802
53096167601
53096172056
53096180357
53096185911
53096193419
53096201475
53096206297
53096214171
53096220091
53096227232
53096232908
53096239683
53096246153
53096251158
53096258299
53096264707
53096271849
53096277708
53096284422
53096292723
53096299620
53096306700
53096311338
53096318479
53096322263
53096329588
53096336973
53096341184
53096347715
53096353147
53096361326
53096366636
53096373289
53096379087
53096383298
53096390440
53096397947
53096404600
53096410459
53096415891
53096421873
53096428159
53096433042
53096437559
53096444578
53096449155
53096457517
53096462949
53096468381
53096473813
53096480100
53096486692
53096491514
53096497007
53096503721
53096509092
53096515317
53096522275
53096528196
53096534604
53096540036
53096546018
53096552976
53096557981
53096565427
53096570615
53096578549
53096582273
53096591062
53096595883
53096602719
53096608884
53096614621
53096621335
53096625913
53096632687
53096639707
53096646603
53096652158
53096659299
53096664975
53096670773
53096676022
53096682858
53096689999
53096694333
53096700619
53096706479
53096714413
53096718014
53096726010
53096733334
53096739133
53096745663
53096751156
53096759457
53096765256
53096772519
53096778683
53096784787
53096793393
53096798642
53096805905
53096812924
53096819882
53096828122
53096834408
53096840817
53096846249
53096854550
53096860714
53096865475
53096872433
53096878048
53096885617
53096892086
53096898312
53096903744
53096909237
53096915280
53096920284
53096927181
53096934384
53096940426
53096946224
53096951534
53096959103
53096965389
53096971554
53096976986
53096982540
53096988461
53096995480
53097001034
53097005428
53097013912
53097020077
53097025814
53097031612
53097039608
53097044857
53097051876
53097057979
53097065304
53097069027
53097076290
53097082821
53097089596
53097096248
53097103817
53097110103
53097115780
53097121029
53097127132
53097132991
53097139705
53097144954
53097151302
53097157222
53097163692
53097169795
53097176631
53097183162
53097189815
53097195674
53097202693
53097209102
53097214595
53097220516
53097225887
53097234248
53097239986
53097244502
53097252498
53097257198
53097264400
53097270686
53097277034
53097283137
53097287105
53097294490
53097301021
53097306880
53097312312
53097317012
53097325984
53097332698
53097340144
53097344234
53097358699
53097365779
53097369380
53097377742
53097384761
53097390315
53097396602
53097401057
53097408503
53097414790
53097420100
53097426692
53097432063
53097438044
53097442866
53097450190
53097456050
53097461787
53097468196
53097474726
53097480586
53097486994
53097492854
53097497920
53097505183
53097511286
53097518794
53097523676
53097530024
53097534480
53097541255
53097545588
53097554499
53097559870
53097564875
53097572199
53097578364
53097584284
53097591669
53097596430
53097604487
53097608820
53097614680
53097621149
53097626887
53097634760
53097640864
53097646967
53097650141
53097658808
53097664728
53097670893
53097676691
53097681208
53097687128
53097692865
53097697504
53097704096
53097710688
53097716425
53097723505
53097728632
53097733759
53097738703
53097744257
53097750116
53097757624
53097763910
53097767450
53097774286
53097779169
53097785639
53097790277
53097797663
53097803888
53097809625
53097814813
53097821039
53097825739
53097832086
53097839227
53097849909
53097855890
53097864557
53097872736
53097880792
53097887689
53097895441
53097902887
53097909173
53097915704
53097921380
53097927972
53097934503
53097941461
53097947259
53097953668
53097959588
53097966852
53097973199
53097980157
53097987420
53097991876
53097998163
53098004693
53098011041
53098019769
53098027764
53098034112
53098041070
53098046807
53098054193
53098061517
53098068841
53098076531
53098083062
53098089532
53098096795
53098104302
53098109063
53098117486
53098122003
53098129754
53098135186
53098141534
53098148126
53098154412
53098161065
53098167535
53098171075
53098178948
53098187493
53098194268
53098201043
53098206231
53098213250
53098218926
53098225091
53098231804
53098238457
53098244439
53098250054
53098256585
53098262993
53098269402
53098276177
53098282891
53098286797
53098295037
53098301751
53098307793
53098315789
53098322991
53098328728
53098336235
53098341973
53098348870
53098355767
53098362786
53098369560
53098376946
53098383415
53098390251
53098397698
53098404473
53098412407
53098418205
53098425530
53098432182
53098438835
53098444939
53098450920
53098457390
53098462212
53098469597
53098476189
53098481865
53098488579
53098495048
53098500603
53098507255
53098513298
53098519585
53098525993
53098530937
53098538261
53098544121
53098549431
53098557487
53098563041
53098570122
53098575859
53098582451
53098589592
53098596244
53098600334
53098605278
53098613151
53098621452
53098625724
53098633476
53098639518
53098645378
53098651847
53098658439
53098664237
53098670463
53098677055
53098684501
53098688957
53098697074
53098701591
53098709403
53098715995
53098722953
53098730521
53098735587
53098742851
53098749259
53098756156
53098762870
53098766776
53098774528
53098781242
53098788505
53098794669
53098801688
53098806876
53098814139
53098819877
53098825675
53098830985
53098839164
53098844779
53098851981
53098857779
53098862662
53098869986
53098878104
53098884757
53098890921
53098895560
53098902884
53098909659
53098914481
53098923636
53098927726
53098937064
53098944876
53098949820
53098958060
53098964652
53098972525
53098977225
53098987357
53098993277
53098999198
53099005057
53099010184
53099017203
53099024649
53099028983
53099035941
53099041007
53099048026
53099052237
53099059439
53099066519
53099071158
53099078055
53099083243
53099089529
53099097342
53099104056
53099109671
53099115713
53099121084
53099128409
53099134573
53099141714
53099147574
53099154349
53099158804
53099166006
53099171133
53099178579
53099187246
53099192740
53099200613
53099207754
53099213736
53099220266
53099226980
53099235464
53099241995
53099248892
53099255239
53099262442
53099268118
53099274771
53099280935
53099287527
53099294790
53099299917
53099306631
53099314443
53099321890
53099329092
53099334158
53099340261
53099345998
53099352834
53099359731
53099366201
53099373586
53099379079
53099386098
53099391714
53099397512
53099404653
53099411123
53099418935
53099426137
53099433401
53099439504
53099446889
53099453664
53099459401
53099464711
53099472280
53099478994
53099486684
53099493398
53099500478
53099507497
53099515554
53099522695
53099530996
53099538869
53099545034
53099549916
53099557851
53099563954
53099569936
53099576833
53099583058
53099589406
53099594411
53099601491
53099607717
53099613637
53099621755
53099626881
53099635365
53099643239
53099650746
53099658742
53099667165
53099673695
53099680653
53099690785
53099699818
53099705739
53099714223
53099722096
53099731557
53099739735
53099747365
53099754628
53099761403
53099771168
53099780690
53099788563
53099796498
53099801197
53099805348
53099810170
53099813160
53099819386
53099824025
53099828968
53099833607
53099838490
53099843922
53099847828
53099851918
53099858570
53099862171
53099866810
53099870228
53099877003
53099882252
53099887745
53099892750
53099897022
53099902271
53099906361
53099911244
53099916615
53099921314
53099927296
53099931690
53099937183
53099941639
53099946461
53099952076
53099955494
53099960926
53099965626
53099969898
53099974354
53099979725
53099983448
53099988087
53099992542
53099997547
53100001758
53100009205
53100012379
53100018665
53100023914
53100029285
53100035267
53100040455
53100045643
53100050770
53100055958
53100061023
53100065967
53100071399
53100076832
53100080799
53100086170
53100089893
53100094471
53100098072
53100103504
53100107349
53100113147
53100118457
53100123279
53100127796
53100132801
53100136219
53100142200
53100148670
53100152576
53100157398
53100162525
53100167102
53100171314
53100177661
53100182727
53100190051
53100194019
53100198291
53100202991
53100207202
53100212024
53100217029
53100221607
53100227832
53100233203
53100238818
53100244067
53100247791
53100252002
53100257434
53100263843
53100269580
53100275195
53100278613
53100284228
53100287707
53100292651
53100297656
53100303699
53100307910
53100312244
53100317431
53100321338
53100326404
53100332263
53100339221
53100344165
53100349963
53100353564
53100359240
53100364184
53100369311
53100373340
53100379748
53100383777
53100388720
53100392871
53100399035
53100402026
53100408129
53100412829
53100419543
53100423022
53100429003
53100433093
53100438098
53100442797
53100448107
53100452319
53100457873
53100463183
53100465991
53100472216
53100477770
53100483935
53100489977
53100494494
53100501391
53100506274
53100512805
53100517504
53100523791
53100529589
53100533984
53100539172
53100543871
53100548449
53100553637
53100557604
53100561083
53100567004
53100571337
53100577624
53100582445
53100587328
53100592455
53100597521
53100603319
53100609179
53100613756
53100619433
53100623888
53100628893
53100633471
53100637926
53100644579
53100648852
53100654589
53100659166
53100665453
53100669359
53100675097
53100680468
53100687304
53100693834
53100698839
53100703661
53100712206
53100716600
53100722582
53100728380
53100733934
53100739244
53100745592
53100749437
53100756822
53100760362
53100767870
53100772936
53100780809
53100784532
53100792711
53100796373
53100803697
53100809313
53100814012
53100819261
53100827501
53100835497
53100840624
53100845873
53100852220
53100857042
53100863512
53100867601
53100875658
53100879137
53100887437
53100890550
53100896043
53100900194
53100906114
53100911363
53100919298
53100925462
53100930894
53100937242
53100941636
53100946702
53100954515
53100961534
53100967149
53100972703
53100979905
53100986009
53100992662
53100997239
53101006883
53101014024
53101024278
53101030992
53101041429
53101051133
53101059251
53101068101
53101077317
53101085984
53101092759
53101105760
53101112718
53101124986
53101131028
53101141953
53101147996
53101151353
53101163804
53101172898
53101181382
53101186875
53101196274
53101203843
53101207139
53101218552
53101227341
53101234421
53101242234
53101252793
53101261094
53101267869
53101276780
53101281846
53101291245
53101299668
53101305588
53101314255
53101323532
53101330674
53101338730
53101347458
53101356125
53101362290
53101369980
53101378342
53101385239
53101393173
53101402329
53101410263
53101419174
53101428635
53101436325
53101439804
53101454941
53101458969
53101469711
53101478073
53101486740
53101494247
53101504562
53101512131
53101518051
53101527389
53101535324
53101538620
53101553451
53101560959
53101572433
53101577499
53101585739
53101593612
53101604538
53101611557
53101616439
53101624069
53101634750
53101641036
53101651779
53101661605
53101669967
53101677413
53101683883
53101695419
53101700240
53101710494
53101718368
53101729110
53101736678
53101742904
53101754989
53101763106
53101766769
53101778182
53101786910
53101794906
53101804244
53101812057
53101820662
53101829329
53101838363
53101846175
53101849593
53101864303
53101870223
53101879500
53101885360
53101897872
53101907088
53101913069
53101921431
53101928878
53101938460
53101946150
53101952193
53101964156
53101973860
53101983992
53101991744
53102000533
53102008284
53102013167
53102025130
53102032576
53102039534
53102049117
53102059248
53102070540
53102078718
53102082808
53102094954
53102104414
53102113753
53102122847
53102126509
53102139570
53102147017
53102160017
53102167830
53102171125
53102181440
53102186995
53102196455
53102203840
53102211836
53102219831
53102228804
53102237043
53102245954
53102252302
53102259260
53102265180
53102276289
53102282881
53102291486
53102298872
53102304304
53102315839
53102324934
53102331403
53102339155
53102347028
53102353681
53102359541
53102367963
53102374921
53102385358
53102392377
53102398115
53102408735
53102413190
53102423261
53102430158
53102435285
53102444806
53102453229
53102462934
53102470136
53102473188
53102484906
53102493207
53102500287
53102506940
53102514753
53102522077
53102533368
53102540753
53102548444
53102557538
53102564435
53102567243
53102577924
53102585553
53102594891
53102602216
53102605512
53102620282
53102627972
53102635846
53102640485
53102648968
53102655804
53102665570
53102673016
53102677960
53102688946
53102696576
53102703595
53102711590
53102719159
53102725812
53102733014
53102739483
53102747540
53102756146
53102765789
53102773175
53102782757
53102791424
53102801495
53102809429
53102815899
53102827984
53102834088
53102843182
53102852093
53102855450
53102867169
53102873272
53102883587
53102888653
53102891644
53102904278
53102912823
53102922161
53102927105
53102937420
53102944744
53102950542
53102960857
53102966045
53102977398
53102985515
53102990337
53103004314
53103012737
53103019024
53103031170
53103034954
53103046917
53103056743
53103064678
53103074138
53103084758
53103095134
53103102336
53103113811
53103124553
53103128887
53103142620
53103150554
53103156963
53103165935
53103173381
53103180034
53103188701
53103197734
53103205058
53103211772
53103220256
53103228191
53103236430
53103244792
53103251811
53103256877
53103267253
53103274882
53103282939
53103290752
53103294108
53103305888
53103314982
53103324138
53103333171
53103341350
53103349040
53103358500
53103365886
53103373820
53103377177
53103388957
53103399882
53103409587
53103418681
53103421916
53103432902
53103442546
53103450175
53103457621
53103467814
53103475565
53103481974
53103492838
53103500590
53103508463
53103517252
53103523417
53103533366
53103541239
53103549662
53103558756
53103565165
53103573405
53103581034
53103590067
53103598368
53103604166
53103614481
53103622599
53103628336
53103638285
53103646036
53103656595
53103662333
53103671732
53103676554
53103686197
53103694498
53103700174
53103711161
53103719339
53103725931
53103735941
53103743753
53103750833
53103758646
53103766153
53103773599
53103781595
53103790079
53103799295
53103808939
53103813821
53103823770
53103832376
53103838602
53103847452
53103853128
53103864664
53103872842
53103879129
53103889383
53103895120
53103905618
53103913431
53103919717
53103929727
53103939554
53103945413
53103954263
53103961282
53103972635
53103980691
53103984109
53103999917
53104007180
53104014932
53104024392
53104030374
53104042581
53104050698
53104059915
53104071267
53104080605
53104088662
53104097207
53104105813
53104115029
53104125649
53104136452
53104145852
53104154336
53104160134
53104170083
53104175454
53104184609
53104191262
53104201027
53104208352
53104217385
53104225930
53104233803
53104240883
53104248391
53104257424
53104264809
53104270729
53104279580
53104288002
53104295388
53104303383
53104309120
53104320839
53104325844
53104334938
53104344094
53104350929
53104359291
53104367775
53104375527
53104383156
53104391518
53104399208
53104405006
53104413490
53104421730
53104431435
53104438942
53104446327
53104454933
53104462562
53104473183
53104480568
53104487221
53104497413
53104505714
53104512855
53104520607
53104526832
53104537880
53104547096
53104553566
53104560280
53104563331
53104575172
53104582252
53104588905
53104596656
53104606849
53104614479
53104619972
53104627784
53104634681
53104643348
53104650611
53104659156
53104666602
53104675697
53104687537
53104698890
53104702369
53104712745
53104721046
53104727760
53104734412
53104743812
53104750648
53104756446
53104766456
53104775245
53104782508
53104789710
53104792701
53104806251
53104813025
53104821876
53104827430
53104840247
53104848487
53104854163
53104863318
53104871253
53104877845
53104885657
53104891944
53104900367
53104908423
53104920203
53104927893
53104934851
53104941687
53104950598
53104956824
53104963782
53104970862
53104979102
53104989539
53104998755
53105006689
53105015845
53105024512
53105034644
53105044043
53105055212
53105064368
53105072790
53105084143
53105093970
53105102209
53105110388
53105116003
53105129553
53105139441
53105147924
53105155737
53105159521
53105170874
53105176672
53105186560
53105195349
53105203833
53105211035
53105220251
53105227392
53105234411
53105245275
53105250585
53105260168
53105267614
53105272497
53105281530
53105288915
53105296240
53105302953
53105311315
53105318517
53105324926
53105337011
53105342687
53105353063
53105360876
53105368139
53105378149
53105383764
53105394201
53105402074
53105407750
53105418554
53105427343
53105435705
53105444066
53105449987
53105462316
53105467565
53105478856
53105487340
53105490880
53105502233
53105510778
53105518712
53105527745
53105531285
53105542027
53105552159
53105560887
53105568761
53105576634
53105584386
53105591405
53105600255
53105608861
53105617162
53105625645
53105633641
53105640782
53105646397
53105657323
53105664586
53105671544
53105678929
53105688084
53105695592
53105704259
53105710545
53105718663
53105727757
53105736363
53105744664
53105752110
53105759922
53105769627
53105778172
53105784459
53105795628
53105803501
53105811619
53105819371
53105826512
53105834873
53105840977
53105850987
53105859165
53105865574
53105874973
53105884678
53105894138
53105903355
53105906834
53105917393
53105927158
53105934727
53105942905
53105951145
53105959202
53105968601
53105978123
53105985386
53105988743
53106002292
53106008518
53106016758
53106029392
53106036350
53106050876
53106062107
53106070835
53106080051
53106089328
53106097324
53106105625
53106120334
53106127658
53106135288
53106143283
53106148593
53106157382
53106164768
53106173190
53106179782
53106182651
53106193942
53106199313
53106209689
53106217929
53106224704
53106234531
53106237460
53106251681
53106255710
53106268466
53106273898
53106282626
53106289889
53106296298
53106302768
53106307956
53106317111
53106327121
53106334079
53106340487
53106350619
53106357516
53106363070
53106373446
53106378634
53106390536
53106395358
53106402011
53106412570
53106420382
53106428561
53106436740
53106444369
53106452853
53106458346
53106466708
53106471652
53106483675
53106491854
53106497714
53106505038
53106513094
53106522250
53106531283
53106537386
53106547884
53106553561
53106564059
53106572603
53106579134
53106589327
53106594149
53106603853
53106611544
53106617952
53106628512
53106638338
53106648836
53106654207
53106663118
53106671358
53106677034
53106689485
53106694673
53106705233
53106712740
53106719759
53106727815
53106735811
53106743807
53106752413
53106759859
53106767671
53106773287
53106783296
53106792268
53106802095
53106809114
53106816927
53106824251
53106832857
53106842012
53106846651
53106856843
53106863924
53106869844
53106879060
53106886629
53106898897
53106906709
53106914583
53106923250
53106931733
53106938569
53106949311
53106959932
53106967683
53106973787
53106983125
53106991365
53107001069
53107009126
53107016633
53107026887
53107034394
53107044221
53107051606
53107058076
53107071137
53107080415
53107088166
53107096711
53107103547
53107110322
53107117768
53107121918
53107128999
53107135041
53107142182
53107147431
53107152009
53107156708
53107165620
53107170319
53107176850
53107183198
53107187653
53107193940
53107200715
53107205903
53107211213
53107218476
53107224213
53107230378
53107235321
53107243744
53107249115
53107254242
53107259674
53107269379
53107274994
53107282135
53107289154
53107295380
53107300690
53107305023
53107314667
53107318878
53107326447
53107333283
53107339630
53107344818
53107352326
53107357575
53107364472
53107372101
53107379364
53107386932
53107392426
53107400055
53107404205
53107412140
53107418793
53107423614
53107430023
53107441620
53107447052
53107455475
53107463470
53107473297
53107477264
53107487884
53107493439
53107502838
53107506744
53107513519
53107520233
53107526581
53107531341
53107539093
53107545562
53107553375
53107560821
53107566070
53107572845
53107580230
53107585418
53107592193
53107598419
53107604339
53107610809
53107617340
53107623138
53107628204
53107634429
53107640899
53107645110
53107652801
53107657806
53107667083
53107673736
53107679778
53107685394
53107692962
53107700042
53107705108
53107712615
53107720061
53107729705
53107736846
53107742828
53107748809
53107755462
53107761809
53107771209
53107776702
53107781219
53107786651
53107792754
53107797637
53107801848
53107808013
53107814361
53107819182
53107828032
53107836211
53107842498
53107846343
53107853057
53107859038
53107866301
53107871367
53107876982
53107882964
53107889678
53107894438
53107901030
53107906401
53107912444
53107918486
53107924529
53107930937
53107936980
53107942412
53107949553
53107954314
53107960845
53107967436
53107971465
53107979765
53107983489
53107989836
53107997282
53108001982
53108008818
53108015166
53108020354
53108027129
53108033476
53108037566
53108046232
53108050749
53108058378
53108064177
53108071318
53108076811
53108084440
53108089689
53108096281
53108103300
53108109221
53108116789
53108123991
53108130522
53108135283
53108142180
53108147612
53108153410
53108159391
53108167143
53108173124
53108177153
53108184965
53108187284
53108197599
53108204069
53108209196
53108215055
53108221769
53108227262
53108235197
53108241667
53108247465
53108253080
53108261198
53108266386
53108270780
53108278654
53108285001
53108293729
53108297880
53108305753
53108312101
53108318998
53108322355
53108329923
53108337186
53108343351
53108348478
53108352628
53108362638
53108367093
53108375150
53108382291
53108388883
53108394620
53108402921
53108409452
53108419584
53108425138
53108431119
53108437772
53108444791
53108451444
53108457914
53108463895
53108470731
53108475797
53108482144
53108488919
53108495145
53108499906
53108506620
53108511624
53108517301
53108523587
53108525418
53108533597
53108536710
53108542142
53108547635
53108554593
53108557950
53108565152
53108571439
53108576810
53108580533
53108590848
53108598782
53108603726
53108609463
53108617215
53108621426
53108628018
53108633511
53108640042
53108646329
53108653958
53108660611
53108666348
53108673611
53108677640
53108685391
53108691128
53108697293
53108702664
53108710537
53108715481
53108722439
53108729641
53108731961
53108740506
53108746670
53108754910
53108762844
53108769009
53108775296
53108783169
53108790249
53108794583
53108801541
53108806484
53108811856
53108820095
53108826016
53108834194
53108839810
53108846829
53108851711
53108857082
53108864224
53108872280
53108878872
53108881008
53108891323
53108896694
53108904018
53108910854
53108918056
53108925198
53108931789
53108936001
53108945949
53108952480
53108959499
53108966152
53108973232
53108979519
53108984646
53108991115
53108996486
53109004787
53109012050
53109018215
53109028286
53109037990
53109048305
53109055568
53109063991
53109074001
53109082729
53109091945
53109102016
53109109889
53109116908
53109124965
53109134303
53109142726
53109151576
53109159206
53109167140
53109174159
53109184901
53109190517
53109201137
53109210292
53109218959
53109226588
53109233363
53109241908
53109250697
53109259852
53109267421
53109274013
53109284877
53109289760
53109299952
53109307643
53109314113
53109325282
53109333461
53109341334
53109349513
53109355006
53109366847
53109372889
53109383509
53109391261
53109397425
53109406214
53109416102
53109424159
53109432276
53109438563
53109448084
53109457606
53109465418
53109472865
53109480616
53109491969
53109498560
53109508509
53109516077
53109526331
53109534083
53109540308
53109549647
53109558680
53109566431
53109574976
53109583521
53109590906
53109599939
53109607874
53109615259
53109625208
53109632959
53109640772
53109650904
53109662500
53109670374
53109677332
53109685755
53109696863
53109704798
53109710535
53109719751
53109727991
53109739099
53109746362
53109755335
53109763818
53109770044
53109778101
53109785059
53109794092
53109800928
53109807947
53109818201
53109825464
53109835351
53109843469
53109853357
53109862207
53109868188
53109877954
53109888574
53109899865
53109905114
53109913171
53109924585
53109931665
53109939904
53109945703
53109956384
53109964563
53109970971
53109982141
53109987145
53109997949
53110007287
53110010583
53110023828
53110029016
53110040490
53110052209
53110057275
53110076196
53110085351
53110098290
53110106896
53110115441
53110124779
53110132958
53110138390
53110148949
53110156335
53110165307
53110172509
53110175500
53110185082
53110193444
53110200890
53110208153
53110218346
53110226830
53110232262
53110240258
53110248986
53110256371
53110264489
53110269860
53110279381
53110285118
53110294945
53110301720
53110310753
53110317223
53110321922
53110328331
53110335899
53110345177
53110353844
53110362389
53110370140
53110375633
53110384972
53110391808
53110394737
53110405907
53110413841
53110419884
53110427818
53110435570
53110445396
53110453758
53110462120
53110469627
53110478599
53110486290
53110495994
53110504966
53110514000
53110521324
53110528160
53110539268
53110547813
53110553672
53110562339
53110568809
53110580772
53110587547
53110596580
53110605247
53110612876
53110620201
53110628990
53110638633
53110646323
53110649925
53110662681
53110668723
53110678550
53110686301
53110694053
53110702659
53110711387
53110719932
53110728538
53110737571
53110746177
53110753745
53110762107
53110771384
53110780539
53110787803
53110794028
53110802390
53110810325
53110816550
53110826926
53110836020
53110844077
53110852927
53110861899
53110869773
53110875876
53110885825
53110894797
53110898154
53110909079
53110920004
53110927573
53110942160
53110952475
53110963278
53110971396
53110982809
53110995444
53111006064
53111016012
53111026877
53111033591
53111041403
53111049399
53111056174
53111063009
53111071554
53111077719
53111086935
53111093954
53111099264
53111104269
53111109335
53111113546
53111118246
53111123495
53111129110
53111133383
53111138876
53111144491
53111150961
53111155905
53111162313
53111166647
53111172384
53111176412
53111182211
53111186422
53111193075
53111198385
53111204672
53111208944
53111217977
53111224447
53111226522
53111235128
53111238729
53111245199
53111250936
53111257406
53111262960
53111269552
53111275716
53111280965
53111286520
53111293111
53111297628
53111301717
53111310018
53111317831
53111322408
53111325948
53111332784
53111338644
53111345174
53111350362
53111356527
53111361471
53111368123
53111372701
53111378072
53111384298
53111391561
53111396566
53111403890
53111409078
53111415792
53111420186
53111426900
53111432027
53111438680
53111444295
53111449544
53111455403
53111461385
53111467122
53111472432
53111478536
53111482747
53111491170
53111495992
53111502461
53111508138
53111513265
53111521626
53111526265
53111533284
53111538899
53111545430
53111550618
53111559468
53111562886
53111570088
53111576192
53111582539
53111588277
53111592244
53111601155
53111605672
53111612752
53111618672
53111625447
53111631001
53111637288
53111642659
53111650532
53111657307
53111664143
53111670125
53111678608
53111685689
53111692647
53111699055
53111705891
53111711079
53111717671
53111722981
53111727314
53111734150
53111737690
53111747151
53111751057
53111758808
53111762410
53111769795
53111776448
53111784138
53111787739
53111793965
53111800068
53111806904
53111811360
53111816792
53111823872
53111829853
53111834370
53111840778
53111846333
53111849995
53111859089
53111863239
53111871113
53111877460
53111882465
53111887409
53111893452
53111899250
53111903400
53111911396
53111915424
53111923298
53111929523
53111936115
53111942402
53111948017
53111953266
53111960041
53111966083
53111972858
53111980182
53111989887
53111996723
53112003193
53112010334
53112016376
53112021747
53112028339
53112033344
53112041584
53112047138
53112053363
53112059589
53112065998
53112072223
53112075885
53112083332
53112088642
53112095233
53112100177
53112104633
53112113422
53112117267
53112124713
53112130756
53112135883
53112142230
53112151325
53112157489
53112162738
53112168353
53112172260
53112181232
53112185870
53112193378
53112199237
53112205279
53112210773
53112216876
53112222003
53112227496
53112234942
53112239093
53112246661
53112252032
53112261432
53112265643
53112274554
53112280780
53112287555
53112294940
53112303180
53112311175
53112318927
53112327655
53112336139
53112343829
53112352679
53112363909
53112371417
53112382647
53112386553
53112400775
53112407977
53112422381
53112434344
53112440936
53112449481
53112457110
53112465716
53112471758
53112484820
53112490984
53112497271
53112505266
53112514666
53112525530
53112529742
53112539751
53112545794
53112555254
53112562761
53112572649
53112579851
53112585772
53112596636
53112601702
53112612200
53112620073
53112626238
53112634783
53112642778
53112650164
53112657976
53112664568
53112675432
53112683184
53112686418
53112700090
53112706377
53112717119
53112724687
53112734087
53112741594
53112747270
53112758318
53112766191
53112769426
53112783525
53112789629
53112799211
53112807146
53112816362
53112824113
53112830400
53112841691
53112849138
53112852434
53112864580
53112872819
53112882890
53112890519
53112893998
53112905656
53112914689
53112923600
53112931596
53112935075
53112950029
53112956071
53112964372
53112972184
53112980180
53112988603
53112997270
53113004167
53113014787
53113018205
53113029496
53113038529
53113047074
53113056718
53113065751
53113073991
53113079911
53113090226
53113098710
53113106156
53113114640
53113125199
53113131730
53113139725
53113148453
53113156388
53113166459
53113175004
53113180436
53113191117
53113198746
53113204789
53113215653
53113223893
53113231888
53113240677
53113247025
53113256302
53113265030
53113273819
53113281204
53113287552
53113299271
53113304703
53113311722
53113324234
53113330521
53113339920
53113348160
53113356277
53113367752
53113374466
53113383194
53113393753
53113407608
53113412674
53113425186
53113435074
53113443191
53113451736
53113461197
53113468582
53113476944
53113485244
53113492752
53113498123
53113509536
53113516739
53113523025
53113531753
53113538833
53113545364
53113554275
53113562942
53113571487
53113578933
53113588210
53113594192
53113602920
53113613052
53113616714
53113630203
53113640456
53113648574
53113657974
53113665603
53113673415
53113679275
53113690993
53113699660
53113708510
53113716323
53113724746
53113733718
53113738967
53113748855
53113757644
53113763808
53113773635
53113778945
53113791152
53113798903
53113805556
53113816603
53113825148
53113833266
53113840468
53113848464
53113857070
53113863356
53113872939
53113881301
53113888686
53113896681
53113904982
53113912612
53113920241
53113928114
53113936415
53113945265
53113953566
53113961562
53113966994
53113979262
53113985182
53113994582
53114000319
53114010817
53114018751
53114025526
53114034804
53114044508
53114053053
53114064467
53114068007
53114078688
53114087904
53114096022
53114104872
53114108107
53114119947
53114128859
53114138136
53114145765
53114154188
53114164564
53114172315
53114180738
53114189527
53114198499
53114206617
53114210035
53114223036
53114229261
53114239393
53114247694
53114257093
53114266431
53114272840
53114283704
53114292432
53114300672
53114309278
53114316602
53114323499
53114331556
53114341871
53114349439
53114356275
53114366590
53114375318
53114384412
53114391431
53114401258
53114410718
53114417615
53114430066
53114438245
53114449109
53114458081
53114465589
53114476026
53114486585
53114496106
53114503735
53114511609
53114517835
53114527295
53114534924
53114543042
53114551831
53114561963
53114568433
53114576672
53114585400
53114589246
53114602856
53114609143
53114619275
53114627148
53114635571
53114643262
53114649548
53114658642
53114667004
53114676037
53114685132
53114691235
53114701428
53114710949
53114720349
53114729077
53114734753
53114742443
53114750317
53114760571
53114768322
53114774670
53114784558
53114793530
53114800610
53114809155
53114816296
53114826550
53114832531
53114840344
53114849377
53114857189
53114863720
53114874340
53114883007
53114887707
53114897961
53114905285
53114911999
53114920910
53114927013
53114937206
53114947948
53114957714
53114967296
53114973400
53114983104
53114992199
53115000560
53115008373
53115015697
53115024364
53115032054
53115042430
53115049022
53115055065
53115065868
53115070812
53115083812
53115091686
53115098766
53115108226
53115113414
53115125255
53115133922
53115141307
53115149730
53115155711
53115164439
53115172008
53115182872
53115189525
53115197459
53115206981
53115214610
53115221568
53115231639
53115239146
53115242503
53115253856
53115263194
53115272227
53115281016
53115289256
53115297007
53115303843
53115314463
53115319590
53115327647
53115337657
53115346507
53115354502
53115362620
53115366038
53115379344
53115388011
53115397227
53115405650
53115413645
53115422129
53115430125
53115441050
53115450266
53115461314
53115469797
53115480112
53115493174
53115500559
53115515024
53115520273
53115528330
53115537729
53115543772
53115551462
53115557383
53115561899
53115570871
53115577341
53115585154
53115593515
53115603586
53115610605
53115617563
53115624094
53115629160
53115639109
53115652048
53115661203
53115669077
53115677683
53115685068
53115690561
53115701181
53115706796
53115716684
53115725351
53115732126
53115740427
53115749643
53115758981
53115767099
53115770578
53115780649
53115789438
53115798410
53115806772
53115810190
53115820444
53115829782
53115837106
53115845895
53115853830
53115862924
53115870065
53115878671
53115886056
53115889169
53115900521
53115910104
53115918344
53115923593
53115935006
53115942025
53115950631
53115955941
53115962655
53115970834
53115978829
53115990792
53115998361
53116003121
53116013375
53116020394
53116026986
53116035165
53116040475
53116047067
53116055123
53116061898
53116071114
53116076424
53116086739
53116091073
53116096871
53116107003
53116112252
53116120370
53116128487
53116140145
53116148140
53116155648
53116163826
53116170052
53116178658
53116187630
53116194283
53116200875
53116210152
53116217903
53116226998
53116232918
53116240670
53116248787
53116259102
53116264900
53116276314
53116286141
53116295784
53116303475
53116313606
53116321785
53116327828
53116340096
53116345406
53116354927
53116363472
53116370552
53116382637
53116388985
53116401863
53116410896
53116414802
53116426887
53116436531
53116445076
53116454414
53116466743
53116476814
53116480232
53116495613
53116501289
53116510322
53116518074
53116521308
53116534675
53116540962
53116549812
53116557868
53116568122
53116575202
53116584297
53116591499
53116596931
53116606269
53116613593
53116624213
53116631782
53116638313
53116648200
53116656196
53116666450
53116675117
53116681281
53116689948
53116698005
53116706672
53116715583
53116721747
53116731879
53116740973
53116747931
53116759650
53116763190
53116774299
53116783637
53116792609
53116800422
53116804023
53116816352
53116826422
53116834784
53116842597
53116846015
53116859015
53116869025
53116878119
53116885748
53116895270
53116902777
53116909552
53116920660
53116925726
53116936652
53116944464
53116950507
53116962592
53116967718
53116978705
53116986090
53116991583
53117002325
53117010809
53117018377
53117026312
53117036688
53117043951
53117049749
53117061773
53117066900
53117076300
53117083868
53117090216
53117101080
53117110235
53117121527
53117126348
53117135015
53117142645
53117148443
53117160040
53117169134
53117175604
53117183660
53117190008
53117201910
53117207708
53117219305
53117226690
53117229803
53117241644
53117251348
53117260686
53117266180
53117278387
53117287054
53117294256
53117304632
53117310430
53117320257
53117327825
53117334661
53117347417
53117355962
53117365178
53117380437
53117387456
53117395757
53117404424
53117412725
53117418279
53117431951
53117447209
53117456426
53117467900
53117478154
53117490117
53117510259
53117529363
53117543828
53117557256
53117570988
53117580510
53117587407
53117595463
53117601445
53117608464
53117614201
53117621403
53117626530
53117631901
53117637150
53117641972
53117649418
53117653569
53117658940
53117665165
53117673893
53117679753
53117685917
53117691838
53117697880
53117704289
53117710087
53117715458
53117722233
53117726200
53117732975
53117739201
53117747807
53117753910
53117760746
53117767582
53117772831
53117778263
53117782719
53117787296
53117794560
53117800602
53117804997
53117811283
53117814640
53117821415
53117828312
53117833317
53117840397
53117844303
53117848942
53117853336
53117858402
53117862797
53117869144
53117876530
53117881290
53117885380
53117890140
53117895389
53117898990
53117905094
53117909122
53117913517
53117918888
53117924198
53117928287
53117932316
53117936039
53117942081
53117945743
53117951236
53117953922
53117959903
53117962833
53117968815
53117974369
53117980350
53117985538
53117989566
53117995121
53118000431
53118005619
53118009159
53118013248
53118020877
53118026065
53118032169
53118037967
53118043338
53118049381
53118054813
53118060672
53118066776
53118072330
53118076724
53118080753
53118084903
53118088199
53118093814
53118099918
53118104373
53118109622
53118114383
53118119998
53118124942
53118129337
53118136539
53118141177
53118147769
53118153445
53118158755
53118164004
53118168460
53118173831
53118178897
53118184817
53118190249
53118196597
53118202090
53118206119
53118209292
53118216861
53118220706
53118229068
53118232852
53118240115
53118243350
53118248660
53118253726
53118260318
53118265750
53118271487
53118278140
53118283328
53118289981
53118293887
53118300662
53118307132
53118311770
53118317935
53118323733
53118328982
53118336001
53118339541
53118345706
53118351504
53118357730
53118364443
53118370730
53118375491
53118383853
53118390566
53118397097
53118403079
53118407473
