53317606365
53317611614
53317616619
53317621319
53317626873
53317632183
53317637249
53317642254
53317646831
53317651348
53317657085
53317662456
53317668010
53317673320
53317678325
53317682537
53317688274
53317692180
53317697063
53317702251
53317706096
53317711101
53317716228
53317721538
53317725078
53317730083
53317734050
53317738017
53317743938
53317746990
53317753703
53317759075
53317762920
53317769573
53317775432
53317779277
53317786968
53317792949
53317800090
53317806499
53317812541
53317820598
53317827556
53317833049
53317840373
53317846171
53317855449
53317861247
53317868449
53317876628
53317882243
53317890300
53317896769
53317903666
53317910136
53317918376
53317925761
53317933085
53317937419
53317946513
53317953654
53317961711
53317969950
53317977702
53317985026
53317992472
53317998637
53318006022
53318013224
53318021586
53318029276
53318037333
53318043681
53318051310
53318057536
53318063944
53318071024
53318078654
53318085185
53318091105
53318097941
53318103983
53318112589
53318119486
53318127482
53318134379
53318143534
53318151408
53318157633
53318164286
53318173868
53318178629
53318188517
53318195292
53318203226
53318210978
53318218973
53318225870
53318231424
53318238260
53318245707
53318252726
53318260233
53318268167
53318273722
53318282755
53318288065
53318295694
53318303446
53318313089
53318319925
53318327188
53318333719
53318342813
53318349344
53318358316
53318363809
53318374490
53318382120
53318387552
53318391702
53318401529
53318405862
53318414774
53318422891
53318428323
53318436441
53318441995
53318449808
53318457864
53318465677
53318471963
53318481485
53318487222
53318496683
53318502908
53318510660
53318517434
53318525613
53318535074
53318542520
53318548501
53318556558
53318561013
53318569741
53318577920
53318584451
53318592813
53318600808
53318605630
53318615945
53318624002
53318630044
53318637979
53318645791
53318654519
53318663186
53318670754
53318676858
53318684731
53318692727
53318700356
53318706765
53318714455
53318721841
53318728432
53318734536
53318740761
53318748330
53318754250
53318760842
53318768838
53318775796
53318787087
53318794411
53318802529
53318810647
53318817605
53318827248
53318833107
53318842812
53318849892
53318859291
53318866860
53318875527
53318882546
53318892006
53318899025
53318906533
53318915383
53318922646
53318932411
53318939552
53318948952
53318958717
53318966591
53318975502
53318980629
53318991188
53318997047
53319008888
53319014564
53319023109
53319032387
53319041298
53319046181
53319054176
53319060890
53319068764
53319075599
53319084999
53319093178
53319103065
53319108680
53319119667
53319129127
53319135536
53319145240
53319155861
53319166297
53319174903
53319183387
53319188148
53319198158
53319207496
53319215187
53319224098
53319233009
53319241065
53319249671
53319257301
53319266456
53319274268
53319282935
53319291846
53319298927
53319307166
53319315833
53319324744
53319331641
53319339698
53319348121
53319355811
53319362037
53319370215
53319378516
53319386023
53319394752
53319403235
53319409888
53319420813
53319427588
53319436438
53319442603
53319452002
53319458045
53319467444
53319475806
53319482581
53319490760
53319496863
53319505713
53319513587
53319520239
53319528906
53319535925
53319545752
53319552344
53319561377
53319572302
53319581213
53319587805
53319596655
53319607275
53319613745
53319621924
53319629797
53319636572
53319644751
53319653601
53319660681
53319666846
53319678930
53319686499
53319694861
53319702429
53319711035
53319716711
53319724707
53319730444
53319741003
53319749548
53319757605
53319764318
53319771521
53319778601
53319785009
53319792883
53319800451
53319808447
53319816076
53319823278
53319830663
53319838537
53319847875
53319856603
53319862829
53319869665
53319875951
53319883032
53319890783
53319899206
53319907262
53319915136
53319921789
53319928258
53319935094
53319942052
53319949438
53319958532
53319967016
53319974035
53319981054
53319988500
53319995824
53320002477
53320010717
53320018224
53320025365
53320034520
53320040929
53320048619
53320055333
53320064550
53320073583
53320082006
53320089757
53320094762
53320105992
53320113194
53320121434
53320129674
53320137670
53320145970
53320152684
53320160252
53320168187
53320176244
53320184422
53320193211
53320202061
53320208409
53320215428
53320223241
53320230748
53320237279
53320243626
53320248570
53320255589
53320259312
53320267064
53320270543
53320277073
53320285313
53320291234
53320299229
53320304295
53320310643
53320318882
53320326878
53320333531
53320342442
53320349949
53320354832
53320363316
53320368321
53320375401
53320381077
53320389439
53320394993
53320403965
53320409275
53320414952
53320422825
53320430088
53320435948
53320443028
53320449436
53320456516
53320463047
53320468601
53320479466
53320486240
53320493626
53320499912
53320505466
53320513218
53320519382
53320527683
53320534946
53320542637
53320548740
53320556370
53320563938
53320569858
53320576511
53320582493
53320592502
53320597019
53320605381
53320610630
53320617588
53320622959
53320630710
53320637424
53320643772
53320647800
53320655674
53320662082
53320668491
53320672336
53320680576
53320687595
53320694065
53320700412
53320706699
53320712863
53320719211
53320724582
53320731174
53320738071
53320744418
53320751010
53320757358
53320763522
53320769748
53320775851
53320782443
53320788669
53320795688
53320802158
53320808932
53320813876
53320820529
53320825534
53320832431
53320839572
53320845737
53320851962
53320859408
53320866488
53320871982
53320876986
53320884067
53320891208
53320897189
53320902804
53320908297
53320915500
53320921115
53320927768
53320933627
53320940341
53320944125
53320949984
53320954623
53320961398
53320967929
53320974337
53320980746
53320987765
53320991549
53321001071
53321007113
53321013522
53321020541
53321027560
53321034945
53321042086
53321048556
53321054232
53321062350
53321068697
53321074618
53321080782
53321087862
53321093600
53321100314
53321105563
53321111910
53321116854
53321123446
53321132052
53321138827
53321144625
53321150484
53321159029
53321168245
53321173800
53321181795
53321188875
53321196688
53321205355
53321212679
53321219271
53321225557
53321230867
53321237886
53321243074
53321249910
53321254793
53321262178
53321265596
53321272676
53321276094
53321284334
53321289888
53321295320
53321299654
53321305147
53321312349
53321317415
53321327303
53321335298
53321342928
53321349214
53321355928
53321361482
53321368807
53321373628
53321380464
53321386873
53321393221
53321402254
53321410127
53321413972
53321423494
53321430696
53321438386
53321446504
53321453340
53321460115
53321466890
53321474275
53321480501
53321487092
53321493867
53321503938
53321510286
53321513643
53321523164
53321530610
53321535981
53321542390
53321548433
53321555024
53321561921
53321567536
53321573884
53321579682
53321585054
53321589387
53321600007
53321605561
53321612824
53321618684
53321623811
53321631623
53321637299
53321643403
53321648347
53321655061
53321662507
53321668671
53321674958
53321680268
53321686677
53321691865
53321697907
53321709138
53321718537
53321724580
53321730988
53321739106
53321746430
53321757050
53321764496
53321767731
53321774750
53321780732
53321787079
53321790497
53321799347
53321805634
53321810090
53321815339
53321820771
53321827179
53321833588
53321838471
53321844880
53321850251
53321855561
53321863129
53321868439
53321875336
53321881195
53321886444
53321891754
53321897553
53321903351
53321909760
53321915253
53321921417
53321927155
53321932037
53321939606
53321944794
53321950531
53321955353
53321961762
53321966217
53321972137
53321977203
53321984894
53321991241
53321997467
53322004486
53322009186
53322016388
53322021576
53322028961
53322034393
53322040924
53322045990
53322052032
53322056671
53322064056
53322070465
53322076568
53322079864
53322088531
53322091766
53322099701
53322107330
53322111969
53322117828
53322123443
53322128753
53322134735
53322139679
53322146209
53322151519
53322155975
53322162139
53322166839
53322174469
53322180572
53322186431
53322192657
53322198944
53322205169
53322210174
53322216400
53322222320
53322227935
53322234588
53322239410
53322245330
53322249908
53322256316
53322262603
53322269256
53322275787
53322283904
53322291106
53322297454
53322307525
53322312408
53322320403
53322327666
53322333404
53322338164
53322343658
53322350066
53322354522
53322362090
53322367644
53322374358
53322379912
53322386199
53322391143
53322397490
53322402068
53322408477
53322415130
53322421416
53322427764
53322432708
53322439116
53322445037
53322450591
53322457305
53322463103
53322468779
53322474089
53322480498
53322486846
53322492339
53322499114
53322505461
53322509734
53322516448
53322521147
53322528044
53322534331
53322541167
53322545744
53322552519
53322559416
53322565398
53322570769
53322576689
53322582976
53322588591
53322593230
53322599089
53322604277
53322612150
53322615568
53322623808
53322629973
53322636015
53322642790
53322647978
53322653471
53322659941
53322665556
53322672331
53322678557
53322683928
53322690642
53322695768
53322700956
53322705900
53322713102
53322719877
53322726286
53322732450
53322738310
53322743742
53322747831
53322753935
53322759977
53322765226
53322771757
53322777372
53322782743
53322789762
53322794706
53322801054
53322804289
53322810270
53322815763
53322825590
53322831388
53322840910
53322847440
53322854765
53322863065
53322872831
53322881315
53322887174
53322893888
53322900114
53322907011
53322911893
53322916654
53322922269
53322927030
53322934354
53322941556
53322946500
53322953458
53322958768
53322964322
53322968656
53322974576
53322980802
53322987394
53322993985
53323000272
53323005826
53323012967
53323018827
53323023282
53323027677
53323034757
53323041715
53323048001
53323054654
53323060453
53323065641
53323071134
53323076871
53323083890
53323089200
53323094510
53323101956
53323107388
53323114041
53323120206
53323126126
53323132718
53323138944
53323144681
53323150967
53323157376
53323163419
53323168546
53323174344
53323180325
53323185147
53323192288
53323196866
53323201932
53323206509
53323213162
53323218411
53323224637
53323229886
53323236966
53323243130
53323249112
53323255032
53323259305
53323262784
53323270840
53323277066
53323282986
53323287808
53323292996
53323298245
53323304226
53323310696
53323316189
53323322293
53323327420
53323333401
53323340298
53323344815
53323349881
53323355618
53323361233
53323368496
53323375332
53323384121
53323394009
53323402493
53323410732
53323419033
53323424648
53323434353
53323440579
53323447781
53323453457
53323458340
53323467129
53323473293
53323478237
53323487698
53323494228
53323499844
53323506435
53323511501
53323520412
53323526455
53323533169
53323539760
53323545070
53323552395
53323561489
53323568142
53323575466
53323581569
53323587368
53323595363
53323602138
53323609768
53323614040
53323621791
53323628078
53323632839
53323640773
53323647060
53323653774
53323659633
53323666530
53323673671
53323680263
53323687648
53323692104
53323699611
53323706203
53323711574
53323718959
53323726772
53323732814
53323739284
53323745693
53323752101
53323758815
53323765285
53323771754
53323777614
53323784633
53323790187
53323795985
53323802516
53323809413
53323816676
53323823085
53323829738
53323837367
53323844569
53323850612
53323857326
53323863124
53323868678
53323876307
53323885096
53323891871
53323898158
53323905238
53323912684
53323919459
53323929347
53323937098
53323942897
53323950770
53323957850
53323964747
53323969569
53323977442
53323983302
53323989405
53323995814
53324001856
53324008936
53324015772
53324020655
53324027979
53324033839
53324039820
53324047389
53324053797
53324059229
53324065638
53324072352
53324077113
53324083826
53324090235
53324096705
53324104029
53324110865
53324115870
53324121912
53324128626
53324133326
53324140833
53324147974
53324153650
53324160059
53324166224
53324173304
53324179468
53324185206
53324193201
53324198877
53324204798
53324210840
53324217188
53324223719
53324229883
53324238123
53324243677
53324251001
53324256800
53324263391
53324268823
53324276087
53324282312
53324288843
53324295008
53324301599
53324307886
53324313440
53324321375
53324328394
53324333826
53324340601
53324346155
53324353174
53324357996
53324365076
53324369836
53324378259
53324384241
53324390161
53324395166
53324402063
53324407861
53324414514
53324420434
53324425989
53324433130
53324439660
53324445154
53324453149
53324460901
53324467737
53324474389
53324481775
53324489404
53324495141
53324502832
53324506189
53324516015
53324522058
53324526391
53324534326
53324539148
53324546106
53324551782
53324558374
53324563317
53324568566
53324574060
53324580285
53324587182
53324592187
53324598718
53324605370
53324610436
53324616052
53324622888
53324630578
53324635522
53324642053
53324645165
53324653344
53324656396
53324663476
53324671044
53324675561
53324682946
53324687585
53324694360
53324699242
53324704858
53324711877
53324717675
53324725426
53324729577
53324736107
53324740624
53324747338
53324753563
53324759484
53324766625
53324773278
53324778527
53324786095
53324791588
53324798607
53324805626
53324813622
53324820946
53324826439
53324832970
53324839562
53324847008
53324853173
53324860070
53324865929
53324872765
53324878990
53324885338
53324892296
53324897118
53324904381
53324909020
53324916100
53324923851
53324929894
53324936180
53324943260
53324949791
53324956017
53324963463
53324970177
53324976341
53324983177
53324991112
53324996239
53325003502
53325011192
53325016746
53325025230
53325030723
53325037376
53325042137
53325050743
53325056846
53325062278
53325070823
53325075523
53325082359
53325087059
53325096397
53325102745
53325108360
53325114647
53325120994
53325126731
53325132774
53325139732
53325146690
53325152427
53325158226
53325164512
53325170555
53325176231
53325182578
53325188682
53325195518
53325200645
53325207359
53325213584
53325219566
53325226646
53325232505
53325238303
53325245139
53325251853
53325256553
53325263389
53325266746
53325275962
53325282798
53325289573
53325295676
53325300376
53325306663
53325314353
53325318870
53325327659
53325332297
53325340293
53325346396
53325352317
53325358298
53325365073
53325371299
53325377646
53325383689
53325390830
53325397483
53325402549
53325410117
53325415000
53325422690
53325429282
53325435324
53325441550
53325446616
53325453757
53325461325
53325465293
53325472129
53325477194
53325484580
53325492026
53325498618
53325504965
53325509726
53325516623
53325524069
53325531394
53325540183
53325546103
53325553427
53325560812
53325566244
53325573202
53325579062
53325585715
53325591330
53325597800
53325604025
53325609579
53325614950
53325621908
53325627463
53325632590
53325640219
53325646078
53325651877
53325657004
53325662436
53325668966
53325675436
53325680624
53325685019
53325692892
53325697897
53325704245
53325711203
53325716085
53325722860
53325728414
53325732626
53325740560
53325747274
53325752523
53325758444
53325764547
53325769796
53325775595
53325781332
53325789633
53325794637
53325800436
53325808614
53325814108
53325821249
53325828024
53325833944
53325840719
53325847250
53325852621
53325859762
53325865438
53325872762
53325878194
53325884237
53325889608
53325896139
53325901693
53325907857
53325913961
53325920309
53325926229
53325932882
53325938314
53325945638
53325950704
53325956075
53325961934
53325967794
53325974019
53325980001
53325986959
53325992391
53325999471
53326005147
53326011068
53326018697
53326023275
53326032613
53326039998
53326046346
53326052327
53326059529
53326065572
53326075459
53326085713
53326091695
53326096883
53326104695
53326109456
53326114583
53326119832
53326127095
53326134663
53326140401
53326146382
53326151875
53326159016
53326165486
53326170064
53326177754
53326183308
53326189168
53326196248
53326200642
53326207295
53326213887
53326217488
53326224080
53326229207
53326236653
53326243245
53326247273
53326254414
53326259236
53326264790
53326271992
53326276692
53326283345
53326287739
53326294636
53326297566
53326305561
53326311787
53326316548
53326323750
53326328694
53326334858
53326340962
53326346577
53326355305
53326360127
53326366780
53326371968
53326376728
53326383320
53326388996
53326394367
53326401936
53326406757
53326414387
53326420368
53326426899
53326433735
53326436909
53326444050
53326450642
53326456013
53326462849
53326469074
53326475239
53326481769
53326486286
53326493915
53326499164
53326504108
53326511433
53326516865
53326523823
53326530597
53326536579
53326543171
53326554096
53326560077
53326569050
53326577778
53326584125
53326592853
53326599445
53326604267
53326610431
53326616108
53326620807
53326628864
53326634357
53326642658
53326647235
53326652545
53326660053
53326664997
53326670917
53326676532
53326683856
53326691181
53326695819
53326702350
53326708148
53326714435
53326720905
53326726581
53326732684
53326738055
53326744586
53326750995
53326756061
53326763141
53326769122
53326775165
53326782062
53326787677
53326793170
53326799701
53326805743
53326812091
53326817950
53326823504
53326828998
53326834918
53326840960
53326847552
53326853473
53326858111
53326864459
53326871661
53326876910
53326883807
53326889361
53326894610
53326902057
53326907244
53326912616
53326917926
53326925677
53326931414
53326937945
53326944293
53326948504
53326954913
53326959307
53326966632
53326972918
53326978961
53326983904
53326989642
53326996111
53327002154
53327008807
53327014239
53327020709
53327027178
53327032427
53327038287
53327042864
53327049761
53327055254
53327060625
53327069964
53327082232
53327089861
53327098284
53327106707
53327113970
53327121233
53327124834
53327133074
53327138933
53327145342
53327152300
53327157915
53327164019
53327168963
53327175066
53327178850
53327188005
53327196123
53327201738
53327206499
53327214128
53327219011
53327225908
53327232988
53327239031
53327244707
53327251421
53327256975
53327263567
53327268755
53327275896
53327281206
53327285784
53327293291
53327299883
53327305620
53327311723
53327317888
53327324480
53327329179
53327336259
53327343034
53327346941
53327354570
53327359148
53327366411
53327372880
53327378435
53327383562
53327388689
53327394731
53327400773
53327407670
53327411699
53327419755
53327424760
53327431291
53327437578
53327444414
53327450395
53327455644
53327463090
53327468583
53327474504
53327482011
53327486772
53327493608
53327499528
53327505510
53327510698
53327516801
53327523881
53327527787
53327535356
53327541642
53327547196
53327552873
53327558488
53327565324
53327570207
53327578263
53327589066
53327595597
53327605241
53327613114
53327619828
53327626786
53327632218
53327639787
53327643754
53327651139
53327658952
53327664933
53327670487
53327677018
53327683060
53327688431
53327695695
53327701188
53327706681
53327711320
53327718583
53327722062
53327730301
53327735673
53327741349
53327748063
53327753068
53327760148
53327765091
53327771561
53327777665
53327782853
53327787918
53327795365
53327800675
53327807633
53327812943
53327819657
53327825272
53327831681
53327838333
53327842606
53327850418
53327857743
53327863175
53327872452
53327879105
53327887100
53327892410
53327900101
53327905777
53327912003
53327917435
53327924088
53327930557
53327937088
53327943497
53327947220
53327954605
53327961441
53327967911
53327974380
53327980667
53327986465
53327991714
53327998184
53328003433
53328009781
53328031936
53328039749
53328045730
53328051956
53328058181
53328063736
53328069778
53328075210
53328082473
53328088943
53328094986
53328101028
53328106948
53328112625
53328118606
53328125015
53328131607
53328137039
53328147232
53328152969
53328160903
53328165664
53328176589
53328185134
53328191177
53328198196
53328204055
53328209304
53328217178
53328222549
53328228896
53328232681
53328241836
53328246963
53328253371
53328259719
53328266006
53328272231
53328277236
53328282912
53328287490
53328294204
53328300674
53328307143
53328311172
53328318435
53328324538
53328328994
53328335830
53328342177
53328348891
53328353896
53328360854
53328367385
53328373427
53328378432
53328384475
53328388930
53328394912
53328401625
53328408034
53328414138
53328420302
53328426406
53328432204
53328436965
53328444106
53328448317
53328454421
53328460097
53328465468
53328473036
53328478591
53328485243
53328489577
53328497145
53328503737
53328510085
53328516615
53328521559
53328528761
53328533217
53328539381
53328545485
53328550856
53328556288
53328563612
53328569044
53328575880
53328580214
53328589491
53328594862
53328601088
53328607558
53328613722
53328619520
53328623732
53328630079
53328635878
53328641310
53328646193
53328651625
53328656691
53328664381
53328669142
53328675306
53328680738
53328686354
53328691847
53328698317
53328706129
53328713392
53328720106
53328728956
53328736036
53328744886
53328754469
53328761366
53328767774
53328773695
53328778211
53328783582
53328788465
53328795728
53328799757
53328808302
53328814344
53328820509
53328826917
53328833265
53328838880
53328845472
53328851453
53328855482
53328861951
53328866163
53328872205
53328878797
53328884473
53328889966
53328896741
53328901136
53328907483
53328912427
53328919446
53328925733
53328930921
53328938855
53328945203
53328951734
53328956373
53328963392
53328969617
53328975843
53328980725
53328988050
53328992627
53328998792
53329004346
53329010999
53329016797
53329023145
53329031995
53329038343
53329042432
53329048352
53329053296
53329059522
53329065259
53329070752
53329078381
53329084302
53329090222
53329094067
53329101758
53329107922
53329114209
53329121106
53329126965
53329131909
53329137524
53329143140
53329148633
53329154248
53329158643
53329166028
53329170788
53329177136
53329182995
53329188306
53329193310
53329198987
53329206677
53329212109
53329216931
53329223340
53329229077
53329233288
53329239148
53329245434
53329252087
53329258862
53329267102
53329276928
53329284741
53329291272
53329299023
53329307202
53329316723
53329321667
53329328625
53329335339
53329340893
53329345471
53329352001
53329355847
53329363842
53329368969
53329376415
53329381359
53329386791
53329392651
53329397228
53329403637
53329410168
53329416821
53329423901
53329430981
53329436413
53329442333
53329446850
53329452343
53329458752
53329463695
53329468639
53329474743
53329479931
53329487316
53329493175
53329498974
53329505016
53329510876
53329517650
53329524120
53329529247
53329533581
53329541149
53329546581
53329552013
53329558788
53329565258
53329568798
53329575390
53329579906
53329586132
53329591503
53329597118
53329603710
53329609264
53329614818
53329620189
53329626964
53329631969
53329638927
53329644420
53329652110
53329656200
53329662670
53329667430
53329674144
53329679149
53329685069
53329690502
53329697948
53329702953
53329709544
53329715526
53329722118
53329728282
53329735423
53329741344
53329747142
53329752269
53329757762
53329762950
53329767223
53329772838
53329778697
53329784923
53329791881
53329797618
53329802073
53329809093
53329813975
53329826671
53329835582
53329843455
53329851756
53329858409
53329869578
53329876658
53329883494
53329888987
53329894480
53329899607
53329905467
53329912791
53329918467
53329924998
53329930796
53329937998
53329943980
53329950572
53329956004
53329962535
53329967600
53329974436
53329980296
53329986277
53329991892
53329997385
53330004588
53330009470
53330015879
53330021311
53330026682
53330030100
53330037852
53330045298
53330050364
53330056712
53330063547
53330069712
53330074168
53330079966
53330085154
53330092905
53330096873
53330104807
53330111094
53330117014
53330121592
53330127390
53330134531
53330139353
53330146982
53330151804
53330157847
53330164133
53330171152
53330176767
53330183847
53330189157
53330194834
53330199900
53330206430
53330211618
53330217050
53330221445
53330228464
53330234445
53330240915
53330247080
53330253549
53330258859
53330264719
53330271738
53330276865
53330282968
53330289316
53330294382
53330298532
53330304269
53330310190
53330315866
53330320993
53330328683
53330333749
53330341196
53330344736
53330352426
53330356760
53330365549
53330375802
53330383615
53330393564
53330400827
53330405893
53330414621
53330420358
53330426217
53330433725
53330439340
53330445199
53330452585
53330458993
53330466378
53330471200
53330478891
53330484384
53330490731
53330496164
53330503488
53330509408
53330515084
53330518319
53330524972
53330530526
53330537057
53330543466
53330548104
53330554208
53330561105
53330567452
53330572579
53330579110
53330585763
53330591317
53330596200
53330601998
53330606576
53330612862
53330616219
53330623421
53330629220
53330634530
53330637887
53330644173
53330649728
53330655892
53330660897
53330667367
53330673958
53330678536
53330685311
53330689461
53330695504
53330699593
53330706124
53330710824
53330717232
53330721627
53330728158
53330734383
53330739449
53330744576
53330752083
53330758187
53330763619
53330769844
53330776070
53330782296
53330789070
53330794564
53330800118
53330806221
53330812874
53330818978
53330824044
53330830513
53330835274
53330840645
53330846077
53330853523
53330859993
53330866158
53330872505
53330878304
53330882698
53330888741
53330894112
53330899849
53330904793
53330910774
53330916023
53330920906
53330931038
53330939033
53330947639
53330953621
53330961189
53330966377
53330974617
53330978828
53330989570
53330994148
53330999885
53331005684
53331011970
53331018135
53331024910
53331031196
53331036506
53331042854
53331047432
53331052559
53331058418
53331063484
53331068428
53331075142
53331078621
53331085762
53331091560
53331095893
53331101692
53331107429
53331114082
53331120368
53331125984
53331132026
53331138374
53331144477
53331149543
53331155280
53331161750
53331167610
53331172431
53331178535
53331183601
53331188361
53331196235
53331201850
53331207099
53331212043
53331219367
53331222663
53331231269
53331237678
53331243964
53331249946
53331255805
53331261115
53331266730
53331271857
53331277167
53331282050
53331287848
53331294501
53331299140
53331306159
53331312995
53331318854
53331323981
53331331000
53331337104
53331344184
53331349799
53331357673
53331364081
53331369208
53331375922
53331382209
53331389045
53331393927
53331400519
53331404975
53331411261
53331417365
53331422003
53331428046
53331433722
53331439765
53331446906
53331450324
53331457404
53331461127
53331469794
53331476569
53331483588
53331491950
53331499823
53331507208
53331514410
53331521979
53331528754
53331538031
53331545904
53331553717
53331559943
53331565558
53331572821
53331578985
53331585028
53331591742
53331598150
53331603277
53331609015
53331614813
53331619635
53331624334
53331631170
53331635626
53331642340
53331645819
53331653326
53331658087
53331666082
53331669378
53331678167
53331684759
53331691046
53331696905
53331703558
53331709722
53331716314
53331722113
53331726873
53331733221
53331739630
53331746038
53331751653
53331757879
53331763250
53331770879
53331776800
53331782781
53331786077
53331793462
53331798650
53331805608
53331812566
53331818853
53331823797
53331829717
53331835516
53331842107
53331848089
53331852911
53331860479
53331866033
53331872747
53331877935
53331883733
53331888738
53331894720
53331899236
53331905645
53331911199
53331919011
53331924932
53331929815
53331936345
53331942022
53331948125
53331953130
53331958684
53331963323
53331969548
53331973577
53331982366
53331987798
53331994023
53331997625
53332007085
53332013555
53332020635
53332025945
53332031987
53332038152
53332042790
53332049382
53332053777
53332063115
53332071172
53332079350
53332089482
53332094914
53332101018
53332110905
53332117741
53332125005
53332130864
53332135625
53332141179
53332148442
53332153996
53332159245
53332166875
53332171513
53332178227
53332181584
53332189091
53332194707
53332200749
53332207341
53332212773
53332219670
53332224614
53332231816
53332239750
53332246159
53332255314
53332261113
53332268620
53332273686
53332280217
53332287419
53332292301
53332301335
53332309330
53332314762
53332322941
53332330204
53332337284
53332343632
53332350407
53332359196
53332365543
53332375797
53332383305
53332389835
53332399113
53332406742
53332412113
53332422245
53332429508
53332434147
53332441715
53332444828
53332454655
53332460880
53332467655
53332475712
53332481937
53332489750
53332497684
53332504154
53332510196
53332517582
53332524601
53332530826
53332534671
53332542240
53332548648
53332554203
53332561283
53332567386
53332573856
53332579227
53332585208
53332591495
53332596683
53332604740
53332609439
53332617923
53332627201
53332633182
53332640384
53332647525
53332655216
53332662479
53332669193
53332676212
53332681644
53332688113
53332694888
53332701114
53332706302
53332711002
53332716312
53332722354
53332727969
53332733157
53332739627
53332744449
53332750980
53332757510
53332763858
53332767703
53332775760
53332780154
53332788394
53332794559
53332799991
53332804446
53332809878
53332816043
53332823489
53332828067
53332834659
53332841128
53332846804
53332854190
53332858035
53332865359
53332871096
53332876284
53332879580
53332886294
53332892642
53332901370
53332907351
53332913516
53332920169
53332926516
53332933413
53332938235
53332944766
53332951052
53332956423
53332961306
53332968020
53332973452
53332980837
53332986941
53332992007
53332996951
53333004092
53333011965
53333017947
53333023135
53333028933
53333035158
53333041445
53333047488
53333052492
53333060427
53333064577
53333072634
53333079043
53333084414
53333089113
53333095034
53333102297
53333108889
53333114870
53333119692
53333125124
53333129763
53333136721
53333141726
53333148623
53333153627
53333161989
53333168276
53333172976
53333179933
53333190737
53333194399
53333203554
53333212526
53333220583
53333227175
53333236452
53333243227
53333248110
53333254946
53333259279
53333265382
53333272218
53333278078
53333281679
53333289430
53333294496
53333302492
53333308595
53333312929
53333319093
53333324586
53333331117
53333335939
53333343141
53333349794
53333355226
53333361513
53333368043
53333373231
53333379396
53333384157
53333392091
53333396058
53333404420
53333410951
53333416322
53333421022
53333426393
53333432374
53333436708
53333443849
53333450929
53333457765
53333463136
53333472718
53333479371
53333486634
53333492372
53333499024
53333506044
53333509706
53333517030
53333521668
53333529420
53333534425
53333540101
53333546143
53333551942
53333557557
53333563233
53333568849
53333574403
53333580445
53333586366
53333592896
53333599976
53333606385
53333612977
53333618348
53333623170
53333630494
53333635316
53333642091
53333645936
53333654481
53333658265
53333665223
53333670106
53333677003
53333683594
53333689087
53333695008
53333700989
53333707154
53333713135
53333718384
53333724976
53333730957
53333736329
53333743470
53333748597
53333756531
53333766968
53333773621
53333779969
53333788330
53333794251
53333801697
53333808777
53333814636
53333820130
53333826904
53333831848
53333838806
53333841980
53333848938
53333852295
53333859924
53333867676
53333873230
53333879761
53333885071
53333891785
53333896729
53333904114
53333908386
53333918091
53333923340
53333928833
53333934448
53333940185
53333945190
53333951843
53333958740
53333963806
53333970947
53333975708
53333981506
53333987671
53333992676
53333998718
53334004699
53334009826
53334016540
53334021179
53334028198
53334034423
53334040954
53334047668
53334053711
53334059997
53334065673
53334070617
53334075866
53334080444
53334086242
53334093017
53334099792
53334105224
53334110229
53334116699
53334122436
53334128784
53334134460
53334141540
53334146911
53334153991
53334158996
53334166259
53334171996
53334177917
53334181823
53334189086
53334192626
53334200317
53334206969
53334211608
53334217651
53334223388
53334230468
53334235473
53334242126
53334249084
53334255248
53334259887
53334267089
53334272155
53334277953
53334282592
53334290221
53334296142
53334300231
53334308837
53334318847
53334324584
53334332824
53334340270
53334348937
53334357665
53334364379
53334370116
53334378844
53334384642
53334390990
53334396788
53334403197
53334409117
53334414488
53334419432
53334425597
53334431029
53334437926
53334442809
53334449828
53334455809
53334460570
53334467162
53334473204
53334479002
53334484618
53334490294
53334493895
53334500792
53334507140
53334512999
53334518248
53334524535
53334530760
53334537474
53334543272
53334549254
53334554381
53334558653
53334566038
53334571593
53334578306
53334583677
53334589903
53334595640
53334599913
53334604796
53334612303
53334618895
53334625364
53334632200
53334637693
53334643065
53334647337
53334653563
53334659971
53334665770
53334672605
53334679197
53334683531
53334690061
53334694151
53334700315
53334705076
53334711302
53334716184
53334723509
53334729551
53334735899
53334742063
53334747190
53334753782
53334760374
53334765135
53334773435
53334778867
53334784666
53334790586
53334796262
53334801145
53334807066
53334813291
53334820310
53334825498
53334832578
53334837461
53334843381
53334847837
53334854612
53334861265
53334866941
53334875913
53334885496
53334893430
53334901182
53334906431
53334914243
53334924253
53334932981
53334942075
53334947019
53334953366
53334959775
53334965634
53334970639
53334977719
53334984494
53334990415
53334995847
53335001889
53335006589
53335014707
53335018247
53335025632
53335031064
53335036618
53335041562
53335047849
53335054379
53335060666
53335067014
53335073178
53335078610
53335085019
53335091489
53335098691
53335104306
53335111081
53335116696
53335121396
53335127560
53335132992
53335140073
53335145322
53335152157
53335158749
53335164975
53335170651
53335177121
53335183957
53335190976
53335197140
53335202572
53335209530
53335215390
53335221554
53335225155
53335233578
53335237301
53335245419
53335251706
53335257687
53335263790
53335269894
53335275997
53335282345
53335288998
53335293759
53335301876
53335306637
53335313046
53335317684
53335324825
53335330380
53335336849
53335342281
53335350033
53335356014
53335362972
53335369564
53335376522
53335382198
53335391354
53335395443
53335402645
53335407101
53335416500
53335422359
53335428463
53335434200
53335438839
53335445125
53335451290
53335456661
53335465450
53335473385
53335482296
53335488582
53335496334
53335502926
53335512630
53335518917
53335528133
53335532406
53335537166
53335544246
53335550716
53335557186
53335562618
53335568599
53335574764
53335579158
53335586544
53335593257
53335598323
53335605464
53335610042
53335614986
53335621883
53335625240
53335631587
53335637325
53335643245
53335649593
53335654720
53335662044
53335667171
53335673335
53335679256
53335685847
53335692744
53335697688
53335702876
53335709224
53335714717
53335720149
53335724666
53335731013
53335735591
53335742549
53335747676
53335755366
53335762385
53335767695
53335773433
53335780635
53335786921
53335793147
53335797175
53335805537
53335809443
53335817866
53335821895
53335830073
53335834224
53335843379
53335847041
53335856990
53335863948
53335868586
53335875361
53335880122
53335887263
53335891658
53335897639
53335904048
53335909602
53335914118
53335921504
53335927790
53335934931
53335940730
53335948054
53335952204
53335960810
53335966731
53335974421
53335978022
53335984553
53335989619
53335996272
53336001215
53336007807
53336011652
53336019160
53336025629
53336030634
53336036188
53336044001
53336053766
53336063044
53336069819
53336078242
53336083796
53336092157
53336099299
53336106012
53336111567
53336119684
53336126459
53336132685
53336138910
53336144648
53336149347
53336154963
53336160700
53336166559
53336172296
53336178034
53336182611
53336188654
53336194391
53336199945
53336205988
53336214411
53336219660
53336223078
53336230829
53336236994
53336243524
53336248956
53336255487
53336261469
53336267755
53336274530
53336281061
53336286554
53336291315
53336296442
53336303155
53336309198
53336312921
53336320856
53336324090
53336333368
53336339471
53336345880
53336352167
53336356683
53336364007
53336368951
53336375665
53336382501
53336388360
53336393182
53336399713
53336403192
53336409784
53336414911
53336422235
53336428949
53336436578
53336442498
53336447320
53336453241
53336459344
53336466119
53336471246
53336477532
53336484307
53336490777
53336495965
53336502679
53336507745
53336516046
53336521417
53336528558
53336534112
53336541436
53336545709
53336552667
53336557305
53336563592
53336568047
53336574578
53336581902
53336589471
53336595147
53336602410
53336608453
53336615655
53336622185
53336628716
53336638909
53336645989
53336654717
53336663384
53336671380
53336677849
53336685906
53336693841
53336698601
53336705620
53336711968
53336717644
53336722527
53336728814
53336733452
53336739861
53336744866
53336751397
53336754753
53336763054
53336769036
53336774407
53336779228
53336784722
53336789788
53336795464
53336802361
53336807244
53336814507
53336819634
53336827507
53336833672
53336840325
53336846001
53336853081
53336858513
53336864861
53336870476
53336878716
53336884575
53336892204
53336898003
53336905998
53336909904
53336917290
53336920830
53336931694
53336937675
53336947441
53336953239
53336959526
53336966240
53336972709
53336979667
53336986381
53336993095
53336999992
53337005363
53337011650
53337018242
53337023491
53337029106
53337036613
53337041923
53337048881
53337055656
53337060966
53337067070
53337072074
53337076652
53337082389
53337087028
53337095146
53337102531
53337107719
53337113456
53337122917
53337126945
53337133781
53337140556
53337145866
53337153617
53337158927
53337165519
53337172294
53337178214
53337183341
53337190421
53337197990
53337203605
53337211234
53337218314
53337226249
53337232780
53337240470
53337249137
53337259208
53337265311
53337271598
53337281119
53337287589
53337293754
53337299491
53337306205
53337312552
53337317862
53337323905
53337329337
53337335563
53337343253
53337348624
53337352103
53337359366
53337365714
53337372184
53337378653
53337383658
53337390555
53337396414
53337402335
53337406912
53337412589
53337419364
53337426688
53337432547
53337440176
53337445792
53337453421
53337458914
53337466177
53337471732
53337479849
53337487112
53337493033
53337498343
53337504019
53337509512
53337515738
53337521109
53337527701
53337532706
53337539236
53337544424
53337549551
53337554312
53337560721
53337565420
53337572683
53337576285
53337585867
53337589468
53337596609
53337606375
53337613150
53337619925
53337625052
53337632254
53337636892
53337643728
53337649160
53337656240
53337662283
53337668631
53337675039
53337681021
53337687185
53337694387
53337699331
53337704641
53337712820
53337718435
53337724661
53337730398
53337736379
53337742727
53337749319
53337755972
53337763601
53337769949
53337776418
53337782827
53337788808
53337795339
53337801870
53337808584
53337816274
53337823110
53337830678
53337835561
53337843801
53337852224
53337858938
53337867544
53337872793
53337879567
53337885366
53337892080
53337898000
53337903615
53337909230
53337914968
53337921804
53337926931
53337932912
53337940969
53337945180
53337952626
53337957753
53337963674
53337968373
53337976613
53337980336
53337989186
53337994985
53338001027
53338007436
53338012990
53338019704
53338023976
53338032582
53338038808
53338044423
53338050221
53338055470
53338062733
53338069386
53338075551
53338080373
53338085683
53338092580
53338098195
53338103383
53338109975
53338116322
53338122182
53338127553
53338134022
53338140553
53338145619
53338152150
53338157887
53338163807
53338170582
53338176747
53338183522
53338190297
53338196095
53338202198
53338207753
53338215504
53338221058
53338226307
53338233754
53338238636
53338245289
53338251332
53338256398
53338262074
53338269642
53338275502
53338281361
53338287647
53338294300
53338300465
53338305165
53338312306
53338319508
53338327259
53338333485
53338338429
53338345203
53338352833
53338362598
53338373280
53338380360
53338389149
53338395130
53338403431
53338409779
53338416492
53338425220
53338432789
53338438953
53338444568
53338451038
53338457447
53338464649
53338471180
53338478626
53338484058
53338491443
53338498401
53338508716
53338515125
53338520679
53338528553
53338534046
53338541492
53338548877
53338556568
53338562427
53338568225
53338577320
53338583301
53338589466
53338595691
53338602283
53338607166
53338614856
53338622302
53338629566
53338634754
53338641345
53338646045
53338652881
53338658862
53338666675
53338672900
53338678394
53338685229
53338690601
53338700244
53338706531
53338711963
53338718494
53338723071
53338728564
53338735583
53338740039
53338747058
53338753345
53338759265
53338764880
53338772632
53338778430
53338786242
53338792468
53338796985
53338806018
53338812365
53338818347
53338824939
53338831103
53338836535
53338841906
53338847644
53338854663
53338862780
53338869250
53338873339
53338882556
53338890795
53338897082
53338904406
53338909594
53338917529
53338920764
53338927905
53338934618
53338940234
53338946825
53338953234
53338959582
53338964709
53338971667
53338976366
53338982653
53338989184
53338993639
53338999682
53339006029
53339011523
53339017504
53339022631
53339029772
53339034167
53339042528
53339049608
53339055773
53339061022
53339067248
53339073778
53339078783
53339084948
53339089220
53339094774
53339101427
53339112169
53339116869
53339125719
53339133043
53339138597
53339144213
53339149889
53339156847
53339161302
53339168016
53339174059
53339179674
53339186083
53339191759
53339197862
53339203478
53339208421
53339215257
53339221117
53339227953
53339233202
53339238756
53339244371
53339250169
53339256029
53339263780
53339269090
53339275194
53339279955
53339287035
53339291612
53339298021
53339303392
53339311449
53339317491
53339322984
53339330553
53339336046
53339342882
53339347886
53339353929
53339361619
53339367967
53339374009
53339380357
53339387986
53339394273
53339402269
53339408372
53339415208
53339422105
53339431321
53339439805
53339448716
53339454820
53339461717
53339469224
53339475450
53339484361
53339491075
53339498277
53339504258
53339509385
53339516831
53339524522
53339535020
53339551011
53339560044
53339568833
53339576585
53339582688
53339589341
53339594834
53339601182
53339608445
53339615037
53339620896
53339627915
53339635300
53339642930
53339649888
53339657517
53339663376
53339669724
53339675095
53339682663
53339690232
53339696946
53339703904
53339709336
53339715378
53339722397
53339728745
53339734970
53339741135
53339747055
53339752182
53339759201
53339766098
53339773239
53339779221
53339784836
53339791245
53339798752
53339804978
53339811936
53339817734
53339823959
53339830734
53339836289
53339843491
53339851425
53339857285
53339863632
53339870102
53339875900
53339881882
53339887985
53339893600
53339900070
53339906052
53339912643
53339919540
53339926559
53339932541
53339939194
53339944687
53339952926
53339957016
53339967025
53339974106
53339979538
53339987472
53339993942
53340001571
53340009262
53340014267
53340021896
53340028366
53340035385
53340040756
53340047042
53340054061
53340058883
53340064132
53340072433
53340076034
53340084030
53340090072
53340096115
53340102157
53340107650
53340113754
53340118514
53340124740
53340130538
53340136092
53340142013
53340148971
53340154525
53340161056
53340166549
53340173690
53340179305
53340184859
53340189132
53340195907
53340203048
53340209212
53340214644
53340220199
53340226546
53340233199
53340240157
53340245345
53340251265
53340257735
53340262984
53340268783
53340273665
53340281234
53340288131
53340291793
53340299117
53340304854
53340310225
53340316329
53340322860
53340328719
53340336592
53340342940
53340348128
53340355757
53340361373
53340367293
53340372359
53340378707
53340383284
53340389754
53340395735
53340402022
53340407271
53340412886
53340419173
53340425337
53340431075
53340436751
53340441512
53340446944
53340452864
53340459517
53340465498
53340470869
53340478194
53340483504
53340489851
53340494612
53340501082
53340507490
53340512923
53340517927
53340523848
53340529463
53340536543
53340543684
53340550520
53340556929
53340562361
53340570540
53340576277
53340583174
53340588301
53340597822
53340603804
53340610518
53340616011
53340622114
53340627302
53340633772
53340639265
53340645002
53340652876
53340658308
53340663862
53340667280
53340674238
53340681745
53340688215
53340693769
53340700239
53340706465
53340713056
53340718305
53340724287
53340728925
53340735334
53340741621
53340747175
53340754194
53340757429
53340764570
53340770063
53340775983
53340781904
53340787214
53340793073
53340797712
53340804426
53340811323
53340817487
53340822797
53340829877
53340834943
53340840192
53340845991
53340851179
53340861677
53340867902
53340873761
53340879804
53340887189
53340892316
53340899030
53340906293
53340912885
53340918134
53340924482
53340929914
53340935163
53340942426
53340948590
53340955304
53340961774
53340967816
53340975446
53340980206
53340987653
53340993512
53340999188
53341005475
53341008832
53341016950
53341023663
53341030194
53341037091
53341044171
53341049603
53341055035
53341061627
53341067426
53341075848
53341080670
53341087628
53341095257
53341101605
53341107220
53341116131
53341123212
53341129559
53341138592
53341145917
53341153241
53341158490
53341165631
53341173077
53341178387
53341184552
53341190777
53341196759
53341203534
53341210675
53341216595
53341224591
53341230145
53341237103
53341242596
53341248150
53341253887
53341260540
53341267620
53341272381
53341280132
53341284039
53341292828
53341300030
53341307110
53341312298
53341316998
53341324810
53341330425
53341336590
53341344402
53341351360
53341355816
53341360821
53341368267
53341374432
53341380413
53341387676
53341393719
53341400432
53341408977
53341413006
53341420879
53341428020
53341432903
53341440349
53341445659
53341452434
53341458843
53341464336
53341470989
53341477886
53341483623
53341491375
53341498211
53341504924
53341508464
53341517864
53341524211
53341529888
53341536052
53341540325
53341548076
53341553081
53341559917
53341565349
53341572673
53341577556
53341583660
53341588542
53341595806
53341602031
53341607646
53341613323
53341619060
53341625224
53341631450
53341637798
53341644511
53341651408
53341658488
53341665874
53341671794
53341680095
53341685466
53341693767
53341700481
53341709209
53341714213
53341719951
53341726420
53341732341
53341737773
53341743937
53341751445
53341756328
53341763163
53341769267
53341774760
53341780986
53341786357
53341793132
53341798747
53341804606
53341810527
53341817363
53341823527
53341829570
53341835246
53341841044
53341847819
53341853923
53341860575
53341866007
53341872050
53341877787
53341882548
53341889933
53341895487
53341903910
53341910258
53341916422
53341922038
53341927836
53341933756
53341940226
53341946146
53341953043
53341959147
53341965739
53341971354
53341977579
53341983195
53341991434
53341997294
53342002909
53342008707
53342014567
53342020853
53342028361
53342034464
53342039713
53342045450
53342051554
53342058573
53342064432
53342071329
53342076883
53342084024
53342091410
53342096781
53342103250
53342108805
53342116312
53342121988
53342128214
53342134622
53342140787
53342146402
53342152078
53342158731
53342164408
53342169473
53342175211
53342181436
53342187052
53342192789
53342198892
53342204385
53342210550
53342215799
53342222574
53342229593
53342235147
53342242044
53342247171
53342253702
53342258951
53342269327
53342275796
53342282266
53342288614
53342295450
53342301492
53342307596
53342314004
53342320535
53342325601
53342331827
53342338235
53342343240
53342349771
53342354898
53342362405
53342369180
53342375650
53342381753
53342387857
53342393411
53342398965
53342404397
53342410257
53342417825
53342422464
53342430154
53342434915
53342442849
53342447549
53342454934
53342459939
53342466836
53342472329
53342479287
53342484536
53342491311
53342497353
53342503030
53342508828
53342514504
53342520364
53342526284
53342532388
53342538308
53342544350
53342550942
53342557046
53342563271
53342569070
53342574807
53342581216
53342587868
53342593850
53342600564
53342606301
53342611123
53342617653
53342622475
53342629311
53342634194
53342641457
53342648903
53342655312
53342660622
53342666420
53342672219
53342678078
53342684853
53342691384
53342697915
53342703347
53342709938
53342716713
53342722145
53342727516
53342734658
53342739357
53342747109
53342755226
53342761330
53342767494
53342772072
53342778786
53342786171
53342792153
53342797279
53342805458
53342813088
53342820046
53342827858
53342834267
53342842628
53342849342
53342857094
53342863869
53342870216
53342877846
53342884987
53342891945
53342899574
53342905678
53342911842
53342917641
53342924965
53342930214
53342937904
53342942482
53342949562
53342954384
53342962074
53342967201
53342972755
53342979896
53342986305
53342992530
53342998390
53343005531
53343010658
53343018531
53343023597
53343029701
53343036842
53343042945
53343047950
53343054725
53343061195
53343067054
53343071693
53343079017
53343084754
53343090492
53343095313
53343100929
53343106483
53343112464
53343119849
53343124671
53343131141
53343137794
53343143348
53343148780
53343155921
53343161658
53343167640
53343174598
53343179969
53343183448
53343189918
53343195960
53343200660
53343208594
53343215003
53343220557
53343226783
53343233741
53343238013
53343244910
53343250159
53343257850
53343263038
53343269446
53343274207
53343280310
53343284827
53343290870
53343296546
53343303015
53343306128
53343314429
53343317969
53343325598
53343331946
53343338050
53343342627
53343348242
53343354102
53343360999
53343366858
53343373633
53343379126
53343384314
53343390418
53343395361
53343402869
53343409277
53343416480
53343423254
53343430457
53343437842
53343442358
53343450232
53343456641
53343463843
53343469397
53343475561
53343480444
53343488135
53343494360
53343500708
53343504065
53343512060
53343517431
53343525427
53343532202
53343537024
53343542456
53343547827
53343555151
53343562658
53343569372
53343576208
53343582556
53343588476
53343593908
53343600195
53343604956
53343612097
53343618383
53343624487
53343630712
53343637792
53343643041
53343649633
53343655493
53343662817
53343668920
53343674780
53343679907
53343685705
53343692846
53343700414
53343706518
53343714025
53343720678
53343726293
53343733312
53343739355
53343745519
53343751134
53343756322
53343763525
53343770055
53343776952
53343781225
53343787633
53343792333
53343800817
53343806371
53343812108
53343819860
53343825902
53343831457
53343839086
53343843053
53343850194
53343857335
53343863744
53343869848
53343874181
53343880895
53343887670
53343893590
53343900243
53343905553
53343911107
53343917333
53343922643
53343930028
53343935521
53343942174
53343947606
53343953038
53343959386
53343965550
53343971471
53343977757
53343985387
53343989903
53343998021
53344002965
53344010533
53344016271
53344024266
53344028539
53344035802
53344043736
53344050206
53344055821
53344062413
53344068516
53344073827
53344081212
53344087071
53344093175
53344098668
53344105931
53344109532
53344117283
53344120762
53344130162
53344135838
53344142674
53344148350
53344153355
53344159947
53344164525
53344171116
53344178563
53344186741
53344194004
53344200291
53344206639
53344211521
53344218724
53344223606
53344229344
53344235386
53344240757
53344245945
53344253697
53344259495
53344265537
53344270970
53344277989
53344282505
53344289890
53344295994
53344302219
53344308933
53344313450
53344320164
53344325596
53344331821
53344336216
53344344089
53344348972
53344356663
53344362278
53344368015
53344374363
53344379734
53344386570
53344392185
53344397556
53344405186
53344411472
53344416172
53344422825
53344427097
53344432651
53344438450
53344444553
53344451023
53344457676
53344462009
53344468845
53344475315
53344480747
53344485324
53344491672
53344496799
53344502719
53344508091
53344515293
53344520420
53344528293
53344531894
53344539524
53344546543
53344551242
53344557712
53344563999
53344568820
53344574863
53344580661
53344587558
53344595310
53344601230
53344607883
53344613010
53344619968
53344624912
53344632602
53344639438
53344645358
53344650851
53344655978
53344662814
53344667819
53344674899
53344679477
53344685092
53344691073
53344696689
53344703647
53344709628
53344715060
53344722568
53344728732
53344735141
53344741244
53344747714
53344754672
53344759860
53344766818
53344773410
53344778842
53344784762
53344790561
53344795321
53344801486
53344806613
53344812838
53344820040
53344827243
53344830722
53344837191
53344842684
53344849276
53344855197
53344861422
53344868197
53344874545
53344881442
53344888217
53344893771
53344897799
53344903597
53344909945
53344917208
53344923251
53344927645
53344933138
53344940829
53344944552
53344952059
53344956637
53344963961
53344970125
53344974886
53344983004
53344988192
53344994906
53345001559
53345006624
53345011263
53345018160
53345023104
53345029757
53345035677
53345042879
53345048983
53345055819
53345061678
53345069063
53345074923
53345082369
53345086458
53345095064
53345099092
53345108126
53345114412
53345120760
53345124422
53345133089
53345140413
53345149141
53345155306
53345160311
53345167207
53345175630
53345182955
53345189485
53345196626
53345204439
53345211153
53345216707
53345222139
53345226900
53345232576
53345238069
53345246004
53345251985
53345257173
53345262544
53345268404
53345274751
53345281038
53345287446
53345292512
53345299287
53345303438
53345309968
53345314851
53345320527
53345326997
53345332246
53345337373
53345345002
53345351106
53345356721
53345361848
53345367402
53345373201
53345379731
53345386262
53345391145
53345398530
53345403108
53345408723
53345415559
53345421662
53345428926
53345434724
53345440583
53345446992
53345453156
53345459382
53345463105
53345470490
53345476716
53345482148
53345487946
53345494233
53345499421
53345505525
53345512482
53345518220
53345524384
53345530793
53345536225
53345540925
53345548188
53345552827
53345558930
53345563508
53345569916
53345576386
53345581574
53345587800
53345592988
53345597870
53345605195
53345611847
53345618378
53345624116
53345631135
53345636506
53345643769
53345647858
53345658844
53345666413
53345673066
53345680329
53345687409
53345693695
53345699616
53345705597
53345714814
53345720612
53345729767
53345734589
53345742645
53345750336
53345756867
53345764557
53345772186
53345780670
53345786896
53345792084
53345799286
53345806061
53345812775
53345818817
53345824066
53345831573
53345838959
53345844879
53345850983
53345856842
53345863800
53345868927
53345875091
53345882294
53345888336
53345895355
53345900421
53345907318
53345914276
53345920318
53345925689
53345931976
53345938629
53345943634
53345952606
53345957916
53345964203
53345971099
53345977935
53345984405
53345989288
53345995025
53345999725
53346006927
53346011810
53346019134
53346025909
53346032073
53346037811
53346043792
53346049652
53346055389
53346061431
53346067840
53346074004
53346078277
53346084869
53346091094
53346096221
53346102752
53346108428
53346115630
53346122283
53346128448
53346134856
53346140777
53346146636
53346152434
53346158599
53346164886
53346171172
53346176726
53346181060
53346188445
53346193206
53346199553
53346206695
53346213836
53346220855
53346226836
53346232940
53346238555
53346244841
53346251555
53346257903
53346263030
53346269927
53346276946
53346282927
53346288909
53346296050
53346304106
53346309478
53346317229
53346323760
53346332305
53346342742
53346350432
53346356536
53346361968
53346367278
53346374663
53346380095
53346386443
53346391753
53346398589
53346404387
53346410490
53346416777
53346423186
53346428191
53346434721
53346440886
53346447600
53346453398
53346458281
53346466154
53346471525
53346477568
53346484404
53346489836
53346494475
53346499785
53346504606
53346511992
53346516874
53346524138
53346530913
53346536650
53346541288
53346547697
53346554167
53346560514
53346568205
53346573271
53346577787
53346581511
53346586454
53346591764
53346597502
53346602140
53346607450
53346611723
53346616667
53346621549
53346626737
53346630033
53346634916
53346639799
53346645475
53346649504
53346653654
53346658293
53346663786
53346667997
53346672941
53346678983
53346683500
53346688993
53346692106
53346696928
53346701811
53346707670
53346713102
53346717374
53346720121
53346727567
53346732267
53346736784
53346741300
53346745206
53346751371
53346756132
53346760648
53346765165
53346770597
53346774198
53346778715
53346785673
53346790311
53346794401
53346799711
53346804288
53346808317
53346814359
53346818570
53346827421
53346831632
53346835477
53346840848
53346844938
53346849454
53346854459
53346859769
53346863309
53346868375
53346871793
53346876554
53346880033
53346884549
53346889371
53346894986
53346898770
53346904752
53346910123
53346914884
53346919156
53346924893
53346930936
53346934659
53346939420
53346943509
53346947354
53346951566
53346955777
53346960233
53346965482
53346969510
53346973599
53346979215
53346983914
53346990689
53346995145
53347000516
53347004544
53347008939
53347013089
53347018643
53347023160
53347029691
53347034024
53347039639
53347043729
53347050259
53347054593
53347059109
53347063992
53347069546
53347074002
53347079861
53347086392
53347091641
53347097500
53347103116
53347110196
53347114712
53347120327
53347124478
53347130032
53347135708
53347141446
53347144986
53347153103
53347156643
53347163784
53347168484
53347172634
53347178677
53347183255
53347189175
53347193386
53347196926
53347204617
53347209744
53347216458
53347223049
53347229214
53347235073
53347241482
53347246243
53347250637
53347254238
53347260098
53347266384
53347272061
53347278042
53347283596
53347286953
53347295437
53347298733
53347306850
53347316555
53347321194
53347327785
53347334316
53347339443
53347347683
53347352260
53347360805
53347368496
53347376491
53347382656
53347387783
53347393520
53347397915
53347401943
53347409511
53347415249
53347420864
53347425625
53347432460
53347439174
53347445461
53347450100
53347453823
53347461635
53347469326
53347473842
53347479518
53347486171
53347491848
53347496181
53347503566
53347508449
53347515224
53347522060
53347526760
53347532070
53347539028
53347543788
53347549648
53347553859
53347562465
53347567958
53347573940
53347578944
53347584987
53347589992
53347596339
53347601650
53347608058
53347612880
53347618617
53347624721
53347630397
53347635219
53347641505
53347646327
53347650233
53347658351
53347662623
53347669276
53347673671
53347680690
53347685817
53347692897
53347697597
53347704005
53347709376
53347717128
53347721522
53347727443
53347732936
53347739833
53347744410
53347750636
53347756129
53347761439
53347767298
53347772364
53347777980
53347784571
53347790187
53347797084
53347802149
53347807826
53347811915
53347819972
53347823939
53347837794
53347841395
53347849207
53347854456
53347860133
53347867884
53347874903
53347881617
53347885523
53347892176
53347898280
53347903040
53347910059
53347915675
53347920679
53347929713
53347933436
53347939539
53347945704
53347953455
53347959986
53347965906
53347971277
53347979578
53347984156
53347993067
53347997339
53348004725
53348011377
53348016626
53348021509
53348029444
53348035425
53348040247
53348046961
53348052149
53348057642
53348061487
53348069544
53348074671
53348082056
53348085840
53348092310
53348098169
53348104456
53348109033
53348115686
53348121118
53348127649
53348132166
53348139185
53348144800
53348148462
53348155908
53348159815
53348166589
53348174158
53348179102
53348185388
53348192712
53348197778
53348202966
53348209436
53348216455
53348221887
53348224268
53348235437
53348239770
53348247156
53348252466
53348261987
53348269006
53348275049
53348280908
53348286523
53348290918
53348295984
53348302087
53348306604
53348311731
53348318872
53348325097
53348331079
53348334863
53348342798
53348346460
53348353173
53348359094
53348364709
53348370446
53348378747
53348383813
53348389367
53348394372
53348397546
53348405480
53348408837
53348415673
53348419457
53348427209
53348432641
53348440820
53348447656
53348453759
53348459924
53348465905
53348473107
53348476891
53348485009
53348489526
53348495629
53348501122
53348507531
53348514916
53348516991
53348527489
53348534203
53348538903
53348544884
53348549523
53348553307
53348561181
53348568688
53348575158
53348581078
53348589257
53348598778
53348603722
53348608361
53348618187
53348626915
53348633690
53348640404
53348644860
53348648583
53348657189
53348660973
53348669457
53348676476
53348682274
53348687523
53348693322
53348699486
53348705223
53348711937
53348717186
53348723534
53348731102
53348736046
53348741051
53348748070
53348751671
53348758934
53348764549
53348770836
53348776512
53348783287
53348789208
53348795677
53348800926
53348805138
53348812096
53348817833
53348822472
53348829918
53348835716
53348839500
53348847374
53348851219
53348859581
53348865379
53348871055
53348877342
53348884178
53348889244
53348894981
53348900474
53348906212
53348912742
53348917869
53348923423
53348931236
53348936241
53348939842
53348946922
53348952659
53348959495
53348964500
53348969566
53348976829
53348981956
53348986717
53348993797
53348999839
53349005577
53349010398
53349014244
53349023765
53349029746
53349034141
53349037925
53349045921
53349051963
