79389393076
79389400461
79389405710
79389411569
79389417368
79389423227
79389429575
79389434640
79389440317
79389445810
79389452157
79389456735
79389463327
79389470956
79389477121
79389483224
79389490854
79389497751
79389504098
79389510385
79389519052
79389528268
79389535531
79389542489
79389547677
79389553842
79389561593
79389568795
79389575082
79389582955
79389589303
79389598886
79389605233
79389611581
79389620797
79389628915
79389636056
79389643136
79389649117
79389655526
79389665841
79389672433
79389679330
79389686227
79389691781
79389699044
79389708749
79389715707
79389722298
79389729867
79389738106
79389744210
79389752022
79389761239
79389770882
79389778267
79389785348
79389792550
79389800118
79389807442
79389814522
79389822396
79389829781
79389837410
79389843514
79389851387
79389858773
79389866585
79389874215
79389881295
79389887947
79389894783
79389903633
79389913216
79389920662
79389927559
79389934578
79389942940
79389949471
79389957649
79389964668
79389972603
79389979866
79389987190
79389993782
79389999947
79390007881
79390014778
79390023567
79390029427
79390035957
79390043648
79390050789
79390058601
79390066231
79390073921
79390081367
79390087898
79390095222
79390102669
79390110603
79390118049
79390125557
79390133796
79390142524
79390149788
79390157783
79390166572
79390174690
79390181770
79390189521
79390196723
79390203376
79390212043
79390220588
79390226509
79390234138
79390243232
79390250678
79390258674
79390265876
79390272102
79390281501
79390287910
79390296943
79390303779
79390312141
79390317878
79390326118
79390334174
79390342475
79390350043
79390358710
79390367072
79390374030
79390384223
79390392219
79390400824
79390410346
79390420356
79390427619
79390436469
79390444342
79390453009
79390460334
79390466193
79390473639
79390481696
79390488166
79390495429
79390503546
79390509467
79390518195
79390524665
79390532904
79390538336
79390546027
79390555975
79390562689
79390570197
79390576849
79390584967
79390592413
79390599738
79390606635
79390614081
79390622137
79390628058
79390636298
79390642889
79390649786
79390656866
79390664557
79390670660
79390678717
79390685858
79390692633
79390699164
79390708868
79390714483
79390721319
79390729376
79390734991
79390742620
79390751898
79390759954
79390765631
79390772650
79390780767
79390788641
79390797430
79390805059
79390813909
79390822149
79390831304
79390836614
79390846441
79390853216
79390862249
79390870550
79390878851
79390887518
79390896551
79390903387
79390913152
79390921209
79390929449
79390937017
79390945989
79390954595
79390963445
79390972356
79390982061
79390989019
79390997686
79391004888
79391012334
79391022100
79391035466
79391042974
79391051030
79391060002
79391069463
79391076360
79391085942
79391098027
79391103643
79391113591
79391119634
79391127019
79391134160
79391141484
79391150945
79391157903
79391166692
79391173344
79391180425
79391187627
79391194707
79391204655
79391211491
79391218449
79391225468
79391230839
79391241887
79391249089
79391256840
79391264531
79391271428
79391279240
79391285466
79391293217
79391300969
79391307988
79391320805
79391328495
79391336979
79391345951
79391353276
79391360783
79391368412
79391376713
79391383427
79391391362
79391399479
79391406620
79391414982
79391422184
79391429447
79391437138
79391444218
79391451542
79391457829
79391466679
79391474552
79391483952
79391491459
79391501591
79391509830
79391516239
79391524906
79391531193
79391539127
79391547245
79391555485
79391561771
79391569462
79391575260
79391583072
79391591984
79391600101
79391608341
79391615360
79391622928
79391629947
79391637699
79391645938
79391656009
79391665958
79391674015
79391683719
79391694034
79391701724
79391712528
79391723026
79391732059
79391742435
79391750186
79391758609
79391766300
79391773441
79391781314
79391790286
79391797061
79391805545
79391813785
79391821963
79391830569
79391839847
79391848147
79391856448
79391862796
79391872256
79391878970
79391887332
79391894900
79391902408
79391912051
79391921573
79391929141
79391934878
79391940982
79391947818
79391955203
79391962649
79391967959
79391975894
79391980654
79391988284
79391994876
79392002688
79392007693
79392012942
79392019534
79392026431
79392031680
79392038271
79392045535
79392049990
79392056643
79392062991
79392069949
79392075137
79392080630
79392086672
79392094485
79392101321
79392106264
79392112307
79392119265
79392124392
79392130984
79392138064
79392143130
79392149782
79392154604
79392160952
79392166689
79392172732
79392177859
79392184023
79392190004
79392197024
79392202273
79392207949
79392212832
79392218264
79392224611
79392229372
79392236757
79392242311
79392248293
79392255129
79392263613
79392273500
79392279604
79392285707
79392293581
79392303652
79392310121
79392316835
79392320986
79392327638
79392333742
79392340456
79392345400
79392350527
79392355043
79392361879
79392367616
79392372377
79392377504
79392383485
79392388307
79392394960
79392401674
79392406007
79392411928
79392417665
79392422731
79392428346
79392433961
79392439149
79392446046
79392451845
79392458253
79392463075
79392469423
79392474367
79392480348
79392484926
79392490724
79392496705
79392501161
79392508180
79392512697
79392519655
79392524842
79392531068
79392535157
79392541505
79392547303
79392552491
79392558961
79392563661
79392568605
79392574464
79392579103
79392583741
79392590150
79392596864
79392602113
79392607118
79392613404
79392617982
79392623048
79392627564
79392634095
79392640138
79392644654
79392649842
79392655824
79392659974
79392666505
79392671510
79392678101
79392683656
79392689576
79392694642
79392699464
79392704530
79392709107
79392715577
79392720582
79392725648
79392731202
79392738038
79392742798
79392749451
79392753358
79392759949
79392765870
79392772156
79392776612
79392785218
79392792969
79392799927
79392806885
79392813111
79392820679
79392825745
79392832154
79392839417
79392845154
79392851563
79392859131
79392865479
79392870972
79392875244
79392882508
79392887390
79392894043
79392899353
79392904663
79392909729
79392916321
79392922180
79392927124
79392933289
79392938294
79392944519
79392950806
79392955566
79392961670
79392968262
79392972473
79392980774
79392985535
79392992065
79392997070
79393003479
79393008911
79393015198
79393019958
79393027710
79393033874
79393040039
79393046753
79393051514
79393058166
79393063171
79393070007
79393075256
79393081421
79393087524
79393093078
79393098327
79393105041
79393110046
79393115905
79393122253
79393127807
79393133484
79393140075
79393144409
79393150756
79393157409
79393163879
79393169372
79393175109
79393180297
79393185852
79393192382
79393199951
79393205871
79393213012
79393219360
79393224304
79393231140
79393237670
79393243347
79393248901
79393255309
79393261596
79393266479
79393273559
79393279906
79393285827
79393289916
79393297424
79393302856
79393307861
79393312560
79393318908
79393325378
79393333556
79393340697
79393347899
79393355346
79393360473
79393367858
79393374633
79393381957
79393391112
79393396544
79393402892
79393408202
79393414367
79393420714
79393424926
79393432860
79393439696
79393444457
79393450621
79393456725
79393461241
79393467345
79393473876
79393478026
79393483763
79393490050
79393496215
79393502562
79393509276
79393513365
79393519957
79393525023
79393531676
79393537169
79393543578
79393549437
79393556029
79393561095
79393567442
79393573729
79393577879
79393584044
79393590086
79393595457
79393601866
79393608641
79393612913
79393619627
79393625548
79393631895
79393637144
79393643187
79393648619
79393654844
79393660277
79393665770
79393672300
79393678892
79393684385
79393690550
79393696837
79393702025
79393708067
79393713743
79393720640
79393726622
79393732847
79393738462
79393744566
79393750669
79393756285
79393762388
79393769895
79393774656
79393781004
79393785704
79393791685
79393797422
79393801512
79393810118
79393815306
79393821775
79393826597
79393832517
79393839231
79393845701
79393851499
79393856504
79393863279
79393868345
79393875974
79393883054
79393889280
79393898801
79393906065
79393911314
79393918821
79393924497
79393932371
79393937986
79393944028
79393948911
79393955503
79393960813
79393967039
79393972410
79393978513
79393983579
79393989194
79393996091
79394001828
79394007932
79394012754
79394018857
79394025876
79394032346
79394037778
79394043637
79394050351
79394054502
79394061154
79394068540
79394074643
79394079343
79394085446
79394091794
79394096005
79394103208
79394107602
79394115354
79394120908
79394126340
79394132199
79394137387
79394142941
79394149594
79394155331
79394161435
79394166440
79394172726
79394178952
79394184750
79394189999
79394196469
79394201962
79394208737
79394215146
79394219052
79394225217
79394231686
79394235898
79394244992
79394250790
79394257077
79394262692
79394266965
79394273922
79394278927
79394285458
79394290890
79394296933
79394302853
79394309079
79394314084
79394319455
79394326352
79394331723
79394338192
79394343319
79394349545
79394354916
79394360592
79394368649
79394374447
79394379940
79394385006
79394391110
79394395748
79394402157
79394409725
79394418392
79394424435
79394429867
79394437435
79394444637
79394449520
79394456661
79394462154
79394469418
79394474239
79394480465
79394486935
79394492672
79394498043
79394504024
79394510860
79394515255
79394522030
79394527340
79394533810
79394539669
79394545772
79394551021
79394557369
79394564022
79394569881
79394575374
79394580257
79394586544
79394593136
79394599544
79394604976
79394610531
79394614925
79394621212
79394629329
79394634761
79394640071
79394645992
79394651424
79394658016
79394663021
79394669612
79394675716
79394680904
79394687068
79394691829
79394698116
79394703853
79394711421
79394716976
79394722713
79394729610
79394734309
79394740901
79394745906
79394751827
79394758540
79394762874
79394769893
79394775508
79394780635
79394786861
79394792842
79394797786
79394805415
79394810786
79394816341
79394821467
79394827937
79394834285
79394838985
79394846126
79394851497
79394857051
79394863582
79394869319
79394875361
79394881343
79394885798
79394893428
79394898372
79394904841
79394909724
79394915889
79394922908
79394929194
79394934199
79394940486
79394946528
79394953486
79394960627
79394966304
79394973323
79394981867
79394988337
79394993647
79395000300
79395007441
79395012995
79395019099
79395026240
79395031794
79395038630
79395043452
79395050227
79395056879
79395062983
79395067927
79395074030
79395079890
79395085688
79395092524
79395098505
79395105341
79395110468
79395116755
79395121455
79395127680
79395132868
79395139338
79395145685
79395152460
79395158014
79395163691
79395169062
79395175532
79395180781
79395185907
79395192682
79395198359
79395204706
79395209833
79395215998
79395220392
79395226679
79395232233
79395238581
79395244867
79395251703
79395257135
79395263117
79395268366
79395274042
79395280817
79395286127
79395292353
79395298090
79395302179
79395310053
79395315363
79395322016
79395327387
79395333429
79395340143
79395345941
79395351007
79395356805
79395363397
79395370050
79395376459
79395381769
79395387079
79395392450
79395400323
79395406244
79395410882
79395416498
79395421075
79395426935
79395433343
79395439813
79395445184
79395450128
79395456842
79395462884
79395468133
79395473382
79395481683
79395488031
79395495904
79395504266
79395511712
79395518914
79395525567
79395531732
79395537225
79395544793
79395550408
79395556451
79395562799
79395567437
79395574151
79395579339
79395586053
79395590814
79395596978
79395602715
79395609063
79395615045
79395620782
79395626214
79395632623
79395637750
79395643853
79395649468
79395655999
79395661065
79395666558
79395672784
79395679131
79395684258
79395691460
79395696648
79395702996
79395708184
79395714593
79395719720
79395726800
79395732598
79395738701
79395746270
79395750908
79395758050
79395764885
79395767815
79395776482
79395782219
79395788323
79395795342
79395800774
79395806206
79395811455
79395818047
79395826714
79395831658
79395839714
79395844536
79395853630
79395860344
79395865288
79395872368
79395878960
79395885185
79395891655
79395896721
79395902580
79395910027
79395916924
79395921990
79395928154
79395934258
79395938225
79395945183
79395951225
79395957329
79395963738
79395968681
79395974846
79395979362
79395986931
79395994499
79395999626
79396005546
79396015129
79396024773
79396030571
79396037102
79396043632
79396050773
79396056206
79396062614
79396069633
79396078178
79396083976
79396089470
79396095329
79396101493
79396106620
79396112663
79396119987
79396125602
79396132133
79396137687
79396143058
79396148307
79396155754
79396161613
79396167289
79396172538
79396179191
79396185050
79396191032
79396195487
79396202445
79396209525
79396214774
79396219535
79396226127
79396231742
79396238090
79396243644
79396250480
79396255607
79396261893
79396268180
79396272819
79396279105
79396286002
79396291801
79396298576
79396304801
79396309440
79396316398
79396322745
79396327506
79396334342
79396340201
79396346793
79396351981
79396356620
79396365226
79396370047
79396375907
79396381400
79396387626
79396393424
79396399649
79396405387
79396409659
79396416068
79396422538
79396427298
79396433524
79396440421
79396447135
79396451895
79396457999
79396463492
79396469657
79396473624
79396480887
79396486991
79396492606
79396499808
79396504569
79396511344
79396518607
79396525992
79396536490
79396542410
79396549368
79396555716
79396565237
79396571707
79396577872
79396584158
79396589651
79396595755
79396602408
79396606924
79396613028
79396619437
79396625174
79396630728
79396637625
79396643179
79396649344
79396653555
79396659537
79396663931
79396670096
79396677237
79396682608
79396689322
79396693960
79396700308
79396705252
79396712698
79396718191
79396724539
79396730093
79396734854
79396740347
79396745779
79396752188
79396757437
79396764639
79396769338
79396774587
79396781607
79396787405
79396795950
79396803152
79396810110
79396816152
79396825185
79396831777
79396839834
79396847219
79396855459
79396862234
79396868154
79396874624
79396882925
79396887563
79396894216
79396901479
79396909414
79396915517
79396922109
79396927114
79396933462
79396940175
79396945669
79396952321
79396957143
79396964528
79396971731
79396978261
79396986501
79396993032
79396998342
79397005361
79397011220
79397017446
79397024343
79397031850
79397037770
79397044301
79397050771
79397056081
79397062856
79397067617
79397073720
79397079640
79397084767
79397090077
79397095326
79397101125
79397106191
79397111318
79397116445
79397120839
79397127797
79397133595
79397138295
79397143544
79397148610
79397153615
79397160268
79397164845
79397170888
79397175771
79397181569
79397187428
79397193043
79397197438
79397203297
79397208852
79397213917
79397219899
79397225880
79397229848
79397236195
79397242055
79397246205
79397253468
79397258290
79397264699
79397270558
79397276173
79397281544
79397287587
79397292469
79397298817
79397303517
79397309620
79397315174
79397321278
79397325123
79397330922
79397337513
79397341603
79397347828
79397354420
79397359852
79397364735
79397369190
79397375843
79397381275
79397387196
79397391773
79397397877
79397403248
79397409351
79397416065
79397420643
79397426807
79397431568
79397437183
79397443409
79397448719
79397454456
79397460194
79397466297
79397471180
79397476673
79397482960
79397488697
79397494007
79397503040
79397509449
79397515858
79397521534
79397529896
79397537830
79397543995
79397551014
79397557056
79397561268
79397567615
79397573841
79397579090
79397584705
79397589649
79397595813
79397601734
79397606433
79397614002
79397619922
79397625354
79397631153
79397636219
79397641101
79397647632
79397653614
79397659839
79397665149
79397671985
79397677600
79397682117
79397688342
79397694019
79397699512
79397706104
79397710376
79397715747
79397722156
79397728137
79397734851
79397739856
79397745715
79397751636
79397756213
79397762683
79397769153
79397774829
79397780749
79397786243
79397792712
79397799060
79397803454
79397809497
79397814563
79397820300
79397825671
79397831164
79397836047
79397841601
79397846789
79397853930
79397859118
79397865649
79397870898
79397876696
79397882556
79397886462
79397894152
79397899707
79397905383
79397911670
79397915576
79397921801
79397927294
79397933886
79397939440
79397944812
79397949389
79397955981
79397961108
79397967456
79397972155
79397978503
79397985156
79397991015
79397998095
79398004748
79398012377
79398018359
79398025561
79398031603
79398037402
79398043932
79398051073
79398058398
79398063647
79398068957
79398075304
79398080492
79398084582
79398092760
79398097399
79398103991
79398109179
79398117174
79398126696
79398133105
79398140795
79398146105
79398152880
79398157946
79398163805
79398169664
79398175585
79398182116
79398189135
79398195238
79398200853
79398205858
79398212023
79398216906
79398222826
79398227343
79398235033
79398240953
79398246691
79398251512
79398257372
79398263414
79398269762
79398276720
79398284776
79398294298
79398303636
79398311510
79398318834
79398323717
79398330125
79398335863
79398344530
79398350938
79398355760
79398360887
79398366746
79398372911
79398379686
79398385789
79398392869
79398398912
79398404405
79398408922
79398416307
79398421434
79398426317
79398432542
79398437608
79398443712
79398448594
79398453416
79398459092
79398465074
79398471910
79398477403
79398483445
79398489183
79398493699
79398499986
79398505906
79398512254
79398518174
79398526597
79398533311
79398540879
79398548692
79398556565
79398563157
79398572007
79398579453
79398584336
79398590562
79398595628
79398600755
79398607346
79398612351
79398616929
79398622483
79398628465
79398633408
79398639207
79398643723
79398649522
79398656419
79398661546
79398666672
79398672654
79398679734
79398684312
79398690171
79398695176
79398700059
79398705735
79398712998
79398718125
79398723740
79398728867
79398735642
79398740281
79398745102
79398751023
79398758286
79398764267
79398769577
79398774582
79398780686
79398786301
79398790940
79398795945
79398804123
79398810532
79398814682
79398821518
79398827500
79398833359
79398840439
79398844467
79398851242
79398856674
79398862412
79398867172
79398873520
79398878952
79398884628
79398891647
79398895920
79398902207
79398907517
79398914475
79398919540
79398925949
79398930344
79398936386
79398942307
79398947861
79398954208
79398959702
79398965927
79398970993
79398976974
79398982284
79398986435
79398992966
79398999618
79399004684
79399010300
79399016891
79399022323
79399029281
79399036361
79399043869
79399051559
79399060470
79399068100
79399073105
79399082748
79399089462
79399095382
79399101059
79399106918
79399111801
79399117904
79399124130
79399129928
79399134384
79399140609
79399147506
79399154098
79399159469
79399165267
79399171981
79399177474
79399183090
79399188033
79399192062
79399199325
79399205367
79399211715
79399215743
79399222213
79399226852
79399233505
79399238265
79399245834
79399252670
79399257735
79399263717
79399269515
79399274154
79399280868
79399287459
79399292525
79399298751
79399304854
79399309127
79399316207
79399321212
79399325973
79399333602
79399340926
79399348006
79399353377
79399357894
79399364058
79399369918
79399374740
79399381270
79399387557
79399392867
79399398604
79399403609
79399409529
79399415877
79399419783
79399425521
79399431807
79399437667
79399444014
79399448775
79399455672
79399459883
79399466109
79399471236
79399477706
79399482832
79399489974
79399495101
79399500472
79399505660
79399511031
79399517806
79399522688
79399528487
79399534773
79399543074
79399551009
79399558272
79399566817
79399574812
79399582014
79399588423
79399597029
79399603499
79399608626
79399614729
79399620161
79399626448
79399632185
79399637678
79399643843
79399648970
79399655073
79399660750
79399665937
79399672285
79399677595
79399684065
79399688826
79399694563
79399700850
79399706160
79399713362
79399717390
79399723616
79399728926
79399735701
79399741072
79399747053
79399753889
79399758528
79399763777
79399769026
79399775312
79399782148
79399788496
79399793562
79399798994
79399805952
79399810041
79399816328
79399821760
79399827802
79399833479
79399839887
79399845197
79399850263
79399857038
79399862104
79399868696
79399873701
79399879926
79399886579
79399892316
79399897321
79399902936
79399909406
79399914838
79399919416
79399925519
79399930768
79399936078
79399942670
79399949140
79399954145
79399958783
79399964765
79399970929
79399976667
79399980634
79399988813
79399994001
79399999067
79400003949
79400010358
79400014875
79400021466
79400027814
79400031781
79400038007
79400044416
79400051557
79400059552
79400066266
79400077069
79400082868
79400089215
79400096234
79400102704
79400108991
79400117352
79400122479
79400128949
79400133710
79400140302
79400146893
79400152997
79400159405
79400165448
79400170819
79400175214
79400183270
79400186078
79400194317
79400200360
79400205487
79400211712
79400217877
79400223248
79400229657
79400234295
79400240460
79400247662
79400253216
79400259503
79400265118
79400271954
79400276165
79400282696
79400288861
79400295208
79400301495
79400305706
79400312542
79400318158
79400324688
79400330426
79400337139
79400342022
79400348187
79400355084
79400359722
79400367291
79400372357
79400378948
79400383892
79400390362
79400395306
79400401653
79400407086
79400413433
79400420513
79400426006
79400431561
79400437664
79400444134
79400449017
79400455547
79400461285
79400467388
79400473003
79400479412
79400486431
79400491863
79400497295
79400503155
79400509807
79400515545
79400521709
79400526348
79400532634
79400539531
79400546123
79400552715
79400557720
79400563518
79400570171
79400575542
79400581890
79400588237
79400595073
79400601299
79400608013
79400614116
79400619976
79400627605
79400634624
79400641155
79400646892
79400653545
79400658672
79400665019
79400672466
79400679851
79400684429
79400690715
79400697063
79400702190
79400708232
79400714153
79400720622
79400727092
79400732219
79400737590
79400744670
79400749614
79400755473
79400761577
79400766643
79400774211
79400779765
79400785380
79400791728
79400796367
79400803203
79400809550
79400815532
79400819621
79400826030
79400833415
79400838786
79400844096
79400850078
79400857158
79400863017
79400869120
79400873759
79400879863
79400884867
79400892802
79400897929
79400904094
79400909587
79400915141
79400921488
79400928202
79400933146
79400940592
79400944560
79400953166
79400958293
79400963847
79400971476
79400976359
79400984416
79400989604
79400996012
79401000651
79401007243
79401013468
79401017680
79401025858
79401031351
79401037577
79401042887
79401048746
79401055094
79401062846
79401068766
79401073527
79401079264
79401085978
79401091410
79401096781
79401103251
79401109232
79401115702
79401121378
79401126993
79401133097
79401140848
79401147928
79401154459
79401160379
79401167215
79401173380
79401180765
79401186380
79401192789
79401199625
79401205362
79401211649
79401218241
79401223612
79401228922
79401235453
79401242594
79401247293
79401253763
79401259073
79401265543
79401272257
79401277689
79401284281
79401290445
79401295755
79401301981
79401306925
79401313821
79401320108
79401326700
79401332559
79401338052
79401345193
79401350503
79401356302
79401362894
79401368692
79401374795
79401381204
79401386758
79401392251
79401397806
79401404275
79401409952
79401416665
79401422647
79401428750
79401433328
79401439493
79401446573
79401452615
79401458352
79401463723
79401469888
79401475381
79401481179
79401487405
79401493631
79401500344
79401505593
79401511392
79401515969
79401522317
79401529519
79401534585
79401541360
79401546365
79401553445
79401559060
79401564614
79401571328
79401576577
79401582559
79401589517
79401593423
79401600869
79401605630
79401611733
79401618691
79401622598
79401629983
79401634927
79401641213
79401647195
79401652932
79401658730
79401664773
79401671731
79401676308
79401683999
79401690041
79401696999
79401704323
79401710244
79401715493
79401722390
79401729653
79401734963
79401741433
79401748147
79401753090
79401758706
79401764687
79401771828
79401777871
79401783120
79401788979
79401794167
79401800270
79401805641
79401812172
79401818459
79401823952
79401829933
79401836586
79401842690
79401847939
79401854164
79401859719
79401865700
79401872109
79401877113
79401883156
79401889748
79401895607
79401900917
79401907631
79401912880
79401919106
79401924599
79401930519
79401936989
79401941933
79401948280
79401953957
79401959999
79401967323
79401973183
79401978676
79401984962
79401991310
79401996315
79402004432
79402009865
79402015724
79402021034
79402027076
79402033851
79402039528
79402045570
79402050636
79402056984
79402063575
79402069252
79402075294
79402083351
79402090126
79402094825
79402101966
79402107887
79402113868
79402118934
79402126014
79402133277
79402139625
79402146461
79402152442
79402157630
79402164161
79402170387
79402176490
79402181007
79402189002
79402197669
79402203407
79402208900
79402215430
79402221595
79402230323
79402236427
79402242591
79402249854
79402256995
79402263648
79402270057
79402277747
79402284339
79402290992
79402297400
79402302039
79402308814
79402314307
79402320289
79402326514
79402333594
79402338721
79402344642
79402351416
79402356177
79402362708
79402369361
79402375342
79402381018
79402387183
79402392615
79402398535
79402405066
79402411536
79402417212
79402423499
79402429480
79402434607
79402441199
79402445899
79402453345
79402458777
79402465186
79402471961
79402477454
79402483496
79402488440
79402494971
79402500037
79402506140
79402512305
79402518713
79402524146
79402530066
79402536536
79402541296
79402548071
79402553076
79402559424
79402566382
79402570471
79402577795
79402584387
79402590918
79402596350
79402601050
79402607641
79402613501
79402618567
79402624304
79402631079
79402636511
79402642920
79402649389
79402654638
79402660986
79402666052
79402672644
79402678198
79402685156
79402690832
79402695471
79402701940
79402707373
79402713842
79402720861
79402725195
79402730688
79402737341
79402743322
79402749975
79402755285
79402761633
79402767492
79402773596
79402780554
79402785131
79402792150
79402798315
79402805334
79402810766
79402820104
79402826818
79402831945
79402839757
79402844945
79402850133
79402856725
79402862646
79402867345
79402873388
79402879735
79402884862
79402890966
79402897375
79402903112
79402908483
79402914342
79402919835
79402926305
79402931615
79402936742
79402943761
79402949987
79402954564
79402960973
79402965673
79402972631
79402977086
79402983129
79402989293
79402995458
79403001805
79403009435
79403015599
79403021520
79403026952
79403033483
79403040135
79403045506
79403050694
79403056737
79403062230
79403068212
79403074620
79403079381
79403085729
79403090978
79403096959
79403102879
79403108678
79403115086
79403121251
79403126561
79403132237
79403137303
79403142979
79403149693
79403154332
79403161229
79403166783
79403172154
79403177220
79403183629
79403188939
79403195103
79403201024
79403206761
79403212437
79403216588
79403223973
79403228489
79403235875
79403241612
79403246861
79403252354
79403257664
79403262852
79403269749
79403275914
79403281773
79403287266
79403292088
79403297459
79403303685
79403308934
79403315708
79403323704
79403331761
79403338658
79403345677
79403352390
79403357701
79403362400
79403370518
79403377415
79403383091
79403389866
79403395237
79403400059
79403407139
79403413181
79403419102
79403424046
79403430210
79403435032
79403441685
79403448154
79403454136
79403460728
79403465549
79403472507
79403478550
79403483250
79403489475
79403494358
79403500339
79403506382
79403511081
79403517246
79403522678
79403529331
79403535312
79403542392
79403548374
79403553745
79403561252
79403566196
79403573032
79403577671
79403584140
79403590244
79403594944
79403601535
79403605869
79403612827
79403617160
79403624301
79403631870
79403639133
79403643405
79403649936
79403655612
79403661838
79403667575
79403672824
79403678317
79403684482
79403690158
79403696079
79403701938
79403707126
79403713351
79403721225
79403728366
79403733371
79403739963
79403745029
79403751254
79403757358
79403762973
79403769870
79403774936
79403781650
79403786288
79403791232
79403798007
79403805026
79403811191
79403816134
79403820834
79403827670
79403833529
79403839389
79403846225
79403850985
79403858249
79403863742
79403871615
79403876620
79403883456
79403889559
79403897555
79403904208
79403910128
79403917269
79403922946
79403929415
79403935214
79403941195
79403946871
79403953097
79403958895
79403964877
79403970553
79403977633
79403983126
79403988619
79403993929
79404000033
79404006319
79404012118
79404018649
79404023959
79404030001
79404034762
79404040865
79404047945
79404053927
79404058932
79404065340
79404072237
79404076510
79404083346
79404089510
79404096102
79404101229
79404107393
79404113253
79404118746
79404124544
79404130343
79404137362
79404143526
79404148714
79404156282
79404162142
79404167635
79404173006
79404179537
79404186006
79404190950
79404197359
79404203096
79404208895
79404215731
79404221163
79404227205
79404231661
79404239229
79404245699
79404250826
79404257906
79404263155
79404269563
79404275362
79404279756
79404287508
79404293184
79404298189
79404303255
79404310091
79404315767
79404321809
79404328706
79404334444
79404340913
79404345552
79404351350
79404357698
79404363374
79404368806
79404375215
79404381502
79404386690
79404392427
79404397615
79404405549
79404412813
79404417756
79404424226
79404430208
79404442659
79404448945
79404455598
79404461946
79404468232
79404474824
79404480256
79404485932
79404491365
79404498017
79404503022
79404509614
79404515595
79404522248
79404526826
79404533174
79404540620
79404545197
79404553742
79404559602
79404565339
79404571015
79404577424
79404582795
79404589021
79404594025
79404600312
79404606599
79404612092
79404617341
79404623505
79404629243
79404635651
79404640961
79404646393
79404653046
79404657990
79404665070
79404669831
79404676484
79404681550
79404687592
79404692353
79404698762
79404706208
79404712128
79404717316
79404724701
79404730317
79404736664
79404742524
79404748322
79404754120
79404759247
79404765168
79404772980
79404777558
79404783905
79404790070
79404795380
79404801789
79404808930
79404814972
79404821381
79404827057
79404832550
79404837372
79404843659
79404850067
79404856171
79404861664
79404867401
79404873627
79404879303
79404884674
79404891693
79404898895
79404903961
79404909637
79404915131
79404921417
79404927521
79404933807
79404939911
79404947357
79404954376
79404960419
79404966400
79404973846
79404979095
79404988617
79404994659
79405001495
79405007843
79405014679
79405022003
79405028534
79405034637
79405039276
79405045868
79405052642
79405058136
79405063324
79405068878
79405075897
79405081878
79405087677
79405093597
79405099273
79405104705
79405111663
79405118377
79405124481
79405128692
79405135284
79405142181
79405147613
79405152923
79405158843
79405164092
79405170135
79405175872
79405181731
79405188445
79405194915
79405200103
79405206512
79405212798
79405218108
79405224639
79405230071
79405235808
79405240996
79405247039
79405253875
79405259795
79405264678
79405270659
79405277007
79405281585
79405287566
79405294951
79405299956
79405306426
79405312102
79405317962
79405324126
79405328582
79405336455
79405342070
79405347197
79405352874
79405358916
79405363494
79405369353
79405376982
79405382170
79405388457
79405393340
79405399260
79405405608
79405409941
79405418181
79405422881
79405429656
79405434661
79405440703
79405447051
79405452788
79405460234
79405464629
79405471098
79405476958
79405482329
79405487700
79405493864
79405501128
79405507475
79405514861
79405519865
79405527922
79405533476
79405540861
79405547636
79405557524
79405562224
79405568754
79405574919
79405580351
79405586882
79405592741
79405598234
79405605009
79405610991
79405616789
79405623320
79405628630
79405633329
79405639982
79405646147
79405652800
79405657682
79405663969
79405670378
79405676359
79405682402
79405688627
79405694364
79405700895
79405706388
79405710905
79405717436
79405724272
79405730619
79405736173
79405741483
79405747099
79405753141
79405758512
79405765165
79405772672
79405778227
79405784025
79405789457
79405795683
79405800993
79405806974
79405814481
79405819547
79405826017
79405832181
79405836820
79405842618
79405848417
79405855436
79405861661
79405867032
79405873441
79405878019
79405883634
79405889676
79405897001
79405902921
79405907865
79405913358
79405920072
79405924833
79405930997
79405938382
79405944059
79405949186
79405956144
79405960782
79405966947
79405973172
79405980924
79405986051
79405992215
79405996793
79406003263
79406008573
79406014737
79406021451
79406026883
79406032376
79406039700
79406045499
79406050992
79406057950
79406064176
79406072904
79406078458
79406084012
79406095303
79406101041
79406108182
79406113004
79406118802
79406124905
79406131314
79406137051
79406143155
79406149808
79406156277
79406162015
79406167935
79406172818
79406179593
79406184353
79406191067
79406198147
79406204678
79406210537
79406214627
79406220364
79406226956
79406233242
79406240384
79406245999
79406251736
79406257473
79406263394
79406270047
79406274502
79406281033
79406286526
79406292874
79406297817
79406304287
79406309231
79406315823
79406322170
79406328701
79406335842
79406340359
79406346768
79406352688
79406358425
79406363552
79406370083
79406376675
79406380581
79406388821
79406394070
79406401394
79406408657
79406414333
79406421535
79406427517
79406433803
79406439297
79406445766
79406451198
79406456692
79406463466
79406469448
79406474392
79406480068
79406486355
79406491482
79406495876
79406503200
79406508877
79406515041
79406521145
79406525966
79406531643
79406537624
79406544460
79406549831
79406555324
79406561306
79406566677
79406573268
79406579433
79406585536
79406593715
79406600002
79406606960
79406612880
79406618923
79406625820
79406635341
79406642970
79406648891
79406654140
79406659450
79406666225
79406671474
79406678554
79406683315
79406690395
79406696559
79406702541
79406708034
79406713649
79406721095
79406726649
79406731837
79406737575
79406744289
79406749782
79406755458
79406762294
79406766994
79406772243
79406778285
79406783473
79406789576
79406795802
79406800075
79406807765
79406812404
79406820033
79406825465
79406830836
79406836390
79406842982
79406848597
79406854701
79406859217
79406865504
79406872340
79406877772
79406882716
79406889064
79406895228
79406900416
79406906336
79406912257
79406918971
79406924281
79406929102
79406935450
79406940760
79406946864
79406953333
79406959498
79406964686
79406971095
79406977076
79406983118
79406987513
79406993494
79406999781
79407005396
79407010401
79407018580
79407022852
79407030237
79407035670
79407041529
79407046961
79407052088
79407058985
79407067042
79407074244
79407081019
79407086573
79407092615
79407099146
79407104578
79407111048
79407117029
79407123133
79407128748
79407136927
79407148951
79407155542
79407162256
79407166529
79407172876
79407179468
79407185694
79407191431
79407195764
79407203272
79407208704
79407214014
79407220606
79407225549
79407230921
79407237818
79407243067
79407249780
79407256311
79407261743
79407267297
79407273279
79407278894
79407285303
79407290979
79407297083
79407302270
79407308191
79407315698
79407321374
79407327539
79407333459
79407339563
79407345544
79407351037
79407357812
79407363305
79407369958
79407375146
79407381982
79407386316
79407392907
79407398706
79407405359
79407411523
79407422021
79407427148
79407434045
79407441064
79407448266
79407455041
79407463220
79407470666
79407475122
79407483178
79407488427
79407494897
79407501611
79407509179
79407515710
79407521508
79407528649
79407533288
79407540002
79407545434
79407554528
79407560998
79407567223
79407573449
79407580407
79407588891
79407594689
79407602196
79407607445
79407614709
79407621545
79407627648
79407634850
79407640771
79407648644
79407657616
79407663659
79407669823
79407678429
79407684166
79407691613
79407696862
79407703270
79407710595
79407714806
79407722069
79407728478
79407735253
79407740502
79407746178
79407750634
79407757897
79407763451
79407768883
79407775048
79407779930
79407786522
79407792015
79407797264
79407804039
79407810265
79407814720
79407820885
79407826622
79407832848
79407838707
79407844566
79407849449
79407853294
79407861046
79407866356
79407871178
79407877281
79407883629
79407889366
79407895775
79407900902
79407907005
79407914024
79407918602
79407924766
79407930687
79407937645
79407943748
79407949425
79407955101
79407961937
79407966697
79407973289
79407978111
79407984215
79407991417
79407996788
79408001732
79408007957
79408013267
79408019798
79408026085
79408031700
79408037559
79408043174
79408049156
79408055564
79408061668
79408067710
79408074363
79408079795
79408085227
79408090843
79408097679
79408102622
79408109458
79408115989
79408121665
79408126914
79408133445
79408138389
79408144676
79408150901
79408156577
79408162742
79408168052
79408174400
79408179954
79408187095
79408193381
79408199424
79408205588
79408211387
79408217979
79408224326
79408231284
79408241172
79408246421
79408252524
79408259421
79408264853
79408271811
79408279563
79408285605
79408290793
79408296286
79408301597
79408308127
79408313315
79408319297
79408325950
79408330161
79408336631
79408342734
79408347617
79408353781
79408360190
79408366172
79408372153
79408378257
79408382895
79408390586
79408394797
79408400900
79408405051
79408412436
79408418845
79408424399
79408430014
79408436911
79408442770
79408447592
79408454123
79408460593
79408467001
79408471579
79408478964
79408484824
79408489951
79408495322
79408502158
79408506796
79408513266
79408518393
79408524130
79408530661
79408537070
79408542380
79408548544
79408554526
79408559530
79408565268
79408571493
79408578146
79408583761
79408589132
79408595907
79408600790
79408606711
79408613668
79408617636
79408626547
79408632345
79408637289
79408642355
79408648275
79408654623
79408661032
79408666769
79408671957
79408678488
79408684103
79408689352
79408694662
79408701010
79408707784
79408713156
79408720053
79408724325
79408730856
79408736288
79408742147
79408751424
79408757040
79408764059
79408770467
79408775655
79408783590
79408791280
79408799093
79408806417
79408812459
79408817709
79408823812
79408829305
79408834554
79408842977
79408851034
79408857137
79408863302
79408872396
79408880025
79408888204
79408895528
79408900899
79408907308
79408913594
79408919393
79408925008
79408930318
79408936666
79408943013
79408948262
79408954244
79408959371
79408965413
79408971395
79408977376
79408982991
79408988790
79408992818
79408997945
79409001241
79409006856
79409012288
79409017110
79409021138
79409027120
79409032491
79409038106
79409042195
79409047322
79409052754
79409056477
79409063069
79409067708
79409072041
79409076985
79409081380
79409085530
79409089497
79409094929
79409099385
79409103719
79409107747
79409112080
79409116048
79409121297
79409125020
79409129536
79409134175
79409138875
79409144185
79409148640
79409150715
79409158528
79409162434
79409166707
79409170674
79409175862
79409180623
79409186604
79409190999
79409196736
79409200337
79409206196
79409211262
79409215840
79409220173
79409225605
79409230244
79409234944
79409238545
79409243428
79409247090
79409252583
79409257771
79409264118
79409270100
79409274250
79409280537
79409284748
79409289814
79409294453
79409301167
79409307514
79409312519
79409317402
79409322163
79409326435
79409331379
79409335835
79409342060
79409345722
79409351154
79409355549
79409359455
79409363239
79409368610
79409371601
79409376911
79409380878
79409386005
79409389606
79409394733
79409399006
79409402973
79409407123
79409412250
79409416340
79409420368
79409424885
79409430012
79409433552
79409438434
79409442280
79409447162
79409450641
79409456013
79409460102
79409463520
79409468097
79409472980
79409477314
79409481525
79409486530
79409491108
79409495807
79409500873
79409505573
79409510883
79409515644
79409519550
79409523883
79409528339
79409532672
79409536884
79409541400
79409546344
79409551288
79409555561
79409561115
79409565753
79409571308
79409575946
79409581317
79409585895
79409591388
79409597125
79409602680
79409607318
79409611957
79409617389
79409621906
79409626727
79409631366
79409636920
79409643878
79409648456
79409656268
79409661517
79409667438
79409672076
79409679156
79409686114
79409693072
79409698566
79409704608
79409709857
79409715045
79409719989
79409727435
79409731830
79409738727
79409746661
79409751178
79409757892
79409762774
79409767596
79409775042
79409781512
79409789142
79409794269
79409800860
79409806170
79409812335
79409816424
79409821002
79409827472
79409832293
79409837481
79409843524
79409848468
79409854022
79409858721
79409863116
79409868426
79409873187
79409879718
79409883624
79409891009
79409896502
79409902300
79409906756
79409912921
79409918475
79409924700
79409929278
79409935992
79409940630
79409948748
79409953875
79409958575
79409965411
79409970293
79409977129
79409982378
79409988299
79409993609
79410000933
79410005572
79410011431
79410018694
79410025530
79410030962
79410037066
79410043596
79410047991
79410055071
79410060076
79410066973
79410072588
79410077654
79410084002
79410090654
79410096453
79410102373
79410108660
79410114946
79410120745
79410127520
79410133257
79410139421
79410146013
79410151018
79410155596
79410161882
79410168718
79410174822
79410180559
79410186235
79410192156
79410197222
79410204668
79410209856
79410216448
79410222978
79410227678
79410234331
79410240434
79410245805
79410251909
79410256731
79410262834
79410269731
79410275224
79410282487
79410287004
79410293718
79410298601
79410305620
79410310564
79410317827
79410323320
79410328569
79410334428
79410339677
79410346574
79410352067
79410358293
79410367021
79410375078
79410380205
79410388322
79410394365
79410402421
79410407426
79410414445
79410421769
79410428483
79410433000
79410440263
79410444780
79410450395
79410456803
79410461869
79410467362
79410474748
79410481523
79410486161
79410493363
79410497331
79410502946
79410508195
79410513566
79410516374
79410525834
79410531144
79410536515
79410541703
79410547746
79410553056
79410558488
79410562821
79410571732
79410576676
79410582780
79410587357
79410592606
79410598954
79410604264
79410609696
79410617448
79410622513
79410628495
79410632950
79410639359
79410644913
79410649247
79410656388
79410660233
79410670121
79410676224
79410682084
79410687943
79410692460
79410699601
79410705216
79410709855
79410717362
79410722855
79410729325
79410734085
79410740067
79410746109
79410752091
79410757645
79410763993
79410771927
79410777420
79410782120
79410786148
79410792313
79410797257
79410802811
79410808853
79410815628
79410821915
79410826370
79410831558
79410837845
79410841934
79410848587
79410854874
79410861404
79410867386
79410871658
79410877090
79410883377
79410888931
79410894363
79410901565
79410908462
79410914932
79410920914
79410925918
79410930740
79410938125
79410944778
79410952774
79410961868
79410968704
79410974807
79410982681
79410987686
79410993301
79411000442
79411007949
79411015762
79411023025
79411029190
79411034317
79411040298
79411047073
79411052627
79411058364
79411063735
79411068984
79411074417
79411078994
79411086135
79411090408
79411098647
79411103164
79411108352
79411114700
79411118850
79411125991
79411130996
79411137771
79411146072
79411150771
79411156875
79411162429
79411168105
79411173110
79411177871
79411184646
79411189651
79411197402
79411203384
79411208816
79411213088
79411218642
79411224441
79411229629
79411233901
79411242263
79411247756
79411253249
79411259658
79411266616
79411272292
79411277419
79411284316
79411289565
79411296767
79411302749
79411307387
79411313369
79411319350
79411323806
79411330886
79411336074
79411342299
79411349074
79411354445
79411359755
79411365187
79411370986
79411376479
79411382033
79411387770
79411393996
79411399733
79411405165
79411410597
79411415114
79411422743
79411427382
79411435500
79411441542
79411446852
79411451552
79411458205
79411463149
79411469130
79411475233
79411481764
79411488112
79411493117
79411499159
79411504164
79411509657
79411515089
79411522963
79411529555
79411536329
79411540663
79411548781
79411554579
79411560988
79411566847
79411574354
79411581678
79411587050
79411593397
79411600660
79411606398
79411611830
79411618177
79411624464
79411631605
79411637831
79411642713
79411648085
79411652967
79411657362
79411664442
79411670484
79411676710
79411682142
79411687452
79411693434
79411698805
79411704420
79411709852
79411714552
79411723646
79411729810
79411741956
79411749647
79411757337
79411763258
79411770643
79411775220
79411782789
79411788953
79411794569
79411799451
79411804883
79411808790
79411814710
79411818922
79411825696
79411831983
79411837293
79411842237
79411847303
79411853895
79411857984
79411864271
79411870008
79411876294
79411880567
79411886548
79411892408
79411898328
79411902845
79411909009
79411915174
79411921827
79411927137
79411930921
79411937146
79411945813
79411950635
79411956983
79411963636
79411968946
79411976148
79411980420
79411987012
79411992017
79411997937
79412003186
79412008862
79412014661
79412020947
79412026257
79412032910
79412039502
79412043835
79412049695
79412055920
79412062024
79412068311
79412072827
79412079236
79412083997
79412089123
79412094861
79412101514
79412107129
79412111828
79412117322
79412123120
79412129712
79412135510
79412141064
79412146252
79412151684
79412158825
79412165417
79412171704
79412176342
79412183728
79412191662
79412196667
79412202465
79412210644
79412217785
79412224316
79412231579
79412238537
79412244274
79412248791
79412254040
79412258923
79412264111
79412269482
79412274670
79412279309
79412284435
79412289196
79412294872
79412300915
79412307079
79412312939
79412318676
79412325085
79412332470
79412339001
79412346447
79412353161
79412359631
79412362743
79412371227
79412378979
79412383678
79412388561
79412396252
79412399853
79412408398
79412413524
79412420727
79412425487
79412432506
79412437206
79412443371
79412450145
79412455883
79412460277
79412467174
79412471691
79412478222
79412482799
79412489086
79412493602
79412498668
79412505382
79412511180
79412516063
79412522533
79412528698
79412535228
79412540721
79412548717
79412554454
79412560863
79412567211
79412572887
79412578929
79412584361
79412591075
79412596446
79412603099
79412609996
79412615733
79412622081
79412628368
79412634288
79412638316
79412646556
79412654124
79412660289
79412664622
79412672496
79412677623
79412684886
79412689281
79412696849
79412701243
79412709239
79412713756
79412719859
79412726329
79412729686
79412738597
79412744029
79412750438
79412755992
79412762340
79412769114
79412775584
79412780040
79412788340
79412795726
79412804087
79412811595
79412815928
79412824961
79412831797
79412837229
79412846934
79412852488
79412857676
79412862925
79412868235
79412873911
79412878550
79412884287
79412889964
79412897288
79412904368
79412909373
79412916575
79412920969
79412927866
79412933115
79412937998
79412946116
79412951243
79412958872
79412963938
79412969553
79412975413
79412979136
79412986033
79412993967
79412998484
79413005686
79413010813
79413018320
79413022959
79413028757
79413036081
79413042978
79413047617
79413054087
79413059397
79413067026
79413072580
79413078501
79413085642
79413092905
79413097849
79413105539
79413110666
79413119028
79413123850
79413131723
79413139231
79413144541
79413149790
79413157968
79413163706
79413172861
79413179025
79413186350
79413193796
79413200449
79413208811
79413217966
79413224558
79413232248
79413240549
79413252084
79413259958
79413269174
79413276071
79413285348
79413293588
79413299142
79413309396
79413314279
79413323190
79413332223
79413338571
79413345529
79413353830
79413364633
79413369088
79413378000
79413382699
79413394357
79413399179
79413410470
79413417489
79413425973
79413434640
79413442208
79413451181
79413455941
79413466989
79413474313
79413480477
79413491158
79413498910
79413507943
79413515939
79413523202
79413532235
79413542489
79413548348
79413553475
79413566842
79413574166
79413584054
79413594857
79413601937
79413610360
79413617928
79413626290
79413632760
79413640694
79413644967
79413655526
79413661629
79413669320
79413676583
79413681710
79413689339
79413696358
79413704049
79413710274
79413720589
79413726570
79413734261
79413741341
79413746956
79413755074
79413763008
79413770943
79413780037
79413787850
79413793953
79413801582
79413808846
79413815926
79413823616
79413827583
79413837715
79413845589
79413850716
79413859505
79413866524
79413873543
79413879646
79413887398
79413895332
79413901436
79413908211
79413919990
79413927192
79413935371
79413943123
79413951484
79413958992
79413966133
79413972236
79413978767
79413988105
79413995369
79414002876
79414010688
79414017280
79414025886
79414032600
79414041145
79414047859
79414056098
79414064216
79414070381
79414078742
79414086372
79414092475
79414101325
79414106574
79414116523
79414123481
79414131721
79414139045
79414147346
79414154121
79414162360
79414168952
79414174628
79414182380
79414192329
79414200263
79414206367
79414214545
79414221931
79414230353
79414235053
79414244574
79414250983
79414258979
79414268988
79414274482
79414282416
79414290595
79414296820
79414304694
79414313605
79414320624
79414327948
79414338202
79414347052
79414353888
79414361151
79414368476
79414377020
79414384711
79414394476
79414405890
79414416083
79414423834
79414431403
79414438727
79414443671
79414454291
79414460699
79414467596
79414477911
79414483832
79414490057
79414497687
79414502753
79414508063
79414513251
79414518866
79414524359
79414532904
79414537787
79414543341
79414548712
79414555792
79414559637
79414566900
79414573797
79414579168
79414584051
79414590826
79414595465
79414602240
79414607061
79414612127
79414618109
79414625555
79414630621
79414635931
79414641180
79414648992
79414654669
79414660650
79414666082
79414672613
79414677984
79414683599
79414690740
79414695440
79414702459
79414708563
79414711797
79414721136
79414726873
79414732732
79414739080
79414745123
79414749883
79414756780
79414760686
79414768865
79414772222
79414779302
79414783880
79414791021
79414795843
79414802129
79414809270
79414814519
79414822027
79414826726
79414834051
79414839116
79414846074
79414852178
79414857854
79414865850
79414872869
79414877813
79414884893
79414890691
79414896123
79414900945
79414907293
79414914434
79414920598
79414926824
79414934148
79414941716
79414947820
79414954839
79414963079
79414970037
79414981145
79414989446
79414995000
79415003362
79415010503
79415018620
79415026677
79415034123
79415043279
79415052068
79415060185
79415066045
79415077641
79415083440
79415092839
79415101628
79415108342
79415115544
79415125554
79415133977
79415142277
79415153203
79415158329
79415166752
79415174809
79415182621
79415189579
79415197453
79415202092
79415210453
79415217472
79415223698
79415231571
79415239201
79415247013
79415251286
79415260441
79415267033
79415275761
79415282597
79415289982
79415297611
79415305302
79415311588
79415319523
79415328556
79415336002
79415344608
79415351261
79415358707
79415366581
79415373661
79415380009
79415386783
79415397831
79415442631
79415448856
79415455570
79415461246
79415464786
79415469547
79415474064
79415478641
79415483463
79415488895
79415493778
79415497623
79415503666
79415508976
79415516056
79415520572
79415527164
79415531803
79415536075
79415540348
79415546085
79415550601
79415556400
79415560672
79415566348
79415570621
79415575626
79415581058
79415584842
79415589420
79415594486
79415600040
79415604068
79415608829
79415614566
79415619449
79415625369
79415630679
79415635440
79415639407
79415644900
79415649783
79415655337
79415658206
79415664065
79415668948
79415674258
79415681705
79415685550
79415691165
79415695010
79415698672
79415703921
79415709903
79415713931
79415719180
79415723758
79415729190
79415733157
79415737979
79415744021
79415749392
79415755130
79415759951
79415763736
79415769229
79415775576
79415779788
79415785647
79415789676
79415793704
79415798159
79415803714
79415807620
79415812381
79415817507
79415820742
79415827151
79415831301
79415838137
79415843936
79415848330
79415854251
79415858401
79415864932
79415872012
79415878176
79415883730
79415889468
79415893618
79415898257
79415906191
79415912844
79415918276
79415924929
79415929690
79415937807
79415943118
79415948672
79415953554
79415961855
79415967898
79415974673
79415983095
79415989443
79415993716
79415997805
79416003969
79416009096
79416015810
79416021792
79416026186
79416033083
79416037905
79416044436
79416051088
79416055666
79416061342
79416066591
79416073244
79416078310
79416085634
79416092226
79416096193
79416103334
79416107485
79416113039
79416117433
79416123171
79416128969
79416134279
79416139223
79416145143
79416150331
79416156313
79416161684
79416167055
79416173586
79416179628
79416185426
79416190309
79416198000
79416202882
79416210024
79416215028
79416221559
79416226381
79416229311
79416235841
79416242250
79416247133
79416253542
79416259340
79416265382
79416271364
79416278383
79416284608
79416290407
79416296327
79416301820
79416308839
79416312745
79416320985
79416325319
79416331483
79416337953
79416343324
79416350587
79416357911
79416363832
79416370851
79416377320
79416384523
79416390016
79416395082
79416400392
79416405213
79416412538
79416417604
79416424134
79416429994
79416435792
79416440248
79416448731
79416453980
79416461854
79416469300
79416479005
79416485291
79416491090
79416497987
79416502931
79416508851
79416513978
79416522157
79416526795
79416533692
79416539124
79416545472
79416550904
79416557252
79416563111
79416571046
79416576722
79416583741
79416589417
79416595215
79416598694
79416604920
79416609559
79416615174
79416619874
79416626343
79416631409
79416639283
79416644104
79416651551
79416657410
79416662049
79416665467
79416674012
79416678772
79416686951
79416691651
79416698670
79416703064
79416708680
79416715271
79416719788
79416726013
79416731446
79416737671
79416743775
79416750183
79416756043
79416759949
79416767639
79416773926
79416781006
79416786682
79416793152
79416798767
79416805298
79416811035
79416818970
79416825012
79416831055
79416836914
79416843994
79416848999
79416855713
79416861084
79416867920
79416874023
79416880066
79416883850
79416890381
79416895508
79416904297
79416910766
79416915344
79416922058
79416927307
79416934814
79416939575
79416946411
79416953552
79416959961
79416966125
79416973327
79416979248
79416986389
79416990539
79416998596
79417007446
79417014526
79417021057
79417025695
79417032165
79417038269
79417040710
79417052429
79417057800
79417064697
79417070129
79417080200
79417084350
79417092346
79417100219
79417105712
79417116149
79417121154
79417126098
79417133605
79417138000
79417147033
79417153625
79417158935
79417162719
79417170775
79417175292
79417182128
79417185973
79417195006
79417199340
79417205810
79417211913
79417216369
79417221984
79417227233
79417232970
79417239440
79417243468
79417252318
79417255736
79417263488
79417267821
79417273986
79417277709
79417284056
79417289916
79417296752
79417300719
79417309203
79417320250
79417335326
79417350829
79417357909
79417368834
79417377745
79417386290
79417393675
79417404417
79417410094
79417418394
79417425475
79417430846
79417436766
79417443541
79417448607
79417452635
79417458067
79417464293
79417469664
79417476805
79417481810
79417488341
79417493223
79417497069
79417503538
79417508848
79417515745
79417521177
79417528013
79417533140
79417538084
79417542723
79417545897
79417554625
79417558531
79417564207
79417570005
79417574095
79417579710
79417585203
79417590025
79417595396
79417600218
79417605162
79417611326
79417616636
79417620970
79417625913
79417632871
79417637754
79417642515
79417647459
79417653868
79417658567
79417664488
79417669798
79417675474
79417679441
79417684812
79417692320
79417698606
79417702818
79417712522
79417717039
79417723447
79417728513
79417734190
79417738035
79417746275
79417750059
79417755918
79417759519
79417764402
79417769712
79417773801
79417779111
79417786741
79417793210
79417798154
79417802061
79417807432
79417811521
79417818418
79417824704
79417832151
79417838132
79417843259
79417848081
79417853330
79417857846
79417863584
79417869321
79417874875
79417881589
79417886899
79417892514
79417897519
79417901609
79417907956
79417912839
79417919431
79417927243
79417932309
79417936887
79417943845
79417947995
79417953183
79417958310
79417961667
79417971005
79417978146
79417982602
79417986874
79417994199
79417998105
79418005795
79418010739
79418016415
79418022092
79418029050
79418034116
79418039365
79418047055
79418052304
79418057797
79418066586
79418071713
79418077023
79418081296
79418087094
79418092709
79418097348
79418104428
79418109311
79418115414
79418119443
79418125851
79418129513
79418136776
79418140439
79418147458
79418152951
79418159298
79418164608
79418170895
79418175045
79418179867
79418185482
79418191891
79418196347
79418201535
79418208920
79418214352
79418220883
79418226315
79418231869
79418235287
79418242367
79418248837
79418255245
79418261654
79418268124
79418272274
79418282040
79418286434
79418293087
79418299801
79418306026
79418311520
79418317013
79418323177
79418329159
79418332760
79418339291
79418344540
79418351498
79418356869
79418362179
79418367550
79418374447
79418378963
79418383480
79418389644
79418394710
79418401607
79418406856
79418411007
79418417171
79418422481
79418428035
79418432186
79418435360
79418445125
79418450557
79418455745
79418462581
79418466854
79418471859
79418476375
79418481746
79418489315
79418493465
79418499691
79418503536
79418512874
79418518428
79418525508
79418529781
79418540401
79418545589
79418551448
79418558833
79418563350
79418570796
79418576351
79418584712
79418591609
79418597774
79418603999
79418609187
79418615108
79418621761
79418628535
79418634334
79418641658
79418648311
79418654780
79418660579
79418667049
79418672969
79418679561
79418685359
79418691951
79418698115
79418704463
79418708796
79418714717
79418718806
79418726863
79418731318
79418736567
79418743281
79418750544
79418754634
79418762690
79418769038
79418776484
79418780757
79418788020
79418790705
79418798884
79418805537
79418810176
79418815119
79418824702
79418826716
79418838130
79418845027
79418849970
79418854487
79418862849
79418869013
79418877558
79418886469
79418893244
79418898798
79418906550
79418911799
79418918513
79418923640
79418930415
79418935236
79418941706
79418946406
79418952997
79418956293
79418963251
79418969111
79418975519
79418981684
79418986445
79418991266
79418997553
79419002436
79419009333
79419014399
79419020136
79419024592
79419032282
79419038202
79419043268
79419049860
79419054987
79419059382
79419065973
79419070734
79419077997
79419082636
79419086908
79419093988
79419098200
79419105280
79419110346
79419117792
79419124506
79419130243
79419135675
79419142023
79419145563
79419152155
79419158075
79419163812
79419171991
79419181818
79419189203
79419195245
79419199274
79419207636
79419213251
79419220209
79419228632
79419234552
79419240839
79419245477
79419250909
79419256769
79419262262
79419268304
79419274347
79419282037
79419286432
79419292291
79419297540
79419302606
79419307428
79419316034
79419323175
79419328973
79419333307
79419339288
79419343255
79419348504
79419352350
79419360101
79419366021
79419372125
79419377374
79419381341
79419388421
79419392572
79419396783
79419404595
79419410882
79419414788
79419420709
79419427239
79419431634
79419438531
79419444573
79419449151
79419455255
79419461785
79419465936
79419472466
79419478387
79419484002
79419489617
79419497186
79419500787
79419507684
79419510857
79419518060
79419523125
79419527459
79419532403
79419537469
79419541863
79419546197
79419550469
79419554864
79419559319
79419564141
79419569207
79419574639
79419578484
79419582207
79419587517
79419591546
79419597039
79419601433
79419610283
79419617180
79419621270
79419626153
79419631524
79419637322
79419643486
79419648858
79419655693
79419660210
79419666558
79419671990
79419676018
79419680413
79419685784
79419690544
79419699211
79419703179
79419709893
79419715691
79419720635
79419725762
79419732598
79419737358
79419743950
79419748833
79419755303
79419759575
79419766350
79419770683
79419777336
79419781731
79419787346
79419793816
79419800163
79419806389
79419812187
79419816582
79419820305
79419828972
79419834282
79419840935
79419846916
79419851250
79419856071
79419863518
79419866936
79419873283
79419878044
79419884880
79419890556
79419897758
79419902824
79419908439
79419915397
79419920707
79419925407
79419930961
79419937065
79419942741
79419949028
79419955742
79419960685
79419965202
79419973991
79419978385
79419986625
79419991569
79419998466
79420004142
79420009086
79420014884
79420020194
79420028495
79420037040
79420044181
79420050224
79420058463
79420063163
79420068595
79420074638
79420078849
79420089408
79420094047
79420099906
79420105399
79420111076
79420114005
79420121207
79420126945
79420134208
79420138663
79420144340
79420149711
79420155692
79420160270
