52021217411
52021223209
52021229130
52021234073
52021239139
52021244815
52021250309
52021255252
52021260624
52021265506
52021269596
52021274417
52021280033
52021284915
52021290348
52021294681
52021300235
52021305057
52021309818
52021316532
52021321659
52021327823
52021333255
52021339176
52021344486
52021352420
52021359073
52021364017
52021372073
52021377689
52021382510
52021390689
52021396304
52021403201
52021409976
52021418155
52021423831
52021430240
52021438724
52021443301
52021452518
52021459781
52021465640
52021474856
52021481998
52021489322
52021496707
52021503421
52021511294
52021517764
52021524661
52021530032
52021537783
52021545230
52021553775
52021560122
52021566836
52021574404
52021582583
52021589053
52021597781
52021605776
52021612490
52021620303
52021627871
52021634707
52021645144
52021653079
52021661074
52021669436
52021676638
52021685488
52021692080
52021701418
52021709963
52021718630
52021725954
52021734927
52021740847
52021749270
52021757632
52021766176
52021773928
52021781618
52021790163
52021797854
52021803408
52021812014
52021819582
52021828249
52021834719
52021844240
52021850283
52021858644
52021866701
52021874086
52021880983
52021890383
52021897097
52021903810
52021911013
52021918581
52021926454
52021933351
52021942812
52021951479
52021960268
52021967714
52021975038
52021984743
52021990785
52022000124
52022006776
52022014955
52022023439
52022031251
52022041017
52022047060
52022056276
52022064943
52022075014
52022083253
52022090333
52022099244
52022106141
52022113649
52022123231
52022130067
52022138124
52022145570
52022153871
52022162599
52022171693
52022179017
52022186952
52022196717
52022203126
52022210572
52022219728
52022227418
52022236939
52022245240
52022252931
52022261170
52022269654
52022278321
52022286195
52022293763
52022302064
52022312012
52022320008
52022327149
52022335572
52022343445
52022352601
52022361390
52022369141
52022377747
52022383423
52022393006
52022401612
52022411500
52022418946
52022426819
52022434876
52022443177
52022450623
52022458619
52022467530
52022475220
52022483399
52022491455
52022498963
52022508179
52022516663
52022527222
52022533447
52022541382
52022550232
52022557556
52022566406
52022575867
52022583252
52022590027
52022596558
52022605774
52022612244
52022619690
52022630676
52022638672
52022646606
52022653503
52022661682
52022670837
52022680115
52022687622
52022695068
52022705017
52022711731
52022720581
52022727600
52022736328
52022744751
52022751464
52022760009
52022767456
52022776184
52022786010
52022794189
52022799011
52022809265
52022817810
52022826049
52022834716
52022842162
52022849120
52022860046
52022868346
52022876769
52022885131
52022893188
52022901122
52022909789
52022917297
52022925414
52022936645
52022943664
52022952209
52022962462
52022971129
52022983214
52022991454
52022998534
52023006652
52023016051
52023023620
52023031432
52023039061
52023046691
52023055175
52023062133
52023071044
52023077269
52023085753
52023092528
52023100218
52023109435
52023118346
52023125243
52023134703
52023140563
52023149169
52023155272
52023163146
52023173338
52023181334
52023189696
52023198485
52023205321
52023214354
52023223631
52023231993
52023239317
52023248350
52023255247
52023263182
52023273436
52023284422
52023292479
52023298826
52023305906
52023315001
52023321714
52023329893
52023338133
52023346373
52023355467
52023364134
52023372129
52023381285
52023388548
52023396788
52023404234
52023411680
52023419615
52023427366
52023436643
52023443723
52023451536
52023459532
52023467527
52023475279
52023481809
52023490659
52023496275
52023507444
52023515134
52023523252
52023530820
52023537107
52023545957
52023557126
52023566038
52023575010
52023582883
52023589719
52023599790
52023607480
52023620664
52023630307
52023640500
52023649472
52023657224
52023666135
52023675229
52023684873
52023693235
52023701352
52023709470
52023717099
52023724607
52023734494
52023742673
52023749326
52023757382
52023763730
52023770688
52023777341
52023784543
52023791196
52023797849
52023804379
52023810971
52023817197
52023824948
52023831235
52023837460
52023845151
52023852475
52023859921
52023866635
52023872799
52023881283
52023886593
52023892880
52023899838
52023906369
52023912899
52023919796
52023925900
52023932614
52023939816
52023946774
52023953732
52023959591
52023966976
52023972531
52023979611
52023985775
52023993405
52023999813
52024006771
52024012753
52024019528
52024026364
52024032589
52024040646
52024045406
52024052487
52024059383
52024065121
52024072262
52024080807
52024087521
52024094296
52024100033
52024106136
52024112057
52024118404
52024125545
52024131466
52024138363
52024144527
52024150509
52024156795
52024163143
52024170650
52024176998
52024182247
52024189327
52024195369
52024201351
52024207515
52024214473
52024220699
52024228084
52024235958
52024243160
52024249569
52024257015
52024262203
52024268917
52024275447
52024282039
52024289180
52024295284
52024301815
52024307552
52024315364
52024319942
52024327510
52024334529
52024342952
52024349605
52024355098
52024362239
52024369136
52024377193
52024383235
52024389827
52024396846
52024402950
52024409602
52024417415
52024424007
52024429683
52024436519
52024442134
52024448970
52024457454
52024464168
52024471614
52024476802
52024483516
52024490230
52024497249
52024503962
52024511104
52024517451
52024523005
52024529841
52024536616
52024543757
52024550715
52024555354
52024563411
52024569270
52024577143
52024583491
52024591120
52024597773
52024603877
52024610163
52024616755
52024623164
52024629450
52024636164
52024642451
52024649836
52024656306
52024663203
52024668635
52024674494
52024681269
52024688593
52024695185
52024702448
52024709589
52024715327
52024722224
52024729487
52024735834
52024742487
52024748957
52024755060
52024762751
52024769160
52024775446
52024781611
52024787409
52024794489
52024801508
52024806940
52024814753
52024821222
52024827631
52024833979
52024840326
52024847528
52024853754
52024860956
52024867487
52024874567
52024880915
52024886347
52024891657
52024899958
52024906183
52024911615
52024918573
52024925653
52024932367
52024938898
52024945429
52024952081
52024959039
52024966058
52024970819
52024978265
52024984369
52024990839
52024996942
52025002618
52025009149
52025015070
52025022394
52025028924
52025035089
52025041864
52025046564
52025053583
52025060113
52025065851
52025072931
52025079950
52025087213
52025097589
52025110833
52025118341
52025126580
52025133172
52025139154
52025145318
52025151300
52025158746
52025164910
52025170770
52025175531
52025182061
52025189019
52025196160
52025201470
52025205682
52025214349
52025218743
52025225823
52025231317
52025236749
52025243279
52025249139
52025256219
52025263299
52025268121
52025275323
52025281121
52025287286
52025292657
52025300225
52025305779
52025311455
52025316766
52025323724
52025329888
52025336480
52025342766
52025347527
52025353753
52025358697
52025366204
52025371392
52025376336
52025383660
52025389397
52025395562
52025401970
52025407952
52025413628
52025417717
52025426079
52025432244
52025437859
52025444146
52025450371
52025455559
52025460747
52025467766
52025472832
52025478508
52025484185
52025490959
52025495781
52025502617
52025509331
52025513542
52025519890
52025526909
52025532951
52025539787
52025546318
52025551506
52025556755
52025562431
52025568169
52025573357
52025578728
52025584160
52025590446
52025596855
52025601311
52025608208
52025612602
52025620232
52025625603
52025633476
52025639458
52025644279
52025650749
52025655571
52025661430
52025667045
52025672294
52025679008
52025685478
52025690544
52025698356
52025702690
52025708000
52025713859
52025720390
52025727897
52025733146
52025740348
52025745475
52025750969
52025757133
52025762626
52025768608
52025772880
52025779838
52025787040
52025792228
52025800224
52025806755
52025815177
52025821708
52025828117
52025833427
52025839958
52025846305
52025852958
52025859855
52025865348
52025872184
52025878593
52025885001
52025893790
52025901359
52025906791
52025915885
52025921439
52025927482
52025933158
52025939872
52025945609
52025950614
52025957389
52025962333
52025968558
52025975028
52025980277
52025986258
52025992301
52025998343
52026005668
52026010001
52026016776
52026022452
52026026908
52026034049
52026041007
52026047354
52026055167
52026060843
52026066519
52026072989
52026079154
52026085562
52026092398
52026097830
52026104972
52026111624
52026116690
52026123343
52026129508
52026135245
52026144217
52026150137
52026157095
52026163321
52026169791
52026174796
52026181815
52026188712
52026194937
52026201590
52026207022
52026212637
52026218802
52026226797
52026232291
52026238821
52026244314
52026250418
52026256033
52026263113
52026269522
52026275015
52026282034
52026288138
52026293936
52026302420
52026308889
52026315176
52026322561
52026328421
52026335989
52026340445
52026349417
52026356619
52026363699
52026370291
52026377127
52026383169
52026389822
52026395803
52026402090
52026409780
52026416738
52026422598
52026428457
52026435720
52026442312
52026448354
52026455434
52026462026
52026469228
52026475637
52026481374
52026487905
52026494375
52026501333
52026508291
52026514516
52026522390
52026529165
52026535329
52026541006
52026548025
52026554128
52026562185
52026568899
52026576223
52026581960
52026589773
52026595327
52026602102
52026608388
52026614187
52026620717
52026628469
52026644887
52026657888
52026665395
52026675344
52026683461
52026690358
52026697072
52026702931
52026708974
52026715749
52026721730
52026728139
52026733876
52026741261
52026747731
52026753590
52026760243
52026766469
52026771474
52026778249
52026785329
52026789906
52026796193
52026801076
52026807973
52026813222
52026819325
52026825551
52026833424
52026838734
52026845631
52026850087
52026857655
52026864735
52026870839
52026876576
52026883534
52026890919
52026896840
52026902699
52026908925
52026917347
52026923512
52026929127
52026934803
52026942555
52026947621
52026953602
52026959889
52026966847
52026972157
52026978260
52026983082
52026990528
52026997120
52027003224
52027008045
52027015186
52027020863
52027026356
52027034046
52027039417
52027046192
52027051746
52027056629
52027062367
52027069752
52027076038
52027082630
52027087086
52027094532
52027100513
52027106922
52027112293
52027117176
52027124439
52027129932
52027136280
52027142505
52027149586
52027155262
52027161426
52027166736
52027171558
52027177479
52027185047
52027189686
52027195972
52027202869
52027207508
52027213672
52027220081
52027226123
52027231678
52027239185
52027245777
52027250965
52027256702
52027266162
52027272937
52027279834
52027285816
52027291431
52027298450
52027305286
52027310047
52027315601
52027320972
52027328906
52027334949
52027341358
52027346912
52027353137
52027360156
52027364795
52027373340
52027378955
52027385242
52027390552
52027397876
52027403674
52027411975
52027417895
52027422961
52027428271
52027435168
52027439990
52027447558
52027454455
52027461719
52027467578
52027473376
52027479785
52027484973
52027492114
52027498645
52027504687
52027510424
52027515429
52027522998
52027527636
52027534289
52027538806
52027544848
52027551440
52027558337
52027563098
52027569873
52027575122
52027581164
52027585620
52027593188
52027600085
52027606677
52027612658
52027617236
52027622302
52027627001
52027634203
52027640246
52027647570
52027653490
52027659655
52027664843
52027670397
52027675829
52027682604
52027688647
52027692736
52027699755
52027704821
52027711535
52027718127
52027724108
52027731005
52027736437
52027744921
52027751574
52027755907
52027764757
52027773790
52027778856
52027785997
52027793810
52027798693
52027807360
52027814318
52027820299
52027826952
52027832811
52027838121
52027845446
52027851000
52027858263
52027865831
52027872850
52027878771
52027884935
52027889940
52027897386
52027902452
52027908739
52027915880
52027923448
52027929979
52027935594
52027941454
52027948412
52027954881
52027961900
52027969102
52027975694
52027981676
52027990160
52027995409
52028002306
52028008043
52028015977
52028021532
52028029527
52028034898
52028042100
52028046556
52028054185
52028060411
52028066942
52028074449
52028079332
52028086351
52028092393
52028098863
52028105088
52028111802
52028118150
52028123216
52028131456
52028136949
52028143541
52028147996
52028155259
52028160935
52028168016
52028173631
52028180711
52028186936
52028192613
52028199937
52028205491
52028211717
52028217393
52028223496
52028230882
52028238267
52028244187
52028249070
52028256150
52028261826
52028268784
52028275376
52028281297
52028287400
52028295212
52028301255
52028306992
52028314194
52028321702
52028327561
52028334336
52028340867
52028346909
52028351731
52028358018
52028364670
52028370896
52028377732
52028383530
52028388901
52028394211
52028401230
52028408005
52028412827
52028420029
52028426682
52028432907
52028438034
52028444870
52028451584
52028458359
52028464157
52028469773
52028475022
52028483139
52028489792
52028495529
52028502976
52028509140
52028514572
52028521164
52028527817
52028533859
52028541794
52028548447
52028554184
52028560043
52028566879
52028572739
52028579636
52028584396
52028591415
52028596847
52028603744
52028608627
52028614181
52028621139
52028626999
52028633163
52028638779
52028644699
52028649704
52028658249
52028664657
52028669601
52028675766
52028682235
52028688217
52028693222
52028699447
52028706527
52028712936
52028718795
52028724960
52028731002
52028736312
52028744003
52028751266
52028757003
52028764022
52028769393
52028774703
52028782089
52028789474
52028795028
52028801864
52028807662
52028813766
52028819930
52028826339
52028832870
52028840255
52028846359
52028851180
52028858810
52028863876
52028870101
52028876571
52028882735
52028888900
52028894942
52028900863
52028905685
52028913802
52028920150
52028927474
52028933455
52028938399
52028944564
52028950240
52028958297
52028965011
52028970443
52028977340
52028983138
52028989669
52028995772
52029002791
52029009200
52029016097
52029022383
52029027999
52029033980
52029041732
52029048506
52029055037
52029061873
52029068526
52029072676
52029079451
52029087203
52029092146
52029099776
52029104842
52029110579
52029117232
52029123641
52029130721
52029136458
52029143660
52029149825
52029156722
52029162703
52029168806
52029174239
52029181746
52029186934
52029193159
52029199690
52029206953
52029212752
52029218977
52029224715
52029232405
52029239241
52029245772
52029252119
52029257063
52029263411
52029269392
52029275435
52029281782
52029289106
52029295271
52029301619
52029308088
52029313459
52029319807
52029326887
52029333113
52029338179
52029344404
52029350874
52029356489
52029362348
52029369123
52029376997
52029382002
52029388349
52029393965
52029399275
52029418318
52029424970
52029430769
52029435712
52029442609
52029449506
52029456831
52029463361
52029468855
52029475507
52029482648
52029488081
52029494123
52029501752
52029506696
52029513410
52029518598
52029526105
52029532392
52029539228
52029547162
52029554242
52029560468
52029566938
52029573774
52029580060
52029587201
52029593793
52029599469
52029606000
52029611798
52029618146
52029623456
52029631513
52029636762
52029642987
52029648908
52029654950
52029660199
52029666425
52029673017
52029678876
52029685712
52029692059
52029697247
52029703473
52029709638
52029716535
52029721112
52029727765
52029732831
52029740094
52029744977
52029751019
52029759015
52029764081
52029770001
52029775128
52029782513
52029789288
52029794354
52029801495
52029808209
52029814068
52029820599
52029826275
52029833233
52029841412
52029849896
52029855511
52029863141
52029870343
52029876080
52029882611
52029890545
52029895550
52029902752
52029908368
52029914410
52029921307
52029926556
52029933270
52029941876
52029947247
52029953594
52029958721
52029965008
52029974529
52029980145
52029987713
52029993389
52030000225
52030006207
52030013043
52030019146
52030024456
52030031109
52030037334
52030043072
52030048687
52030055401
52030064068
52030069073
52030075787
52030083050
52030088726
52030094524
52030101482
52030108990
52030115276
52030123211
52030129497
52030137188
52030142925
52030151043
52030157696
52030164654
52030169780
52030177288
52030182781
52030189312
52030196331
52030203533
52030209087
52030215862
52030223064
52030229106
52030236858
52030243267
52030249919
52030255107
52030261943
52030269695
52030275737
52030282878
52030288677
52030295513
52030301311
52030308086
52030315044
52030320476
52030327007
52030334514
52030340495
52030346660
52030354289
52030360027
52030366740
52030372539
52030378825
52030384746
52030393779
52030400859
52030407146
52030413127
52030419292
52030424541
52030431437
52030437236
52030444072
52030449992
52030456340
52030462504
52030469706
52030476970
52030481608
52030488322
52030494853
52030500285
52030507182
52030513285
52030518840
52030525248
52030531962
52030537272
52030543986
52030550334
52030557780
52030563822
52030569865
52030576090
52030582072
52030589335
52030596049
52030602519
52030607768
52030614909
52030621928
52030628214
52030633707
52030640604
52030646220
52030654032
52030661234
52030667338
52030673380
52030679362
52030685099
52030691569
52030697794
52030703348
52030709208
52030716044
52030721110
52030727457
52030734904
52030739420
52030746317
52030751810
52030759623
52030765055
52030771586
52030777994
52030783854
52030790140
52030795450
52030802774
52030808817
52030814371
52030820902
52030826151
52030832743
52030838907
52030845499
52030851908
52030857706
52030863748
52030869425
52030876077
52030883280
52030889932
52030895059
52030902872
52030909647
52030915262
52030920755
52030928995
52030935465
52030941568
52030947916
52030953653
52030960550
52030966775
52030974039
52030979288
52030986612
52030993448
52031000223
52031006570
52031013101
52031019021
52031024270
52031030740
52031038614
52031045144
52031050821
52031056131
52031062967
52031069803
52031076638
52031082620
52031089395
52031097024
52031102456
52031109231
52031114602
52031121316
52031127053
52031135598
52031143045
52031148904
52031155191
52031163613
52031169229
52031176431
52031182595
52031188882
52031194924
52031201577
52031208779
52031214394
52031221597
52031228066
52031235085
52031240334
52031248025
52031253457
52031259194
52031265237
52031271523
52031279153
52031285744
52031292947
52031297280
52031304238
52031310219
52031316689
52031323464
52031328408
52031334755
52031341347
52031348183
52031353920
52031361184
52031368020
52031374733
52031381813
52031387368
52031393959
52031399819
52031405983
52031413063
52031419594
52031426003
52031432839
52031438332
52031447243
52031451943
52031458046
52031464150
52031471474
52031477883
52031486550
52031492531
52031500343
52031506325
52031511696
52031517677
52031524086
52031531715
52031538734
52031544655
52031551002
52031557228
52031563759
52031570900
52031577003
52031582069
52031589088
52031596229
52031603187
52031609169
52031614967
52031622780
52031628456
52031635902
52031640785
52031647865
52031655311
52031661720
52031668129
52031674659
52031681678
52031688087
52031695350
52031700660
52031706214
52031713478
52031719337
52031726173
52031731361
52031738502
52031744850
52031751930
52031757911
52031763587
52031770240
52031775428
52031782081
52031788307
52031794898
52031802772
52031809120
52031814857
52031820472
52031826759
52031832679
52031839820
52031846473
52031853858
52031858863
52031866248
52031873450
52031878821
52031885474
52031892860
52031899451
52031904822
52031910682
52031916846
52031923255
52031929847
52031936561
52031942908
52031949195
52031954871
52031960181
52031967078
52031973243
52031980689
52031987464
52031992530
52031998633
52032004737
52032009375
52032017432
52032022986
52032028846
52032036231
52032043494
52032049475
52032055274
52032061926
52032069434
52032075049
52032081763
52032087744
52032094458
52032100073
52032107214
52032112341
52032120093
52032125586
52032132422
52032138647
52032146094
52032151038
52032158362
52032166052
52032173193
52032180212
52032185583
52032192053
52032198401
52032204809
52032211340
52032217932
52032224341
52032229101
52032235937
52032241919
52032247290
52032253515
52032259985
52032265966
52032273047
52032278051
52032284948
52032290442
52032296728
52032302710
52032308386
52032313818
52032320837
52032326940
52032330969
52032338293
52032343786
52032350256
52032355627
52032362402
52032368627
52032373754
52032379675
52032384252
52032390417
52032396581
52032402380
52032409582
52032415807
52032421728
52032427465
52032433752
52032439245
52032446691
52032452734
52032457616
52032463842
52032470312
52032476293
52032483556
52032489355
52032495092
52032502294
52032506994
52032514928
52032520055
52032528295
52032534032
52032538915
52032545263
52032551488
52032555822
52032563085
52032569860
52032575719
52032583104
52032587804
52032593969
52032600133
52032607396
52032613195
52032619481
52032624913
52032630590
52032636876
52032641576
52032649510
52032655309
52032660924
52032667089
52032674108
52032679662
52032685582
52032691319
52032697728
52032703893
52032709630
52032716405
52032722936
52032729405
52032735081
52032742162
52032746983
52032754185
52032759801
52032765416
52032770970
52032778355
52032783848
52032789708
52032795811
52032802464
52032806431
52032813695
52032820408
52032827611
52032834324
52032839940
52032845982
52032851292
52032858311
52032864415
52032870030
52032876255
52032882542
52032888768
52032894566
52032899876
52032906529
52032915562
52032921116
52032926121
52032933323
52032939793
52032945469
52032952000
52032957798
52032963902
52032969395
52032976902
52032981724
52032989720
52032996922
52033001743
52033007542
52033014988
52033021092
52033026951
52033033482
52033039402
52033046055
52033052280
52033058933
52033064121
52033070713
52033076389
52033082004
52033089817
52033097141
52033103367
52033108738
52033115513
52033122837
52033128696
52033135898
52033142002
52033148349
52033154941
52033159763
52033166843
52033172214
52033179783
52033186985
52033193943
52033200473
52033208042
52033213718
52033221836
52033228733
52033233493
52033239841
52033247898
52033254550
52033261264
52033268527
52033274936
52033281528
52033288120
52033294650
52033303073
52033308627
52033315524
52033320590
52033326389
52033333774
52033338962
52033346652
52033352206
52033358676
52033364963
52033372409
52033378390
52033384433
52033389804
52033395968
52033403171
52033408664
52033417026
52033423190
52033429233
52033435946
52033442172
52033449618
52033454562
52033461764
52033467868
52033473300
52033480746
52033486361
52033493869
52033499728
52033505770
52033512057
52033518771
52033527316
52033549960
52033555941
52033560763
52033566866
52033572970
52033579501
52033586092
52033590487
52033597201
52033604769
52033611239
52033617892
52033625582
52033631808
52033638094
52033644076
52033649508
52033654879
52033662142
52033669344
52033675509
52033681246
52033688692
52033695345
52033701510
52033708895
52033714815
52033721224
52033729220
52033737703
52033744295
52033750643
52033757113
52033764132
52033771395
52033776522
52033782747
52033789217
52033795992
52033802645
52033808870
52033815096
52033822298
52033829378
52033834566
52033840669
52033846834
52033853731
52033860811
52033868379
52033874361
52033879122
52033885896
52033892488
52033898225
52033906160
52033913545
52033918611
52033926424
52033933138
52033939241
52033945772
52033952913
52033957429
52033963411
52033968660
52033975923
52033982210
52033989229
52033996126
52034004548
52034010408
52034015657
52034023286
52034028779
52034034822
52034040986
52034047517
52034053376
52034059785
52034066499
52034071016
52034076936
52034083955
52034089753
52034094392
52034100862
52034106538
52034111848
52034118928
52034124665
52034131257
52034135530
52034141694
52034148164
52034154511
52034161592
52034166841
52034173066
52034179597
52034185151
52034191743
52034197358
52034204316
52034210358
52034215852
52034222749
52034227509
52034233125
52034238190
52034246125
52034251496
52034258515
52034265961
52034271332
52034278718
52034284821
52034290314
52034296845
52034303742
52034309540
52034314728
52034319733
52034326081
52034330414
52034337494
52034343537
52034349946
52034355133
52034361054
52034366303
52034371430
52034379670
52034385895
52034392426
52034397614
52034402802
52034408112
52034414643
52034421112
52034428437
52034434723
52034439911
52034445709
52034451691
52034458222
52034463532
52034470551
52034476166
52034483124
52034489472
52034496307
52034502533
52034509125
52034515167
52034519501
52034523468
52034532257
52034538666
52034543610
52034550873
52034557342
52034563324
52034569733
52034576202
52034581756
52034588409
52034594574
52034600860
52034605682
52034611908
52034618805
52034623749
52034631195
52034636444
52034643219
52034648285
52034652801
52034660431
52034666290
52034672515
52034679596
52034685333
52034692352
52034697174
52034704071
52034710418
52034716156
52034722320
52034729034
52034734649
52034739532
52034747222
52034753692
52034760162
52034764190
52034770965
52034776885
52034783294
52034788848
52034794830
52034801482
52034806426
52034814056
52034820342
52034826446
52034834075
52034840789
52034846709
52034851226
52034856780
52034863982
52034870757
52034876922
52034882903
52034888763
52034895293
52034900420
52034906402
52034912993
52034917449
52034924590
52034932219
52034937285
52034946196
52034952544
52034957671
52034964202
52034969512
52034975310
52034980864
52034987517
52034993804
52034999541
52035005522
52035011870
52035017852
52035022429
52035027861
52035035491
52035042204
52035047087
52035055022
52035060454
52035065825
52035070708
52035078093
52035084502
52035090544
52035097929
52035105010
52035109953
52035117400
52035122954
52035129118
52035136198
52035140715
52035147917
52035152006
52035160002
52035164458
52035170988
52035176970
52035181853
52035188383
52035193938
52035199858
52035206633
52035212736
52035218840
52035225432
52035229643
52035235258
52035240507
52035247953
52035254911
52035259977
52035268095
52035273344
52035277922
52035285368
52035291349
52035297026
52035303251
52035307341
52035314909
52035321745
52035326750
52035334684
52035341337
52035347074
52035352506
52035360990
52035367216
52035372282
52035378202
52035386320
52035392973
52035398649
52035403959
52035409574
52035415189
52035421415
52035427518
52035432706
52035440153
52035446806
52035452238
52035456815
52035463346
52035468656
52035474393
52035480253
52035485502
52035490812
52035497465
52035503873
52035510709
52035517362
52035522489
52035528348
52035533780
52035539640
52035543790
52035550016
52035556913
52035562772
52035568326
52035576993
52035583158
52035588040
52035594815
52035599332
52035604581
52035611295
52035615933
52035623563
52035629605
52035635648
52035642362
52035646817
52035652432
52035659207
52035665189
52035671109
52035678983
52035685269
52035691922
52035697965
52035703946
52035710721
52035715787
52035723111
52035728238
52035734402
52035740811
52035746060
52035752103
52035759610
52035765835
52035770413
52035775113
52035782559
52035788663
52035794644
52035801297
52035808499
52035813504
52035820523
52035824978
52035831082
52035837918
52035844387
52035850857
52035855984
52035863186
52035868679
52035875210
52035881314
52035887966
52035894192
52035899258
52035905117
52035910794
52035917019
52035924099
52035930630
52035936917
52035944180
52035949124
52035954922
52035961147
52035966885
52035974087
52035979885
52035986843
52035992886
52035998013
52036003567
52036009548
52036016018
52036023159
52036028408
52036035305
52036039394
52036045803
52036052334
52036057522
52036065029
52036072109
52036077724
52036084133
52036091274
52036097378
52036104275
52036109524
52036116604
52036123684
52036130703
52036135769
52036142055
52036148952
52036154628
52036160427
52036165493
52036172023
52036178371
52036184658
52036189235
52036196559
52036202541
52036209255
52036215236
52036220790
52036228420
52036234584
52036240322
52036245754
52036252590
52036258327
52036264308
52036269801
52036276027
52036279933
52036286220
52036292690
52036300136
52036306056
52036310817
52036316188
52036321498
52036329250
52036334682
52036340541
52036348109
52036353847
52036359157
52036365443
52036371486
52036377467
52036381740
52036387660
52036394191
52036401332
52036407618
52036413051
52036419337
52036425746
52036431056
52036435939
52036442286
52036448024
52036453944
52036461268
52036466944
52036471766
52036479701
52036486537
52036490992
52036497889
52036503504
52036510401
52036517848
52036523707
52036530421
52036537013
52036541407
52036547511
52036553675
52036558436
52036565333
52036569544
52036575709
52036582545
52036588343
52036593531
52036600001
52036604578
52036612208
52036618983
52036623072
52036628260
52036634608
52036641199
52036646021
52036652979
52036658839
52036665064
52036670679
52036676966
52036682215
52036689783
52036695032
52036701197
52036707911
52036714441
52036720240
52036726160
52036731592
52036735743
52036741968
52036748133
52036753077
52036759058
52036764734
52036770227
52036777613
52036783045
52036790186
52036796411
52036801416
52036808557
52036813501
52036819544
52036826441
52036832544
52036838648
52036843408
52036849634
52036854822
52036859339
52036865869
52036872095
52036879419
52036884790
52036890833
52036895288
52036902795
52036908899
52036915186
52036921411
52036927576
52036932764
52036937036
52036944299
52036948938
52036955347
52036960718
52036967309
52036973474
52036978967
52036986169
52036991052
52036996179
52037002038
52037008203
52037013269
52037019738
52037028222
52037034631
52037040124
52037046533
52037052209
52037059411
52037065149
52037070398
52037075891
52037081506
52037088281
52037095239
52037101586
52037108972
52037117456
52037123193
52037129357
52037135949
52037141259
52037146813
52037153100
52037158776
52037165368
52037170617
52037176782
52037182458
52037188134
52037194299
52037201135
52037207665
52037213708
52037219628
52037225243
52037231957
52037236901
52037242943
52037251122
52037258446
52037263940
52037269250
52037274499
52037281029
52037287438
52037294091
52037299706
52037304162
52037310509
52037317650
52037324059
52037329369
52037336022
52037341210
52037348778
52037354943
52037360253
52037366906
52037371056
52037376671
52037383324
52037389366
52037395653
52037401696
52037407738
52037412987
52037419090
52037425133
52037431053
52037437950
52037443810
52037449791
52037455467
52037462486
52037468468
52037475487
52037481041
52037486534
52037492332
52037498070
52037502464
52037510155
52037517052
52037521996
52037529320
52037533653
52037541160
52037546654
52037552757
52037559654
52037564537
52037570152
52037575523
52037581688
52037589073
52037595421
52037602501
52037608421
52037614280
52037619957
52037626915
52037631981
52037638878
52037646141
52037652610
52037657615
52037663902
52037670005
52037676658
52037684166
52037690513
52037696556
52037702720
52037707115
52037713951
52037718650
52037726768
52037732261
52037738426
52037743553
52037751975
52037758323
52037765037
52037771446
52037777732
52037783592
52037787864
52037793540
52037800742
52037807395
52037812949
52037819602
52037824485
52037830100
52037834678
52037842185
52037847678
52037853110
52037858542
52037864280
52037868735
52037876609
52037882895
52037889182
52037895102
52037900962
52037905906
52037912375
52037918418
52037923789
52037931601
52037937583
52037943137
52037948264
52037956076
52037963218
52037968405
52037975608
52037980612
52037988181
52037993735
52038000266
52038007285
52038012290
52038017417
52038023459
52038029868
52038035727
52038041342
52038046958
52038053183
52038060324
52038066733
52038073691
52038079428
52038084677
52038091818
52038099509
52038105917
52038111594
52038116965
52038123679
52038130942
52038135336
52038142599
52038149191
52038154379
52038162375
52038167807
52038173849
52038179892
52038184897
52038189902
52038197470
52038203879
52038210714
52038216879
52038223044
52038227133
52038233419
52038239828
52038245565
52038251242
52038257528
52038262899
52038268820
52038273519
52038280172
52038285116
52038290426
52038297933
52038303976
52038310446
52038315878
52038321981
52038327902
52038332174
52038338094
52038343771
52038349630
52038356222
52038362447
52038368063
52038374166
52038379415
52038386007
52038391073
52038397237
52038402059
52038409444
52038415548
52038421163
52038427267
52038433675
52038440206
52038446432
52038452474
52038459127
52038465230
52038471334
52038476339
52038484517
52038490316
52038496175
52038501241
52038509664
52038516134
52038524923
52038530660
52038537069
52038542073
52038548604
52038555074
52038560872
52038566793
52038576131
52038582112
52038587606
52038593770
52038600606
52038606221
52038611348
52038618428
52038625203
52038631001
52038637349
52038642842
52038647176
52038654622
52038661580
52038667622
52038675313
52038680623
52038687093
52038693379
52038699117
52038706441
52038711079
52038718159
52038724324
52038729817
52038736653
52038742879
52038749226
52038755269
52038760579
52038766621
52038772297
52038778950
52038785786
52038791279
52038799092
52038804646
52038810627
52038815938
52038822529
52038829487
52038836079
52038842060
52038847432
52038854512
52038859700
52038865925
52038872334
52038878010
52038884602
52038890400
52038896260
52038902729
52038909016
52038914509
52038922444
52038927632
52038934895
52038940510
52038946308
52038951008
52038959614
52038964253
52038971577
52038979023
52038984882
52038990559
52038997150
52039001911
52039010334
52039016560
52039021992
52039027607
52039033527
52039040729
52039047138
52039053058
52039059345
52039066242
52039072162
52039077961
52039082355
52039090046
52039095417
52039102009
52039107807
52039114155
52039120319
52039126728
52039133136
52039139789
52039146320
52039153583
52039158344
52039164997
52039171711
52039177936
52039183490
52039189594
52039197101
52039201862
52039209125
52039217914
52039225421
52039229633
52039237567
52039243854
52039249286
52039257282
52039262836
52039271564
52039278278
52039284686
52039290851
52039297198
52039304584
52039311114
52039315692
52039326251
52039332294
52039338397
52039345843
52039352252
52039360248
52039367389
52039371478
52039379107
52039386126
52039392291
52039399310
52039407123
52039411822
52039418658
52039424823
52039431414
52039439105
52039447039
52039452410
52039458392
52039465838
52039472186
52039477862
52039485491
52039491717
52039496417
52039503985
52039509417
52039516253
52039522967
52039529620
52039536883
52039542193
52039549273
52039555377
52039562212
52039568926
52039574786
52039580401
52039588030
52039594073
52039601214
52039607806
52039613543
52039620257
52039626299
52039633257
52039639422
52039646807
52039652178
52039658404
52039664568
52039671953
52039678606
52039685869
52039692217
52039698809
52039706072
52039712664
52039719194
52039724810
52039730974
52039738726
52039745378
52039751726
52039759294
52039764238
52039771990
52039777483
52039785784
52039792009
52039796953
52039805315
52039811785
52039818682
52039825334
52039831133
52039837358
52039845293
52039852373
52039858904
52039865190
52039872270
52039878435
52039885637
52039892595
52039899126
52039904192
52039912370
52039918657
52039925859
52039932573
52039938005
52039944658
52039951311
52039958818
52039964555
52039971879
52039978471
52039985124
52039991166
52039998124
52040004472
52040010453
52040016374
52040024003
52040030412
52040036515
52040043901
52040049577
52040055802
52040064042
52040068193
52040075334
52040083024
52040089921
52040096086
52040103166
52040109086
52040116349
52040122025
52040127641
52040135758
52040141007
52040148026
52040155229
52040161942
52040167497
52040175370
52040182633
52040188859
52040195023
52040201859
52040207474
52040214616
52040222062
52040227677
52040235490
52040241715
52040247636
52040254838
52040263077
52040269059
52040274918
52040281449
52040288285
52040295365
52040301346
52040309159
52040314347
52040321671
52040327713
52040333939
52040341202
52040348770
52040355790
52040362381
52040367935
52040374588
52040381546
52040387711
52040393997
52040401505
52040408585
52040415482
52040422135
52040429825
52040435501
52040441544
52040449051
52040454056
52040462051
52040467606
52040475357
52040480606
52040487747
52040494583
52040500259
52040506424
52040514358
52040520340
52040527115
52040534134
52040539322
52040546036
52040553177
52040560318
52040565750
52040572952
52040579483
52040585159
52040591812
52040598404
52040604385
52040610733
52040617508
52040623428
52040632705
52040638015
52040646377
52040650528
52040661026
52040667129
52040672317
52040678054
52040683120
52040690689
52040697280
52040703811
52040709915
52040717117
52040722061
52040728958
52040735366
52040741714
52040748489
52040754104
52040760757
52040766067
52040772781
52040777419
52040782851
52040788284
52040796706
52040802627
52040809219
52040813735
52040821242
52040827712
52040834426
52040842177
52040847793
52040853896
52040859145
52040866286
52040870986
52040879226
52040885451
52040891066
52040895217
52040902785
52040908706
52040915297
52040920485
52040927687
52040933608
52040939162
52040946975
52040952285
52040959243
52040964736
52040969741
52040976210
52040983351
52040989760
52040995741
52041001540
52041008803
52041015578
52041020461
52041028945
52041035048
52041039870
52041046401
52041050978
52041058119
52041064223
52041070631
52041077223
52041081496
52041087782
52041093947
52041098341
52041105543
52041110731
52041115980
52041122145
52041128065
52041133742
52041140944
52041146376
52041154127
52041160353
52041166029
52041172194
52041178908
52041183180
52041190992
52041197340
52041202711
52041209974
52041214857
52041221937
52041226942
52041233290
52041237928
52041244703
52041250502
52041256666
52041260633
52041267347
52041273512
52041279066
52041287184
52041292677
52041299635
52041305311
52041311964
52041317518
52041323622
52041328626
52041334730
52041339918
52041346510
52041352674
52041359205
52041365308
52041371839
52041377576
52041383131
52041388685
52041394422
52041400953
52041407362
52041413221
52041417493
52041423353
52041429700
52041436780
52041442762
52041447645
52041452222
52041458631
52041464246
52041471082
52041478040
52041482313
52041488294
52041494458
52041499524
52041505384
52041510572
52041516858
52041524427
52041530591
52041536206
52041541761
52041549817
52041555616
52041561902
52041567456
52041572888
52041578687
52041585279
52041591809
52041596204
52041602429
52041609143
52041615857
52041620679
52041626782
52041631604
52041638867
52041645154
52041650525
52041656873
52041663342
52041669019
52041673962
52041679272
52041684949
52041690381
52041696667
52041703747
52041710461
52041716138
52041720898
52041727307
52041732861
52041739392
52041745129
52041750805
52041756238
52041761792
52041767651
52041772412
52041779492
52041786816
52041793103
52041799878
52041805920
52041811108
52041817456
52041821972
52041828869
52041834423
52041841381
52041848706
52041855664
52041862683
52041869152
52041875927
52041881420
52041888684
52041894604
52041900830
52041907788
52041915112
52041922131
52041929028
52041934277
52041941174
52041946911
52041952709
52041959118
52041966381
52041972240
52041978771
52041984081
52041991405
52041996777
52042003490
52042010998
52042016308
52042024059
52042028881
52042035595
52042041210
52042048534
52042056042
52042060802
52042067211
52042073498
52042079174
52042086681
52042094310
52042101757
52042106273
52042114147
52042119640
52042126842
52042131847
52042137950
52042145092
52042151683
52042158275
52042164196
52042170543
52042175304
52042182323
52042188976
52042195812
52042201244
52042207836
52042213756
52042219920
52042226329
52042231639
52042237560
52042242809
52042249706
52042256603
52042261485
52042267894
52042275279
52042282176
52042286815
52042294200
52042300853
52042305492
52042312389
52042319285
52042325755
52042332713
52042339366
52042344981
52042351939
52042357738
52042362925
52042370311
52042376658
52042383128
52042388926
52042394786
52042401133
52042408519
52042413646
52042420909
52042426829
52042432933
52042438121
52042444468
52042451304
52042457713
52042462718
52042469737
52042474803
52042481578
52042487193
52042494761
52042501963
52042508128
52042512766
52042519541
52042526682
52042532847
52042539195
52042545664
52042552561
52042557505
52042564158
52042570078
52042577402
52042583872
52042591318
52042598460
52042604563
52042611033
52042619395
52042624644
52042631541
52042639658
52042645823
52042652476
52042658945
52042664805
52042673288
52042678904
52042685557
52042691477
52042697947
52042705088
52042712961
52042718821
52042723886
52042731150
52042736704
52042742868
52042750193
52042755808
52042763437
52042768503
52042775522
52042781931
52042787729
52042794443
52042800974
52042808054
52042813242
52042819223
52042825693
52042831552
52042837900
52042845285
52042851511
52042857736
52042863535
52042869577
52042876535
52042881479
52042891244
52042896860
52042902475
52042908151
52042912973
52042920175
52042926950
52042934030
52042939645
52042945871
52042952951
52042958993
52042965524
52042971689
52042976938
52042984079
52042989206
52042996347
52043002816
52043008371
52043015756
52043022165
52043027536
52043033761
52043040170
52043046090
52043052865
52043059457
52043064035
52043070443
52043076547
52043081430
52043087777
52043095223
52043100350
52043107919
52043113778
52043120431
52043125741
52043131051
52043138741
52043145394
52043151009
52043157540
52043164254
52043170174
52043176461
52043184518
52043189156
52043195809
52043202645
52043209115
52043214303
52043221139
52043227791
52043234872
52043240609
52043247079
52043252755
52043258431
52043264779
52043271493
52043276314
52043284188
52043290719
52043297371
52043304024
52043310738
52043318428
52043327278
52043333504
52043340767
52043347847
52043353401
52043359932
52043365792
52043372017
52043378182
52043385384
52043393501
52043399239
52043406075
52043411629
52043417488
52043424873
52043431038
52043437325
52043443794
52043448128
52043455025
52043460701
52043468086
52043474617
52043480476
52043488594
52043495369
52043502754
52043508430
52043514046
52043521614
52043527473
52043533089
52043540535
52043547188
52043552559
52043560432
52043567940
52043573677
52043580269
52043586555
52043593147
52043600959
52043607673
52043614387
52043620491
52043626289
52043632392
52043639411
52043645759
52043654853
52043660285
52043667243
52043673530
52043681220
52043688728
52043696113
52043702339
52043708808
52043714729
52043721626
52043728584
52043735542
52043742194
52043749213
52043755805
52043763557
52043770454
52043775825
52043783088
52043789985
52043796027
52043801948
52043807685
52043816169
52043822211
52043828010
52043834723
52043840400
52043847358
52043853766
52043860602
52043867499
52043876410
52043882087
52043889411
52043895697
52043901130
52043908332
52043914801
52043920905
52043927863
52043932990
52043938971
52043946418
52043955146
52043959601
52043967658
52043976264
52043982794
52043988776
52043995978
52044001349
52044008490
52044015143
52044022467
52044029425
52044035529
52044042304
52044048407
52044056830
52044062384
52044068793
52044075018
52044081366
52044087286
52044094305
52044100165
52044106512
52044112494
52044118353
52044124701
52044132269
52044141058
52044147650
52044153448
52044158758
52044165838
52044173895
52044179998
52044186834
52044195623
52044200933
52044207830
52044214972
52044221746
52044228643
52044235723
52044240728
52044247625
52044255010
52044262579
52044268560
52044273870
52044280401
52044287481
52044294012
52044300482
52044308355
52044314031
52044320074
52044326421
52044332769
52044340215
52044345709
52044352117
52044359991
52044365972
52044372198
52044379766
52044385992
52044393865
52044399847
52044406011
52044412176
52044419134
52044426763
52044432744
52044438848
52044446172
52044452642
52044458562
52044465337
52044471990
52044477544
52044483220
52044490789
52044497564
52044503911
52044509343
52044515752
52044522039
52044529546
52044533818
52044540837
52044547368
52044553044
52044560491
52044565801
52044572392
52044579412
52044587102
52044594609
52044601079
52044605596
52044612431
52044619695
52044624761
52044632756
52044638066
52044643132
52044649663
52044656377
52044662724
52044670232
52044676457
52044682194
52044688603
52044695317
52044702702
52044708317
52044713994
52044721562
52044727421
52044735417
52044743962
52044749821
52044756108
52044763188
52044769047
52044774113
52044779606
52044786503
52044792912
52044798649
52044804448
52044810673
52044816044
52044822026
52044827153
52044833439
52044839604
52044844548
52044850834
52044856877
52044863774
52044867802
52044876103
52044881962
52044887211
52044894352
52044899418
52044907353
52044912113
52044919926
52044925236
52044930973
52044937626
52044942997
52044949711
52044956913
52044961552
52044969730
52044974735
52044980656
52044985966
52044993717
52044999027
52045005985
52045013126
52045022465
52045028629
52045036320
52045044010
52045050724
52045058475
52045064762
52045070926
52045076358
52045083316
52045089603
52045097232
52045103153
52045110477
52045115848
52045122928
52045128604
52045134830
52045141910
52045147342
52045153690
52045159854
52045164554
52045171634
52045178043
52045185184
52045191348
52045198428
52045204410
52045210147
52045216434
52045223026
52045230899
52045235721
52045243839
52045249759
52045255862
52045262393
52045268985
52045275516
52045279788
52045288089
52045294437
52045299319
52045306033
52045312869
52045318912
52045324832
52045331790
52045338016
52045343204
52045349429
52045355838
52045361697
52045367984
52045374453
52045378482
52045386294
52045392886
52045397952
52045404910
52045411074
52045418216
52045424319
52045430117
52045436221
52045442385
52045448733
52045454714
52045460818
52045468020
52045473086
52045479312
52045483950
52045491580
52045498416
52045504153
52045511050
52045515933
52045522219
52045528140
52045535464
52045541384
52045547671
52045551760
52045558840
52045565005
52045570620
52045577151
52045583987
52045590029
52045596743
52045602724
52045608279
52045614016
52045619265
52045626101
52045632509
52045636538
52045643130
52045651186
52045656069
52045662722
52045669619
52045675417
52045680605
52045688173
52045694399
52045700869
52045705812
52045712770
52045719240
52045725649
52045731813
52045738039
52045744203
52045750734
52045757265
52045764223
52045770204
52045775331
52045781008
52045786806
52045794618
52045800234
52045807131
52045813356
52045818727
52045825075
52045831422
52045838991
52045844057
52045851930
52045858156
52045863771
52045869630
52045874086
52045882204
52045887453
52045894655
52045900087
52045906251
52045912843
52045918641
52045925111
52045930055
52045938600
52045944520
52045950136
52045956910
52045963319
52045968263
52045974794
52045981324
52045987123
52045992372
52045998048
52046003236
52046009950
52046017091
52046024293
52046029908
52046035401
52046041383
52046047853
52046052857
52046060060
52046065003
52046072389
52046078187
52046084962
52046089539
52046096009
52046102723
52046109132
52046115968
52046122437
52046128114
52046133790
52046140504
52046146912
52046152345
52046158265
52046163575
52046169862
52046176575
52046182740
52046188416
52046195923
52046201600
52046206788
52046213074
52046219239
52046225525
52046232056
52046237183
52046243897
52046248414
52046255250
52046260682
52046266907
52046274353
52046278565
52046286133
52046290589
52046297181
52046303345
52046309265
52046316101
52046322876
52046328247
52046333863
52046341431
52046347046
52046353150
52046358521
52046366577
52046372620
52046377442
52046383850
52046391480
52046396790
52046403198
52046410645
52046416992
52046423340
52046429993
52046435364
52046442383
52046448181
52046454834
52046461426
52046466125
52046471558
52046478210
52046484619
52046489258
52046496765
52046503296
52046509338
52046514831
52046521850
52046526977
52046533813
52046540161
52046545227
52046551025
52046556213
52046562927
52046569091
52046574890
52046582519
52046589477
52046595337
52046600586
52046607605
52046614013
52046619140
52046626037
52046631225
52046637084
52046642211
52046648742
52046654907
52046660766
52046667419
52046673522
52046679931
52046686584
52046691589
52046697997
52046702880
52046710754
52046716247
52046722656
52046728942
52046734863
52046740722
52046746642
52046753051
52046759704
52046765502
52046770751
52046777892
52046783752
52046790038
52046796203
52046801696
52046808654
52046814208
52046819823
52046825683
52046832396
52046837890
52046844909
52046851439
52046857726
52046862670
52046869506
52046876281
52046881469
52046889708
52046895934
52046902648
52046908995
52046913573
52046919982
52046925597
52046933654
52046939696
52046944457
52046951842
52046958068
52046964293
52046969847
52046976866
52046982543
52046988280
52046995238
52047001524
52047007811
52047013426
52047020995
52047025877
52047030882
52047038268
52047044249
52047050108
52047056334
52047062620
52047068114
52047074705
52047080687
52047085875
52047092650
52047097410
52047105223
52047110655
52047116392
52047122679
52047128355
52047135191
52047140013
52047145079
52047153196
52047158018
52047164183
52047170591
52047177000
52047181883
52047188353
52047194639
52047201597
52047207151
52047213926
52047220335
52047224546
52047231748
52047237120
52047243711
52047249754
52047255918
52047261167
52047268614
52047273985
52047280882
52047287718
52047293333
52047298643
52047304990
52047311521
52047317259
52047324094
52047330808
52047335813
52047342466
52047349180
52047354734
52047361509
52047368040
52047375120
52047380430
52047385862
52047392087
52047399290
52047406553
52047412656
52047418271
52047425229
52047431943
52047437253
52047443418
52047450803
52047456601
52047463132
52047469541
52047475522
52047481626
52047486020
52047493589
52047500547
52047505368
52047511472
52047517392
52047523740
52047531003
52047536313
52047542234
52047549741
52047555173
52047561887
52047567441
52047573483
52047578793
52047584836
52047591733
52047598447
52047603330
52047609677
52047614621
52047621030
52047627377
52047632932
52047640683
52047646115
52047651913
52047657101
52047664792
52047670224
52047677121
52047682980
52047688290
52047695065
52047700497
52047707333
52047713009
52047718930
52047724667
52047731137
52047737423
52047742428
52047749753
52047755917
52047763791
52047770321
52047776181
52047780575
52047787594
52047794308
52047800778
52047807186
52047813839
52047819638
52047825070
52047830685
52047837155
52047844479
52047851132
52047856686
52047862362
52047868282
52047873776
52047881893
52047887631
52047895565
52047901119
52047906429
52047912655
52047919491
52047925045
52047930416
52047937130
52047941891
52047948055
52047953121
52047958309
52047962826
52047968685
52047974972
52047978939
52047983883
52047990780
52047995785
52048001949
52048007442
52048015560
52048021236
52048025875
52048032711
52048037716
52048042843
52048048275
52048052242
52048056698
52048062923
52048066402
52048071834
52048077449
52048081783
52048087703
52048093319
52048097896
52048103267
52048107173
52048112606
52048117427
52048122005
52048126827
52048131465
52048137325
52048142147
52048148311
52048153255
52048159419
52048165096
52048169612
52048173946
52048179927
52048184078
52048189754
52048194698
52048199580
52048205196
52048210323
52048215938
52048220699
52048225826
52048231868
52048236140
52048242061
52048248408
52048252376
52048256404
52048261165
52048266780
52048271113
52048276668
52048280940
52048286433
52048290584
52048295405
52048300593
52048304927
52048308955
52048315425
52048319026
52048324824
52048330073
52048335689
52048340938
52048345881
52048350398
52048356562
52048362117
52048366694
52048373713
52048378535
52048383540
52048387751
52048394099
52048399409
52048405757
52048410517
52048416377
52048423945
52048431025
52048438166
52048445796
52048450740
52048455134
52048462824
52048467951
52048474787
52048481501
52048488032
52048493891
52048501826
52048507441
52048514948
52048520380
52048524043
52048529475
52048535090
52048541193
52048546625
52048551691
52048557001
52048561823
52048566035
52048571711
52048576533
52048582575
52048586970
52048591913
52048597040
52048601679
52048608332
52048614008
52048618952
52048625361
52048630121
52048637995
52048641596
52048648188
52048654841
52048661860
52048667475
52048671442
52048677179
52048682367
52048688471
52048693903
52048702021
52048708246
52048712763
52048719110
52048724665
52048729364
52048737116
52048741388
52048747492
52048754389
52048760004
52048764704
52048771356
52048776788
52048782526
52048787897
52048795648
52048800714
52048805170
52048811762
52048816278
52048824640
52048829645
52048835870
52048841852
52048848199
52048854425
52048859735
52048866754
52048872186
52048878168
52048884027
52048889764
52048897027
52048902399
52048906610
52048913080
52048918573
52048923822
52048929986
52048935052
52048942193
52048948968
52048954705
52048961480
52048968194
52048973321
52048979119
52048985101
52048991204
52048999200
52049004510
52049013421
52049021539
52049029107
52049035089
52049042108
52049047601
52049057122
52049063165
52049072198
52049077813
52049085381
52049092339
52049099542
52049106500
52049114678
52049119744
52049126702
52049132012
52049137688
52049142998
52049148919
52049155877
52049162896
52049168572
52049173394
52049178826
52049184380
52049190850
52049197137
52049204217
52049210503
52049216851
52049223565
52049229180
52049234551
52049239922
52049245171
52049250786
52049257195
52049262810
52049268914
52049274285
52049279839
52049285210
52049293755
52049298516
52049305840
52049312737
52049320488
52049325249
52049335381
52049341545
52049349358
52049353874
52049362908
52049372002
52049378594
52049385979
52049392326
52049400261
52049408135
52049412712
52049419609
52049425468
52049431450
52049439690
52049446098
52049454460
52049458916
52049466240
52049472771
52049480095
52049486137
52049493339
52049499077
52049506279
52049514213
52049519157
52049525566
52049532158
52049536857
52049544975
52049551078
52049560417
52049567619
52049573845
52049579826
52049587333
52049592460
52049597953
52049603935
52049609977
52049615776
52049623344
52049628044
52049634513
52049642570
52049650260
52049657585
52049664543
52049671501
52049676139
52049683097
52049689384
52049696098
52049703605
52049709647
52049715751
52049723624
52049728812
52049737357
52049744315
52049750846
52049757499
52049762626
52049766837
52049774711
52049779410
52049790153
52049795402
52049803153
52049808951
52049814383
52049820365
52049826468
52049833182
52049838309
52049844413
52049849967
52049854667
52049861869
52049867789
52049872611
52049880301
52049888785
52049894522
52049901236
52049906607
52049914725
52049920279
52049924979
52049932303
52049936820
52049942862
52049948355
52049954093
52049960806
52049966178
52049971427
52049976737
52049982718
52049989188
52049995535
52050002432
52050005911
52050012747
52050016776
52050023367
52050028799
52050035025
52050042593
52050048758
52050055228
52050060477
52050066702
52050072806
52050076346
52050082754
52050091177
52050097769
52050104300
52050110403
52050116995
52050123099
52050129202
52050135061
52050142019
52050148306
52050154348
52050159964
52050168203
52050176138
52050183889
52050187307
52050197073
52050207876
52050216909
52050224111
52050231375
52050241567
52050245230
52050255728
52050262747
52050272268
52050282461
52050289663
52050298391
52050305776
52050314932
52050322378
52050331655
52050338979
52050347585
52050357900
52050368276
52050376577
52050385427
52050393361
52050402456
52050409170
52050418874
52050427175
52050435781
52050448293
52050456655
52050464345
52050474477
52050481984
52050488454
52050496205
52050505117
52050510732
52050517995
52050524587
52050537160
52050544057
52050553395
52050559255
52050568288
52050576405
52050583486
52050595937
52050603383
52050612660
52050618336
52050627797
52050634572
52050641225
52050649403
52050657887
52050664418
52050672841
52050680958
52050689198
52050695546
52050704091
52050712636
52050721425
52050729603
52050735829
52050745350
52050755482
52050762745
52050768666
52050778553
52050787648
52050793263
52050803456
52050809803
52050817616
52050828480
52050835987
52050843922
52050850147
52050858875
52050867542
52050875965
52050883534
52050890736
52050897450
52050906300
52050913685
52050922474
52050931568
52050936939
52050942127
52050952198
52050961475
52050970386
52050978077
52050987476
52050992115
52051002491
52051009754
52051017566
52051026355
52051035145
52051044910
52051052967
52051060657
52051070423
52051076587
52051087390
52051095569
52051102832
52051112415
52051121570
52051130542
52051139270
52051146655
52051157153
52051163562
52051174121
52051179553
52051191272
52051199329
52051205371
52051216418
52051224719
52051235767
52051243701
52051250354
52051260791
52051265857
52051278552
52051286242
52051294787
52051304553
52051315051
52051325305
52051332141
52051340075
52051350146
52051360339
52051367724
52051374011
52051384082
52051394152
52051402392
52051410205
52051416857
52051425646
52051433398
52051443530
52051449938
52051459765
52051469592
52051477953
52051484179
52051490832
52051497912
52051505236
52051512499
52051517321
52051526049
52051532763
52051536974
52051543078
52051549486
52051556139
52051561632
52051568163
52051574877
52051582262
52051587389
52051594408
52051599779
52051607531
52051613390
52051620653
52051627184
52051632067
52051637621
52051644640
52051650316
52051655993
52051663561
52051671984
52051677782
52051683092
52051689318
52051694628
52051702074
52051707506
52051714281
52051720751
52051727281
52051734728
52051739549
52051744859
52051751879
52051758531
52051766161
52051772081
52051779039
52051784471
52051793260
52051797411
52051805772
52051811693
52051821764
52051830003
52051837022
52051843614
52051849412
52051859666
52051866258
52051877794
52051884447
52051891710
52051901658
52051911241
52051917222
52051926317
52051933519
52051940355
52051949876
52051956224
52051964402
52051976426
52051986497
52051994248
52052004075
52052011949
52052019883
52052029588
52052036973
52052048875
52052057176
52052066514
52052076890
52052088181
52052095139
52052106675
52052113145
52052122849
52052132066
52052139634
52052148118
52052158433
52052166672
52052175278
52052187913
52052195786
52052205124
52052217453
52052224595
52052233994
52052245591
52052254807
52052262192
52052269516
52052278855
52052286972
52052294663
52052304917
52052312668
52052321518
52052331406
52052338242
52052347580
52052355026
52052366074
52052375412
52052383225
52052390732
52052400436
52052408066
52052416611
52052422653
52052432175
52052441391
52052450668
52052460068
52052467087
52052475448
52052486069
52052494308
52052503097
52052511703
52052518600
52052528427
52052537704
52052547348
52052555770
52052562851
52052570846
52052577743
52052587570
52052599105
52052610397
52052622116
52052629989
52052635299
52052645431
52052656173
52052663986
52052672042
52052684615
52052692306
52052700607
52052709518
52052718063
52052726607
52052731795
52052740768
52052749007
52052759017
52052766524
52052772201
52052781295
52052788436
52052798018
52052806197
52052815230
52052821822
52052832930
52052839644
52052848800
52052857711
52052866133
52052874800
52052882552
52052891890
52052899764
52052904524
52052912154
52052918074
52052923140
52052929122
52052936202
52052942916
52052947798
52052953169
52052959822
52052965437
52052971480
52052978865
52052983504
52052991499
52052998457
52053003706
52053009688
52053014571
52053020796
52053026045
52053030806
52053036604
52053043074
52053049300
52053054426
52053059309
52053064619
52053070723
52053075239
52053080305
52053086104
52053091475
52053095991
52053102339
52053107710
52053112593
52053118391
52053122908
52053129072
52053133711
52053139265
52053144575
52053149763
52053155745
52053160933
52053166059
52053173445
52053178205
52053183332
52053189253
52053194075
52053199934
52053203230
52053211103
52053218000
52053224043
52053229597
52053234968
52053240949
52053247480
52053253767
52053260664
52053264692
52053272382
52053278242
52053284284
52053289655
52053294843
52053301069
52053306745
52053312971
52053319807
52053324140
52053331464
52053335737
52053345136
52053350019
52053355085
52053362714
52053368329
52053376630
52053382795
52053389875
52053394147
52053402021
52053407392
52053413434
52053419111
52053426130
52053431623
52053438398
52053444318
52053448774
52053455671
52053462873
52053468976
52053473310
52053479413
52053484967
52053492902
52053499372
52053504682
52053508710
52053518048
52053523053
52053530988
52053536908
52053545819
52053552411
52053559674
52053566693
52053572308
52053579083
52053587445
52053594769
52053599347
52053606732
52053614972
52053619244
52053626508
52053632733
52053639264
52053645245
52053650128
52053655499
52053660443
52053667157
52053673504
52053681561
52053687176
52053693768
52053699872
52053705975
52053710858
52053715558
52053722943
52053729413
