51956799119
51956805466
51956811753
51956817185
51956822861
51956829453
51956836106
51956841782
51956847092
51956853989
51956859726
51956866318
51956872666
51956880234
51956886765
51956894272
51956901474
51956907639
51956915940
51956922531
51956930161
51956936386
51956942795
51956949753
51956956406
51956963303
51956969650
51956976486
51956984299
51956991928
51956997543
51957008896
51957019821
51957031174
51957041489
51957048447
51957062118
51957071091
51957078659
51957084885
51957093674
51957100143
51957107895
51957113876
51957121750
51957125595
51957134628
51957142380
51957150192
51957156845
51957163864
51957170395
51957176437
51957184799
51957191085
51957199569
51957206649
51957215316
51957221481
51957228988
51957236007
51957243209
51957249618
51957256820
51957264938
51957271224
51957279769
51957286666
51957294784
51957301681
51957309799
51957316512
51957325607
51957330001
51957338485
51957347213
51957353744
51957360335
51957370162
51957375228
51957386642
51957394271
51957400558
51957408736
51957416610
51957422652
51957430587
51957438765
51957446700
51957454329
51957461470
51957468490
51957474471
51957483260
51957491683
51957498702
51957505049
51957513716
51957520186
51957529158
51957535933
51957544417
51957551314
51957560591
51957569930
51957576094
51957583235
51957590865
51957597640
51957606429
51957614302
51957620772
51957627852
51957635909
51957642073
51957650130
51957656172
51957662154
51957672224
51957676558
51957687910
51957696211
51957704390
51957715559
51957726057
51957741133
51957750898
51957764021
51957774336
51957783430
51957792158
51957800154
51957806562
51957814863
51957823408
51957831098
51957840010
51957847090
51957854048
51957863020
51957870161
51957879072
51957885236
51957892988
51957901411
51957909345
51957916853
51957924177
51957931684
51957939252
51957946149
51957956525
51957963178
51957970685
51957978254
51957985029
51957992841
51957999799
51958007551
51958014448
51958024091
51958028730
51958037885
51958044294
51958053266
51958057721
51958066755
51958074018
51958081159
51958088788
51958096357
51958098920
51958110028
51958118512
51958124127
51958132733
51958141400
51958148664
51958157331
51958165814
51958173627
51958180768
51958189923
51958197858
51958205060
51958214093
51958221600
51958230084
51958236737
51958244183
51958251630
51958260846
51958265912
51958277386
51958282147
51958294171
51958299115
51958308270
51958314984
51958325238
51958333661
51958340130
51958347088
51958357525
51958363324
51958373089
51958381817
51958389752
51958394879
51958407391
51958412945
51958420819
51958428936
51958435711
51958446636
51958453350
51958465923
51958476971
51958486431
51958500530
51958509441
51958524517
51958533855
51958541851
51958549114
51958557415
51958565899
51958572185
51958579693
51958585552
51958592266
51958597881
51958604717
51958613140
51958620037
51958626690
51958633648
51958638042
51958646709
51958653911
51958659343
51958668316
51958675640
51958682964
51958689006
51958698467
51958704143
51958713481
51958721538
51958730510
51958738140
51958746074
51958752788
51958760539
51958766948
51958775066
51958782207
51958790752
51958797344
51958804729
51958811076
51958819621
51958826213
51958833476
51958841899
51958848125
51958854472
51958861613
51958868571
51958877116
51958884440
51958892802
51958900676
51958907878
51958915996
51958923686
51958930400
51958939006
51958947001
51958954814
51958962321
51958970439
51958978434
51958986552
51958995280
51959003276
51959011882
51959017070
51959028666
51959037272
51959043070
51959053324
51959060099
51959069682
51959074137
51959084025
51959092814
51959101237
51959109110
51959118571
51959126322
51959130839
51959142130
51959149271
51959156473
51959165079
51959171305
51959181742
51959190531
51959199564
51959206278
51959222269
51959234171
51959241739
51959249796
51959258097
51959267252
51959275919
51959281717
51959289652
51959298563
51959303446
51959310221
51959317423
51959323831
51959328592
51959337015
51959342325
51959349344
51959355509
51959360819
51959366556
51959374552
51959380289
51959387308
51959393167
51959401468
51959408121
51959414896
51959421121
51959426248
51959432230
51959438333
51959446817
51959451395
51959457437
51959463418
51959468606
51959474588
51959480142
51959486673
51959492898
51959497476
51959505288
51959510843
51959517312
51959522928
51959530679
51959536294
51959544900
51959548623
51959557595
51959561380
51959572671
51959580178
51959590310
51959597146
51959604470
51959610513
51959619180
51959626321
51959633706
51959641213
51959649209
51959655618
51959662759
51959668557
51959677529
51959683694
51959691628
51959699319
51959708169
51959714516
51959721535
51959731423
51959740395
51959748147
51959753518
51959760903
51959766274
51959773110
51959779030
51959785012
51959792946
51959800027
51959806313
51959813576
51959823159
51959831398
51959838540
51959845253
51959852272
51959859963
51959866127
51959874611
51959881142
51959887123
51959893959
51959898354
51959905251
51959911721
51959916847
51959921852
51959930641
51959937721
51959943886
51959949013
51959954567
51959963783
51959968239
51959976784
51959982826
51959988564
51959994484
51960001015
51960007851
51960014809
51960020790
51960026588
51960031471
51960039101
51960045387
51960050941
51960056129
51960063942
51960070473
51960077003
51960083229
51960088966
51960095558
51960100807
51960107399
51960113868
51960118812
51960124672
51960130043
51960136940
51960142128
51960149696
51960154945
51960160621
51960167274
51960173133
51960177711
51960183143
51960191627
51960195106
51960202613
51960208473
51960213844
51960220375
51960226783
51960232643
51960237586
51960243324
51960248634
51960254371
51960261024
51960267494
51960274513
51960278053
51960285804
51960288795
51960297645
51960304237
51960309791
51960315406
51960319862
51960327430
51960333106
51960338294
51960346107
51960353919
51960360572
51960368262
51960375770
51960382422
51960387305
51960395667
51960404151
51960408729
51960417457
51960422156
51960428382
51960433997
51960440467
51960447059
51960452491
51960458228
51960462806
51960469092
51960472388
51960480201
51960483619
51960492652
51960499305
51960504981
51960509497
51960515052
51960520423
51960526770
51960532508
51960537146
51960543616
51960548926
51960556983
51960560950
51960568335
51960575171
51960581152
51960584631
51960592810
51960599219
51960605139
51960611487
51960616064
51960622717
51960629309
51960635352
51960640295
51960645422
51960651221
51960656775
51960662512
51960669409
51960675818
51960680884
51960685888
51960692969
51960698767
51960704382
51960711340
51960716711
51960722021
51960727881
51960733740
51960738745
51960746008
51960751501
51960758520
51960763403
51960768347
51960772863
51960779089
51960783789
51960790930
51960797766
51960804113
51960809484
51960815405
51960820837
51960826269
51960832128
51960838354
51960844518
51960849890
51960856786
51960862219
51960868749
51960873937
51960879430
51960885168
51960891454
51960897619
51960904333
51960913305
51960922399
51960930273
51960936925
51960944372
51960949926
51960957128
51960964025
51960969884
51960975988
51960980504
51960988439
51960992834
51961000158
51961005163
51961011144
51961018102
51961024450
51961029455
51961035558
51961038854
51961046117
51961051671
51961057286
51961064305
51961069799
51961074987
51961080907
51961086400
51961090673
51961096654
51961102758
51961108800
51961114171
51961121312
51961124974
51961132970
51961138341
51961144872
51961151402
51961157079
51961162145
51961169713
51961175145
51961181004
51961187352
51961192723
51961199864
51961204625
51961209996
51961219579
51961225377
51961230870
51961237157
51961243321
51961249242
51961255711
51961261204
51961269627
51961276890
51961283665
51961289952
51961295323
51961302403
51961307652
51961315465
51961321995
51961327672
51961334996
51961339512
51961346959
51961353062
51961359837
51961365452
51961371739
51961376255
51961383213
51961390232
51961394261
51961400059
51961405979
51961412571
51961417515
51961424656
51961430821
51961435948
51961440647
51961446079
51961450718
51961459690
51961467136
51961473728
51961480503
51961485691
51961493626
51961500706
51961506870
51961514683
51961521824
51961527866
51961533359
51961540317
51961546238
51961552402
51961556248
51961563572
51961569004
51961574436
51961579441
51961584995
51961590549
51961596226
51961602573
51961609226
51961615391
51961620884
51961626560
51961632724
51961637729
51961642307
51961649692
51961654758
51961662510
51961668491
51961674045
51961679294
51961685764
51961692722
51961698581
51961704196
51961709934
51961715244
51961721775
51961727146
51961733920
51961739780
51961745029
51961751987
51961756931
51961763034
51961766330
51961774875
51961779758
51961786960
51961792209
51961797641
51961803073
51961808932
51961815768
51961820773
51961827365
51961832126
51961838901
51961844211
51961851413
51961857333
51961863071
51961867526
51961874057
51961880649
51961886996
51961890658
51961898410
51961905063
51961910983
51961917148
51961923434
51961927829
51961933871
51961940524
51961944064
51961952121
51961958285
51961964511
51961968539
51961976413
51961982638
51961988681
51961994479
51962000277
51962006381
51962011019
51962018588
51962025729
51962031710
51962042147
51962050265
51962056613
51962066317
51962074435
51962080294
51962086581
51962093478
51962099337
51962104586
51962110140
51962115511
51962121371
51962126620
51962133211
51962142550
51962147982
51962153536
51962160494
51962166598
51962172457
51962179293
51962185030
51962191805
51962197664
51962204012
51962208773
51962216463
51962219942
51962228731
51962235567
51962241365
51962247103
51962253695
51962258760
51962268770
51962274691
51962281160
51962286898
51962293917
51962299471
51962306185
51962311067
51962319490
51962326326
51962331148
51962337984
51962346895
51962352327
51962360689
51962366670
51962373872
51962380953
51962389375
51962393892
51962401582
51962408357
51962413179
51962421419
51962427400
51962433931
51962441316
51962449251
51962454866
51962462068
51962469026
51962473726
51962481294
51962486909
51962492830
51962500093
51962506868
51962511384
51962519624
51962526460
51962531709
51962539705
51962548616
51962556794
51962565828
51962573884
51962580415
51962587190
51962595307
51962600007
51962607270
51962613435
51962618806
51962625520
51962632234
51962638154
51962644563
51962650239
51962655732
51962663239
51962669526
51962675202
51962682771
51962688020
51962694672
51962699799
51962705720
51962712189
51962717927
51962725556
51962731843
51962737458
51962742463
51962749909
51962753144
51962762055
51962767853
51962773530
51962780182
51962786774
51962791352
51962797761
51962803986
51962809174
51962815217
51962819733
51962826813
51962830231
51962838410
51962844269
51962850739
51962856659
51962862336
51962867829
51962873200
51962878754
51962882904
51962888947
51962896942
51962904328
51962909210
51962915192
51962920441
51962926178
51962932953
51962939606
51962945404
51962951508
51962957550
51962961884
51962967926
51962972260
51962979889
51962987885
51962995270
51962998688
51963007233
51963013458
51963018890
51963026642
51963031647
51963040558
51963048981
51963055206
51963062347
51963068451
51963074737
51963079498
51963086944
51963092865
51963099334
51963107269
51963113800
51963120514
51963126129
51963134430
51963144439
51963148712
51963158844
51963164642
51963171478
51963177581
51963182525
51963190643
51963196807
51963202667
51963209259
51963215667
51963222869
51963227630
51963234527
51963240508
51963246185
51963253753
51963260101
51963266265
51963270843
51963279205
51963286102
51963292022
51963298980
51963304351
51963311431
51963316924
51963322539
51963330108
51963336089
51963342071
51963347259
51963354583
51963360992
51963366668
51963372222
51963377959
51963384795
51963389556
51963397002
51963403411
51963409270
51963415191
51963420256
51963427825
51963432586
51963440642
51963447478
51963453093
51963459990
51963464507
51963472502
51963478972
51963484832
51963491912
51963498564
51963504241
51963509795
51963515593
51963522307
51963534392
51963539702
51963548430
51963555815
51963562529
51963567229
51963574309
51963580046
51963583220
51963592131
51963598357
51963604582
51963610808
51963617094
51963622649
51963630095
51963636320
51963643523
51963649992
51963659636
51963666716
51963673552
51963686064
51963695280
51963700590
51963708464
51963714811
51963720610
51963726591
51963732878
51963739592
51963745878
51963750944
51963758207
51963763578
51963768217
51963777494
51963784391
51963788969
51963795561
51963801908
51963809049
51963812895
51963821623
51963828337
51963834379
51963840116
51963846281
51963852079
51963857450
51963864530
51963871915
51963877836
51963882230
51963888883
51963894559
51963899259
51963907072
51963914396
51963919279
51963925077
51963930448
51963938871
51963944242
51963950834
51963956571
51963961088
51963968717
51963973600
51963980253
51963986661
51963991910
51963998990
51964003751
51964011014
51964016080
51964023099
51964026212
51964034391
51964040799
51964045987
51964052884
51964058988
51964064481
51964070340
51964076566
51964082913
51964087430
51964094937
51964099515
51964106290
51964112515
51964118314
51964126798
51964131680
51964138822
51964142667
51964149381
51964154996
51964161282
51964167386
51964174405
51964179837
51964188870
51964195889
51964202237
51964209927
51964216763
51964225491
51964235318
51964240872
51964246548
51964253262
51964258816
51964265408
51964270474
51964276028
51964281827
51964288785
51964294217
51964299466
51964305874
51964311917
51964318448
51964323758
51964329922
51964336148
51964340969
51964346463
51964352932
51964358181
51964361660
51964369656
51964375637
51964381985
51964387539
51964394253
51964399807
51964404446
51964411282
51964415310
51964424038
51964429287
51964434780
51964441250
51964445950
51964452358
51964457913
51964464565
51964468227
51964475918
51964482632
51964488491
51964495327
51964501064
51964509365
51964515835
51964521877
51964527309
51964533169
51964540981
51964547085
51964552883
51964559170
51964563869
51964571255
51964574245
51964584255
51964590725
51964595241
51964601589
51964606960
51964613796
51964616970
51964624477
51964631130
51964636684
51964642238
51964647060
51964654567
51964659450
51964666164
51964669765
51964677577
51964683742
51964688014
51964695217
51964701808
51964707668
51964715969
51964724697
51964732875
51964740016
51964748561
51964757228
51964763332
51964770595
51964776088
51964781947
51964789272
51964794826
51964801662
51964807765
51964812770
51964819362
51964823939
51964831508
51964837550
51964843959
51964850612
51964856166
51964862575
51964868312
51964874537
51964878383
51964885951
51964891566
51964897303
51964904200
51964912745
51964921901
51964928309
51964934291
51964940638
51964947047
51964953334
51964959986
51964966761
51964971888
51964978114
51964984034
51964990992
51964996302
51965001856
51965009608
51965014979
51965021266
51965027613
51965031764
51965039088
51965044825
51965052088
51965058009
51965061427
51965071009
51965075709
51965081019
51965087183
51965094019
51965100123
51965106837
51965112818
51965117884
51965123438
51965128382
51965135828
51965142969
51965148524
51965154261
51965159815
51965167139
51965172571
51965178064
51965185572
51965191309
51965197596
51965204126
51965210291
51965216150
51965223719
51965230555
51965235865
51965243738
51965252405
51965260218
51965270410
51965275782
51965282984
51965290979
51965296778
51965303613
51965310999
51965316492
51965323206
51965330042
51965336939
51965343225
51965349146
51965355127
51965361353
51965368005
51965374109
51965380273
51965384607
51965390771
51965394800
51965402612
51965406641
51965412439
51965418359
51965423669
51965428552
51965435327
51965441614
51965448144
51965454614
51965460107
51965466394
51965472619
51965479394
51965487268
51965493127
51965500390
51965505395
51965512170
51965518152
51965523889
51965531030
51965537072
51965542504
51965549462
51965554834
51965562280
51965567468
51965575830
51965582849
51965587853
51965596581
51965600976
51965608911
51965615380
51965620507
51965628869
51965634301
51965639977
51965647790
51965654076
51965659203
51965665490
51965672753
51965679467
51965685143
51965691247
51965697655
51965705102
51965709862
51965716881
51965724633
51965730309
51965735619
51965743371
51965749230
51965754235
51965762169
51965768029
51965774743
51965780419
51965786034
51965793053
51965799401
51965807885
51965811669
51965822838
51965830529
51965843834
51965851158
51965857445
51965863793
51965869530
51965876305
51965881920
51965889305
51965895775
51965901451
51965907433
51965913536
51965919151
51965926415
51965932274
51965937157
51965943871
51965948692
51965955772
51965961388
51965967003
51965972435
51965978111
51965984093
51965990013
51965996544
51966002647
51966008690
51966014366
51966021995
51966028282
51966033714
51966038597
51966045189
51966050072
51966055748
51966060509
51966068199
51966073387
51966078819
51966084129
51966090538
51966096702
51966102867
51966110008
51966115135
51966121055
51966126854
51966132591
51966137596
51966144981
51966150047
51966156761
51966162864
51966168785
51966174461
51966178794
51966184776
51966190818
51966196372
51966202598
51966209251
51966215415
51966220481
51966224998
51966231284
51966236411
51966244163
51966249168
51966255393
51966262168
51966268455
51966272178
51966281455
51966288230
51966292930
51966299277
51966304954
51966309714
51966314353
51966321372
51966326926
51966333762
51966338889
51966344138
51966352012
51966360679
51966370444
51966375815
51966383750
51966393271
51966398948
51966406638
51966413718
51966419028
51966424216
51966430259
51966436423
51966442710
51966448630
51966455100
51966460227
51966466025
51966470725
51966475363
51966482810
51966489707
51966494834
51966500144
51966507285
51966512900
51966518820
51966525046
51966531394
51966537375
51966544272
51966553122
51966558676
51966564413
51966570639
51966576682
51966583090
51966589926
51966596274
51966603354
51966609396
51966617087
51966623312
51966629660
51966636435
51966642660
51966649496
51966654257
51966662253
51966669150
51966674582
51966682333
51966689352
51966695273
51966701315
51966709311
51966715841
51966721273
51966728964
51966733725
51966740316
51966748068
51966753500
51966760458
51966766683
51966774191
51966777487
51966786581
51966792867
51966799276
51966806295
51966813497
51966819906
51966826132
51966831808
51966839620
51966844625
51966851339
51966856649
51966865011
51966870992
51966876852
51966883566
51966892599
51966898336
51966905355
51966916280
51966921651
51966930685
51966936056
51966945455
51966951192
51966956685
51966963338
51966969869
51966977559
51966983114
51966988851
51966994710
51967000936
51967008748
51967015584
51967021993
51967027242
51967033956
51967040303
51967046468
51967051290
51967057149
51967064656
51967070638
51967076985
51967082173
51967088704
51967096028
51967101216
51967109090
51967115254
51967120931
51967126363
51967133504
51967136861
51967146138
51967150960
51967157002
51967164327
51967169331
51967176900
51967181966
51967190022
51967197163
51967203633
51967209859
51967214558
51967220601
51967225667
51967233174
51967238606
51967244771
51967250996
51967257283
51967263753
51967269917
51967274739
51967280537
51967286519
51967292561
51967297566
51967303303
51967309407
51967314412
51967319905
51967325459
51967333393
51967339558
51967344868
51967349018
51967354451
51967359944
51967366230
51967373554
51967378071
51967384236
51967390766
51967395710
51967401692
51967406941
51967412190
51967419392
51967425739
51967432026
51967438435
51967445820
51967454914
51967460651
51967468037
51967476948
51967488422
51967494465
51967499531
51967507221
51967513813
51967519733
51967525532
51967530842
51967535236
51967541279
51967548237
51967554157
51967558674
51967564655
51967571430
51967574848
51967581562
51967585102
51967593403
51967599872
51967605549
51967610614
51967616169
51967623066
51967630512
51967636432
51967642231
51967647724
51967653095
51967658710
51967664447
51967669940
51967676715
51967683490
51967689411
51967695453
51967700702
51967705219
51967711505
51967717059
51967724628
51967731036
51967735858
51967741351
51967746661
51967752094
51967757648
51967763690
51967769183
51967775531
51967782306
51967787982
51967794452
51967800311
51967805377
51967813129
51967818866
51967823993
51967829547
51967835040
51967839557
51967845416
51967852618
51967858294
51967864154
51967868487
51967877032
51967883929
51967890948
51967896136
51967902362
51967908160
51967914141
51967920428
51967925372
51967932574
51967937457
51967945269
51967951312
51967956561
51967962420
51967968707
51967975115
51967980120
51967988543
51967997454
51968003375
51968011248
51968018084
51968026080
51968034808
51968042437
51968048541
51968053973
51968058978
51968065447
51968071673
51968078936
51968082537
51968089495
51968094134
51968099932
51968106585
51968112871
51968119158
51968125201
51968131243
51968137346
51968142351
51968146563
51968152422
51968158770
51968165178
51968169146
51968176836
51968181902
51968189226
51968192705
51968201189
51968205217
51968212420
51968218706
51968224932
51968231646
51968236406
51968242205
51968249956
51968254717
51968261248
51968266130
51968271318
51968278765
51968283708
51968291704
51968297991
51968303362
51968309038
51968315202
51968321489
51968327776
51968334306
51968340471
51968346025
51968350542
51968356401
51968361772
51968369279
51968375627
51968381731
51968388078
51968394304
51968400346
51968406938
51968412553
51968418840
51968425859
51968431962
51968437761
51968441667
51968449846
51968456071
51968462358
51968468400
51968474138
51968479265
51968484147
51968491838
51968496537
51968503984
51968509416
51968515336
51968519914
51968527116
51968532243
51968539445
51968542863
51968552629
51968558549
51968564103
51968573381
51968579667
51968586015
51968593339
51968600907
51968607865
51968612931
51968621476
51968625932
51968631181
51968638017
51968643937
51968649552
51968653581
51968660355
51968664872
51968671891
51968680009
51968686051
51968690690
51968696000
51968703202
51968709611
51968712907
51968720780
51968727067
51968732743
51968738785
51968745011
51968750687
51968756974
51968763444
51968768998
51968775528
51968780594
51968788468
51968794999
51968800980
51968806473
51968811905
51968817704
51968821854
51968827774
51968832779
51968839676
51968843705
51968850601
51968855301
51968863053
51968866898
51968873917
51968879593
51968885941
51968891495
51968897171
51968904312
51968908951
51968916519
51968921585
51968930313
51968936905
51968942764
51968949234
51968954117
51968960770
51968968155
51968972977
51968980850
51968988174
51968993973
51968999710
51969007217
51969012588
51969019485
51969024978
51969030350
51969034744
51969042434
51969049148
51969053848
51969060623
51969066177
51969071426
51969078689
51969085830
51969091507
51969099807
51969104995
51969114029
51969121231
51969127517
51969136184
51969145889
51969152359
51969159072
51969165786
51969171157
51969179397
51969185073
51969193191
51969199844
51969206497
51969212478
51969220046
51969225601
51969232497
51969240737
51969246474
51969253371
51969261611
51969267776
51969273330
51969280349
51969285659
51969293105
51969302199
51969308486
51969314101
51969322036
51969328322
51969334060
51969341384
51969346267
51969354079
51969360183
51969365798
51969372939
51969380019
51969386306
51969392714
51969398391
51969406325
51969412429
51969418654
51969424147
51969432509
51969438613
51969444228
51969451735
51969456740
51969464186
51969470412
51969475783
51969482863
51969489211
51969496291
51969499831
51969508559
51969516249
51969521864
51969528456
51969535170
51969541457
51969546584
51969554152
51969560805
51969567213
51969572707
51969579115
51969586134
51969589735
51969598646
51969606032
51969610914
51969617079
51969623549
51969632399
51969637465
51969643995
51969651930
51969657545
51969666029
51969674513
51969684706
51969690260
51969698805
51969705030
51969710890
51969715773
51969721449
51969727308
51969734022
51969739881
51969744459
51969750746
51969755384
51969760755
51969765333
51969772352
51969778761
51969784925
51969790968
51969796339
51969802198
51969806471
51969813856
51969820936
51969826734
51969831556
51969837476
51969842054
51969848829
51969854627
51969859083
51969865675
51969871961
51969878004
51969883924
51969889722
51969895277
51969900220
51969906507
51969912000
51969918714
51969925489
51969930616
51969936719
51969941297
51969948682
51969956189
51969962598
51969970166
51969976514
51969983045
51969986463
51969996228
51970003370
51970007764
51970015882
51970020703
51970027661
51970032544
51970040479
51970047315
51970052991
51970059888
51970064282
51970072339
51970077222
51970083997
51970089124
51970097485
51970103528
51970109265
51970116773
51970122998
51970128613
51970135022
51970141736
51970148206
51970154065
51970160168
51970166028
51970174145
51970180249
51970187268
51970194958
51970202405
51970210400
51970214184
51970224499
51970231701
51970243176
51970249280
51970256909
51970262707
51970268322
51970275158
51970281018
51970288830
51970295178
51970301587
51970308361
51970314465
51970320568
51970326977
51970333020
51970337902
51970346264
51970352429
51970358288
51970365551
51970371899
51970377758
51970385693
51970391552
51970397961
51970403698
51970410595
51970416760
51970423229
51970428478
51970434887
51970440075
51970447155
51970453197
51970461132
51970468578
51970473522
51970481640
51970487682
51970493297
51970500927
51970507580
51970513561
51970520824
51970528393
51970537304
51970544018
51970551830
51970560436
51970566906
51970574596
51970580272
51970588024
51970595165
51970603893
51970610607
51970617931
51970621227
51970631359
51970638134
51970645885
51970653209
51970659862
51970666332
51970675792
51970684459
51970692394
51970697276
51970706554
51970713207
51970720470
51970727062
51970735606
51970741710
51970757030
51970763011
51970771739
51970777171
51970786204
51970793162
51970800487
51970811656
51970818126
51970824962
51970829295
51970836314
51970842723
51970846507
51970854442
51970861949
51970867259
51970873851
51970879832
51970886241
51970892894
51970899241
51970904734
51970910594
51970917063
51970923350
51970928904
51970934214
51970938853
51970944712
51970951792
51970958018
51970963511
51970969126
51970974803
51970979624
51970985179
51970990489
51971000803
51971007700
51971014903
51971021983
51971026865
51971033396
51971040598
51971046153
51971052866
51971057627
51971064768
51971071299
51971077586
51971082590
51971090403
51971095896
51971102854
51971109568
51971115793
51971121287
51971127390
51971134287
51971139292
51971146860
51971151377
51971158823
51971163584
51971170298
51971175547
51971182810
51971188791
51971194468
51971200815
51971206736
51971214121
51971221079
51971226511
51971231516
51971239206
51971244577
51971251413
51971254648
51971264231
51971271128
51971277475
51971283762
51971290354
51971295114
51971301096
51971307382
51971312265
51971319406
51971324838
51971331674
51971343027
51971347971
51971356638
51971365915
51971370554
51971381784
51971388254
51971394052
51971399972
51971405221
51971412424
51971418771
51971424447
51971429452
51971435006
51971441049
51971447030
51971452524
51971458505
51971464120
51971469674
51971475290
51971480172
51971486337
51971491342
51971498361
51971501779
51971509835
51971515573
51971520822
51971526193
51971532601
51971540170
51971545236
51971551156
51971557138
51971563058
51971567758
51971573312
51971581124
51971586495
51971591439
51971597176
51971602914
51971608163
51971613351
51971620004
51971626107
51971632394
51971638375
51971642953
51971648690
51971653451
51971660653
51971664620
51971673409
51971676705
51971684212
51971687447
51971694344
51971700631
51971706307
51971711861
51971716622
51971724557
51971729561
51971736275
51971742989
51971748665
51971753670
51971759102
51971763863
51971771920
51971778328
51971784432
51971790657
51971796334
51971803658
51971807869
51971814156
51971818795
51971825630
51971831246
51971837837
51971843331
51971849434
51971854439
51971860665
51971865303
51971872444
51971879097
51971887520
51971894844
51971902718
51971913155
51971919624
51971927132
51971932198
51971939095
51971944588
51971951302
51971956367
51971963020
51971967476
51971974312
51971980537
51971986092
51971991402
51971997810
51972004707
51972011360
51972016609
51972021553
51972028267
51972033821
51972040901
51972046882
51972052925
51972058357
51972063606
51972070686
51972077034
51972081855
51972088203
51972094734
51972101204
51972107429
51972112495
51972119087
51972124397
51972131355
51972136726
51972142951
51972147956
51972155525
51972162605
51972167121
51972173896
51972178901
51972185920
51972190620
51972196906
51972200752
51972208930
51972215644
51972221565
51972225044
51972231330
51972238349
51972246040
51972251594
51972258308
51972264655
51972270087
51972276618
51972282783
51972288947
51972295417
51972301276
51972305854
51972311164
51972316962
51972323066
51972328315
51972334540
51972341254
51972347175
51972352179
51972356879
51972362494
51972368964
51972375068
51972378547
51972386542
51972393195
51972398871
51972403754
51972409003
51972413947
51972419806
51972426581
51972434760
51972442145
51972449347
51972455878
51972466620
51972474860
51972480780
51972486884
51972494025
51972498724
51972505011
51972510199
51972517340
51972520819
51972528754
51972531989
51972539313
51972546332
51972552801
51972557257
51972563299
51972569952
51972576788
51972582648
51972587408
51972593207
51972600714
51972606512
51972612005
51972616339
51972622503
51972629034
51972634649
51972640936
51972647833
51972654608
51972660650
51972665777
51972675909
51972679815
51972690069
51972698797
51972705450
51972712042
51972716925
51972724005
51972730413
51972735968
51972742681
51972748663
51972754156
51972760382
51972765997
51972770330
51972777410
51972782842
51972790899
51972795965
51972802252
51972807012
51972814031
51972820196
51972826055
51972832342
51972838567
51972845342
51972851446
51972857305
51972862371
51972870183
51972876836
51972882574
51972888677
51972894048
51972900518
51972906438
51972911565
51972919134
51972926519
51972932195
51972938054
51972943975
51972950139
51972955877
51972962835
51972967412
51972974920
51972981633
51972987615
51972995732
51973002568
51973011602
51973019902
51973029851
51973038457
51973044377
51973054204
51973059941
51973066960
51973070500
51973080937
51973086492
51973092046
51973097600
51973104741
51973109685
51973114201
51973121281
51973126408
51973134160
51973140446
51973146062
51973153020
51973159062
51973164738
51973170476
51973175236
51973181340
51973186772
51973194157
51973199650
51973206547
51973211491
51973216069
51973222233
51973225529
51973233952
51973241093
51973245366
51973251530
51973257817
51973264714
51973269780
51973276310
51973282780
51973289555
51973295292
51973302128
51973307438
51973314030
51973319401
51973324650
51973330204
51973336247
51973342594
51973347721
51973354008
51973360172
51973365238
51973372502
51973379460
51973385746
51973392094
51973395512
51973403996
51973410832
51973416935
51973422916
51973427738
51973434940
51973440128
51973446110
51973453068
51973459293
51973464847
51973469852
51973477360
51973481022
51973489261
51973495670
51973501774
51973505680
51973512455
51973518070
51973524357
51973530582
51973535953
51973541019
51973546756
51973553409
51973559818
51973568790
51973577274
51973585880
51973592228
51973602237
51973609256
51973617191
51973623538
51973626895
51973635990
51973642459
51973648380
51973653018
51973659000
51973664676
51973670169
51973676822
51973682254
51973688846
51973695316
51973701724
51973705203
51973713748
51973720035
51973725833
51973732608
51973736758
51973742374
51973748904
51973755374
51973760928
51973766971
51973772281
51973779483
51973783877
51973790408
51973793887
51973801822
51973805240
51973813479
51973820620
51973824771
51973831668
51973836734
51973843326
51973849795
51973855716
51973860904
51973867373
51973872378
51973878665
51973883670
51973891299
51973897525
51973903689
51973907656
51973914492
51973919741
51973925845
51973932070
51973937930
51973942690
51973948123
51973955508
51973960513
51973966555
51973971194
51973978396
51973984377
51973990481
51973994082
51974003787
51974009402
51974015322
51974021487
51974028078
51974034243
51974040224
51974046450
51974050906
51974057131
51974061892
51974068239
51974073061
51974080508
51974087221
51974093325
51974098635
51974104128
51974112002
51974115969
51974125124
51974134707
51974143862
51974151064
51974159121
51974166689
51974172670
51974180605
51974187502
51974194155
51974200075
51974204714
51974211733
51974216432
51974224428
51974229250
51974234926
51974240175
51974245485
51974251589
51974256044
51974263918
51974268739
51974275881
51974280885
51974286989
51974291628
51974297548
51974302187
51974309755
51974316225
51974322389
51974327333
51974334291
51974339967
51974345277
51974351320
51974355775
51974363100
51974369752
51974375551
51974380922
51974387147
51974393861
51974399110
51974404664
51974411378
51974416322
51974422242
51974428041
51974434633
51974437013
51974445741
51974451600
51974455873
51974462709
51974467958
51974475099
51974480531
51974487245
51974490663
51974498780
51974502076
51974509034
51974515260
51974521180
51974528443
51974533631
51974540406
51974545106
51974551698
51974559022
51974564332
51974570191
51974576539
51974582154
51974588075
51974593263
51974599488
51974606019
51974610963
51974618104
51974624146
51974629273
51974635316
51974640015
51974645753
51974651185
51974656312
51974663636
51974667115
51974678528
51974686158
51974696107
51974704285
51974712342
51974721802
51974727662
51974733521
51974739502
51974746399
51974751770
51974756409
51974762330
51974767395
51974775208
51974780335
51974787354
51974793824
51974800049
51974804932
51974810608
51974816101
51974821411
51974826844
51974831116
51974839722
51974845093
51974850952
51974857788
51974864258
51974869263
51974876953
51974882141
51974888489
51974895142
51974899536
51974905640
51974911926
51974917236
51974924438
51974930664
51974935669
51974941040
51974945557
51974951965
51974957642
51974962097
51974970215
51974975891
51974981384
51974987793
51974994201
51975000244
51975005920
51975012268
51975018371
51975024353
51975030029
51975035339
51975042785
51975048217
51975054504
51975094848
51975101989
51975108581
51975115173
51975120544
51975126892
51975132446
51975138793
51975145324
51975152038
51975157592
51975163635
51975169799
51975176086
51975182922
51975188232
51975194152
51975199767
51975205505
51975209655
51975223388
51975229919
51975238769
51975247619
51975256774
51975262817
51975269103
51975274962
51975281432
51975287169
51975293029
51975299560
51975306762
51975313903
51975319335
51975322875
51975332030
51975338561
51975345885
51975350585
51975355895
51975363707
51975368407
51975374083
51975381102
51975385985
51975392455
51975396971
51975403807
51975410887
51975416503
51975422789
51975429259
51975435301
51975440123
51975446471
51975453002
51975458800
51975463133
51975468810
51975475829
51975480223
51975486754
51975492247
51975498961
51975504698
51975509093
51975516905
51975522704
51975528868
51975535521
51975541075
51975546690
51975554320
51975560118
51975566160
51975571898
51975578734
51975584410
51975590697
51975597655
51975601500
51975610716
51975616697
51975621458
51975627806
51975633299
51975640013
51975645750
51975651854
51975657469
51975664549
51975670164
51975674314
51975683104
51975691160
51975695616
51975703916
51975708189
51975714903
51975718931
51975726255
51975733641
51975739561
51975748106
51975756651
51975765928
51975775449
51975785215
51975794248
51975800657
51975806577
51975813230
51975819395
51975824583
51975831174
51975837034
51975843626
51975849363
51975855405
51975862119
51975869810
51975875791
51975880979
51975884580
51975892270
51975898252
51975905210
51975911924
51975915708
51975921995
51975931455
51975940305
51975945920
51975952390
51975958493
51975964780
51975970151
51975974729
51975982541
51975989194
51975995664
51976001279
51976006223
51976014829
51976022214
51976027402
51976035092
51976040097
51976046628
51976054807
51976059873
51976066892
51976073056
51976079465
51976085324
51976090512
51976097104
51976104733
51976109616
51976115109
51976122311
51976127927
51976133481
51976141110
51976147153
51976152768
51976157468
51976164426
51976169675
51976175351
51976182980
51976189694
51976195553
51976200375
51976206418
51976211850
51976219052
51976224545
51976229855
51976236874
51976242672
51976249752
51976255124
51976261837
51976267514
51976274289
51976282528
51976291134
51976297238
51976304135
51976311337
51976317990
51976328366
51976335568
51976341976
51976349362
51976355160
51976362484
51976369930
51976374935
51976381039
51976385616
51976392941
51976399349
51976405331
51976411800
51976417599
51976425289
51976430904
51976436214
51976442745
51976449825
51976456051
51976462032
51976467342
51976474117
51976478695
51976486141
51976489925
51976497066
51976504452
51976509090
51976514644
51976521480
51976527218
51976534603
51976540645
51976546688
51976550716
51976558040
51976563106
51976569515
51976577083
51976582698
51976589107
51976593868
51976600154
51976605159
51976611995
51976617732
51976623470
51976629695
51976636775
51976642818
51976648128
51976654659
51976662349
51976669124
51976674983
51976680721
51976688106
51976692928
51976699214
51976705928
51976711116
51976717342
51976721736
51976729182
51976735225
51976740352
51976747188
51976753169
51976758174
51976763484
51976770625
51976776240
51976781856
51976789119
51976793513
51976803401
51976812312
51976819941
51976827571
51976836848
51976843318
51976851863
51976857722
51976864009
51976869685
51976875788
51976882075
51976888606
51976894404
51976897456
51976905513
51976912837
51976917903
51976924983
51976930537
51976936518
51976942805
51976948908
51976955622
51976960322
51976966425
51976973017
51976978755
51976984187
51976990900
51976997370
51977003169
51977008418
51977013911
51977021601
51977025874
51977033076
51977038752
51977045466
51977051569
51977056635
51977062311
51977068171
51977074702
51977082087
51977087336
51977094782
51977100092
51977105768
51977111933
51977118036
51977123835
51977129511
51977134821
51977141047
51977147272
51977152155
51977159540
51977165461
51977171015
51977176020
51977181757
51977187738
51977191950
51977198969
51977204706
51977211054
51977215998
51977221491
51977225153
51977233820
51977239679
51977247125
51977252374
51977256891
51977263117
51977269830
51977275995
51977281061
51977287836
51977294183
51977298944
51977306451
51977310236
51977317499
51977322809
51977331415
51977340326
51977347162
51977354608
51977360834
51977366937
51977374994
51977382562
51977389520
51977395318
51977400689
51977407159
51977413568
51977419549
51977427911
51977434198
51977440850
51977446954
51977452386
51977458856
51977465326
51977471978
51977476434
51977483270
51977490228
51977496636
51977502191
51977508538
51977514215
51977520806
51977525628
51977534112
51977540399
51977546441
51977551568
51977557733
51977564813
51977570367
51977577264
51977582757
51977588494
51977593499
51977600457
51977605401
51977611565
51977617181
51977622979
51977626397
51977635186
51977641961
51977648369
51977654900
51977660149
51977667351
51977672356
51977679070
51977685540
51977690178
51977696465
51977703301
51977710198
51977715935
51977719841
51977727471
51977733208
51977739129
51977745354
51977750908
51977757378
51977762749
51977767937
51977773369
51977778923
51977783318
51977791130
51977796746
51977803337
51977808953
51977816033
51977820610
51977825920
51977830681
51977839165
51977845207
51977850884
51977855888
51977862236
51977868462
51977874870
51977881340
51977886955
51977892387
51977901360
51977910210
51977918388
51977923759
51977932671
51977936394
51977944206
51977953300
51977959160
51977964409
51977971428
51977977897
51977984733
51977989677
51977996452
51978002800
51978008659
51978013969
51978021782
51978027946
51978034233
51978039604
51978045768
51978052421
51978058769
51978064384
51978070243
51978076286
51978080558
51978086357
51978092094
51978098686
51978104484
51978110954
51978114189
51978121208
51978124565
51978132316
51978135673
51978144462
51978148124
51978156181
51978162528
51978169303
51978175712
51978180900
51978188163
51978193412
51978201041
51978204948
51978212943
51978218131
51978224845
51978227836
51978235831
51978241935
51978247794
51978254264
51978259208
51978266166
51978272758
51978279105
51978284781
51978292350
51978298453
51978304801
51978308341
51978316581
51978323172
51978329093
51978335013
51978341483
51978347586
51978353995
51978359549
51978365165
51978371024
51978377372
51978382804
51978389640
51978396109
51978401602
51978408072
51978413809
51978419181
51978424063
51978429862
51978434500
51978441275
51978448111
51978454581
51978461661
51978470267
51978476981
51978482474
51978490408
51978497610
51978507315
51978512808
51978520193
51978526968
51978533316
51978538260
51978543570
51978550040
51978556998
51978563162
51978568594
51978575308
51978580618
51978587393
51978594290
51978598684
51978603445
51978610159
51978613455
51978621023
51978627554
51978633291
51978637991
51978643423
51978651297
51978656790
51978662954
51978669241
51978674002
51978678579
51978684622
51978689382
51978697561
51978701406
51978709524
51978716177
51978722402
51978725942
51978733633
51978739980
51978746206
51978752493
51978758657
51978764700
51978770437
51978775747
51978782278
51978788259
51978795156
51978801015
51978806203
51978813039
51978818288
51978824758
51978832326
51978837759
51978843618
51978849721
51978856313
51978861196
51978869008
51978874868
51978881948
51978891652
51978897939
51978902822
51978910085
51978914785
51978920766
51978926992
51978933217
51978939382
51978945546
51978951528
51978956960
51978962209
51978968496
51978973317
51978980031
51978986440
51978992116
51978999013
51979005422
51979011098
51979018605
51979023732
51979030324
51979039418
51979048146
51979055104
51979066274
51979075307
51979083546
51979089223
51979095387
51979101735
51979108144
51979114552
51979119984
51979127003
51979131764
51979137685
51979142995
51979148427
51979156056
51979159718
51979167225
51979173329
51979178761
51979183888
51979190175
51979196644
51979202565
51979208180
51979214833
51979220814
51979225331
51979231190
51979236439
51979243641
51979249806
51979255421
51979260609
51979265980
51979271595
51979278614
51979284046
51979290638
51979296009
51979302967
51979308766
51979313832
51979320973
51979328907
51979335133
51979341297
51979346241
51979352162
51979357533
51979363209
51979369618
51979376148
51979382618
51979388294
51979392689
51979399158
51979403736
51979410267
51979415943
51979421436
51979426014
51979432362
51979435657
51979442737
51979449451
51979455982
51979462086
51979467396
51979472217
51979478260
51979484974
51979489856
51979496509
51979503772
51979509754
51979515491
51979522815
51979528431
51979535572
51979541370
51979547412
51979552845
51979559314
51979565357
51979571643
51979577869
51979582386
51979588184
51979597034
51979603198
51979610950
51979618579
51979624744
51979631580
51979638721
51979642810
51979654895
51979661182
51979667773
51979673511
51979678577
51979684863
51979688098
51979695911
51979699329
51979707935
51979713855
51979718005
51979723559
51979729602
51979736743
51979742969
51979748584
51979754382
51979759875
51979766345
51979772510
51979778064
51979784106
51979789660
51979795276
51979798694
51979805591
51979811145
51979816638
51979820605
51979828051
51979834826
51979839770
51979847338
51979852282
51979858630
51979865588
51979870654
51979876757
51979882556
51979887683
51979894213
51979899523
51979906970
51979912280
51979920886
51979925768
51979931567
51979937426
51979942797
51979947558
51979954272
51979960558
51979967089
51979972155
51979976855
51979982409
51979986987
51979993395
51979998156
51980004443
51980010058
51980015612
51980019152
51980027209
51980033556
51980039782
51980045824
51980051256
51980057238
51980063830
51980069994
51980075487
51980081408
51980088305
51980094347
51980099901
51980107164
51980111132
51980119066
51980124498
51980129992
51980137926
51980143053
51980150499
51980156847
51980165026
51980171373
51980181444
51980187609
51980193407
51980199266
51980206407
51980214220
51980220445
51980224046
51980233080
51980239305
51980244676
51980250536
51980254930
51980262010
51980266771
51980273668
51980280077
51980285936
51980290392
51980296434
51980303270
51980308092
51980315050
51980320421
51980326768
51980332994
51980339342
51980345445
51980351365
51980357103
51980362779
51980367174
51980374681
51980379564
51980387498
51980392259
51980398607
51980403856
51980411119
51980414537
51980421251
51980426866
51980432786
51980438951
51980445237
51980451768
51980458055
51980463609
51980469468
51980475022
51980480882
51980485826
51980492600
51980498033
51980502793
51980509080
51980513658
51980518907
51980523972
51980531602
51980538255
51980544541
51980550767
51980556992
51980561997
51980567674
51980573777
51980579392
51980584275
51980589646
51980594834
51980600449
51980606614
51980613084
51980618760
51980625718
51980631516
51980636216
51980642563
51980645920
51980652878
51980658677
51980664780
51980668198
51980676621
51980682419
51980688096
51980694138
51980698960
51980705552
51980713913
51980721482
51980732590
51980739060
51980747055
51980750901
51980759384
51980770676
51980775498
51980781967
51980789047
51980793015
51980800583
51980806259
51980813095
51980818772
51980825302
51980831833
51980837326
51980841721
51980846848
51980855026
51980860581
51980865707
51980871994
51980877670
51980883408
51980889389
51980896347
51980901840
51980907516
51980912704
51980919113
51980924118
51980928879
51980936813
51980943649
51980948776
51980955246
51980960800
51980966293
51980972091
51980977096
51980983993
51980989853
51980995773
51981001144
51981006332
51981014633
51981021286
51981026046
51981033676
51981039352
51981045089
51981053756
51981057663
51981064804
51981071273
51981076461
51981082504
51981087081
51981093917
51981099349
51981105758
51981113021
51981118026
51981124313
51981131698
51981137924
51981143417
51981149825
51981154708
51981162277
51981167526
51981173080
51981179061
51981184798
51981191146
51981196212
51981201888
51981209823
51981215499
51981221358
51981228499
51981235274
51981241744
51981248458
51981255050
51981260360
51981269637
51981276351
51981283736
51981289718
51981294417
51981303328
51981308638
51981313460
51981318648
51981324813
51981330245
51981337081
51981342574
51981348006
51981354659
51981360335
51981366805
51981371199
51981381575
51981384749
51981391951
51981399336
51981405196
51981410689
51981417525
51981422530
51981428877
51981434859
51981440169
51981444502
51981452437
51981458540
51981464278
51981470625
51981475752
51981480940
51981487898
51981493513
51981500716
51981505781
51981511275
51981519270
51981526961
51981533430
51981539961
51981546004
51981555769
51981561506
51981567183
51981573958
51981579329
51981586287
51981594282
51981600935
51981606855
51981612837
51981620588
51981629011
51981635298
51981643049
51981649641
51981656355
51981663740
51981671553
51981678511
51981686506
51981693159
51981700971
51981706342
51981711530
51981718305
51981727033
51981736616
51981743269
51981750959
51981758222
51981763899
51981774946
51981788862
51981797407
51981803937
51981811018
51981817365
51981824872
51981830915
51981836652
51981845258
51981851911
51981858320
51981864057
51981870832
51981876935
51981883405
51981889875
51981897626
51981903302
51981909223
51981915265
51981921369
51981927716
51981933942
51981941083
51981947797
51981952924
51981959027
51981965070
51981972333
51981978559
51981984235
51981989972
51981996320
51982001630
51982006879
51982014325
51982020490
51982026715
51982032208
51982037702
51982044049
51982049725
51982055402
51982060101
51982067487
51982071088
51982079083
51982085492
51982092694
51982097577
51982103009
51982110882
51982117047
51982122296
51982126813
51982134015
51982140179
51982146161
51982152447
51982155926
51982164044
51982170208
51982177716
51982183453
51982188031
51982195477
51982200909
51982205914
51982213055
51982219830
51982225201
51982231549
51982236737
51982242596
51982249188
51982254559
51982262066
51982269268
51982272991
51982280987
51982288372
51982293865
51982301739
51982309185
51982316265
51982324200
51982330792
51982337017
51982342266
51982349590
51982355694
51982362164
51982368389
51982374554
51982380230
51982384808
51982390972
51982395977
51982402203
51982406902
51982413372
51982418560
51982426128
51982429546
51982439190
51982445415
51982452129
51982457561
51982463604
51982468975
51982473430
51982479290
51982484295
51982491497
51982497844
51982503521
51982507366
51982515606
51982522014
51982528362
51982534099
51982538250
51982544841
51982549419
51982557109
51982563335
51982568096
51982573650
51982581340
51982587322
51982592998
51982599529
51982604717
51982611003
51982617168
51982623027
51982628276
51982634624
51982641460
51982646770
51982653301
51982659038
51982664287
51982671733
51982675090
51982682597
51982687602
51982695781
51982700908
51982706523
51982713481
51982719768
51982725810
51982731364
51982737163
51982741435
51982747233
51982753520
51982760234
51982765544
51982771159
51982775798
51982782206
51982788188
51982794047
51982800395
51982806743
51982813517
51982818400
51982824626
51982830607
51982835490
51982841960
51982851969
51982857218
51982865885
51982876139
51982882243
51982890238
51982898783
51982905009
51982911662
51982918253
51982924296
51982929179
51982935954
51982940653
51982946269
51982951395
51982959208
51982964274
51982971903
51982978983
51982985026
51982990458
51982996622
51983003153
51983008951
51983013468
51983018778
51983025797
51983032633
51983036905
51983042765
51983048014
51983052530
51983057902
51983063456
51983071268
51983074320
51983082743
51983088419
51983094339
51983100382
51983106730
51983113504
51983119303
51983125589
51983129618
51983135233
51983141214
51983146952
51983152262
51983159708
51983165140
51983171060
51983176126
51983183451
51983189554
51983197183
51983203409
51983209696
51983216776
51983222757
51983229349
51983234842
51983241739
51983246744
51983253214
51983258035
51983264871
51983271036
51983276468
51983282144
51983289163
51983295145
51983301370
51983308023
51983312723
51983318338
51983324624
51983330362
51983335306
51983342691
51983347757
51983354776
51983359842
51983366983
51983372781
51983379068
51983384439
51983389993
51983394937
51983401223
51983408181
51983417276
51983425698
51983433511
51983440103
51983446328
51983452432
51983459817
51983466531
51983470925
51983478066
51983483743
51983490151
51983496072
51983500588
51983505105
51983508889
51983514443
51983519448
51983523538
51983528848
51983533303
51983537942
51983541482
51983547219
51983552773
51983556252
51983561318
51983565774
51983570412
51983574868
51983581826
51983585793
51983590554
51983595254
51983600136
51983605202
51983609597
51983613198
51983619424
51983624612
51983629433
51983633584
51983638344
51983642495
51983648537
51983652993
51983658486
51983663308
51983667763
51983670510
51983675942
51983680214
51983685036
51983690712
51983695473
51983700295
51983703774
51983709206
51983713967
51983718056
51983722084
51983727639
51983732094
51983737709
51983742653
51983746437
51983750466
51983756569
51983759560
51983767128
51983770607
51983775551
51983779762
51983784157
51983789589
51983794655
51983799782
51983804543
51983808571
51983812966
51983817177
51983821571
51983825844
51983830360
51983835610
51983841469
51983846718
51983851296
51983856789
51983862831
51983866066
51983871925
51983876747
51983885536
51983891273
51983895302
51983904945
51983910866
51983915748
51983925575
51983931984
51983936439
51983942238
51983947120
51983952430
51983956825
51983963295
51983968544
51983972938
51983978676
51983983925
51983987465
51983993324
51983998878
51984003334
51984007423
51984011757
51984015236
51984019508
51984024330
51984028053
51984035194
51984039466
51984045814
51984051734
51984061134
51984066749
51984072059
51984076698
51984083106
51984087989
51984093238
51984097938
51984104347
51984107704
51984115211
51984120643
51984127296
51984132301
51984137367
51984141761
51984148902
51984153114
51984160072
51984165199
51984171119
51984176368
51984181678
51984186561
51984193336
51984197669
51984203345
51984209754
51984215980
51984223304
51984227271
51984233680
51984238379
51984244849
51984248267
51984255469
51984261329
51984267432
51984274024
51984279090
51984282752
51984291602
51984295630
51984303992
51984306372
51984317664
51984323767
51984328833
51984332434
51984341651
51984345740
51984353247
51984357154
51984366065
51984372412
51984378455
51984383216
51984389624
51984396521
51984401465
51984407080
51984409094
51984420386
51984426489
51984431006
51984435706
51984441382
51984449072
51984455847
51984460486
51984471594
51984476477
51984486914
51984493323
51984501135
51984508398
51984514990
51984519568
51984526404
51984533301
51984539343
51984544287
51984548742
51984555456
51984560278
51984564489
51984572241
51984577856
51984583532
51984589819
51984594214
51984600134
51984607153
51984612829
51984618078
51984622534
51984628271
51984633276
51984640051
51984646521
51984652014
51984657263
51984664587
51984669103
51984675878
51984680639
51984685766
51984692785
51984699072
51984704443
51984709692
51984715795
51984721960
51984728918
51984733984
51984740514
51984746557
51984753088
51984758215
51984762914
51984772192
51984777929
51984784521
51984789709
51984794408
51984799718
51984807043
51984811620
51984818273
51984824071
51984829687
51984835241
51984838964
51984846410
51984849950
51984859350
51984863378
51984871923
51984875524
51984882787
51984887670
51984893468
51984898900
51984905675
51984910131
51984918554
51984924108
51984931127
51984935948
51984939794
51984948094
51984952367
51984960057
51984964086
51984970677
51984978124
51984984044
51984989232
51984994603
51985000096
51985007054
51985011876
51985019017
51985025304
51985030553
51985035985
51985042882
51985048558
51985053929
51985059972
51985066258
51985071629
51985076207
51985084691
51985089574
51985098790
51985103367
51985112218
51985119664
51985127171
51985138280
51985143345
51985148839
51985154088
51985157872
51985165379
51985169285
51985177220
51985181370
51985190159
51985194066
51985199681
51985204441
51985212620
51985218113
51985224766
51985230381
51985236790
51985241368
51985247410
51985254490
51985258335
51985266758
51985270848
51985277439
51985281346
51985290745
51985294590
51985300877
51985306553
51985313328
51985319431
51985326695
51985332676
51985338413
51985345921
51985352268
51985356724
51985361973
51985369053
51985376255
51985382664
51985387058
51985394749
51985398960
51985406528
51985411960
51985417881
51985424473
51985430881
51985436924
51985442844
51985448826
51985454258
51985461399
51985466465
51985471836
51985479282
51985486911
51985492893
51985499729
51985504612
51985509800
51985513218
51985523471
51985527317
51985534519
51985538242
51985545200
51985550693
51985557346
51985563205
51985569675
51985576206
51985582370
51985589145
51985594211
51985599521
51985606906
51985612155
51985618381
51985623813
51985627963
51985636874
51985641330
51985650851
51985655429
51985664584
51985672946
51985678744
51985686679
51985694736
51985702914
51985708774
51985720553
51985725924
51985734408
51985743258
51985750033
51985763827
51985769503
51985785251
51985793856
51985804599
51985813754
51985820040
51985831454
51985837680
51985845858
51985857272
51985864352
51985870944
51985876193
51985886508
51985895114
51985902804
51985926486
51985935885
51985943026
51985948458
51985959689
51985968172
51985976046
51985983187
51985990633
51985997469
51986009554
51986016024
51986021700
51986030306
51986038180
51986044588
51986053927
51986060213
51986067354
51986072542
51986084322
51986092440
51986098604
51986106295
51986115694
51986124422
51986130159
51986138033
51986145906
51986156771
51986165438
51986172518
51986180879
51986189607
51986195162
51986203157
51986208894
51986217867
51986226045
51986234651
51986242647
51986248079
51986257600
51986260774
51986270723
51986279756
51986288667
51986297212
51986303682
51986310518
51986317781
51986327485
51986332734
51986340974
51986348481
51986359956
51986366792
51986374116
51986384248
51986389619
51986399995
51986407502
51986414949
51986421785
51986431367
51986438142
51986443940
51986455110
51986459626
51986468659
51986476533
51986481843
51986493073
51986498750
51986506379
51986513703
51986522187
51986529511
51986537934
51986545441
51986550751
51986559785
51986567353
51986575959
51986583039
51986586762
51986599763
51986605256
51986613923
51986621064
51986630829
51986637787
51986646027
51986653168
51986662384
51986670014
51986678925
51986690522
51986699494
51986705841
51986717682
51986726471
51986734467
51986741974
51986756989
51986762909
51986773285
51986779999
51986789032
51986795258
51986799774
51986809662
51986817658
51986824554
51986828461
51986835175
51986840729
51986848297
51986853180
51986859467
51986864227
51986872894
51986879059
51986885345
51986891754
51986896271
51986903229
51986906891
51986915069
51986922943
51986928680
51986932464
51986940887
51986944732
51986951751
51986957855
51986965118
51986971222
51986976532
51986981109
51986988189
51986993682
51987000091
51987004791
51987011322
51987016387
51987025116
51987030242
51987034149
51987043609
51987049468
51987053985
51987060028
51987066436
51987072051
51987077789
51987084197
51987089446
51987094817
51987102691
51987107391
51987113433
51987118621
51987125274
51987132781
51987138457
51987144439
51987149810
51987155852
51987160918
51987167937
51987174468
51987179778
51987186736
51987191192
51987197906
51987203582
51987209319
51987214385
51987220061
51987227324
51987232940
51987238982
51987243926
51987250335
51987256072
51987263762
51987268584
51987275176
51987282012
51987287871
51987295012
51987300444
51987305693
51987310027
51987320464
51987324797
51987331389
51987337248
51987346038
51987353179
51987360381
51987367705
51987374602
51987385954
51987395049
51987407683
51987415617
51987424468
51987434050
51987443999
51987452299
51987458464
51987466338
51987474150
51987482268
51987488737
51987499296
51987505949
51987511564
51987520659
51987527800
51987536650
51987543425
51987551909
51987560026
51987566801
51987574431
51987579313
51987586882
51987593657
51987599455
51987604948
51987611601
51987616850
51987622404
51987628874
51987634550
51987641752
51987647123
51987655668
51987660368
51987670072
51987673795
51987681669
51987687834
51987693510
51987698820
51987706022
51987711759
51987717558
51987723112
51987729581
51987734647
51987741422
51987746732
51987753568
51987758756
51987767423
51987773099
51987778471
51987785367
51987791227
51987795988
51987804593
51987811124
51987817838
51987823575
51987827604
51987836393
51987842740
51987849759
51987852018
51987860929
51987868802
51987874234
51987876859
51987886380
51987892179
51987898465
51987904569
51987911588
51987914090
51987925260
51987931912
51987937039
51987940946
51987949918
51987954129
51987961759
51987966641
51987974332
51987979947
51987985562
51987990994
51987997769
51988003262
51988008389
51988014432
51988021085
51988027188
51988033414
51988039639
51988045804
51988052579
51988059476
51988066312
51988074185
51988078702
51988089383
51988097561
51988104886
51988115567
51988123318
51988132290
51988142727
51988165493
51988189663
51988205532
51988218716
51988230252
51988240322
51988247463
51988255093
51988260891
51988268032
51988273953
51988279812
51988286343
51988291714
51988298184
51988304226
51988311245
51988316982
51988324551
51988329617
51988335110
51988341396
51988347622
51988353847
51988361050
51988367458
51988373012
51988379726
51988384670
51988389858
51988395595
51988403652
51988407192
51988414394
51988420315
51988425197
51988431667
51988438320
51988444973
51988450771
51988457119
51988461269
51988467800
51988474758
51988481227
51988488918
51988496364
51988501613
51988507228
51988512416
51988518642
51988523891
51988529933
51988536098
51988544582
51988551662
51988558315
51988562465
51988570155
51988576747
51988583339
51988587367
51988595668
51988601833
51988609096
51988614467
51988621425
51988627467
51988634914
51988640712
51988647487
51988652431
51988658900
51988664638
51988669093
51988675319
51988681972
51988687709
51988693751
51988700221
51988705714
51988712428
51988717799
51988724757
51988728663
51988738002
51988743800
51988749904
51988754176
51988763270
51988769740
51988776515
