51726183925
51726193630
51726202114
51726210598
51726217250
51726224880
51726231411
51726241054
51726249660
51726255336
51726262660
51726271205
51726278102
51726284572
51726291164
51726300197
51726308071
51726313930
51726322780
51726328822
51726337062
51726344508
51726351100
51726358913
51726366908
51726374232
51726381740
51726389491
51726396266
51726404811
51726412868
51726421474
51726429652
51726436854
51726444362
51726451442
51726461390
51726468471
51726476222
51726484645
51726491359
51726498805
51726507167
51726515712
51726522609
51726529200
51726536769
51726543483
51726552577
51726562342
51726570582
51726580042
51726587611
51726594447
51726603541
51726613551
51726622706
51726629481
51726636988
51726643824
51726652003
51726661585
51726671351
51726680628
51726688258
51726699000
51726706873
51726719569
51726727564
51726735743
51726743189
51726751185
51726758448
51726765162
51726774073
51726782801
51726791529
51726798731
51726804773
51726814112
51726819544
51726829370
51726837244
51726844202
51726851221
51726858362
51726866297
51726873438
51726880762
51726889612
51726895166
51726904077
51726911218
51726917810
51726924524
51726931604
51726938745
51726948206
51726956445
51726963464
51726970728
51726975610
51726981714
51726989099
51726995508
51727004175
51727013574
51727020532
51727027795
51727035791
51727043115
51727049524
51727056665
51727067163
51727076257
51727082727
51727090234
51727095971
51727103418
51727109582
51727115991
51727125756
51727131433
51727139489
51727146081
51727152734
51727161096
51727168298
51727175134
51727183373
51727192101
51727199914
51727209313
51727215112
51727223351
51727233361
51727240075
51727250573
51727256738
51727266808
51727274255
51727281091
51727287682
51727297997
51727308190
51727315209
51727321007
51727330773
51727336022
51727345788
51727352440
51727360253
51727368859
51727376793
51727383019
51727390892
51727401085
51727411339
51727418724
51727431603
51727440026
51727452294
51727459435
51727468346
51727479393
51727487084
51727497765
51727506004
51727515526
51727525047
51727535301
51727544334
51727552696
51727561485
51727570396
51727578575
51727584190
51727597984
51727606468
51727614220
51727620750
51727630516
51727638084
51727648521
51727656151
51727663353
51727671165
51727680076
51727687156
51727695152
51727705101
51727712730
51727719993
51727727073
51727736534
51727743675
51727749900
51727760093
51727770591
51727778160
51727785728
51727792686
51727800865
51727807945
51727816978
51727824546
51727834007
51727841636
51727847495
51727857505
51727863731
51727871543
51727880027
51727887656
51727896323
51727904563
51727913413
51727920371
51727927024
51727934775
51727943259
51727950828
51727958945
51727969748
51727977378
51727986533
51727994223
51728001365
51728008017
51728017661
51728028159
51728035605
51728045127
51728052634
51728058249
51728066245
51728073752
51728081381
51728091208
51728098837
51728106833
51728117575
51728124838
51728133505
51728141074
51728151389
51728157797
51728167990
51728175619
51728183554
51728191305
51728199179
51728208273
51728217489
51728227682
51728238058
51728246359
51728257284
51728266440
51728273275
51728281515
51728293600
51728301291
51728308004
51728314962
51728321310
51728328024
51728338949
51728345602
51728354391
51728361227
51728368185
51728376547
51728383016
51728389486
51728399435
51728407369
51728414755
51728422506
51728429769
51728436971
51728444173
51728452657
51728459676
51728467550
51728474691
51728482687
51728489828
51728497030
51728505453
51728512594
51728519918
51728527852
51728534322
51728541402
51728549093
51728556295
51728564290
51728572286
51728579000
51728586934
51728593770
51728600484
51728607564
51728615010
51728622518
51728629293
51728636556
51728644368
51728650838
51728658589
51728666951
51728674336
51728681661
51728689717
51728695455
51728703511
51728710896
51728718587
51728725667
51728733785
51728742574
51728749898
51728756245
51728762654
51728769429
51728779439
51728785542
51728793843
51728801228
51728809956
51728815938
51728823811
51728832051
51728838460
51728847371
51728852620
51728860737
51728870198
51728876545
51728883442
51728891926
51728899189
51728906697
51728915425
51728923176
51728930683
51728938557
51728947712
51728956806
51728966206
51728974079
51728979450
51728988300
51728993305
51729001423
51729009235
51729015217
51729022785
51729028828
51729034809
51729040974
51729047138
51729054829
51729060749
51729066730
51729073566
51729079487
51729086018
51729092243
51729098713
51729106403
51729112629
51729120258
51729127033
51729132953
51729139301
51729147053
51729153400
51729158893
51729167988
51729173481
51729179279
51729183918
51729191120
51729198017
51729204120
51729209064
51729216266
51729223590
51729229694
51729234882
51729242267
51729247516
51729253498
51729260089
51729265888
51729271503
51729277484
51729284747
51729291339
51729298480
51729305011
51729311115
51729317767
51729325214
51729331744
51729337787
51729345905
51729351459
51729359454
51729364520
51729371600
51729376300
51729383563
51729388995
51729396381
51729401202
51729408893
51729414081
51729421527
51729427386
51729432940
51729440082
51729445636
51729451617
51729459002
51729465167
51729472064
51729476336
51729484027
51729490130
51729496051
51729502765
51729510028
51729515033
51729522479
51729528887
51729536151
51729542376
51729548358
51729554644
51729562274
51729568438
51729577105
51729583148
51729589312
51729599810
51729605181
51729612689
51729619708
51729625506
51729632159
51729639056
51729644854
51729651995
51729657244
51729664019
51729669695
51729676958
51729683062
51729689776
51729694964
51729701189
51729708636
51729714983
51729720537
51729727068
51729732439
51729740313
51729744768
51729751604
51729755816
51729761980
51729767840
51729773760
51729780413
51729786333
51729791887
51729798662
51729803789
51729810686
51729815569
51729823015
51729829302
51729835771
51729840959
51729847002
51729853594
51729858171
51729865190
51729872148
51729877275
51729883135
51729888323
51729893999
51729899248
51729904680
51729909807
51729914751
51729921526
51729927934
51729933489
51729940324
51729947038
51729952165
51729958696
51729963518
51729969621
51729975481
51729982133
51729987260
51729991350
51729998002
51730004106
51730011186
51730016740
51730022478
51730028825
51730034440
51730040239
51730047258
51730051469
51730058122
51730063920
51730068803
51730075395
51730080156
51730087297
51730091447
51730096879
51730103105
51730109574
51730114701
51730123307
51730128862
51730134050
51730139604
51730145829
51730152421
51730160417
51730166825
51730173295
51730178666
51730185746
51730191606
51730196244
51730203019
51730207841
51730216386
51730221757
51730228776
51730234086
51730239213
51730244218
51730251542
51730258256
51730263383
51730269364
51730276200
51730281449
51730288041
51730294816
51730300797
51730306290
51730312516
51730318253
51730324479
51730330338
51730336442
51730343705
51730350724
51730356400
51730363236
51730368302
51730373673
51730380204
51730385392
51730392472
51730399979
51730404496
51730410721
51730416275
51730422745
51730428421
51730433853
51730439408
51730444901
51730450211
51730455643
51730461014
51730467545
51730472611
51730477860
51730485062
51730490433
51730497086
51730502640
51730509110
51730515762
51730521439
51730526505
51730532425
51730538712
51730543533
51730549881
51730555679
51730561722
51730567154
51730573929
51730580826
51730586746
51730592422
51730598221
51730604812
51730609146
51730615921
51730621841
51730628067
51730633743
51730638748
51730644180
51730650650
51730655655
51730662246
51730669143
51730675186
51730681106
51730687515
51730693313
51730699356
51730704971
51730712356
51730718399
51730723770
51730732070
51730738174
51730745620
51730751907
51730758010
51730764724
51730771682
51730777175
51730784133
51730789382
51730793533
51730801467
51730807388
51730813125
51730820815
51730826858
51730832229
51730837661
51730844192
51730849929
51730856765
51730862746
51730869704
51730875014
51730881606
51730886550
51730892104
51730898330
51730905776
51730910537
51730918166
51730924087
51730929641
51730935561
51730941237
51730947158
51730954543
51730960647
51730966567
51730971694
51730978469
51730983291
51730988478
51730993666
51731000197
51731006118
51731011306
51731017653
51731023024
51731029860
51731036147
51731041274
51731048232
51731053786
51731060378
51731067336
51731071974
51731078688
51731083632
51731088942
51731094740
51731101454
51731106764
51731112135
51731118666
51731124770
51731130324
51731135634
51731141920
51731146986
51731153822
51731159438
51731166579
51731173659
51731178297
51731184340
51731189039
51731195997
51731201613
51731206068
51731212416
51731218825
51731225660
51731231337
51731236708
51731242811
51731248243
51731254408
51731260267
51731266432
51731273695
51731278334
51731285170
51731290602
51731295729
51731302504
51731307997
51731314833
51731320631
51731326368
51731332533
51731339491
51731344129
51731351515
51731357313
51731362928
51731370436
51731376112
51731382398
51731387708
51731393385
51731398817
51731404249
51731410902
51731416517
51731421949
51731428663
51731433485
51731439649
51731446790
51731452100
51731458204
51731463880
51731470594
51731476453
51731481885
51731488721
51731493238
51731499647
51731506055
51731511426
51731516431
51731523511
51731529310
51731535840
51731540662
51731546888
51731551465
51731557569
51731562635
51731569471
51731575147
51731581128
51731587049
51731593030
51731598645
51731605054
51731610608
51731616895
51731622876
51731629651
51731635511
51731641553
51731646924
51731651868
51731658521
51731664685
51731671155
51731678906
51731681775
51731690259
51731696668
51731701978
51731710523
51731716992
51731722363
51731730176
51731735486
51731741772
51731747754
51731752698
51731759412
51731765698
51731772778
51731779431
51731783703
51731790906
51731796704
51731803784
51731810498
51731815503
51731822644
51731828930
51731833447
51731839551
51731846997
51731854626
51731860974
51731866894
51731874035
51731882885
51731888684
51731894848
51731903393
51731910717
51731916577
51731921765
51731927319
51731934155
51731939892
51731947216
51731952831
51731957592
51731966870
51731972241
51731977917
51731984081
51731990795
51731996777
51732001904
51732007824
51732013195
51732021130
51732025890
51732033398
51732037975
51732044811
51732050243
51732055492
51732061535
51732066967
51732073254
51732078686
51732086071
51732091869
51732098583
51732104015
51732111095
51732116039
51732122143
51732126964
51732132152
51732138439
51732143627
51732149975
51732154735
51732161815
51732167003
51732171215
51732179332
51732184276
51732191417
51732196971
51732203136
51732210033
51732215831
51732220470
51732226879
51732231822
51732238475
51732244457
51732249523
51732256114
51732260936
51732266734
51732273631
51732280223
51732286815
51732292552
51732298961
51732304515
51732310436
51732315746
51732321910
51732327159
51732333507
51732338939
51732344920
51732350963
51732357371
51732362315
51732368602
51732376903
51732382213
51732388377
51732393321
51732400706
51732406016
51732412242
51732417796
51732423839
51732429759
51732437449
51732443858
51732449962
51732457530
51732464000
51732469310
51732475718
51732482615
51732487681
51732492930
51732499766
51732506541
51732512156
51732519602
51732525645
51732530345
51732538096
51732543589
51732550181
51732555430
51732560557
51732566050
51732571360
51732577464
51732583079
51732590586
51732596262
51732602427
51732609019
51732615122
51732620066
51732625254
51732631419
51732639414
51732643870
51732649363
51732655344
51732662363
51732667612
51732673716
51732680125
51732685862
51732692515
51732698130
51732703257
51732709727
51732714548
51732719797
51732726084
51732731028
51732737558
51732742380
51732747324
51732753367
51732758555
51732765146
51732772593
51732777231
51732785471
51732791391
51732798044
51732802866
51732809580
51732817270
51732822031
51732829782
51732836191
51732841501
51732847727
51732854624
51732860361
51732866647
51732871958
51732879038
51732884470
51732888559
51732896494
51732902841
51732909555
51732915659
51732920663
51732926950
51732933298
51732938608
51732944894
51732951364
51732956308
51732962472
51732967233
51732973642
51732978708
51732985788
51732992502
51732998361
51733007394
51733017648
51733027231
51733031015
51733041269
51733048593
51733055185
51733062936
51733070321
51733078500
51733088571
51733095163
51733101754
51733109017
51733117013
51733123422
51733130685
51733137338
51733143075
51733148141
51733156259
51733161996
51733169198
51733176095
51733182443
51733188668
51733194344
51733202706
51733208505
51733214913
51733222359
51733228097
51733235970
51733243050
51733250802
51733257149
51733264596
51733271371
51733275643
51733283272
51733289925
51733295663
51733302254
51733308663
51733313057
51733319649
51733325814
51733333138
51733338997
51733343331
51733351754
51733357613
51733363045
51733369332
51733375191
51733380379
51733387703
51733392403
51733399178
51733405159
51733411507
51733417366
51733422188
51733427498
51733433663
51733438790
51733446663
51733452400
51733458443
51733465340
51733470528
51733476082
51733481819
51733488533
51733493782
51733500557
51733504585
51733511238
51733517403
51733522530
51733529243
51733536812
51733542061
51733548469
51733554085
51733558540
51733566841
51733572212
51733579903
51733586006
51733593452
51733599617
51733605537
51733614082
51733620430
51733626045
51733631660
51733638252
51733643379
51733650642
51733658149
51733662910
51733670234
51733676033
51733682502
51733688667
51733694831
51733700325
51733705513
51733713020
51733718208
51733723701
51733730598
51733736396
51733742073
51733748908
51733754096
51733759467
51733766548
51733774787
51733780708
51733787910
51733793830
51733799445
51733806281
51733811774
51733818366
51733823920
51733830390
51733835639
51733840461
51733846198
51733852729
51733859199
51733865607
51733871039
51733877021
51733885810
51733894477
51733916999
51733933722
51733946967
51733953437
51733960334
51733966254
51733975898
51733982245
51733987250
51733992987
51733998908
51734005683
51734011664
51734016242
51734022467
51734028754
51734034674
51734039679
51734044867
51734051215
51734056647
51734064276
51734068366
51734075385
51734082465
51734086981
51734094061
51734100348
51734105841
51734112311
51734117438
51734123419
51734128973
51734134833
51734140387
51734146857
51734152838
51734159552
51734165472
51734173041
51734182623
51734188055
51734194525
51734201239
51734208197
51734214300
51734221136
51734228094
51734233709
51734240912
51734248297
51734254583
51734260443
51734266241
51734273321
51734277227
51734283819
51734290289
51734295721
51734301641
51734306646
51734313604
51734319586
51734324896
51734329412
51734337042
51734341863
51734349249
51734354315
51734360418
51734366949
51734372381
51734378362
51734383733
51734388372
51734395086
51734401189
51734406072
51734411871
51734418645
51734424139
51734429143
51734435918
51734440557
51734446844
51734452947
51734459356
51734466375
51734474065
51734481206
51734487310
51734493535
51734500005
51734505926
51734513067
51734520513
51734526616
51734533880
51734540166
51734546819
51734553106
51734557744
51734566289
51734573308
51734579534
51734587041
51734592046
51734599004
51734605352
51734610417
51734616155
51734622991
51734629582
51734635808
51734642217
51734648931
51734654790
51734662541
51734669866
51734677129
51734683782
51734690251
51734696355
51734702092
51734709172
51734715764
51734721867
51734727910
51734734380
51734740178
51734746831
51734752141
51734758000
51734763798
51734768498
51734774480
51734780522
51734786625
51734794133
51734799870
51734805241
51734811711
51734817753
51734823002
51734829960
51734835209
51734841435
51734847783
51734853703
51734860966
51734866520
51734873051
51734878788
51734884892
51734890934
51734896305
51734903263
51734910588
51734917057
51734922245
51734929508
51734934818
51734941654
51734946903
51734953495
51734960697
51734967289
51734973637
51734980778
51734987980
51734994877
51735001102
51735007145
51735012577
51735020695
51735027103
51735032841
51735039860
51735046574
51735052860
51735060062
51735066227
51735073368
51735078678
51735084843
51735091007
51735096500
51735104007
51735108768
51735115543
51735121586
51735126468
51735132999
51735138431
51735144840
51735152225
51735158329
51735164127
51735172855
51735180179
51735186954
51735193485
51735200687
51735205570
51735211246
51735217655
51735223819
51735229373
51735236942
51735242374
51735249454
51735254459
51735260867
51735267764
51735272647
51735278751
51735284366
51735290286
51735295535
51735303287
51735308536
51735314212
51735320621
51735325198
51735331424
51735335818
51735342166
51735348147
51735354373
51735358707
51735364322
51735370730
51735377688
51735383304
51735390262
51735395450
51735401309
51735407962
51735415835
51735419986
51735426150
51735431826
51735439029
51735444278
51735451358
51735458499
51735463504
51735470462
51735476626
51735482608
51735488650
51735494876
51735502200
51735509219
51735514346
51735520022
51735526248
51735532412
51735538882
51735545718
51735551760
51735556521
51735562869
51735570071
51735575808
51735583926
51735589480
51735597170
51735603457
51735611819
51735617556
51735624209
51735629702
51735637575
51735645937
51735653750
51735660158
51735666445
51735673891
51735680910
51735686770
51735694765
51735700625
51735707033
51735712832
51735718691
51735724733
51735731752
51735738833
51735744814
51735749941
51735755800
51735760744
51735766420
51735772646
51735779238
51735785280
51735791933
51735798036
51735802614
51735808962
51735815615
51735821657
51735826784
51735832094
51735838381
51735843630
51735850099
51735856386
51735860903
51735866762
51735872987
51735879091
51735884645
51735890993
51735897462
51735904176
51735908510
51735915224
51735921388
51735929140
51735936159
51735943117
51735948122
51735955080
51735960817
51735968324
51735974183
51735979616
51735986635
51735993226
51735998781
51736005922
51736012330
51736018190
51736025331
51736031923
51736038392
51736044252
51736050294
51736056276
51736063234
51736070008
51736075074
51736081605
51736087831
51736093324
51736100221
51736105653
51736112916
51736118836
51736124085
51736130189
51736138123
51736144776
51736151673
51736158631
51736164063
51736170533
51736176087
51736183350
51736188844
51736195313
51736203431
51736208192
51736214722
51736221619
51736227784
51736234376
51736239075
51736245850
51736251465
51736256776
51736262757
51736267945
51736273377
51736280518
51736285584
51736290650
51736297913
51736303406
51736308228
51736315125
51736320069
51736326844
51736332215
51736337952
51736343872
51736349732
51736354737
51736361328
51736368042
51736375122
51736382813
51736387940
51736394837
51736399720
51736406494
51736412598
51736420655
51736426758
51736431519
51736439392
51736444458
51736451050
51736457703
51736463257
51736469605
51736477173
51736483337
51736489014
51736494263
51736500549
51736505554
51736513367
51736520569
51736526611
51736534607
51736540649
51736548157
51736555054
51736561218
51736567383
51736574341
51736581116
51736587463
51736594116
51736600281
51736606750
51736614746
51736621154
51736625915
51736634399
51736640747
51736647644
51736654541
51736659973
51736666870
51736674743
51736681945
51736688232
51736693847
51736701904
51736707763
51736715026
51736721130
51736728576
51736733764
51736740051
51736745178
51736751647
51736756408
51736764159
51736768798
51736775024
51736779662
51736786803
51736791137
51736796874
51736803222
51736809142
51736814391
51736820007
51736825744
51736831542
51736837096
51736842773
51736849853
51736855041
51736862243
51736868651
51736873839
51736880675
51736888610
51736895690
51736902038
51736909728
51736915526
51736923278
51736929808
51736936828
51736942015
51736948058
51736953246
51736961608
51736967406
51736974974
51736980773
51736987426
51736992491
51737000121
51737005614
51737011717
51737017882
51737023497
51737029784
51737036559
51737043334
51737049437
51737056212
51737063414
51737070738
51737076415
51737083495
51737089598
51737096983
51737104369
51737110594
51737117613
51737124693
51737132750
51737139891
51737146178
51737152342
51737160094
51737166258
51737173399
51737180540
51737186949
51737192320
51737198851
51737204893
51737211607
51737216978
51737223387
51737229551
51737236143
51737240965
51737247374
51737252989
51737259214
51737264341
51737270262
51737274717
51737281553
51737287107
51737295286
51737303831
51737310667
51737317686
51737323789
51737331541
51737338987
51737344480
51737350218
51737357481
51737364805
51737370359
51737377378
51737383237
51737391111
51737397459
51737403013
51737409971
51737415647
51737421629
51737426633
51737432432
51737439207
51737445615
51737451902
51737458616
51737463804
51737470212
51737478208
51737485044
51737491208
51737496641
51737503049
51737507993
51737515317
51737521909
51737527829
51737534482
51737540891
51737547055
51737554380
51737561765
51737568235
51737572934
51737580320
51737587644
51737593869
51737600766
51737607724
51737612607
51737617856
51737624204
51737628964
51737637021
51737643857
51737651730
51737658261
51737663876
51737671140
51737675961
51737683469
51737689816
51737695065
51737702267
51737707761
51737713193
51737719846
51737726315
51737732480
51737739072
51737745480
51737750485
51737756833
51737762753
51737767697
51737774533
51737779233
51737786068
51737792904
51737799130
51737805722
51737812314
51737818783
51737824215
51737830441
51737836300
51737843075
51737848385
51737854733
51737859310
51737864926
51737871151
51737876461
51737883297
51737888424
51737894161
51737900265
51737904232
51737910824
51737916683
51737923275
51737931027
51737937069
51737943417
51737950009
51737956966
51737962521
51737970882
51737976925
51737983395
51737988461
51737994442
51738001217
51738008358
51738015621
51738022030
51738027401
51738033382
51738039242
51738045711
51738052303
51738059383
51738064144
51738070431
51738075558
51738082821
51738088802
51738095089
51738101986
51738109188
51738116085
51738120784
51738128536
51738134517
51738141048
51738146236
51738155452
51738162960
51738170101
51738176998
51738184444
51738189876
51738195857
51738203243
51738208797
51738214290
51738221797
51738227168
51738235225
51738242610
51738247493
51738254024
51738259883
51738265498
51738270992
51738278255
51738283382
51738288264
51738295284
51738301814
51738306270
51738312617
51738317805
51738323848
51738328303
51738335750
51738341609
51738347957
51738353328
51738360469
51738366572
51738374080
51738380305
51738385737
51738391902
51738398555
51738404292
51738413142
51738417292
51738425776
51738430781
51738435420
51738442073
51738448725
51738456782
51738462458
51738468379
51738474787
51738480342
51738487666
51738494197
51738500300
51738507319
51738513545
51738518794
51738525691
51738531916
51738537776
51738543940
51738548518
51738556635
51738562495
51738571162
51738576228
51738581843
51738587702
51738593867
51738599665
51738607050
51738613520
51738619013
51738625544
51738632441
51738637385
51738644953
51738653559
51738659723
51738668513
51738676142
51738681574
51738688410
51738695002
51738701593
51738711359
51738717829
51738723566
51738730158
51738734797
51738742731
51738748224
51738753473
51738759150
51738763239
51738770075
51738775934
51738782221
51738787287
51738791132
51738797296
51738803217
51738810236
51738816278
51738822565
51738829889
51738837274
51738842157
51738849664
51738855035
51738861810
51738866937
51738873468
51738879755
51738885248
51738892023
51738898431
51738904230
51738910577
51738915948
51738922540
51738928949
51738935358
51738942071
51738947992
51738954217
51738959772
51738965875
51738971734
51738978448
51738983819
51738990350
51738995904
51739000665
51739007257
51739014276
51739019342
51739027093
51739032830
51739038507
51739043389
51739049859
51739054620
51739060968
51739066217
51739071954
51739078118
51739083612
51739089654
51739096551
51739101800
51739107049
51739112847
51739119378
51739125482
51739131402
51739137017
51739144891
51739151421
51739161797
51739168877
51739177483
51739183526
51739189873
51739195611
51739202752
51739209100
51739215142
51739221917
51739229241
51739235161
51739241448
51739247430
51739253289
51739259331
51739265313
51739272454
51739276543
51739283440
51739290032
51739296563
51739302483
51739308403
51739315545
51739321038
51739327324
51739333062
51739339775
51739345269
51739351006
51739356438
51739363274
51739369072
51739376763
51739382805
51739388726
51739395195
51739400444
51739405022
51739411247
51739418266
51739423821
51739428337
51739434929
51739441094
51739447319
51739452568
51739460320
51739465691
51739473137
51739478508
51739484917
51739490654
51739496757
51739502617
51739508598
51739514885
51739518852
51739525322
51739530754
51739536186
51739542595
51739547783
51739554680
51739559685
51739565300
51739572380
51739578300
51739584343
51739591118
51739596061
51739602592
51739608574
51739614067
51739621147
51739625908
51739630790
51739638786
51739643425
51739648552
51739655815
51739661064
51739667411
51739674858
51739680534
51739686271
51739691520
51739699272
51739705497
51739710258
51739716361
51739723075
51739727470
51739734611
51739739616
51739747978
51739754081
51739759391
51739766776
51739771293
51739776725
51739782706
51739788566
51739794791
51739800651
51739807792
51739814201
51739819205
51739825919
51739831779
51739837028
51739844474
51739849174
51739855338
51739860038
51739867179
51739873710
51739879142
51739884330
51739890860
51739894950
51739902701
51739909537
51739914237
51739918876
51739926871
51739932364
51739937979
51739944327
51739950370
51739957206
51739962210
51739969107
51739974600
51739980399
51739988761
51739994132
51740001151
51740006278
51740012320
51740017203
51740023917
51740029837
51740035819
51740041922
51740047781
51740052603
51740060172
51740066031
51740071768
51740078360
51740083426
51740088614
51740094839
51740101675
51740108145
51740114065
51740119253
51740123892
51740131155
51740136526
51740141531
51740147635
51740153677
51740160330
51740166311
51740171805
51740179007
51740184012
51740189627
51740196829
51740202871
51740209524
51740214773
51740220511
51740226126
51740231680
51740237844
51740244009
51740252371
51740258474
51740264395
51740269583
51740275808
51740281607
51740288503
51740294241
51740300894
51740306570
51740312063
51740319143
51740325735
51740330190
51740336904
51740343496
51740348806
51740355337
51740361379
51740368093
51740373952
51740378469
51740385061
51740389150
51740395254
51740400198
51740405386
51740411672
51740418752
51740423940
51740430776
51740434682
51740441396
51740448049
51740453176
51740460256
51740464956
51740471975
51740477224
51740482168
51740488088
51740493215
51740498830
51740506398
51740511770
51740517812
51740524953
51740530141
51740536550
51740542531
51740548696
51740555349
51740560598
51740567067
51740572438
51740579152
51740584706
51740589101
51740596608
51740601369
51740608144
51740612966
51740619985
51740625844
51740633046
51740638356
51740643239
51740648976
51740655995
51740662160
51740667775
51740674855
51740679921
51740685231
51740691029
51740696278
51740701405
51740707204
51740714162
51740721608
51740725636
51740732777
51740738209
51740745473
51740750416
51740757924
51740764699
51740770741
51740777089
51740783741
51740789784
51740796193
51740802418
51740807179
51740813038
51740819813
51740827137
51740832936
51740838429
51740844044
51740850087
51740854664
51740859303
51740865773
51740870045
51740875782
51740883106
51740889149
51740895619
51740901600
51740908253
51740914845
51740921497
51740927235
51740931996
51740937183
51740943226
51740948597
51740955372
51740962269
51740967701
51740973072
51740979237
51740984302
51740990223
51740996754
51741001759
51741006885
51741013660
51741020069
51741025989
51741031177
51741036426
51741043445
51741050709
51741056080
51741062855
51741070301
51741074634
51741080982
51741087818
51741095020
51741100513
51741106311
51741112842
51741119007
51741124561
51741131580
51741136829
51741143360
51741148792
51741155139
51741160511
51741165821
51741174182
51741179065
51741184680
51741188709
51741195850
51741202075
51741207446
51741211902
51741218128
51741223377
51741228687
51741234058
51741241748
51741247913
51741253589
51741260364
51741265918
51741270984
51741276904
51741281665
51741286609
51741293506
51741300586
51741307056
51741313342
51741318896
51741324084
51741331409
51741337573
51741343188
51741348804
51741355212
51741362964
51741367419
51741374682
51741379626
51741385302
51741390551
51741398547
51741404345
51741410937
51741416064
51741420886
51741426440
51741431384
51741437426
51741446826
51741452014
51741456835
51741463732
51741469165
51741474475
51741479418
51741484484
51741489550
51741496386
51741502123
51741507617
51741514514
51741519702
51741524706
51741531054
51741537158
51741542040
51741547717
51741552111
51741559802
51741564562
51741569689
51741575854
51741581713
51741587939
51741593981
51741599840
51741605517
51741611803
51741616869
51741623156
51741628466
51741634081
51741640673
51741645617
51741650683
51741658434
51741664171
51741669787
51741675890
51741682238
51741689562
51741694933
51741700914
51741705797
51741711473
51741717638
51741721666
51741727953
51741732958
51741739244
51741744738
51741751024
51741756700
51741763292
51741769396
51741775621
51741781542
51741787462
51741793199
51741798754
51741804247
51741810289
51741816210
51741821703
51741829515
51741833971
51741839220
51741846117
51741852098
51741858629
51741865587
51741871141
51741876573
51741882249
51741889329
51741894884
51741899950
51741907701
51741912157
51741920030
51741926439
51741932298
51741938768
51741944261
51741950059
51741957261
51741963304
51741968126
51741974229
51741981798
51741987352
51741993333
51741998887
51742005174
51742011399
51742016710
51742022447
51742029893
51742035203
51742040452
51742046556
51742051133
51742055833
51742062547
51742068162
51742074998
51742083238
51742090074
51742097154
51742103868
51742109788
51742115769
51742122239
51742128220
51742131333
51742140977
51742146897
51742153062
51742158494
51742166428
51742174058
51742180283
51742187058
51742192124
51742197922
51742205064
51742210313
51742217026
51742222092
51742227036
51742234177
51742240830
51742247178
51742252793
51742259080
51742266587
51742272629
51742277878
51742284287
51742289963
51742297898
51742302353
51742308030
51742313645
51742320542
51742326157
51742330857
51742336655
51742342636
51742347397
51742354233
51742359909
51742365586
51742372422
51742377609
51742384629
51742391770
51742397873
51742403732
51742410080
51742417282
51742421799
51742428085
51742433579
51742441635
51742447800
51742454269
51742460739
51742469955
51742475937
51742482407
51742488510
51742495285
51742502182
51742508102
51742513534
51742518661
51742525070
51742530197
51742537399
51742542465
51742549118
51742553573
51742560104
51742565658
51742570968
51742576523
51742582504
51742589462
51742596542
51742600204
51742607101
51742612716
51742620285
51742626144
51742631759
51742638900
51742644271
51742650680
51742657272
51742663070
51742669418
51742674667
51742679855
51742685287
51742691085
51742699081
51742703170
51742709457
51742714645
51742720138
51742727096
51742733749
51742738448
51742745162
51742750716
51742755721
51742761031
51742767623
51742772811
51742778793
51742784957
51742791244
51742796432
51742801742
51742807845
51742814315
51742820235
51742825851
51742832809
51742837691
51742844222
51742848678
51742854903
51742859969
51742865401
51742871505
51742876754
51742884200
51742887313
51742893966
51742902327
51742908187
51742914107
51742919295
51742924666
51742929671
51742934615
51742940169
51742947188
51742952742
51742959029
51742965926
51742970259
51742977034
51742983565
51742988692
51742994856
51743001936
51743007735
51743012190
51743018721
51743023726
51743029646
51743034956
51743041121
51743048323
51743054427
51743058882
51743065840
51743071211
51743078841
51743084273
51743089461
51743094405
51743101363
51743106978
51743114729
51743120466
51743125715
51743131209
51743138289
51743144331
51743150068
51743155989
51743161604
51743169111
51743174360
51743179731
51743185774
51743193647
51743199751
51743206343
51743212080
51743218489
51743223616
51743229231
51743235029
51743239607
51743247175
51743252912
51743258283
51743263716
51743268537
51743273664
51743281111
51743287214
51743292951
51743298628
51743305769
51743311323
51743318647
51743324506
51743331281
51743337202
51743343488
51743349104
51743355085
51743361982
51743368146
51743374006
51743379926
51743386762
51743392011
51743399213
51743404767
51743410566
51743415754
51743420515
51743426008
51743432599
51743438825
51743444440
51743449689
51743455854
51743461774
51743467573
51743473554
51743479352
51743485212
51743491010
51743496930
51743501874
51743506696
51743513410
51743518232
51743524396
51743532025
51743537763
51743545026
51743552533
51743558942
51743566571
51743571149
51743579083
51743584760
51743592389
51743599774
51743605634
51743611798
51743618207
51743624616
51743630719
51743638409
51743644208
51743650189
51743656537
51743663739
51743669965
51743676312
51743682049
51743687360
51743692548
51743697247
51743702801
51743709576
51743715985
51743722149
51743729352
51743734479
51743741803
51743746747
51743754437
51743760541
51743766400
51743770794
51743777508
51743784405
51743789227
51743797039
51743803265
51743808575
51743816021
51743823223
51743828595
51743834210
51743840557
51743846112
51743853070
51743858868
51743864239
51743870220
51743875164
51743881390
51743887127
51743894207
51743900250
51743905682
51743912518
51743917950
51743923931
51743929424
51743935528
51743941265
51743948650
51743955853
51743962810
51743968670
51743974346
51743980267
51743986614
51743991985
51743997967
51744003216
51744008831
51744014568
51744019207
51744024578
51744030254
51744035442
51744042156
51744048137
51744055034
51744060405
51744066143
51744072368
51744076336
51744083110
51744090068
51744094829
51744101909
51744108501
51744114360
51744120281
51744126262
51744132366
51744139568
51744144634
51744150310
51744155803
51744163433
51744169841
51744175517
51744180828
51744187480
51744192790
51744197734
51744202800
51744208537
51744215801
51744220439
51744227092
51744232890
51744238261
51744243877
51744249675
51744256267
51744262431
51744267314
51744274089
51744278728
51744286235
51744291850
51744298625
51744302836
51744309550
51744315593
51744322001
51744328044
51744333354
51744339519
51744345988
51744351359
51744357585
51744362956
51744368571
51744374675
51744379069
51744386821
51744391215
51744396403
51744403605
51744409282
51744415019
51744421611
51744427226
51744432841
51744438334
51744445109
51744450297
51744455790
51744461039
51744468058
51744473857
51744478922
51744484233
51744491374
51744496806
51744502421
51744508463
51744515727
51744521281
51744527201
51744533549
51744538126
51744544962
51744550089
51744557047
51744563212
51744567973
51744573405
51744580424
51744586466
51744593119
51744599345
51744605631
51744611613
51744617228
51744623087
51744629313
51744634318
51744638590
51744644999
51744649881
51744655680
51744661051
51744670694
51744675882
51744681559
51744686991
51744692667
51744698832
51744704935
51744711405
51744718424
51744724710
51744729776
51744735208
51744741800
51744747599
51744752542
51744760599
51744766947
51744773477
51744779459
51744784891
51744791055
51744798258
51744803934
51744809732
51744815958
51744822611
51744828714
51744834390
51744840494
51744845804
51744852945
51744858743
51744863504
51744868936
51744875162
51744880228
51744884744
51744889810
51744896463
51744902444
51744907083
51744913064
51744920267
51744926248
51744932962
51744938699
51744944497
51744949563
51744956460
51744962503
51744967935
51744973550
51744978494
51744985269
51744991861
51744998697
51745004007
51745010415
51745015420
51745019998
51745026590
51745031716
51745039285
51745045449
51745050454
51745055886
51745062112
51745067910
51745075295
51745080605
51745086709
51745090310
51745096658
51745102273
51745107766
51745113503
51745121011
51745126565
51745133767
51745139504
51745144875
51745152077
51745157693
51745163491
51745170144
51745175271
51745179970
51745185464
51745190896
51745198586
51745204690
51745210549
51745216347
51745222695
51745227761
51745233315
51745239480
51745246682
51745252785
51745257729
51745263833
51745269570
51745275185
51745281350
51745287331
51745292885
51745299477
51745306557
51745312477
51745317055
51745322243
51745327919
51745334999
51745340004
51745346230
51745349831
51745356789
51745363320
51745368691
51745376442
51745382057
51745387734
51745393959
51745399758
51745405983
51745411965
51745416847
51745424660
51745431068
51745437111
51745443520
51745449013
51745454750
51745460976
51745466591
51745471596
51745476662
51745483986
51745490150
51745496254
51745502052
51745508217
51745513771
51745520241
51745526405
51745532326
51745537758
51745542640
51745548988
51745552833
51745559486
51745565468
51745572609
51745578224
51745583656
51745589210
51745593422
51745600807
51745605751
51745611488
51745617958
51745623878
51745629554
51745635475
51745641761
51745647682
51745652931
51745659828
51745664466
51745671668
51745677040
51745684486
51745690589
51745696754
51745702613
51745708595
51745714698
51745720618
51745727882
51745733619
51745739112
51745744605
51745750709
51745757484
51745762977
51745767676
51745774451
51745779273
51745783851
51745788917
51745795020
51745801368
51745807960
51745813758
51745818030
51745827125
51745832801
51745839698
51745845069
51745852454
51745858680
51745863624
51745868873
51745875586
51745881751
51745886023
51745893470
51745900489
51745906531
51745913733
51745919959
51745925391
51745931678
51745935828
51745942176
51745947608
51745952918
51745959143
51745964575
51745971533
51745977088
51745983679
51745989234
51745995520
51746002661
51746008704
51746013464
51746019751
51746026526
51746032813
51746038794
51746044653
51746050085
51746056555
51746061560
51746068274
51746072485
51746079077
51746084265
51746089209
51746095068
51746100378
51746107153
51746112829
51746120825
51746127295
51746133032
51746138891
51746144018
51746148901
51746154394
51746162268
51746168066
51746172522
51746178808
51746183813
51746189062
51746196020
51746201941
51746207251
51746214209
51746220922
51746225622
51746231054
51746237646
51746242834
51746247656
51746253576
51746260290
51746265234
51746270178
51746275305
51746281591
51746287634
51746293432
51746300756
51746306982
51746312597
51746318090
51746324255
51746328832
51746334936
51746340551
51746347753
51746353674
51746359411
51746365453
51746371984
51746377599
51746383703
51746389318
51746394506
51746402318
51746408361
51746414342
51746421422
51746427038
51746432226
51746438878
51746445348
51746451391
51746456762
51746461339
51746466771
51746473058
51746479161
51746484838
51746491552
51746495824
51746502233
51746507665
51746513158
51746518956
51746526647
51746532201
51746537511
51746545323
51746550511
51746556554
51746563756
51746568639
51746573216
51746579564
51746584203
51746590123
51746596837
51746602940
51746609410
51746615025
51746621068
51746625768
51746631566
51746637181
51746643529
51746649388
51746655370
51746660008
51746665135
51746671117
51746677403
51746681981
51746690159
51746696934
51746702000
51746706822
51746712132
51746717320
51746724522
51746729710
51746734776
51746741429
51746746434
51746752232
51746757603
51746763768
51746770970
51746776890
51746782811
51746788487
51746793797
51746800145
51746807591
51746813267
51746818516
51746824559
51746831455
51746837681
51746842808
51746848301
51746854099
51746859165
51746864048
51746871372
51746877537
51746884068
51746889256
51746894261
51746899510
51746904331
51746910374
51746917637
51746923069
51746927341
51746933140
51746939243
51746944736
51746950230
51746957004
51746964207
51746970188
51746974522
51746980991
51746986423
51746991794
51746996982
51747003452
51747007725
51747015842
51747021580
51747028599
51747034824
51747039768
51747046726
51747051731
51747058078
51747062595
51747067844
51747073948
51747079929
51747085056
51747092990
51747099704
51747105259
51747110630
51747116733
51747121250
51747125827
51747131381
51747139194
51747144992
51747150974
51747156467
51747161716
51747166721
51747173129
51747178745
51747183811
51747189243
51747193637
51747200290
51747205722
51747210544
51747216586
51747223178
51747228732
51747235507
51747239780
51747246921
51747252536
51747259738
51747265475
51747270175
51747275363
51747283053
51747289035
51747295566
51747301364
51747306613
51747311923
51747318149
51747323337
51747328952
51747334262
51747338778
51747344333
51747351413
51747357333
51747361850
51747369540
51747373629
51747380221
51747385409
51747391269
51747397494
51747403048
51747410617
51747415560
51747421176
51747428317
51747433932
51747438510
51747443637
51747450411
51747456454
51747461764
51747467318
51747472872
51747478732
51747484103
51747490328
51747497591
51747503512
51747509982
51747517062
51747523287
51747528841
51747533663
51747541659
51747550509
51747556856
51747563753
51747569063
51747575655
51747581393
51747589815
51747596163
51747600741
51747607821
51747613070
51747619539
51747624422
51747631075
51747636873
51747643343
51747650057
51747654757
51747659517
51747666109
51747672579
51747677340
51747684237
51747689547
51747695101
51747701937
51747708223
51747713289
51747721102
51747727205
51747732820
51747738619
51747743257
51747750337
51747756014
51747761446
51747768892
51747774202
51747779085
51747784761
51747789583
51747795259
51747802217
51747808199
51747814729
51747820650
51747826509
51747832429
51747837862
51747843111
51747850130
51747856355
51747863313
51747869234
51747874177
51747880891
51747886262
51747891328
51747897676
51747902620
51747908845
51747916108
51747922212
51747927156
51747932649
51747939180
51747945161
51747953767
51747959016
51747965547
51747971040
51747977449
51747982698
51747988313
51747993440
51747999360
51748006562
51748012056
51748017732
51748022737
51748028352
51748034455
51748039826
51748047395
51748053559
51748059236
51748066194
51748071687
51748077790
51748083833
51748091889
51748097749
51748104829
51748110749
51748116547
51748125764
51748132172
51748138825
51748144379
51748149506
51748155366
51748160554
51748165559
51748172578
51748177827
51748185517
51748191926
51748197602
51748202546
51748207734
51748213166
51748218171
51748224824
51748230622
51748235627
51748241059
51748248322
51748253388
51748259369
51748266938
51748271943
51748278717
51748284027
51748289765
51748295258
51748301789
51748307648
51748314362
51748320343
51748324799
51748331513
51748335785
51748342133
51748347138
51748354645
51748359589
51748364533
51748370575
51748376923
51748382843
51748387726
51748393158
51748399994
51748405243
51748410187
51748415314
51748421295
51748426544
51748431183
51748438324
51748444183
51748450043
51748455353
51748460419
51748465973
51748471344
51748478363
51748483673
51748491302
51748496979
51748503143
51748508941
51748515045
51748519562
51748527008
51748533478
51748539215
51748544159
51748551971
51748558502
51748564178
51748569854
51748576812
51748582244
51748587371
51748594146
51748599945
51748606964
51748612030
51748617889
51748626007
51748631500
51748637481
51748643829
51748650543
51748656768
51748662505
51748668792
51748676116
51748680755
51748686004
51748691741
51748698089
51748704620
51748708770
51748715484
51748722442
51748729095
51748734405
51748739410
51748744476
51748749236
51748754851
51748761932
51748769500
51748773711
51748780425
51748786407
51748792083
51748797393
51748805755
51748812102
51748817840
51748823638
51748829253
51748835235
51748840178
51748845427
51748852141
51748859404
51748862334
51748870330
51748876189
51748882231
51748889067
51748895171
51748901091
51748907744
51748912749
51748917632
51748923613
51748928618
51748934050
51748941496
51748946379
51748954253
51748961577
51748967986
51748973906
51748981596
51748987090
51748993559
51749000761
51749006682
51749013762
51749019743
51749026396
51749031889
51749037444
51749044218
51749048979
51749056242
51749060942
51749069182
51749075102
51749081389
51749087492
51749094755
51749101469
51749106169
51749111235
51749117399
51749122893
51749128813
51749135222
51749142302
51749148100
51749153410
51749158476
51749164152
51749171598
51749177397
51749182646
51749188749
51749194731
51749199186
51749206388
51749213957
51749221769
51749227751
51749233427
51749241300
51749247587
51749252043
51749258207
51749265470
51749271269
51749276212
51749283048
51749288908
51749295622
51749300871
51749307584
51749312650
51749319669
51749325773
51749330595
51749338285
51749343839
51749348966
51749356046
51749361967
51749368009
51749374174
51749380460
51749386503
51749392240
51749398160
51749404020
51749408903
51749413236
51749417264
51749423246
51749428312
51749432889
51749438932
51749443326
51749447171
51749451810
51749456022
51749459806
51749465909
51749471341
51749476285
51749479947
51749485440
51749491117
51749495450
51749500638
51749505094
51749509122
51749514493
51749519803
51749524320
51749528226
51749532987
51749538785
51749543057
51749546903
51749552274
51749557462
51749561307
51749567044
51749571011
51749576383
51749581265
51749586087
51749590665
51749595425
51749599881
51749604825
51749610501
51749615262
51749619534
51749623257
51749626981
51749631314
51749635159
51749639554
51749644253
51749648038
51749652737
51749656705
51749660550
51749665188
51749668179
51749673001
51749678799
51749685635
51749692105
51749698514
51749704373
51749710843
51749716580
51749720974
51749727810
51749732205
51749737515
51749743069
51749745633
51749753079
51749758450
51749763028
51749769070
51749774502
51749779751
51749785611
51749794400
51749805569
51749817044
51749824124
51749832241
51749838894
51749844692
51749850247
51749854885
51749859036
51749862881
51749867153
51749871426
51749875881
51749881374
51749885525
51749890041
51749894314
51749899380
51749904446
51749908840
51749914394
51749920254
51749923794
51749928738
51749934414
51749938503
51749943691
51749947658
51749952846
51749959377
51749964992
51749969326
51749974331
51749979458
51749983425
51749991054
51749996914
51750001797
51750006496
51750011074
51750016506
51750019924
51750024563
51750029445
51750036464
51750040493
51750048305
51750053249
51750058498
51750064785
51750070949
51750076564
51750082302
51750089931
51750095180
51750099819
51750109218
51750115932
51750121730
51750127529
51750132839
51750139491
51750144557
51750149745
51750156581
51750162319
51750167995
51750174709
51750179347
51750184902
51750189845
51750195216
51750201076
51750210170
51750216579
51750224269
51750232021
51750237453
51750245326
51750251186
51750256373
51750264003
51750268886
51750274684
51750280971
51750287745
51750293849
51750299586
51750307826
51750312709
51750318202
51750323146
51750329005
51750334437
51750339442
51750345424
51750350917
51750355800
51750360865
51750367091
51750372035
51750377955
51750383387
51750388636
51750393763
51750401149
51750405604
51750410609
51750416285
51750421900
51750427271
51750432154
51750437770
51750445216
51750450404
51750456202
51750461512
51750467555
51750472437
51750479517
51750483302
51750488673
51750493983
51750498682
51750504298
51750512232
51750516383
51750522425
51750527857
51750531947
51750540736
51750546229
51750551966
51750555994
51750561671
51750567713
51750574000
51750578760
51750584742
51750590967
51750596644
51750602137
51750608118
51750612757
51750619227
51750622278
51750628809
51750635218
51750641443
51750647059
51750653894
51750658960
51750663233
51750669703
51750674158
51750680201
51750685938
51750693079
51750698023
51750704187
51750710352
51750716638
51750721338
51750727503
51750732630
51750739343
51750746362
51750752832
51750757471
51750763269
51750767481
51750774866
51750781885
51750790308
51750796899
51750803552
51750812341
51750821985
51750828821
51750838220
51750848352
51750860925
51750871057
51750876611
51750889612
51750897180
51750907983
51750915796
51750923181
51750933862
51750942346
51750951440
51750959741
51750970483
51750979211
51750989343
51750997094
51751005883
51751012170
51751022973
51751030419
51751035485
51751048669
51751056664
51751064538
51751073571
51751080834
51751090661
51751096825
51751108422
51751117394
51751126672
51751135155
51751142968
51751150048
51751157433
51751166161
51751174889
51751189232
51751197472
51751199853
51751211632
51751220421
51751226891
51751235436
51751242455
51751249230
51751258202
51751264916
51751274071
51751282494
51751289757
51751294945
51751305260
51751314293
51751319542
51751328881
51751334984
51751346337
51751355248
51751359276
51751367821
51751374474
51751381065
51751389854
51751398338
51751405785
51751414391
51751421471
51751428001
51751435387
51751443321
51751449303
51751456871
51751463768
51751471947
51751478355
51751485740
51751495323
51751499534
51751508018
51751516502
51751522911
51751529442
51751534446
51751542137
51751551109
51751561119
51751567466
51751575096
51751582786
51751587486
51751596885
51751602622
51751610740
51751617698
51751623191
51751633201
51751642234
51751648704
51751658042
51751665489
51751671714
51751679649
51751686668
51751695457
51751705527
51751712302
51751720786
51751729026
51751737937
51751745689
51751755698
51751763572
51751784507
51751792319
51751804770
51751814658
51751822043
51751827659
51751838889
51751847312
51751856284
51751866843
51751874045
51751883811
51751895163
51751902548
51751911704
51751922141
51751930014
51751935568
51751947287
51751956748
51751966452
51751976035
51751981833
51751994528
51751999228
51752009726
51752015341
51752027975
51752035788
51752043234
51752051535
51752060507
51752067892
51752077536
51752083273
51752091574
51752098532
51752107931
51752113546
51752125326
51752134176
51752139181
51752148886
51752154135
51752164389
51752173178
51752183371
51752191183
51752201315
51752207846
51752217184
51752223898
51752234945
51752241537
51752251302
51752260153
51752267904
51752274007
51752285055
51752292257
51752301534
51752308004
51752317709
51752325216
51752331563
51752340291
51752347616
51752358297
51752363973
51752375326
51752382284
51752390096
51752398824
51752406881
51752414998
51752422750
51752431295
51752437581
51752449910
51752459432
51752468526
51752474202
51752483358
51752490010
51752499959
51752510457
51752517720
51752525350
51752531758
51752542684
51752549825
51752559468
51752565572
51752575581
51752581990
51752592244
51752599385
51752608907
51752617207
51752626546
51752634236
51752642049
51752647603
51752658711
51752668721
51752675313
51752685811
51752691792
51752700886
51752709553
51752719563
51752726704
51752731404
51752742207
51752750935
51752758686
51752768208
51752776387
51752783528
51752791279
51752797016
51752807331
51752812824
51752826130
51752831196
51752840840
51752849995
51752861958
51752872150
51752880695
51752886494
51752894306
51752903278
51752909382
51752918232
51752925312
51752933857
51752942585
51752951618
51752959736
51752969257
51752976764
51752982136
51752990925
51752997516
51753007282
51753018085
51753027118
51753030780
51753037616
51753047870
51753053547
51753062458
51753068195
51753077533
51753082721
51753094013
51753103412
51753109821
51753116168
51753125446
51753130817
51753138629
51753145465
51753154865
51753166034
51753172870
51753180560
51753188129
51753194049
51753202289
51753209552
51753216693
51753223163
51753232501
51753243060
51753252582
51753261004
51753266620
51753274615
51753280902
51753290240
51753299395
51753304889
51753313372
51753321246
51753331378
51753338763
51753345233
51753352313
51753360369
51753368609
51753375140
51753382647
51753390704
51753400042
51753408709
51753417559
51753424517
51753432086
51753438128
51753446795
51753454974
51753462359
51753467913
51753479693
51753486468
51753495013
51753500750
51753509478
51753515948
51753524065
51753530047
51753539019
51753547686
51753555620
51753562578
51753569414
51753577898
51753585955
51753593950
51753602068
51753607500
51753617144
51753626360
51753632830
51753642351
51753649065
51753655901
51753661455
51753670854
51753678240
51753685076
51753693987
51753703081
51753712541
51753717974
51753725603
51753736528
51753742326
51753751421
51753758989
51753771928
51753783464
51753793108
51753802263
51753813432
51753822649
51753833635
51753839433
51753851884
51753857438
51753866716
51753876909
51753886857
51753896440
51753899858
51753912919
51753917863
51753925615
51753935197
51753942765
51753952897
51753963029
51753969865
51753975236
51753982987
51753992997
51754001664
51754008378
51754017838
51754025468
51754033952
51754040788
51754053422
51754060502
51754067643
51754077775
51754083939
51754093217
51754100663
51754111832
51754119706
51754126786
51754135697
51754144547
51754150773
51754156327
51754169938
51754179032
51754186051
51754196305
51754203690
51754214188
51754219620
51754230912
51754239701
51754247330
51754255570
51754264298
51754274002
51754281510
51754287979
51754297989
51754302811
51754312821
51754321304
51754331009
51754338028
51754343216
51754357010
51754363846
51754371292
51754377823
51754386368
51754393997
51754401016
51754408096
51754417679
51754424393
51754433975
51754438370
51754445999
51754454788
51754462845
51754470047
51754474930
51754486648
51754491836
51754500686
51754510757
51754518020
51754524490
51754532547
51754539077
51754547988
51754555069
51754560806
51754569900
51754578933
51754588272
51754594680
51754601089
51754608657
51754616897
51754625808
51754632705
51754639114
51754651992
51754659072
51754667617
51754675246
51754683181
51754689407
51754698379
51754703323
51754713088
51754718825
51754728530
51754738357
51754743362
51754753066
51754762832
51754770583
51754782180
51754789809
51754797683
51754810073
51754816726
51754825576
51754833998
51754845656
51754851760
51754862075
51754869582
51754878920
51754888442
51754899001
51754907302
51754915846
51754924086
51754930068
51754940199
51754948561
51754955519
51754960585
51754973952
51754979201
51754988783
51754995802
51755003676
51755011671
51755017470
51755025954
51755035048
51755044386
51755052199
51755057631
51755067824
51755076918
51755079603
51755092726
51755098280
51755117689
51755129164
51755136000
51755143019
51755151747
51755157606
51755166212
51755176100
51755181105
51755191419
51755200208
51755207289
51755217054
51755222547
51755234815
51755243360
51755251417
51755257948
51755262891
51755273695
51755282667
51755291639
51755299512
51755308607
51755315076
51755324781
51755331800
51755341382
51755347364
51755355787
51755367017
51755373914
51755383741
51755393140
51755399183
51755407972
51755415845
51755425916
51755430738
51755440198
51755449414
51755457288
51755466748
51755475659
51755482495
51755491040
51755501660
51755509229
51755516553
51755526807
51755536450
51755544568
51755553052
51755560681
51755570630
51755577893
51755587598
51755594006
51755603223
51755611462
51755621594
51755628674
51755637585
51755645398
51755655835
51755662427
51755670483
51755676892
51755686169
51755694470
51755703442
51755709240
51755719372
51755727307
51755734387
51755741284
51755746167
51755761242
51755774304
51755786877
51755796276
51755808056
51755815319
51755824597
51755833325
51755845287
51755855969
51755865856
51755873669
51755882824
51755888378
51755897228
51755906628
51755914196
51755924267
51755934948
51755943554
51755948376
51755959789
51755967846
51755973827
51755982860
51755990490
51755999584
51756004650
51756015148
51756022960
51756028637
51756037365
51756041820
51756052074
51756058605
51756065868
51756073986
51756081249
51756090099
51756094860
51756106883
51756111156
51756119884
51756128246
51756134471
51756143443
51756151988
51756157298
51756166576
51756174510
51756185558
51756192577
51756202342
51756211619
51756218333
51756225413
51756236033
51756242137
51756251231
51756258861
51756268626
51756273631
51756284251
51756292857
51756302256
51756309825
51756321482
51756328868
51756335887
51756343211
51756351939
51756360240
51756369029
51756376780
51756385569
51756393870
51756399668
51756409251
51756413950
51756422801
51756431590
51756438975
51756449961
51756454966
51756466685
51756474558
51756480601
51756490549
51756498972
51756507212
51756514475
51756521372
51756530344
51756537302
51756548533
51756555796
51756566172
51756573374
51756582163
51756588083
51756592539
51756604990
51756612070
51756621164
51756630442
51756638010
51756645212
51756652841
51756660349
51756666025
51756670786
51756682504
51756689829
51756695566
51756704416
51756713449
51756723093
51756727731
51756740061
51756749582
51756760873
51756767404
51756779245
51756787790
51756797372
51756805368
51756817697
51756826059
51756831979
51756842599
51756853647
51756861398
51756867563
51756881723
51756888376
51756896432
51756903390
51756908578
51756922616
51756928903
51756936959
51756945443
51756952706
51756957772
51756966500
51756973092
51756979562
51756988412
51756993844
51757003732
51757010140
51757018563
51757028268
51757032784
51757042611
51757050301
51757056161
51757065499
51757075692
51757081490
51757091073
51757100716
51757109688
51757118111
51757125435
51757133187
51757143380
51757152169
51757154610
51757168648
51757177132
51757183846
51757193123
51757200325
51757208504
51757216744
51757226387
51757233345
51757242440
51757249764
51757258187
51757266609
51757276070
51757284920
51757294441
51757299202
51757308907
51757317940
51757327583
51757336617
51757342781
51757353157
51757358406
51757370979
51757376595
51757384834
51757394661
51757403084
51757410591
51757419075
51757426948
51757439277
51757447212
51757453621
51757458809
51757471016
51757479377
51757484382
51757493843
51757499153
51757509346
51757517707
51757526191
51757534004
51757542427
51757548896
51757555732
51757564765
51757570320
51757580818
51757588020
51757594978
51757602119
51757611457
51757618537
51757624946
51757632942
51757638129
51757646919
51757655219
51757666389
51757672065
51757681037
51757694831
51757703498
51757712287
51757722541
51757734931
51757746772
51757757575
51757768989
51757780219
51757795600
51757803534
51757813788
51757819648
51757831122
51757839972
51757846015
51757857245
51757867194
51757874823
51757881781
51757894415
51757904486
51757912116
51757921088
51757929755
51757935797
51757944159
51757951605
51757958929
51757966437
51757973883
51757979315
51757985907
51757991339
51757997137
51758002264
51758009711
51758017157
51758022101
51758027777
51758034125
51758039618
51758044928
51758050055
51758055670
51758061285
51758067328
51758072638
51758077520
51758082403
51758088751
51758094122
51758098761
51758106207
51758110235
51758116949
51758121954
51758126593
51758131720
51758137396
51758143194
51758148931
51758153997
51758159674
51758164251
51758169317
51758173773
51758177252
51758181829
51758186834
51758193304
51758198553
51758204168
51758209783
51758213690
51758219427
51758222418
51758231329
51758237554
51758243047
51758250005
51758255987
51758260625
51758265813
51758271795
51758277593
51758283819
51758290411
51758295110
51758300542
51758305608
51758309026
51758316839
51758322393
51758326055
51758334661
51758339727
51758344915
51758351018
51758355474
51758362005
51758368230
51758374395
51758379644
51758387029
51758393438
51758398381
51758403753
51758413213
51758419439
51758427373
51758433599
51758437993
51758443364
51758448674
51758454351
51758460576
51758468144
51758474248
51758479985
51758486333
51758489629
51758495488
51758500371
51758506535
51758512578
51758518559
51758523564
51758530156
51758535893
51758541814
51758546635
51758551762
51758557317
51758563115
51758569157
51758574895
51758581853
51758587529
51758592046
51758597661
51758604314
51758609074
51758614873
51758620000
51758625371
51758632146
51758636662
51758644414
51758648076
51758655705
51758660710
51758666264
51758671940
51758678898
51758683354
51758689518
51758696049
51758700383
51758704960
51758710575
51758716008
51758721318
51758728886
51758734928
51758739994
51758744816
51758751530
51758757817
51758764591
51758769047
51758775273
51758778141
51758787663
51758792607
51758796635
51758802433
51758808964
51758814762
51758821537
51758827519
51758833317
51758838322
51758844730
51758850468
51758856327
51758863285
51758868473
51758874638
51758879276
51758886173
51758893742
51758899357
51758908451
51758913822
51758919803
51758924015
51758930057
51758938419
51758944217
51758949650
51758955021
51758960697
51758966312
51758971134
51758979129
51758984623
51758990299
51758996219
51759003299
51759012516
51759018070
51759023929
51759030216
51759036319
51759044681
51759050296
