44822146058
44822151185
44822156373
44822162476
44822168519
44822175904
44822180909
44822187928
44822194520
44822200928
44822208008
44822213318
44822220398
44822225586
44822230713
44822237366
44822244385
44822249329
44822257386
44822263611
44822270203
44822275574
44822283875
44822290833
44822296082
44822304688
44822311341
44822317505
44822324951
44822332337
44822339111
44822343994
44822351257
44822359863
44822365601
44822369568
44822379517
44822386169
44822392639
44822401428
44822405456
44822415710
44822421936
44822429077
44822436890
44822444519
44822451660
44822459167
44822466736
44822474243
44822479614
44822488525
44822494873
44822502441
44822510132
44822515869
44822523437
44822529907
44822539917
44822548278
44822554931
44822563964
44822571472
44822579162
44822585449
44822595092
44822603881
44822610961
44822619445
44822625549
44822634582
44822641296
44822650329
44822657592
44822664184
44822673034
44822680053
44822687194
44822693664
44822701781
44822708312
44822718017
44822725646
44822731139
44822738952
44822747558
44822755492
44822761657
44822770080
44822777892
44822785277
44822792113
44822798949
44822806029
44822812438
44822821654
44822828612
44822835021
44822841979
44822851195
44822856139
44822864745
44822873961
44822879821
44822888121
44822894652
44822903746
44822909056
44822918639
44822926207
44822933653
44822941161
44822947569
44822954955
44822962523
44822972044
44822976500
44822986510
44822996886
44823003844
44823010863
44823018553
44823029112
44823036314
44823044249
44823051573
44823061033
44823068236
44823075255
44823081724
44823087645
44823097654
44823106138
44823115355
44823122374
44823129759
44823136351
44823144896
44823154234
44823160826
44823167906
44823174803
44823183836
44823187986
44823197019
44823205747
44823213865
44823222471
44823229734
44823239134
44823249021
44823257871
44823266416
44823274473
44823282163
44823291929
44823300108
44823309202
44823318052
44823325742
44823334226
44823343320
44823351194
44823358518
44823363767
44823375303
44823384092
44823391111
44823400937
44823411191
44823418760
44823428037
44823434568
44823441343
44823449033
44823457029
44823467282
44823475217
44823484067
44823492551
44823498899
44823507321
44823512937
44823522946
44823532041
44823540036
44823547177
44823557492
44823562680
44823571957
44823580136
44823588498
44823598569
44823606015
44823615170
44823624814
44823633969
44823641965
44823652890
44823662289
44823673764
44823679989
44823691708
44823701962
44823709591
44823720883
44823729428
44823735958
44823748226
44823754879
44823764157
44823772579
44823781796
44823790463
44823798519
44823808529
44823815365
44823824520
44823832211
44823842037
44823849606
44823859249
44823868038
44823877743
44823886105
44823897274
44823907406
44823916378
44823924923
44823938900
44823945980
44823956905
44823962826
44823974239
44823980282
44823991756
44823997188
44824010128
44824017757
44824029476
44824035823
44824049068
44824058284
44824064144
44824072689
44824080440
44824089534
44824096980
44824108211
44824115840
44824124019
44824130550
44824140071
44824149776
44824157222
44824162776
44824174922
44824181941
44824190242
44824194087
44824207637
44824214412
44824226558
44824232783
44824244258
44824253413
44824260371
44824269832
44824280147
44824286555
44824297664
44824306514
44824316035
44824323298
44824332820
44824343074
44824352534
44824360163
44824369075
44824376460
44824385432
44824393611
44824400446
44824408015
44824415156
44824422785
44824430048
44824437190
44824443781
44824450922
44824458369
44824465876
44824474543
44824482722
44824490961
44824498774
44824506647
44824513300
44824520991
44824528559
44824535578
44824543818
44824551569
44824558710
44824566401
44824574335
44824583979
44824591608
44824599482
44824607416
44824614557
44824623102
44824631708
44824640070
44824647272
44824655268
44824663324
44824670954
44824678949
44824686457
44824694879
44824703119
44824711725
44824719232
44824727472
44824735346
44824743524
44824750848
44824758966
44824765375
44824773553
44824782281
44824790643
44824797540
44824807428
44824816400
44824824274
44824832147
44824839715
44824846246
44824851739
44824859613
44824867791
44824874872
44824880609
44824888360
44824895746
44824901910
44824910516
44824916742
44824924737
44824932550
44824938775
44824946466
44824954400
44824961663
44824969781
44824977288
44824984857
44824991082
44824999322
44825008538
44825015801
44825022027
44825030023
44825039544
44825047662
44825054803
44825060052
44825068963
44825076531
44825084893
44825092461
44825101311
44825109063
44825115960
44825122491
44825131096
44825137993
44825147759
44825154229
44825163811
44825170708
44825176201
44825185112
44825192620
44825200554
44825208123
44825216790
44825224358
44825232109
44825239128
44825247612
44825254265
44825263665
44825270317
44825278923
44825285759
44825294914
44825302788
44825311150
44825317497
44825322319
44825334099
44825341057
44825348076
44825353020
44825362907
44825371025
44825379265
44825386711
44825394829
44825401420
44825409233
44825418083
44825425468
44825432365
44825441276
44825447868
44825453239
44825464409
44825469841
44825480644
44825485466
44825496208
44825507194
44825513969
44825521354
44825528556
44825537406
44825543876
44825550102
44825560234
44825569877
44825577384
44825584159
44825592643
44825603324
44825616691
44825627860
44825639091
44825649772
44825661674
44825670829
44825681815
44825692130
44825701530
44825710502
44825722281
44825731315
44825739554
44825748527
44825757377
44825767264
44825775748
44825784903
44825793082
44825801871
44825810172
44825819510
44825828971
44825838919
44825849967
44825860037
44825868521
44825877310
44825886954
44825894278
44825902945
44825910513
44825922049
44825932181
44825940909
44825949454
44825958243
44825966605
44825976614
44825985281
44825992056
44826003836
44826011465
44826020621
44826028250
44826040518
44826049124
44826058096
44826067495
44826076101
44826084646
44826093741
44826103933
44826110464
44826120535
44826129995
44826138906
44826148733
44826158499
44826165823
44826176809
44826181997
44826193411
44826202444
44826213186
44826221548
44826230398
44826239492
44826246145
44826257681
44826266958
44826277944
44826283071
44826294424
44826303518
44826311513
44826319875
44826328420
44826338552
44826348806
44826357107
44826366689
44826380300
44826387990
44826398671
44826407766
44826416860
44826427114
44826436879
44826445180
44826453725
44826463613
44826473378
44826482045
44826490468
44826498952
44826509084
44826517934
44826528615
44826537587
44826547170
44826553639
44826559987
44826564198
44826572133
44826576100
44826585377
44826592091
44826599354
44826606312
44826611439
44826619191
44826623402
44826632680
44826636647
44826646229
44826652821
44826659291
44826666066
44826671559
44826678517
44826686390
44826692982
44826697865
44826705616
44826711232
44826718068
44826723805
44826731495
44826735768
44826744435
44826751698
44826758473
44826764942
44826771717
44826777943
44826784290
44826790821
44826796070
44826804371
44826811695
44826816944
44826824207
44826831471
44826836109
44826844105
44826849537
44826857166
44826861195
44826869984
44826873890
44826883655
44826890797
44826897449
44826903919
44826908863
44826916431
44826924061
44826930164
44826937244
44826944263
44826950428
44826959034
44826966358
44826972278
44826978565
44826987720
44826995777
44827002979
44827007740
44827017261
44827024707
44827030445
44827038257
44827046131
44827053211
44827060596
44827067798
44827073474
44827082019
44827087329
44827094898
44827100208
44827107776
44827112537
44827118518
44827123828
44827130786
44827135913
44827144641
44827148853
44827156116
44827162158
44827167651
44827172290
44827178088
44827184741
44827190295
44827197314
44827203845
44827209460
44827216052
44827221728
44827226550
44827232898
44827239245
44827245349
44827250537
44827258105
44827262134
44827270007
44827273791
44827285998
44827291308
44827297046
44827302905
44827307421
44827313830
44827320910
44827327075
44827332507
44827338488
44827343249
44827350207
44827353747
44827360949
44827364184
44827371264
44827378954
44827383105
44827388293
44827393603
44827398669
44827403613
44827410082
44827414843
44827421862
44827427660
44827433581
44827439318
44827444689
44827450549
44827456652
44827462023
44827468432
44827473925
44827479662
44827483446
44827489977
44827497240
44827502672
44827508654
44827514147
44827518603
44827524096
44827530871
44827537218
44827543017
44827548144
44827554735
44827559435
44827567186
44827570665
44827578844
44827586412
44827592943
44827598009
44827604662
44827611559
44827616747
44827622606
44827628832
44827637804
44827644518
44827650987
44827657335
44827663378
44827668810
44827676012
44827683763
44827690782
44827696947
44827702196
44827709886
44827715807
44827723375
44827730760
44827737352
44827742418
44827748582
44827755663
44827762437
44827768541
44827774339
44827782213
44827787279
44827794847
44827798997
44827807664
44827813341
44827821092
44827828599
44827834764
44827840135
44827846788
44827852769
44827859239
44827865892
44827873033
44827879441
44827886766
44827893541
44827899034
44827904893
44827910203
44827917649
44827923875
44827932115
44827939744
44827946336
44827951829
44827957994
44827964341
44827971604
44827977464
44827984605
44827991990
44827997727
44828004746
44828009934
44828018601
44828025864
44828032334
44828039231
44828043992
44828051499
44828056260
44828063950
44828071213
44828077927
44828083298
44828090378
44828095505
44828103867
44828111069
44828119797
44828128525
44828134690
44828143357
44828149399
44828157639
44828165146
44828172165
44828179917
44828186875
44828194687
44828202011
44828207199
44828213730
44828219834
44828226242
44828233200
44828239426
44828244248
44828251511
44828257065
44828262985
44828269516
44828275803
44828281052
44828287094
44828293015
44828298691
44828304489
44828310654
44828315598
44828322556
44828328415
44828333054
44828339706
44828344467
44828351669
44828357712
44828363937
44828370773
44828375229
44828382309
44828388779
44828394394
44828398727
44828405746
44828410751
44828418014
44828422775
44828430404
44828436691
44828442672
44828448410
44828454513
44828461960
44828466903
44828473800
44828480331
44828490219
44828502792
44828510665
44828519516
44828526962
44828535018
44828540634
44828546066
44828549606
44828557601
44828564376
44828569381
44828575363
44828579818
44828586105
44828591110
44828597823
44828605148
44828609542
44828616134
44828622848
44828628036
44828632552
44828638839
44828647262
44828653243
44828660384
44828665939
44828672835
44828677718
44828685897
44828689376
44828698470
44828705001
44828711288
44828718123
44828724715
44828730514
44828738021
44828745162
44828752547
44828759810
44828765059
44828772323
44828778548
44828785994
44828789779
44828798812
44828806319
44828812972
44828820052
44828826766
44828832747
44828839827
44828847518
44828852523
44828860518
44828867720
44828874617
44828880477
44828890852
44828898177
44828904829
44828911910
44828918929
44828925337
44828931929
44828938765
44828946333
44828954146
44828959700
44828968245
44828972395
44828980574
44828986983
44828994795
44828998823
44829007918
44829015486
44829022383
44829027998
44829034407
44829042708
44829048323
44829056013
44829063215
44829069319
44829074995
44829082747
44829088240
44829096418
44829102400
44829110029
44829117353
44829123945
44829130537
44829137190
44829143537
44829150312
44829157514
44829164045
44829171308
44829176313
44829184736
44829189802
44829197920
44829203291
44829212019
44829218488
44829225080
44829232038
44829239179
44829243330
44829252363
44829259382
44829265974
44829274213
44829281904
44829288068
44829296186
44829304731
44829313154
44829320783
44829326825
44829335553
44829343488
44829349653
44829357526
44829365400
44829373578
44829381391
44829386884
44829394941
44829401899
44829409650
44829414045
44829421308
44829427167
44829435102
44829440473
44829447675
44829453717
44829459516
44829463178
44829471173
44829477582
44829483685
44829490094
44829497968
44829504132
44829508832
44829515424
44829524274
44829530316
44829535504
44829542340
44829547589
44829554730
44829560223
44829567670
44829571332
44829579327
44829585431
44829591473
44829598614
44829604657
44829610821
44829615277
44829621564
44829627606
44829634564
44829641095
44829646222
44829652813
44829658734
44829665692
44829671856
44829676617
44829683026
44829687725
44829695111
44829701580
44829707501
44829713787
44829719830
44829725445
44829731732
44829736920
44829743572
44829748883
44829753521
44829761334
44829764569
44829772076
44829778973
44829783123
44829789715
44829796246
44829802898
44829807842
44829813885
44829818646
44829824932
44829831646
44829837505
44829843975
44829849895
44829856914
44829861431
44829869976
44829874859
44829882671
44829888958
44829895733
44829901897
44829907940
44829914776
44829920879
44829928142
44829933880
44829941692
44829948528
44829955059
44829960613
44829967266
44829972820
44829982158
44829986675
44829998272
44830004863
44830012493
44830019634
44830027141
44830033428
44830041240
44830047771
44830053264
44830060466
44830066020
44830074809
44830081401
44830089580
44830095439
44830102214
44830110759
44830117717
44830125652
44830131999
44830141093
44830146709
44830154887
44830158794
44830169231
44830173564
44830182475
44830189433
44830196086
44830202617
44830209208
44830216350
44830221782
44830229106
44830236186
44830243205
44830251017
44830256877
44830263163
44830272990
44830279948
44830286723
44830289225
44830298991
44830307109
44830314555
44830320780
44830326396
44830333659
44830339762
44830348857
44830353068
44830362773
44830370280
44830377177
44830383524
44830391276
44830397074
44830404887
44830412882
44830419718
44830426005
44830431986
44830439616
44830444193
44830454569
44830462504
44830467875
44830475992
44830483439
44830491068
44830499857
44830508097
44830513041
44830520792
44830526713
44830535807
44830544779
44830551127
44830557413
44830566813
44830573526
44830579508
44830583109
44830590555
44830596903
44830603128
44830609598
44830616068
44830622049
44830628519
44830635477
44830642008
44830647135
44830653360
44830659891
44830666300
44830672586
44830679056
44830685587
44830692056
44830697916
44830703836
44830709390
44830715433
44830721536
44830728067
44830733621
44830740213
44830746316
44830751016
44830757913
44830762796
44830769266
44830775857
44830781412
44830787881
44830793985
44830799173
44830806802
44830812723
44830822305
44830828653
44830834390
44830841592
44830847146
44830852945
44830857644
44830865396
44830870218
44830877542
44830882425
44830889321
44830895303
44830901040
44830905801
44830912576
44830917703
44830923379
44830932595
44830938882
44830945962
44830952249
44830958962
44830964150
44830971353
44830977273
44830984048
44830987466
44830995644
44831002053
44831008340
44831013955
44831020119
44831026406
44831033608
44831039895
44831047158
44831053567
44831058938
44831065957
44831071145
44831077798
44831082925
44831091225
44831097878
44831104592
44831111733
44831118569
44831125344
44831130410
44831138161
44831144997
44831151101
44831157875
44831163552
44831170266
44831177468
44831184121
44831189797
44831196694
44831203652
44831210854
44831218849
44831224037
44831232338
44831237282
44831244545
44831251259
44831258339
44831263405
44831271523
44831276528
44831284340
44831289406
44831297096
44831302528
44831310036
44831317421
44831323769
44831331093
44831337074
44831344765
44831351723
44831358375
44831366432
44831372780
44831381203
44831387550
44831394935
44831401100
44831410499
44831417701
44831423927
44831429908
44831439003
44831442970
44831452430
44831456337
44831465736
44831469764
44831478859
44831483009
44831491310
44831495216
44831504188
44831511024
44831518104
44831525550
44831532325
44831538185
44831544898
44831551490
44831558204
44831575721
44831585243
44831592384
44831599159
44831605201
44831612403
44831618995
44831626502
44831633582
44831640845
44831648780
44831654395
44831662147
44831669349
44831676795
44831684730
44831693336
44831697974
44831707618
44831713965
44831722632
44831730506
44831738013
44831744300
44831750342
44831757239
44831764258
44831770240
44831777320
44831783667
44831790198
44831796912
44831801795
44831809180
44831816748
44831821143
44831827613
44831834448
44831842078
44831846716
44831853980
44831859351
44831866797
44831872351
44831880225
44831887183
44831893652
44831900183
44831906226
44831912329
44831919226
44831925452
44831931799
44831939062
44831945959
44831952124
44831958288
44831966040
44831972143
44831978247
44831985876
44831991492
44831998083
44832005163
44832011389
44832014929
44832024023
44832028784
44832034155
44832041479
44832046301
44832052404
44832057287
44832065649
44832071264
44832077368
44832084631
44832091162
44832097753
44832104834
44832110876
44832114599
44832123876
44832129614
44832136144
44832142248
44832147253
44832153723
44832158666
44832165991
44832169348
44832177587
44832184240
44832190588
44832197729
44832204626
44832209814
44832215856
44832222631
44832229284
44832235815
44832240331
44832248205
44832254308
44832262365
44832268163
44832275121
44832280614
44832288427
44832292394
44832300634
44832308202
44832314855
44832318822
44832326574
44832333959
44832340551
44832346898
44832353795
44832358739
44832366246
44832370092
44832378942
44832385411
44832392247
44832398961
44832405797
44832413060
44832418187
44832425817
44832432591
44832437902
44832444615
44832451146
44832458409
44832465489
44832472752
44832480199
44832487401
44832495030
44832500707
44832508702
44832516026
44832522984
44832530370
44832536473
44832544102
44832550694
44832556248
44832564610
44832570225
44832577550
44832584813
44832590489
44832597752
44832604405
44832609532
44832617528
44832625279
44832630955
44832638218
44832644078
44832651219
44832658299
44832663975
44832670262
44832676243
44832684239
44832689915
44832697056
44832703099
44832710911
44832717137
44832725010
44832731541
44832739231
44832745213
44832753086
44832759251
44832767918
44832772190
44832781162
44832787449
44832796482
44832800816
44832809849
44832816746
44832823460
44832830540
44832838474
44832846714
44832855503
44832862156
44832870151
44832875095
44832885959
44832890964
44832901401
44832906284
44832916294
44832922519
44832929844
44832935459
44832941013
44832946567
44832954929
44832959079
44832966404
44832971714
44832979404
44832984714
44832991245
44832996372
44833004489
44833011020
44833017734
44833024265
44833029392
44833034641
44833042697
44833049350
44833055454
44833061557
44833066318
44833073032
44833079074
44833084934
44833091037
44833096469
44833102878
44833106601
44833115207
44833120700
44833126743
44833132724
44833138766
44833144626
44833151157
44833157016
44833161777
44833167941
44833174167
44833179660
44833185824
44833191501
44833197482
44833203158
44833207492
44833213534
44833219638
44833225619
44833231601
44833237277
44833241916
44833247287
44833253634
44833258090
44833263949
44833269015
44833275790
44833281893
44833286776
44833291049
44833297396
44833303439
44833309115
44833314730
44833321505
44833327120
44833331515
44833337924
44833343356
44833348788
44833352511
44833359835
44833366183
44833371798
44833378268
44833383273
44833390658
44833395907
44833403414
44833410128
44833415316
44833423312
44833428439
44833435335
44833441500
44833447970
44833454745
44833461458
44833466097
44833474276
44833480257
44833486910
44833492708
44833499788
44833505221
44833512423
44833517977
44833526888
44833534029
44833539278
44833546114
44833553194
44833561007
44833565950
44833572847
44833577852
44833585604
44833591280
44833598360
44833604769
44833612825
44833616915
44833624788
44833630098
44833637544
44833641634
44833650301
44833658113
44833663667
44833671236
44833676424
44833683565
44833690706
44833696077
44833704927
44833711153
44833716829
44833724397
44833730012
44833736970
44833742952
44833749727
44833756929
44833763765
44833770357
44833775911
44833783601
44833790803
44833797456
44833803560
44833810396
44833815889
44833822175
44833828035
44833836335
44833843354
44833850312
44833856538
44833862886
44833869844
44833875276
44833882295
44833889192
44833895784
44833902009
44833908174
44833915376
44833921662
44833927094
44833935273
44833942536
44833948945
44833953889
44833963593
44833968171
44833976411
44833983064
44833990998
44833997773
44834005097
44834012116
44834020600
44834027741
44834033845
44834040192
44834048188
44834052521
44834061310
44834065705
44834072785
44834079560
44834085358
44834091401
44834097870
44834103303
44834109284
44834115387
44834121979
44834127900
44834134064
44834140351
44834146882
44834152253
44834158173
44834164399
44834169892
44834177155
44834183319
44834189484
44834193207
44834201081
44834207306
44834213532
44834219147
44834225189
44834230438
44834236664
44834243317
44834250519
44834256073
44834261078
44834267853
44834274139
44834280548
44834284210
44834292023
44834295685
44834304474
44834309784
44834315887
44834321259
44834327484
44834332672
44834339142
44834345795
44834350616
44834357391
44834362518
44834369049
44834372528
44834379608
44834386627
44834392059
44834397491
44834402801
44834407684
44834413238
44834418365
44834424225
44834430023
44834434784
44834441253
44834447052
44834452911
44834456390
44834464874
44834469818
44834474090
44834481231
44834487274
44834493499
44834498748
44834505096
44834510711
44834517913
44834521942
44834529876
44834535980
44834541717
44834547454
44834554717
44834560821
44834567718
44834573882
44834579376
44834586578
44834590606
44834598418
44834607146
44834612518
44834619964
44834627105
44834634185
44834640777
44834647430
44834654388
44834660796
44834666045
44834673369
44834678985
44834686980
44834690825
44834699859
44834706572
44834713225
44834720244
44834725188
44834731719
44834738372
44834745818
44834753142
44834759124
44834765654
44834772307
44834776213
44834785552
44834792632
44834799102
44834805266
44834812163
44834818511
44834825713
44834832488
44834838469
44834845976
44834852019
44834859953
44834865508
44834873320
44834879851
44834886504
44834892973
44834899809
44834907744
44834913054
44834920012
44834927214
44834934660
44834940337
44834946989
44834953520
44834961394
44834968962
44834976713
44834979399
44834989897
44834994047
44835003630
44835010649
44835015898
44835023832
44835031523
44835037687
44835042997
44835050322
44835056852
44835065519
44835069853
44835078581
44835085417
44835093290
44835100553
44835106962
44835115141
44835123869
44835131559
44835137907
44835146024
44835154813
44835160795
44835169523
44835175687
44835183988
44835191373
44835197172
44835204618
44835211210
44835218778
44835223905
44835231290
44835237455
44835243925
44835250577
44835256620
44835262906
44835267789
44835275175
44835282010
44835288297
44835293973
44835301664
44835307401
44835313321
44835318509
44835326566
44835333036
44835339689
44835346952
44835351224
44835358792
44835366544
44835373868
44835380887
44835386319
44835392972
44835398709
44835405362
44835411222
44835416532
44835424161
44835429532
44835437039
44835442899
44835449796
44835458157
44835463467
44835471585
44835476956
44835482327
44835487881
44835491238
44835498929
44835505460
44835511685
44835516934
44835522549
44835528653
44835534878
44835540555
44835545071
44835551419
44835558987
44835565152
44835571683
44835576932
44835581692
44835588955
44835592434
44835601223
44835604825
44835611844
44835618069
44835624234
44835631253
44835637356
44835643521
44835650113
44835655484
44835662197
44835669155
44835674954
44835681485
44835689297
44835695950
44835702358
44835709072
44835713101
44835722195
44835729458
44835736050
44835741604
44835748318
44835752346
44835761440
44835768704
44835775478
44835781338
44835788174
44835795315
44835802883
44835809353
44835816128
44835823147
44835830532
44835837185
44835843899
44835850979
44835856594
44835864651
44835870205
44835878139
44835885525
44835892238
44835897487
44835904934
44835912746
44835920376
44835926235
44835932827
44835940029
44835946498
44835952114
44835960231
44835966640
44835974086
44835979946
44835986598
44835992214
44836000209
44836006008
44836012660
44836018398
44836026821
44836032497
44836040737
44836044704
44836053676
44836060939
44836067897
44836072047
44836080409
44836084438
44836092799
44836096706
44836105617
44836113246
44836119960
44836126979
44836133693
44836140468
44836145717
44836152614
44836159328
44836165919
44836173182
44836179957
44836187159
44836194789
44836202113
44836209132
44836214747
44836223658
44836231288
44836237452
44836246119
44836251185
44836258448
44836266383
44836272059
44836283473
44836289881
44836296717
44836303736
44836310755
44836318385
44836323390
44836331019
44836338587
44836347010
44836354151
44836360011
44836368372
44836373682
44836377284
44836386195
44836393031
44836399561
44836406214
44836411402
44836419581
44836426905
44836432825
44836438257
44836444422
44836451136
44836457178
44836462427
44836469996
44836475794
44836485621
44836494288
44836501246
44836507349
44836513758
44836520655
44836528101
44836534632
44836542078
44836548182
44836553308
44836559412
44836566614
44836572351
44836577478
44836583887
44836589197
44836596399
44836602320
44836608850
44836612329
44836620752
44836624841
44836632715
44836639856
44836645471
44836650720
44836656274
44836662073
44836667810
44836673486
44836679651
44836686304
44836691309
44836698511
44836704675
44836709619
44836715906
44836722375
44836727563
44836733972
44836738672
44836745264
44836750635
44836756372
44836762475
44836768518
44836772180
44836780420
44836786706
44836792993
44836799402
44836804895
44836810876
44836818078
44836823999
44836828393
44836836084
44836841272
44836847375
44836854150
44836860986
44836867089
44836875207
44836879174
44836887170
44836892114
44836899499
44836903100
44836912927
44836919702
44836926904
44836932153
44836938806
44836946008
44836951013
44836957971
44836964806
44836971520
44836978234
44836985375
44836990380
44836998254
44837003258
44837011315
44837019006
44837025841
44837031945
44837039635
44837047082
44837053795
44837059411
44837067834
44837072045
44837081261
44837085290
44837094567
44837098473
44837107628
44837114525
44837121300
44837125451
44837135155
44837142235
44837149559
44837157250
44837163903
44837170616
44837177391
44837183129
44837189904
44837196861
44837203697
44837211083
44837216698
44837224938
44837230614
44837238121
44837245323
44837252770
44837260582
44837267662
44837273155
44837281273
44837286461
44837294456
44837299522
44837306358
44837313621
44837319908
44837327049
44837333336
44837339378
44837346031
44837353233
44837360130
44837365623
44837372886
44837378624
44837385948
44837391624
44837399742
44837406089
44837414451
44837421348
44837427574
44837433677
44837442955
44837447349
44837456565
44837462730
44837472129
44837476707
44837487510
44837495140
44837503623
44837508445
44837518699
44837523948
44837532127
44837540550
44837547508
44837554405
44837562400
44837568687
44837575278
44837580528
44837587302
44837592857
44837600486
44837606040
44837613120
44837618186
44837625144
44837631370
44837636008
44837641257
44837649009
44837655417
44837661704
44837665366
44837674705
44837681296
44837687400
44837694114
44837700827
44837708640
44837714316
44837722129
44837727195
44837734458
44837741050
44837746482
44837752341
44837760215
44837765769
44837773520
44837779685
44837785422
44837790854
44837798606
44837804831
44837811057
44837815146
44837823996
44837830222
44837836386
44837842490
44837848593
44837855185
44837862265
44837868674
44837873373
44837879233
44837884055
44837890646
44837895407
44837903159
44837909445
44837915610
44837921652
44837927206
44837932944
44837938620
44837944540
44837950400
44837956137
44837961081
44837968405
44837975119
44837980856
44837985922
44837993002
44837999716
44838005819
44838009359
44838016623
44838023092
44838029257
44838035421
44838041586
44838049032
44838054037
44838060751
44838067465
44838073568
44838080282
44838085714
44838092733
44838099752
44838105551
44838112814
44838118612
44838126913
44838133260
44838140096
44838147421
44838154073
44838158102
44838166097
44838170065
44838180074
44838187948
44838195516
44838201070
44838209127
44838217428
44838223287
44838230733
44838238058
44838245870
44838253316
44838260702
44838266195
44838272970
44838280172
44838287618
44838293966
44838300985
44838308187
44838313863
44838320638
44838327535
44838334371
44838340840
44838348043
44838354573
44838359883
44838367147
44838374532
44838380940
44838386128
44838394673
44838399861
44838408101
44838414571
44838421712
44838429463
44838436726
44838442891
44838449971
44838457967
44838465108
44838471333
44838478535
44838484761
44838492329
44838500203
44838506917
44838512959
44838521077
44838527180
44838535542
44838541096
44838548848
44838552754
44838561421
44838567952
44838573872
44838579609
44838587483
44838593892
44838600361
44838606038
44838614521
44838618611
44838626606
44838633442
44838641011
44838645466
44838654682
44838658894
44838669636
44838678425
44838685444
44838694660
44838700764
44838708454
44838715534
44838722492
44838732380
44838739399
44838745686
44838753803
44838760334
44838766071
44838772358
44838779438
44838785908
44838791401
44838798603
44838804645
44838811359
44838816975
44838824665
44838830219
44838838459
44838844257
44838852070
44838857868
44838865986
44838873005
44838879841
44838883625
44838891315
44838897541
44838903705
44838910236
44838914997
44838920856
44838927936
44838931537
44838938861
44838944904
44838952411
44838958698
44838965351
44838971149
44838975849
44838982318
44838988849
44838995868
44839002277
44839008319
44839013385
44839019428
44839024921
44839032611
44839037799
44839044269
44839047748
44839054706
44839059467
44839066547
44839072345
44839078448
44839085101
44839091693
44839097430
44839103351
44839109820
44839114764
44839121905
44839128131
44839134418
44839140521
44839146014
44839152057
44839158038
44839162799
44839169085
44839174090
44839181048
44839186541
44839193683
44839200213
44839206195
44839209979
44839218097
44839225299
44839232257
44839240313
44839245440
44839252093
44839259356
44839265765
44839273211
44839279193
44839286334
44839292925
44839298174
44839305010
44839310565
44839319232
44839323321
44839332415
44839336565
44839345477
44839349566
44839358416
44839362566
44839371416
44839375445
44839383562
44839390765
44839397478
44839402972
44839409685
44839417559
44839424761
44839431780
44839439165
44839445147
44839452471
44839460039
44839467302
44839473528
44839480364
44839487627
44839494524
44839501665
44839508928
44839515276
44839522600
44839527910
44839535051
44839541460
44839548845
44839555376
44839561174
44839569414
44839575151
44839583391
44839589556
44839597856
44839603594
44839611833
44839618486
44839625200
44839629350
44839638017
44839642046
44839650224
44839658403
44839665788
44839670366
44839680437
44839686723
44839694109
44839702043
44839710039
44839717241
44839723100
44839730241
44839737565
44839744645
44839751909
44839759843
44839767839
44839775712
44839780900
44839787797
44839794572
44839802385
44839807634
44839814653
44839822465
44839830217
44839836381
44839844743
44839851152
44839858659
44839865068
44839873979
44839880937
44839889115
44839895951
44839903336
44839911149
44839917436
44839926164
44839932755
44839941544
44839948563
44839954362
44839962907
44839968217
44839975602
44839980424
44839987138
44839993912
44839999467
44840006242
44840012467
44840017777
44840025406
44840030594
44840036576
44840042313
44840049515
44840054703
44840062638
44840066361
44840073685
44840078934
44840086319
44840092789
44840099076
44840105423
44840110123
44840116105
44840122330
44840129105
44840135269
44840142044
44840146805
44840153580
44840159683
44840165604
44840171707
44840177811
44840184220
44840189713
44840195877
44840202225
44840206925
44840213516
44840219681
44840226273
44840233597
44840238785
44840244949
44840250748
44840255753
44840262100
44840267410
44840275833
44840282791
44840288834
44840294693
44840300247
44840305923
44840311539
44840317398
44840323196
44840328018
44840333755
44840339981
44840344314
44840350784
44840356521
44840362564
44840369400
44840375259
44840381790
44840386978
44840393631
44840398391
44840403213
44840410904
44840417801
44840424575
44840428237
44840436721
44840444656
44840449905
44840457229
44840464004
44840470840
44840478042
44840484329
44840489334
44840497329
44840502395
44840509231
44840516372
44840522903
44840530654
44840537063
44840542739
44840551223
44840557815
44840565566
44840571853
44840578994
44840585342
44840594070
44840600234
44840608230
44840614333
44840624160
44840628493
44840636977
44840643813
44840650466
44840656997
44840663649
44840669753
44840677016
44840684707
44840691787
44840698012
44840705275
44840712661
44840719863
44840726638
44840733351
44840739455
44840746108
44840753005
44840759902
44840766371
44840773268
44840779616
44840786574
44840793105
44840800612
44840805800
44840812636
44840819167
44840825881
44840833083
44840840651
44840848341
44840854567
44840862624
44840868788
44840876723
44840883192
44840890578
44840896803
44840905348
44840911207
44840918043
44840923781
44840931471
44840937208
44840945387
44840951063
44840959120
44840966139
44840973097
44840980421
44840987745
44840991957
44841001478
44841009596
44841015211
44841023146
44841029982
44841034620
44841043226
44841047193
44841055921
44841062818
44841070326
44841077528
44841083875
44841088514
44841100416
44841105116
44841115797
44841120619
44841131361
44841138807
44841144544
44841151197
44841159986
44841166395
44841172620
44841176466
44841184217
44841190565
44841196729
44841200513
44841208814
44841212659
44841222303
44841228406
44841235242
44841241346
44841247999
44841254835
44841261426
44841268079
44841274610
44841280835
44841285657
44841293042
44841297864
44841304395
44841310498
44841316785
44841321546
44841327954
44841334302
44841340345
44841346387
44841351880
44841358045
44841364087
44841370557
44841376782
44841383618
44841389844
44841394544
44841401502
44841406201
44841413770
44841420545
44841426282
44841430982
44841438428
44841443433
44841450269
44841455579
44841462903
44841466626
44841474255
44841479138
44841486890
44841490613
44841499097
44841506177
44841512219
44841517224
44841522839
44841528576
44841534436
44841540295
44841546155
44841552319
44841557202
44841565320
44841570080
44841576977
44841582043
44841589795
44841595166
44841602551
44841608471
44841614575
44841618359
44841626965
44841633374
44841639843
44841645825
44841652600
44841660778
44841666088
44841672497
44841679333
44841687634
44841692944
44841700512
44841705883
44841713513
44841720348
44841726452
44841733166
44841739636
44841746166
44841753124
44841760509
44841765820
44841773144
44841779613
44841786938
44841792919
44841800304
44841807628
44841814098
44841821789
44841827465
44841835766
44841843761
44841851574
44841858104
44841865917
44841872081
44841879955
44841885753
44841894237
44841898388
44841907238
44841911083
44841920055
44841927684
44841932811
44841940197
44841946971
44841953990
44841960765
44841967418
44841974254
44841980846
44841987560
44841994457
44841999645
44842007701
44842012950
44842021007
44842026927
44842035350
44842040965
44842049449
44842055064
44842063548
44842069102
44842076244
44842083995
44842091380
44842099193
44842106395
44842112132
44842120250
44842128184
44842134532
44842142222
44842149363
44842154979
44842161815
44842168223
44842177379
44842182078
44842191050
44842197215
44842205272
44842209483
44842217906
44842224925
44842231639
44842238719
44842245433
44842252452
44842259226
44842265513
44842273203
44842280528
44842286814
44842296214
44842303111
44842311656
44842319590
44842326548
44842331919
44842336436
44842347178
44842351328
44842361216
44842368235
44842373789
44842379160
44842387034
44842393320
44842399851
44842405833
44842411997
44842418711
44842423411
44842429270
44842435312
44842441416
44842447519
44842454355
44842460642
44842466135
44842472300
44842477243
44842483408
44842490427
44842497019
44842502512
44842509409
44842515451
44842521677
44842527780
44842533823
44842539743
44842545908
44842552439
44842558847
44842565134
44842569895
44842577341
44842582102
44842588999
44842593698
44842600473
44842607187
44842614572
44842619211
44842626596
44842632578
44842638315
44842643015
44842649545
44842654794
44842660410
44842665659
44842674020
44842680002
44842686777
44842692514
44842698373
44842705270
44842711618
44842717721
44842724069
44842729379
44842736154
44842742807
44842747751
44842754464
44842759347
44842766916
44842773263
44842779489
44842785592
44842791879
44842797494
44842803231
44842810006
44842816171
44842822213
44842828683
44842834359
44842841378
44842847848
44842854745
44842861825
44842865548
44842872811
44842878060
44842887032
44842894051
44842900765
44842909310
44842914925
44842923531
44842932259
44842939034
44842945260
44842954171
44842960458
44842969002
44842975899
44842982918
44842989144
44842997506
44843004891
44843011422
44843017708
44843024544
44843028451
44843036873
44843043648
44843050240
44843054574
44843064461
44843068734
44843078133
44843085823
44843092720
44843098153
44843105172
44843113045
44843120308
44843128548
44843136177
44843143013
44843149910
44843156929
44843163521
44843170662
44843176277
44843184395
44843192207
44843199471
44843205269
44843213204
44843221199
44843228096
44843236031
44843243599
44843249886
44843258064
44843264351
44843271797
44843279793
44843285591
44843291267
44843298714
44843304878
44843313545
44843320808
44843328132
44843335701
44843343147
44843347542
44843357429
44843361763
44843371223
44843378181
44843385627
44843393013
44843400276
44843407844
44843415229
44843422676
44843427803
44843431770
44843441291
44843445381
44843454597
44843462409
44843469123
44843476081
44843481758
44843488777
44843497260
44843504707
44843513435
44843519782
44843528083
44843535957
44843541511
44843548042
44843556403
44843560615
44843568488
44843575263
44843581428
44843585212
44843593574
44843597358
44843606879
44843612861
44843619758
44843626838
44843633735
44843639655
44843646613
44843654059
44843660956
44843666205
44843672492
44843679328
44843684089
44843690863
44843697150
44843703986
44843709296
44843716681
44843723456
44843729377
44843734076
44843741828
44843746527
44843753119
44843759955
44843766059
44843773078
44843779425
44843785224
44843791998
44843799140
44843805548
44843811347
44843817633
44843823248
44843831061
44843836188
44843843085
44843846503
44843854681
44843858160
44843865362
44843872870
44843878546
44843883978
44843889776
44843895270
44843901678
44843909003
44843913763
44843920416
44843926520
44843931585
44843937811
44843943365
44843949041
44843956244
44843961493
44843968878
44843973700
44843980963
44843987860
44843994207
44844000494
44844006292
44844010870
44844017034
44844024420
44844029058
44844035772
44844042181
44844048651
44844055731
44844061712
44844069036
44844076360
44844081854
44844089239
44844094854
44844102972
44844109747
44844116399
44844120428
44844128545
44844135381
44844142095
44844146185
44844154668
44844158697
44844167974
44844172002
44844181768
44844188665
44844194219
44844203313
44844209173
44844217351
44844224614
44844232610
44844237859
44844246160
44844251897
44844260015
44844267461
44844273137
44844280462
44844286443
44844294011
44844300420
44844308660
44844315251
44844320989
44844328557
44844334294
44844342229
44844347966
44844355901
44844362432
44844369451
44844376103
44844383000
44844387090
44844396245
44844400334
44844409184
44844416997
44844423833
44844430730
44844438237
44844444096
44844451421
44844459233
44844465947
44844474980
44844480839
44844489567
44844495366
44844503483
44844509221
44844517644
44844525883
44844532292
44844540226
44844547856
44844554265
44844561345
44844567082
44844573918
44844581791
44844588688
44844594548
44844602665
44844608403
44844614872
44844620671
44844629154
44844635136
44844641911
44844647709
44844655644
44844661503
44844669865
44844676151
44844684574
44844693119
44844702274
44844709416
44844717289
44844724064
44844732243
44844738590
44844748478
44844755192
44844761845
44844769169
44844775028
44844781925
44844788090
44844793400
44844799503
44844806156
44844811954
44844817081
44844824283
44844829471
44844836185
44844841312
44844847782
44844853031
44844860721
44844864505
44844872440
44844878421
44844884464
44844890384
44844897342
44844901249
44844909000
44844915409
44844921390
44844925785
44844933170
44844939273
44844945499
44844950809
44844956912
44844962406
44844968448
44844974674
44844980777
44844986209
44844992435
44844999271
44845004031
44845010440
44845017215
44845023929
44845030338
44845037296
44845042789
44845049625
44845054690
44845062503
44845067935
44845073855
44845079837
44845086795
44845093326
44845099612
44845103396
44845110476
44845116458
44845124026
44845130374
44845136844
44845141604
44845147220
44845153445
44845159549
44845164981
44845171084
44845175845
44845182742
44845189700
44845192935
44845202456
44845207705
44845213809
44845220767
44845227969
44845233889
44845241091
44845246279
44845251528
44845259768
44845267092
44845273745
44845280886
44845285586
44845293459
44845300539
44845306704
44845313906
44845322146
44845330202
44845336611
44845342837
44845349001
44845355288
44845361697
44845368105
44845375368
44845382143
44845387392
44845395022
44845400210
44845408266
44845411989
44845421267
44845428957
44845434084
44845441591
44845448671
44845455263
44845459597
44845467409
44845473391
44845480898
44845486086
44845493227
44845499514
44845505739
44845512148
44845518740
44845525820
44845532045
44845538637
44845544985
44845552248
44845557741
44845564516
44845570741
44845578920
44845583070
44845591982
44845595827
44845604005
44845607912
44845616762
44845624696
44845632204
44845639711
44845645448
44845654176
44845660707
44845668519
44845672731
44845681581
44845689760
44845696474
44845702394
44845709352
44845716981
44845724183
44845730531
44845736146
44845744386
44845750062
44845757936
44845764222
44845770204
44845775880
44845783815
44845791139
44845798097
44845805482
44845812318
44845818910
44845826356
44845832643
44845840638
44845849305
44845855348
44845864320
44845869996
44845877992
44845885865
44845892152
44845899903
44845906129
44845912904
44845919617
44845924378
44845929993
44845936524
44845941651
44845947572
44845954468
44845959717
44845968201
44845973694
44845979981
44845985535
44845994263
44845998292
44846006348
44846012818
44846019471
44846025818
44846030945
44846038636
44846044312
44846051758
44846056824
44846063721
44846068116
44846077149
44846084107
44846090454
44846096741
44846101685
44846108521
44846115906
44846121949
44846129029
44846134949
44846142029
44846148255
44846154114
44846161255
44846167847
44846174317
44846180359
44846185730
44846193237
44846197998
44846205261
44846213196
44846219421
44846224915
44846230469
44846236999
44846242859
44846248413
44846255554
44846261780
44846268005
44846273743
44846281189
44846285950
44846292602
44846297668
44846303161
44846308471
44846315613
44846321533
44846327148
44846333557
44846340149
44846345703
44846351928
44846359863
44846366150
44846372802
44846379699
44846385803
44846392089
44846398925
44846405273
44846411804
44846418518
44846425292
44846432739
44846439575
44846447326
44846453246
44846460815
44846467101
44846473998
44846481078
44846487670
44846494933
44846503173
44846509704
44846517089
44846524169
44846530822
44846535766
44846542663
44846550353
44846557860
44846563598
44846570800
44846576842
44846585631
44846589660
44846598815
44846606383
44846612853
44846620055
44846625609
44846632689
44846640624
44846647155
44846653441
44846661742
44846667540
44846675109
44846682067
44846689391
44846697081
44846704589
44846711364
44846717345
44846724852
44846730834
44846738585
44846746092
44846753356
44846759764
44846766722
44846774107
44846781493
44846787962
44846794493
44846800780
44846807127
44846815977
44846823546
44846830138
44846837096
44846844664
44846851317
44846858763
44846865965
44846871214
44846879332
44846885496
44846892698
44846898314
44846906248
44846910521
44846919554
44846926756
44846934019
44846941343
44846947325
44846953917
44846960814
44846969175
44846975950
44846982725
44846991270
44846996458
44847004393
44847013243
44847021238
44847028135
44847035276
44847041014
44847049009
44847056883
44847062620
44847067869
44847076048
44847080503
44847087827
44847096128
44847101682
44847109251
44847116453
44847122068
44847129209
44847135313
44847142637
44847149534
44847155454
44847162656
44847168455
44847176389
44847180112
44847188169
44847193906
44847202329
44847209348
44847216123
44847222349
44847228879
44847234433
44847240598
44847247068
44847253171
44847258603
44847265073
44847270932
44847277036
44847283811
44847288633
44847296994
44847302304
44847309873
44847316587
44847322568
44847328122
44847335568
44847340817
44847347165
44847351804
44847359616
44847364621
44847370419
44847376889
44847383176
44847389340
44847395017
44847401486
44847406674
44847413937
44847420102
44847425229
44847430112
44847436764
44847441708
44847449338
44847455868
44847461972
44847465329
44847473080
44847479062
44847484677
44847490964
44847496945
44847503293
44847508297
44847515744
44847520871
44847528195
44847535458
44847542294
44847547116
44847554440
44847560604
44847566891
44847573605
44847580014
44847587826
44847595700
44847601803
44847608395
44847617062
44847621578
44847631039
44847635250
44847643978
44847651486
44847658138
44847663632
44847670345
44847676388
44847683163
44847690853
44847696468
44847705502
44847711422
44847719173
44847725216
44847732235
44847737911
44847745357
44847752682
44847759395
44847763119
44847773373
44847779598
44847785763
44847791744
44847798336
44847806392
44847811519
44847819393
44847826656
44847833797
44847839901
44847847591
44847856319
44847862789
44847869869
44847874874
44847882198
44847886959
44847893917
44847901729
44847907894
44847915401
44847922542
44847928401
44847936885
44847941158
44847950557
44847957515
44847964717
44847971858
44847978633
44847985957
44847992610
44847998958
44848005977
44848012813
44848018733
44848025813
44848031917
44848039546
44848044917
44848053279
44848061214
44848067927
44848074824
44848082454
44848088374
44848095210
44848102046
44848111018
44848117671
44848123103
44848130671
44848136470
44848144465
44848150935
44848159236
44848167842
44848173701
44848182124
44848190730
44848197749
44848204035
44848210688
44848215937
44848223628
44848230158
44848235652
44848240534
44848247248
44848252192
44848258051
44848263850
44848271784
44848277949
44848284235
44848287898
44848296198
44848303706
44848309077
44848316279
44848321894
44848327692
44848332087
44848339228
44848343561
44848349726
44848357966
44848364008
44848371027
44848377436
44848382868
44848389155
44848394709
44848403010
44848407465
44848415583
44848421869
44848427607
44848433344
44848439325
44848445063
44848451227
44848457758
44848462946
44848469477
44848476191
44848482721
44848488703
44848494501
44848500055
44848506037
44848512812
44848517572
44848522211
44848528986
44848534967
44848541193
44848547113
44848553095
44848559931
44848564691
44848570795
44848576532
44848582513
44848586359
44848592462
44848597101
44848604242
44848610834
44848616815
44848622552
44848628473
44848634027
44848638849
44848646417
44848651788
44848657892
44848664239
44848670404
44848677118
44848683710
44848690179
44848696710
44848703424
44848710138
44848716119
44848722894
44848729791
44848735040
44848742975
44848748895
44848755548
44848761102
44848768609
44848775262
44848781121
44848786676
44848794488
44848801507
44848806878
44848812432
44848819757
44848827142
44848833917
44848841607
44848847405
44848854852
44848861810
44848868218
44848875237
44848881341
44848888360
44848895379
44848902093
44848908013
44848915643
44848922539
44848928277
44848935540
44848941155
44848950982
44848958123
44848965569
44848972649
44848980523
44848987786
44848993706
44849000237
44849005852
44849014031
44849017937
44849025506
44849032036
44849038628
44849045403
44849052056
44849056267
44849065483
44849072869
44849081108
44849088311
44849096794
44849103813
44849109673
44849116448
44849122002
44849129448
44849133721
44849141106
44849147209
44849152886
44849158318
44849165886
44849172173
44849179253
44849186028
44849192680
44849199272
44849206413
44849212517
44849220207
44849227409
44849234672
44849241814
44849249382
44849256523
44849262260
44849269584
44849275627
44849285454
44849290642
44849301018
44849306083
44849315971
44849322685
44849331962
44849336540
44849346000
44849350212
44849358574
44849362114
44849372673
44849379264
44849385734
44849393486
44849400749
44849405998
44849410697
44849418388
44849423026
44849429191
44849435722
44849442863
44849448112
44849454765
44849459953
44849466422
44849473014
44849479301
44849485160
44849492667
44849498405
44849505424
44849510978
44849518729
44849524711
44849531303
44849535209
44849542777
44849548514
44849556144
44849562675
44849567374
44849573783
44849579947
44849586417
44849593375
44849600882
44849606131
44849612418
44849618705
44849625174
44849630729
44849636466
44849643119
44849649588
44849654471
44849661063
44849665702
44849672965
44849678824
44849685050
44849688773
44849696097
44849702811
44849708853
44849714530
44849720267
44849727591
44849732108
44849739310
44849744620
44849751029
44849757681
44849763297
44849768057
44849775626
44849781424
44849786795
44849792166
44849797781
44849803702
44849809622
44849816580
44849823355
44849830069
44849836905
44849842825
44849847525
44849854910
44849861685
44849868094
44849873526
44849881033
44849888174
44849894095
44849900869
44849907644
44849913382
44849920340
44849928152
44849935354
44849942923
44849948477
44849956778
44849964529
44849971609
44849977285
44849984732
44849992117
44849999441
44850004995
44850011953
44850017935
44850026602
44850032217
44850039602
44850045339
44850053091
44850057119
44850066457
44850073782
44850079031
44850086111
44850092825
44850096853
44850105703
44850112600
44850119375
44850127248
44850135183
44850142446
44850147756
44850155813
44850160879
44850168813
44850173879
44850181875
44850187185
44850195302
44850200429
44850208425
44850213552
44850221669
44850226857
44850234975
44850241201
44850249623
44850255666
44850262380
44850270131
44850276479
44850282277
44850290090
44850296010
44850304067
44850309926
44850317861
44850321889
44850330556
44850337453
44850344167
44850351552
44850358083
44850364430
44850371144
44850378041
44850384694
44850392018
44850398793
44850407033
44850412831
44850420521
44850428273
44850435048
44850442555
44850448964
44850455067
44850463124
44850469227
44850478749
44850486317
44850494252
44850502919
44850508900
44850517567
44850524220
44850530262
44850538563
44850544362
44850552845
44850558705
44850565235
44850572682
44850579701
44850585316
44850591053
44850597767
44850604847
44850610707
44850619190
44850623280
44850631092
44850637013
44850643177
44850649769
44850654469
44850661060
44850667225
44850673267
44850679554
44850686268
44850692493
44850698841
44850705067
44850711719
44850718616
44850724232
44850730945
44850736500
44850743214
44850749195
44850754078
44850762134
44850767933
44850774097
44850781238
44850787769
44850793384
44850801075
44850806751
44850814502
44850819751
44850827076
44850830921
44850838428
44850843738
44850850696
44850855945
44850862903
44850870105
44850875843
44850880603
44850886158
44850893238
44850897876
44850905322
44850910388
44850917835
44850922840
44850928882
44850934192
44850941211
44850946399
44850953418
44850958911
44850964587
44850970142
44850975940
44850981982
44850989368
44850995654
44851002795
44851008594
44851015247
44851020679
44851027209
44851033679
44851038928
44851045276
44851051440
44851059131
44851064746
44851072314
44851078296
44851084338
44851090869
44851097766
44851104541
44851111499
44851118518
44851125537
44851132556
44851137500
44851144275
44851150988
44851158679
44851165942
44851171496
44851178698
44851185351
44851192431
44851197619
44851205126
44851212756
44851218432
44851226122
44851231982
44851239550
44851245959
44851253466
44851260668
44851268115
44851272692
44851282153
44851289599
44851296984
44851304003
44851311327
44851318224
44851325304
44851330920
44851337939
44851345019
44851351671
44851358446
44851365282
44851372729
44851380053
44851387133
44851394945
44851401720
44851409105
44851415819
44851420946
44851427904
44851435045
44851441027
44851448229
44851454027
44851461229
44851467699
44851473436
44851481310
44851486925
44851494799
44851501207
44851507067
44851515245
44851520922
44851527574
44851536058
44851540392
44851550218
44851557970
44851565111
44851571397
44851581102
44851585558
44851596300
44851603868
44851611864
44851616502
44851623888
44851630296
44851637804
44851645555
44851653367
44851658800
44851668870
44851673631
44851683030
44851689683
44851699266
44851704210
44851713609
44851720445
44851728807
44851737657
44851749376
44851758714
44851766954
44851778001
44851786119
44851795274
44851802232
44851812242
44851822740
44851833482
44851842515
44851850816
44851860032
44851869065
44851878220
44851886094
44851895371
44851905930
44851914414
44851921067
44851931199
44851939744
44851951096
44851962571
44851970810
44851981370
44851990281
44851999375
44852005478
44852018906
44852024216
44852035752
44852044602
44852053513
44852064804
44852071762
44852084152
44852094467
44852104111
44852113449
44852121994
44852133042
44852142807
44852151474
44852161362
44852170456
44852177963
44852191879
44852208725
44852222031
44852244064
44852260849
44852278488
44852294479
44852311691
44852328598
44852344284
44852362411
44852379196
44852387924
44852397140
44852407699
44852422042
44852437789
44852455123
44852473556
44852486312
44852496566
44852505965
44852515487
44852526046
44852535873
44852545760
44852555587
44852564803
44852574874
44852582564
44852593673
44852602157
44852611495
44852621260
44852630965
44852641890
44852651473
44852662398
44852670150
44852682051
44852689070
44852699080
44852708296
44852717146
44852724288
44852734480
44852742171
44852756453
44852771040
44852778548
44852790022
44852795760
44852811507
44852822249
44852832381
44852842024
44852852217
44852861983
44852869551
44852880537
44852890486
44852899641
44852910261
44852919844
44852930037
44852936934
44852948469
44852955915
44852968733
44852983686
44852990583
44852997480
44853004865
44853012190
44853019392
44853027693
44853033674
44853041486
44853047346
44853055402
44853061567
44853068281
44853075788
44853081525
44853086958
44853093610
44853099042
44853106428
44853111921
44853119428
44853124311
44853132429
44853136396
44853145307
44853149824
44853158918
44853165876
44853171674
44853178632
44853185590
44853192609
44853199384
44853205182
44853212201
44853218976
44853224469
44853228498
44853238202
44853244977
44853251752
44853257856
44853265119
44853271833
44853279767
44853286359
44853291852
44853295880
44853304059
44853310468
44853316632
44853321881
44853328900
44853335492
44853340314
44853346967
44853353192
44853358991
44853364301
44853372113
44853377545
44853384076
44853391278
44853397687
44853403058
44853410443
44853415814
44853422894
44853430096
44853436383
44853442059
44853447980
44853454999
44853460797
44853466473
44853474103
44853478985
44853486004
44853491498
44853499615
44853505597
44853512738
44853518414
44853525616
44853529583
44853538433
44853545636
44853551190
44853554547
44853564129
44853567669
44853577191
44853580731
44853589703
44853594403
44853600384
44853606121
44853611309
44853616680
44853622723
44853629192
44853634136
44853641399
44853646221
44853653301
44853659100
44853664166
44853670147
44853677410
44853683025
44853689373
44853693462
44853701031
44853706707
44853712322
44853718487
44853723492
44853730694
44853735760
44853741680
44853747845
44853752666
44853758037
44853765239
44853770855
44853777446
44853785503
44853790203
44853795635
44853804302
44853808452
44853817180
44853823894
44853829998
44853837627
44853842449
44853850688
44853856609
44853863933
44853869731
44853876689
44853882183
44853889690
44853895549
44853903972
44853910015
44853918193
44853922283
44853931682
44853938945
44853946086
44853954021
44853961528
44853969463
44853975078
44853982341
44853988994
44853996928
44854001994
44854009441
44854017375
44854024821
44854030620
44854037272
44854042888
44854051188
44854056987
44854065349
44854069316
44854077983
44854085429
44854092875
44854100810
44854108195
44854115397
44854122966
44854129435
44854136698
44854144084
44854151408
44854159037
44854164897
44854173564
44854181376
44854187297
44854194621
44854200663
44854207865
44854214396
44854219950
44854228434
44854235026
44854244059
44854250895
44854257975
44854265543
44854272746
44854280009
44854287394
44854294840
44854301493
44854308573
44854313639
44854321451
44854329386
44854336588
44854344401
44854352152
44854356119
44854365153
44854370829
44854378519
44854384012
44854392008
44854399515
44854406839
44854411356
44854421244
44854429666
44854435709
44854444132
44854452860
44854458170
44854468790
44854477335
44854483255
44854489359
44854498209
44854502542
44854511087
44854518045
44854525858
44854529825
44854539041
44854546060
44854552896
44854559854
44854566751
44854570840
44854579996
44854586282
44854592447
44854598672
44854604837
44854610513
44854617105
44854624185
44854631082
44854638467
44854643167
44854649759
44854656350
44854662088
44854668374
44854676919
44854683511
44854689370
44854694558
44854702127
44854708719
44854714944
44854719522
44854726236
44854733316
44854740213
44854744241
44854753274
44854760537
44854767373
44854772134
44854778054
44854784524
44854790566
44854796731
44854803079
44854809426
44854816445
44854822366
44854825662
44854834084
44854840981
44854847085
44854852639
44854859109
44854866189
44854872720
44854879128
44854883767
44854890481
44854896462
44854902566
44854908669
44854914223
44854920754
44854926613
44854933632
44854937783
44854945656
44854950905
44854958046
44854964699
44854970986
44854975197
44854982888
44854988320
44854994423
44855001076
44855007607
44855012795
44855018959
44855025734
44855030861
44855036965
44855043740
44855050270
44855056496
44855062599
44855068825
44855074990
44855082192
44855087807
44855096413
44855103554
44855109596
44855114662
44855120705
44855127297
44855133644
44855140541
44855148964
44855152626
44855160561
44855167641
44855173866
44855177528
44855186134
44855194923
44855200050
44855207985
44855212685
44855219398
44855225502
44855232277
44855240089
44855247780
44855252968
44855261818
44855266090
44855273720
44855281837
44855288917
44855296058
44855303505
44855310768
44855316688
44855324318
44855330543
44855337928
44855342750
44855351112
44855358497
44855365699
44855372230
44855378944
44855385780
44855391395
44855399024
44855406349
44855413368
44855419532
44855427345
44855434974
44855442237
44855448341
44855453468
44855461646
44855467261
44855474647
44855481422
44855488380
44855494910
44855504310
44855508887
44855516273
44855524146
44855529944
44855538001
44855543860
44855550879
44855556922
44855565833
44855572303
44855579993
44855586646
44855594764
44855602515
44855609717
44855614905
44855625037
44855630957
44855640357
44855646643
44855652808
44855660315
44855667945
44855672949
44855678992
44855684424
44855690650
44855694068
44855701453
44855708411
44855713049
44855719763
44855727210
44855735022
44855739783
44855748145
44855755469
44855761084
44855766089
44855773474
44855778601
44855784888
44855790015
44855798132
44855801672
44855811255
44855816870
44855823035
44855829687
44855836035
44855841223
44855847998
44855855017
44855861426
44855867712
44855872107
44855878637
44855883032
44855889196
44855895727
44855901831
44855907446
44855915380
44855920080
44855926367
44855931982
44855939062
44855944921
44855950659
44855955664
44855961157
44855966650
44855972448
44855978430
44855983496
44855990392
44855994726
44856001074
44856005712
44856012182
44856017492
44856022436
44856025915
44856032934
44856041479
44856045873
44856051977
44856056188
44856062475
44856069189
44856075903
44856080297
44856085973
44856091100
44856098669
44856104162
44856110509
44856118078
44856124853
44856128759
44856137853
44856144018
44856149694
44856157628
44856163427
44856170018
44856178136
44856184911
44856188695
44856196630
44856203527
44856210729
44856218358
44856223424
44856231481
44856237340
44856245092
44856252416
44856260228
44856266088
44856275548
44856280187
44856289708
44856293675
44856301610
44856308873
44856315831
44856323094
44856327733
44856336217
44856341588
44856347447
44856352757
44856360204
44856366856
44856375279
44856382359
44856387120
44856393834
44856400365
