44619650238
44619658905
44619664520
44619674469
44619684296
44619690949
44619699982
44619707733
44619715851
44619722382
44619731049
44619738556
44619744598
44619756683
44619765350
44619772980
44619781280
44619787262
44619796051
44619804291
44619811981
44619821258
44619825592
44619835235
44619843780
44619850616
44619858246
44619865387
44619872589
44619881683
44619889068
44619897491
44619903595
44619911712
44619918731
44619928497
44619936614
44619943695
44619949737
44619957244
44619965789
44619972015
44619980865
44619991363
44619998504
44620006377
44620013702
44620022002
44620029510
44620038299
44620046233
44620055694
44620064849
44620073028
44620080291
44620088531
44620097014
44620103118
44620112029
44620120574
44620129851
44620135955
44620145232
44620151763
44620160430
44620168670
44620176909
44620185454
44620193511
44620202117
44620208403
44620216460
44620225005
44620233000
44620240325
44620249480
44620258696
44620267485
44620274809
44620283415
44620289763
44620299712
44620306181
44620319487
44620325346
44620335417
44620341826
44620351897
44620356291
44620367216
44620376677
44620387663
44620395720
44620405729
44620414030
44620421476
44620428434
44620439177
44620447294
44620455778
44620462919
44620473112
44620479582
44620489164
44620496000
44620505522
44620514311
44620522428
44620531767
44620541471
44620548246
44620556303
44620564726
44620573026
44620581571
44620591642
44620598783
44620609159
44620618009
44620626371
44620634977
44620643583
44620650602
44620658170
44620669645
44620676908
44620687101
44620695707
44620704374
44620710416
44620720304
44620729825
44620739713
44620746122
44620756986
44620763150
44620773709
44620782010
44620790311
44620799466
44620810269
44620816434
44620826383
44620834256
44620841947
44620848538
44620860074
44620864896
44620878995
44620887967
44620895596
44620902310
44620912381
44620919156
44620929898
44620936429
44620946927
44620953885
44620963528
44620972439
44620982266
44620989346
44620998746
44621005520
44621012662
44621026150
44621031888
44621041958
44621051419
44621058072
44621065457
44621075467
44621083035
44621094265
44621101773
44621112026
44621118374
44621128323
44621137539
44621144619
44621153591
44621164395
44621171963
44621181728
44621190579
44621199429
44621206814
44621214443
44621224392
44621232937
44621241848
44621249844
44621254177
44621266079
44621272854
44621282863
44621289516
44621302639
44621307522
44621319668
44621327907
44621335659
44621342739
44621351406
44621360683
44621370510
44621377590
44621387111
44621396022
44621404872
44621411464
44621419887
44621429042
44621436366
44621448573
44621456752
44621465541
44621472926
44621481777
44621490138
44621496852
44621507411
44621517726
44621527675
44621535731
44621543788
44621554957
44621563014
44621573268
44621580653
44621591212
44621598964
44621608546
44621618373
44621626002
44621635768
44621643092
44621653285
44621662562
44621670069
44621679591
44621687281
44621697169
44621707118
44621714320
44621724818
44621732020
44621740199
44621750453
44621758692
44621767848
44621775965
44621785243
44621795130
44621803004
44621811793
44621821436
44621831995
44621839442
44621849573
44621856715
44621867579
44621875208
44621884363
44621893397
44621900721
44621909693
44621917933
44621927393
44621936976
44621944605
44621953821
44621963587
44621970850
44621980371
44621989710
44621996668
44622005823
44622015039
44622023401
44622033228
44622041590
44622051477
44622059595
44622068506
44622075220
44622085230
44622092371
44622102502
44622110498
44622120996
44622129724
44622137170
44622146936
44622155298
44622162500
44622170434
44622179162
44622185327
44622194604
44622201379
44622210107
44622218652
44622227014
44622235009
44622241845
44622250024
44622258569
44622268335
44622276086
44622284143
44622292688
44622301232
44622310388
44622319116
44622326196
44622336572
44622345056
44622352807
44622361108
44622370019
44622376916
44622384301
44622392053
44622400719
44622409570
44622416467
44622424523
44622431969
44622440514
44622448815
44622459862
44622468468
44622476769
44622485802
44622495019
44622503747
44622512291
44622519616
44622529381
44622537499
44622545067
44622553429
44622558861
44622569725
44622576805
44622586449
44622595177
44622602562
44622614037
44622624596
44622631554
44622639366
44622649376
44622653526
44622666222
44622670250
44622682518
44622686363
44622696678
44622702477
44622712669
44622720238
44622727257
44622735863
44622742760
44622746117
44622757591
44622764854
44622771507
44622778770
44622785972
44622792076
44622802208
44622806602
44622815757
44622822105
44622830772
44622837303
44622846824
44622854148
44622861473
44622870811
44622877586
44622886741
44622894554
44622903831
44622911521
44622918724
44622924644
44622934654
44622941368
44622949058
44622956748
44622964561
44622973167
44622980369
44622986961
44622996421
44623003867
44623010337
44623018577
44623025840
44623035361
44623043296
44623049827
44623056541
44623065879
44623071311
44623081992
44623086387
44623097007
44623105674
44623113486
44623119651
44623128623
44623135825
44623144614
44623151816
44623161887
44623169577
44623176108
44623187155
44623192771
44623203757
44623210959
44623219077
44623223593
44623235617
44623243552
44623253745
44623260581
44623269186
44623276206
44623285178
44623291525
44623300864
44623307333
44623314169
44623324301
44623330893
44623338095
44623344504
44623353171
44623359762
44623372214
44623376791
44623386740
44623394735
44623404013
44623410666
44623419943
44623427328
44623436605
44623444174
44623453268
44623459127
44623468100
44623474081
44623482321
44623488424
44623496969
44623502462
44623508444
44623516500
44623523947
44623528707
44623533834
44623540975
44623548605
44623553732
44623560568
44623566549
44623572347
44623576925
44623583456
44623587972
44623595907
44623601949
44623609457
44623614889
44623619894
44623625448
44623630514
44623637594
44623644124
44623649801
44623656087
44623661581
44623667806
44623673726
44623679708
44623685079
44623691121
44623696920
44623701314
44623708700
44623714132
44623720845
44623727437
44623733541
44623740194
44623746358
44623750936
44623758016
44623763814
44623769063
44623775289
44623780965
44623785848
44623792440
44623797750
44623805745
44623811238
44623817525
44623824422
44623829305
44623836385
44623841268
44623847432
44623852254
44623858540
44623862996
44623869222
44623874532
44623880269
44623887105
44623892049
44623897237
44623901814
44623909688
44623915120
44623921895
44623926656
44623934407
44623939473
44623945943
44623952473
44623958211
44623964497
44623971699
44623978779
44623984089
44623990498
44623996602
44624003499
44624008992
44624016621
44624022114
44624030415
44624035603
44624043660
44624051655
44624058186
44624064778
44624070942
44624077656
44624084980
44624090107
44624098042
44624104634
44624112873
44624118244
44624125752
44624131428
44624138813
44624144184
44624151386
44624158222
44624164387
44624169392
44624175800
44624185017
44624190449
44624198017
44624205158
44624212727
44624220600
44624228168
44624234943
44624241352
44624247883
44624253254
44624261738
44624267231
44624274311
44624279133
44624287617
44624294147
44624302631
44624309223
44624316303
44624322590
44624328998
44624335956
44624342731
44624349506
44624354511
44624364032
44624369525
44624378437
44624385273
44624391193
44624398639
44624404376
44624410297
44624418170
44624424701
44624432147
44624439105
44624445575
44624451801
44624458515
44624467304
44624472186
44624478839
44624485431
44624492145
44624497211
44624506610
44624512042
44624519488
44624525775
44624534503
44624540423
44624548907
44624556476
44624562945
44624571429
44624578509
44624586261
44624592547
44624599627
44624605182
44624612689
44624620379
44624626971
44624633746
44624638995
44624645343
44624651446
44624657977
44624662738
44624669207
44624675189
44624681414
44624687457
44624692767
44624698931
44624706561
44624711688
44624718524
44624725054
44624731524
44624738482
44624743975
44624748675
44624756548
44624759600
44624768694
44624774371
44624781634
44624788042
44624793902
44624800188
44624807513
44624814288
44624820269
44624827837
44624836382
44624843584
44624849505
44624857195
44624864458
44624870867
44624877581
44624883745
44624889483
44624895098
44624901507
44624906939
44624913775
44624918352
44624926226
44624931902
44624938066
44624944719
44624950029
44624955950
44624961443
44624968035
44624975176
44624979998
44624985552
44624992876
44624999040
44625004595
44625010332
44625017107
44625023332
44625028703
44625034868
44625040727
44625046831
44625053606
44625059587
44625066850
44625071428
44625079729
44625084856
44625091753
44625097490
44625105547
44625112566
44625119035
44625124834
44625129472
44625138200
44625144914
44625152849
44625159440
44625166154
44625174272
44625181169
44625187211
44625193803
44625201860
44625207231
44625215837
44625222062
44625229387
44625235795
44625243486
44625250383
44625257096
44625264543
44625271012
44625276994
44625283891
44625290849
44625297563
44625305131
44625312699
44625320329
44625326737
44625334062
44625338883
44625347794
44625353959
44625362260
44625369218
44625374406
44625383317
44625388200
44625396134
44625401078
44625410538
44625417008
44625424271
44625432389
44625440262
44625446854
44625453568
44625463212
44625468155
44625476090
44625483109
44625489335
44625496598
44625505875
44625512467
44625521683
44625527604
44625535294
44625542557
44625549637
44625557389
44625563370
44625571122
44625576737
44625586869
44625592423
44625599747
44625607010
44625612686
44625620072
44625626419
44625632279
44625639725
44625646195
44625653458
44625660721
44625667557
44625672379
44625680496
44625686356
44625695267
44625701614
44625708755
44625715225
44625722366
44625729996
44625737991
44625746353
44625752518
44625760269
44625767105
44625773514
44625780105
44625787307
44625792007
44625800247
44625804886
44625812149
44625816909
44625824478
44625829361
44625838089
44625843765
44625850845
44625858413
44625864334
44625870376
44625876785
44625883316
44625887893
44625896438
44625901138
44625909683
44625915664
44625922622
44625929397
44625935439
44625942642
44625947341
44625954543
44625959426
44625967605
44625972244
44625980972
44625986770
44625993789
44625999465
44626006240
44626013564
44626021255
44626028213
44626033523
44626042495
44626047011
44626054275
44626057204
44626065200
44626071181
44626078261
44626083144
44626089736
44626094985
44626100417
44626107131
44626111586
44626120559
44626127517
44626133742
44626138991
44626146498
44626152175
44626158705
44626165358
44626172499
44626178298
44626183791
44626190016
44626196059
44626202223
44626208083
44626215407
44626222060
44626227980
44626236220
44626239211
44626248061
44626254164
44626261000
44626268629
44626275282
44626280775
44626287428
44626295302
44626302809
44626310683
44626317030
44626324415
44626330214
44626337538
44626344252
44626352370
44626358534
44626365370
44626372755
44626380018
44626387465
44626391127
44626400465
44626408033
44626415419
44626420424
44626427565
44626434828
44626441847
44626448988
44626455702
44626463026
44626470411
44626476332
44626484388
44626490187
44626497145
44626505995
44626512953
44626520033
44626526502
44626532911
44626539930
44626545179
44626552869
44626556348
44626566847
44626573927
44626580152
44626584669
44626592237
44626598402
44626604932
44626613294
44626618726
44626626234
44626631116
44626638746
44626645154
44626652967
44626659986
44626668897
44626675855
44626680982
44626689527
44626692823
44626701795
44626708081
44626715162
44626720716
44626728894
44626736280
44626741162
44626749341
44626754407
44626763929
44626770459
44626776929
44626783094
44626789807
44626798169
44626805005
44626813184
44626820325
44626828992
44626836438
44626843579
44626850781
44626858655
44626864575
44626873242
44626879956
44626888196
44626896313
44626903393
44626909802
44626916089
44626923291
44626930493
44626935803
44626942944
44626949841
44626954846
44626962720
44626969616
44626976208
44626983532
44626988293
44626995923
44627000683
44627008374
44627015454
44627022229
44627028698
44627034802
44627041149
44627047314
44627053479
44627059338
44627067272
44627074108
44627079479
44627084851
44627092053
44627098339
44627104321
44627109142
44627115429
44627123486
44627128246
44627135204
44627140942
44627148266
44627154003
44627159557
44627166149
44627170300
44627179821
44627184826
44627192760
44627198559
44627204662
44627210766
44627216320
44627223888
44627228588
44627236034
44627242260
44627246532
44627253490
44627260021
44627266186
44627272167
44627277965
44627285595
44627291271
44627296703
44627303722
44627309887
44627314708
44627320018
44627326549
44627332409
44627338939
44627343090
44627351146
44627356700
44627363048
44627368480
44627377025
44627385631
44627389415
44627398693
44627406017
44627414195
44627421337
44627426586
44627435375
44627440501
44627448802
44627455028
44627462474
44627469249
44627478343
44627484630
44627491527
44627498241
44627505321
44627511912
44627516978
44627526256
44627533336
44627540843
44627547618
44627554271
44627561900
44627568187
44627574168
44627581065
44627588084
44627594798
44627602305
44627609874
44627615733
44627623606
44627629527
44627635813
44627645091
44627651805
44627658457
44627664622
44627671214
44627678477
44627685130
44627692393
44627697520
44627706065
44627713450
44627719248
44627725474
44627734812
44627739512
44627748301
44627753550
44627761607
44627768626
44627773631
44627782359
44627787547
44627796030
44627802134
44627809763
44627816172
44627823618
44627831125
44627837778
44627844248
44627852366
44627859202
44627864695
44627871958
44627878977
44627887339
44627892405
44627900644
44627907480
44627914927
44627922922
44627929514
44627936289
44627943186
44627950998
44627958567
44627965952
44627971933
44627979807
44627987070
44627995981
44628001291
44628009958
44628016184
44628024179
44628030710
44628038522
44628046091
44628053781
44628060800
44628068124
44628073679
44628081552
44628087350
44628095895
44628102792
44628109567
44628114328
44628122323
44628126962
44628134714
44628139841
44628147043
44628153024
44628159860
44628167428
44628173349
44628178842
44628186654
44628192880
44628199350
44628205087
44628212045
44628217965
44628224679
44628231637
44628237069
44628244149
44628251535
44628257943
44628264413
44628270639
44628277474
44628281808
44628289437
44628294564
44628300607
44628307504
44628313058
44628318246
44628325143
44628330575
44628336984
44628343148
44628348275
44628354318
44628360604
44628367440
44628373605
44628377877
44628385628
44628391183
44628397408
44628402718
44628408761
44628414864
44628422005
44628427743
44628432076
44628439400
44628445748
44628451912
44628456307
44628464303
44628469979
44628475899
44628482064
44628488228
44628495675
44628501839
44628509407
44628515999
44628522530
44628529244
44628535103
44628541817
44628547860
44628555489
44628561898
44628569283
44628574227
44628581612
44628589363
44628596016
44628603584
44628610420
44628617928
44628623055
44628631600
44628638313
44628645882
44628652168
44628659676
44628667976
44628674934
44628681404
44628688118
44628695747
44628704903
44628711922
44628718819
44628726448
44628733528
44628740120
44628747993
44628754646
44628761482
44628766487
44628775337
44628780525
44628789192
44628795723
44628802864
44628809211
44628816780
44628824287
44628830940
44628837349
44628843879
44628851814
44628856758
44628864753
44628871955
44628879280
44628885200
44628892585
44628899787
44628906440
44628914436
44628920905
44628927924
44628935249
44628941657
44628949104
44628955024
44628960090
44628969672
44628975532
44628983039
44628990790
44628997504
44629004584
44629011054
44629017768
44629024726
44629032966
44629039069
44629046149
44629052131
44629059394
44629065680
44629073127
44629080085
44629086738
44629094245
44629100959
44629108588
44629114081
44629124152
44629128302
44629139167
44629146430
44629154486
44629158087
44629168158
44629174811
44629181830
44629187079
44629193793
44629200263
44629207892
44629214423
44629220465
44629228339
44629234015
44629240790
44629247321
44629254095
44629259283
44629267340
44629273993
44629280218
44629286505
44629293951
44629302374
44629307623
44629315436
44629322821
44629329718
44629336249
44629342169
44629348028
44629354315
44629361029
44629367254
44629373663
44629380377
44629387091
44629392828
44629399542
44629404852
44629411627
44629419256
44629424993
44629432013
44629436224
44629443975
44629449224
44629455450
44629461492
44629466986
44629474005
44629479620
44629485418
44629491827
44629499090
44629504278
44629510870
44629517462
44629522894
44629530035
44629534368
44629541143
44629548101
44629554571
44629560247
44629565801
44629572393
44629576971
44629584112
44629588262
44629596075
44629602422
44629609075
44629615545
44629621526
44629627691
44629633916
44629639898
44629647588
44629653936
44629660405
44629667730
44629672918
44629680669
44629686345
44629691839
44629696904
44629705877
44629711858
44629719060
44629723821
44629731145
44629736699
44629744939
44629751897
44629759648
44629763677
44629770635
44629776982
44629784184
44629791203
44629798284
44629804875
44629811467
44629816899
44629823491
44629830754
44629837224
44629843938
44629850774
44629856816
44629863591
44629869633
44629876042
44629882268
44629888676
44629895817
44629900761
44629910832
44629916508
44629924809
44629932744
44629939274
44629944645
44629954167
44629960881
44629968083
44629973820
44629980839
44629987126
44629993596
44630000248
44630006718
44630013066
44630019535
44630024968
44630031437
44630038517
44630044987
44630052128
44630057560
44630065983
44630071232
44630080815
44630086552
44630094059
44630098942
44630108708
44630115605
44630123112
44630129765
44630135441
44630142216
44630147770
44630154057
44630161381
44630167545
44630174137
44630179325
44630186710
44630193790
44630200626
44630207401
44630213932
44630219303
44630225712
44630233097
44630239628
44630246403
44630251713
44630259403
44630267154
44630274662
44630282291
44630289249
44630297184
44630303836
44630310428
44630316532
44630322391
44630328800
44630333377
44630340091
44630346195
44630352237
44630356876
44630364261
44630368839
44630376102
44630380557
44630388309
44630392764
44630401492
44630406558
44630411868
44630419009
44630424259
44630430667
44630435855
44630441837
44630447025
44630453555
44630460880
44630466434
44630473209
44630477969
44630484561
44630489200
44630495975
44630502750
44630510013
44630514895
44630521548
44630528079
44630534122
44630539248
44630545352
44630552066
44630558352
44630564151
44630570804
44630577578
44630584170
44630590579
44630596621
44630602237
44630609011
44630614444
44630619082
44630626712
44630632144
44630638247
44630642276
44630650210
44630656069
44630661990
44630667727
44630673098
44630677676
44630683657
44630690554
44630694888
44630702212
44630707522
44630712527
44630719180
44630725893
44630730898
44630737063
44630742007
44630748598
44630755801
44630761782
44630768374
44630774905
44630782778
44630787356
44630793764
44630800356
44630807436
44630811892
44630819399
44630824282
44630831850
44630838137
44630846132
44630853029
44630859194
44630866457
44630874270
44630879335
44630888491
44630895021
44630903200
44630908815
44630916201
44630921694
44630929201
44630937563
44630945009
44630952577
44630959902
44630965883
44630973146
44630980593
44630987856
44630994997
44631002199
44631009950
44631015505
44631023378
44631028444
44631036745
44631041872
44631050417
44631055788
44631063112
44631068300
44631077699
44631080995
44631091127
44631096498
44631106325
44631112428
44631119447
44631126405
44631132692
44631139894
44631147645
44631153200
44631161012
44631168519
44631175050
44631180909
44631186952
44631193055
44631199159
44631205140
44631211488
44631218751
44631225526
44631230836
44631235902
44631244447
44631250856
44631259584
44631265687
44631272462
44631276917
44631283753
44631289735
44631296998
44631303590
44631312013
44631317567
44631323548
44631329347
44631335206
44631341615
44631348206
44631355897
44631360902
44631370240
44631375245
44631383424
44631388612
44631396546
44631402650
44631410828
44631418091
44631426270
44631431092
44631438904
44631445862
44631451905
44631457520
44631463440
44631469544
44631475525
44631481202
44631486695
44631492676
44631498230
44631504090
44631511231
44631516846
44631523377
44631528504
44631535157
44631540222
44631545471
44631554138
44631559632
44631565186
44631570618
44631576294
44631581787
44631587464
44631595520
44631599976
44631606751
44631610901
44631619629
44631627014
44631634522
44631639587
44631649414
44631655518
44631661987
44631668030
44631672852
44631680786
44631686096
44631693542
44631698608
44631706360
44631711609
44631718017
44631723816
44631730652
44631736877
44631743042
44631749267
44631753357
44631759338
44631766113
44631771911
44631774963
44631783691
44631788757
44631793579
44631798950
44631806091
44631812439
44631818237
44631823913
44631829162
44631834716
44631839050
44631845703
44631849853
44631855895
44631863159
44631868652
44631873779
44631880248
44631885681
44631892394
44631899291
44631905944
44631912109
44631917907
44631923705
44631928771
44631935363
44631941283
44631946899
44631951415
44631960693
44631967895
44631973815
44631979919
44631986816
44631991454
44631998534
44632007323
44632014953
44632021667
44632027221
44632035277
44632041259
44632049437
44632055175
44632063414
44632068908
44632076964
44632082457
44632090636
44632096251
44632102050
44632106749
44632117736
44632122863
44632131285
44632139891
44632147460
44632155089
44632160948
44632170287
44632176268
44632183531
44632190062
44632197753
44632204772
44632211363
44632218993
44632225768
44632232909
44632237791
44632244505
44632249571
44632258299
44632265196
44632271727
44632277891
44632284972
44632293333
44632298521
44632305601
44632312010
44632319884
44632326780
44632333922
44632339232
44632347410
44632353331
44632359678
44632366758
44632375425
44632382505
44632386900
44632395628
44632402037
44632408140
44632415159
44632422117
44632429930
44632437620
44632443724
44632450010
44632457151
44632462461
44632473875
44632481443
44632485410
44632496153
44632502989
44632510557
44632518552
44632524717
44632533445
44632541502
44632548093
44632556638
44632564085
44632570615
44632577878
44632584104
44632591184
44632595945
44632603391
44632610166
44632617307
44632623044
44632630247
44632634885
44632643125
44632649289
44632655454
44632661680
44632667844
44632674131
44632681333
44632688108
44632691404
44632700742
44632707090
44632713925
44632720456
44632727109
44632732907
44632739011
44632746884
44632751462
44632759152
44632763852
44632772092
44632777768
44632786069
44632790524
44632798520
44632804562
44632811032
44632817258
44632822995
44632830380
44632835507
44632841550
44632847287
44632853574
44632860532
44632866208
44632872189
44632877072
44632884762
44632890317
44632896847
44632902341
44632909909
44632915707
44632921322
44632927365
44632933651
44632938839
44632945920
44632952023
44632957882
44632963803
44632969174
44632974789
44632981076
44632985104
44632993527
44632998654
44633007077
44633013485
44633019284
44633025631
44633031979
44633039181
44633044613
44633051205
44633058529
44633064633
44633070797
44633076840
44633084774
44633089352
44633096615
44633104122
44633111813
44633117489
44633124813
44633131710
44633140438
44633145870
44633152828
44633160091
44633166866
44633173763
44633181026
44633188839
44633195614
44633202938
44633209408
44633216060
44633222957
44633229671
44633238704
44633245479
44633252193
44633257259
44633266170
44633273616
44633281002
44633286007
44633294735
44633299434
44633308895
44633315670
44633322322
44633329158
44633335994
44633342525
44633350032
44633357479
44633363765
44633371211
44633377193
44633384639
44633392574
44633399837
44633406734
44633413387
44633420284
44633425349
44633434566
44633440913
44633448421
44633454707
44633462093
44633469234
44633475703
44633482539
44633489497
44633497615
44633502864
44633511592
44633516902
44633526179
44633532588
44633539912
44633546809
44633553645
44633558894
44633567927
44633574580
44633581416
44633588374
44633595454
44633601802
44633608638
44633616755
44633622859
44633630671
44633639399
44633645625
44633654292
44633662104
44633668269
44633677241
44633685359
44633692561
44633699519
44633705805
44633713374
44633720271
44633725947
44633733210
44633738642
44633744868
44633751520
44633758967
44633765314
44633771967
44633777949
44633784113
44633788691
44633796503
44633801142
44633809443
44633815729
44633822626
44633828730
44633835383
44633841974
44633848383
44633855585
44633861567
44633868097
44633872919
44633881159
44633887018
44633893976
44633899530
44633906427
44633912165
44633918817
44633925959
44633932123
44633938043
44633944025
44633952143
44633956842
44633963922
44633970819
44633976129
44633983820
44633988519
44633995050
44634000848
44634007867
44634012262
44634018671
44634025873
44634031488
44634037164
44634042902
44634048883
44634054559
44634061578
44634066034
44634073602
44634080682
44634086053
44634092218
44634097833
44634104852
44634109247
44634116571
44634122674
44634128534
44634133966
44634142328
44634148614
44634154718
44634160699
44634166742
44634175287
44634180474
44634187494
44634194635
44634200372
44634207757
44634212396
44634220269
44634227716
44634236444
44634246514
44634255853
44634264031
44634272027
44634280389
44634288079
44634296746
44634303643
44634315423
44634322808
44634333978
44634345452
44634355828
44634366021
44634374566
44634384637
44634391045
44634403313
44634412163
44634422295
44634432000
44634440667
44634451897
44634461297
44634470147
44634481926
44634493523
44634503350
44634511956
44634520134
44634534844
44634542534
44634548943
44634561943
44634570305
44634577751
44634582146
44634596184
44634602959
44634612663
44634620293
44634630424
44634637505
44634647392
44634655937
44634664787
44634674736
44634684013
44634691826
44634700493
44634709831
44634720085
44634727714
44634734306
44634746391
44634754081
44634765190
44634772209
44634782341
44634790702
44634800041
44634809196
44634817863
44634825920
44634835136
44634843742
44634853629
44634863212
44634870414
44634883231
44634892082
44634903373
44634914420
44634924125
44634932121
44634942985
44634955192
44634962699
44634975211
44634984733
44634992484
44635001822
44635011222
44635017875
44635030143
44635040519
44635048148
44635061454
44635072074
44635081046
44635090567
44635099540
44635109488
44635118338
44635127616
44635135123
44635146292
44635155448
44635165457
44635174185
44635183646
44635192740
44635202322
44635211478
44635220633
44635229849
44635237234
44635243704
44635251211
44635257376
44635263663
44635270010
44635274893
44635281485
44635288626
44635293631
44635301687
44635304861
44635313101
44635319449
44635324942
44635332266
44635339590
44635345999
44635352530
44635358511
44635362844
44635369314
44635373770
44635383841
44635389151
44635394827
44635400198
44635405691
44635412222
44635416616
44635424490
44635429373
44635435537
44635442190
44635447317
44635452139
44635457876
44635464651
44635468862
44635476614
44635482412
44635488821
44635494192
44635500662
44635507131
44635513296
44635519827
44635524831
44635530996
44635537160
44635544057
44635550710
44635556631
44635562856
44635568777
44635576833
44635582387
44635590383
44635596609
44635602712
44635610158
44635616445
44635622854
44635630178
44635637380
44635643178
44635650686
44635656484
44635665700
44635672170
44635678823
44635686574
44635693105
44635700612
44635705800
44635713857
44635720754
44635727956
44635734487
44635741872
44635746938
44635756520
44635761891
44635769277
44635776174
44635782521
44635790151
44635795339
44635804555
44635809743
44635818166
44635824757
44635832265
44635838612
44635845998
44635853383
44635861012
44635867970
44635874684
44635882985
44635888051
44635896474
44635901478
44635911122
44635917164
44635924489
44635931263
44635938344
44635945118
44635951954
44635959340
44635966114
44635973683
44635978688
44635987416
44635993458
44636000660
44636007435
44636015248
44636022572
44636029530
44636036610
44636043202
44636050099
44636056507
44636064503
44636071827
44636079090
44636085011
44636092335
44636100147
44636106617
44636114124
44636120899
44636127125
44636133717
44636142078
44636147510
44636157581
44636165638
44636172596
44636181080
44636188038
44636195911
44636204700
44636208423
44636219898
44636223926
44636234241
44636241260
44636248279
44636254993
44636261158
44636267810
44636273731
44636280567
44636287036
44636294117
44636298633
44636305957
44636312854
44636319324
44636325611
44636332752
44636339038
44636345203
44636350513
44636357898
44636363635
44636370044
44636377429
44636382007
44636390308
44636393420
44636402576
44636408801
44636415698
44636422473
44636428699
44636436084
44636442065
44636448596
44636453296
44636460864
44636465259
44636474963
44636481738
44636488513
44636493640
44636499743
44636505725
44636511401
44636518908
44636525073
44636531360
44636536303
44636543628
44636549426
44636555041
44636561267
44636568591
44636573474
44636577441
44636585620
44636591540
44636598437
44636603869
44636609301
44636614978
44636619128
44636627185
44636632617
44636638781
44636644457
44636652026
44636658740
44636664294
44636670031
44636674365
44636683337
44636689196
44636695788
44636701769
44636709521
44636715319
44636721362
44636728503
44636732897
44636741015
44636747668
44636754076
44636761523
44636768114
44636773913
44636782091
44636787951
44636794787
44636802721
44636807665
44636815477
44636820604
44636830065
44636836474
44636843615
44636850390
44636858019
44636864672
44636871325
44636879259
44636885607
44636892687
44636899767
44636906114
44636913500
44636920824
44636924120
44636934069
44636940782
44636948290
44636955187
44636961778
44636968675
44636975267
44636983507
44636988512
44636997789
44637004320
44637011339
44637017320
44637024644
44637031419
44637038438
44637045213
44637051805
44637058336
44637064989
44637072191
44637078660
44637086534
44637091661
44637100511
44637106981
44637114183
44637120042
44637127244
44637133775
44637140367
44637147508
44637155870
44637162706
44637167710
44637175035
44637181749
44637189561
44637194566
44637203477
44637210130
44637217271
44637224656
44637230882
44637237229
44637244493
44637252305
44637259385
44637267014
44637272263
44637281419
44637289048
44637296494
44637302293
44637309861
44637317612
44637325425
44637333909
44637341721
44637347336
44637356126
44637365037
44637372971
44637380295
44637386887
44637393296
44637397751
44637405930
44637410752
44637419785
44637425705
44637432236
44637439072
44637445542
44637451767
44637457505
44637464646
44637470810
44637476731
44637481491
44637489609
44637494553
44637501877
44637508774
44637514206
44637520676
44637527329
44637533249
44637539353
44637546616
44637552780
44637559189
44637565598
44637572556
44637577255
44637584091
44637588669
44637597031
44637603928
44637611557
44637617172
44637623703
44637629074
44637635605
44637640732
44637647446
44637655075
44637661362
44637666489
44637672409
44637678024
44637683578
44637689377
44637693649
44637702316
44637706833
44637714218
44637716964
44637725021
44637730270
44637736313
44637742172
44637748336
44637752670
44637760177
44637766098
44637772079
44637777755
44637783737
44637790023
44637794113
44637801315
44637805526
44637811935
44637816635
44637825912
44637830612
44637838363
44637843490
44637852340
44637859054
44637863876
44637871139
44637875594
44637883590
44637891219
44637895858
44637901473
44637908981
44637914718
44637922774
44637930770
44637936690
44637942977
44637948348
44637954818
44637961471
44637968123
44637973617
44637982284
44637985579
44637995894
44638002486
44638007918
44638015487
44638023116
44638030501
44638038314
44638045211
44638051680
44638058699
44638064070
44638073714
44638079879
44638085677
44638091475
44638098433
44638103926
44638112288
44638120284
44638127425
44638134871
44638139510
44638146102
44638152693
44638159468
44638164351
44638171919
44638177168
44638186446
44638193709
44638199080
44638205367
44638212019
44638218672
44638225752
44638232588
44638239485
44638245467
44638251753
44638258284
44638264143
44638271895
44638276839
44638284529
44638291182
44638299177
44638306257
44638312971
44638317854
44638324446
44638330854
44638337507
44638345076
44638350813
44638358442
44638365095
44638372847
44638378523
44638387617
44638394697
44638401533
44638407453
44638412886
44638419538
44638425581
44638432661
44638441328
44638449079
44638454572
44638462873
44638470991
44638478376
44638486311
44638492719
44638499677
44638505781
44638512006
44638518537
44638524641
44638530805
44638535444
44638542707
44638547956
44638555219
44638561445
44638569257
44638572431
44638580243
44638583295
44638592023
44638597761
44638602887
44638609357
44638616742
44638622663
44638629133
44638633832
44638640241
44638647565
44638652936
44638660688
44638665692
44638673627
44638678937
44638684980
44638690168
44638698529
44638704694
44638710736
44638715802
44638722150
44638728192
44638734174
44638740949
44638747479
44638753461
44638758832
44638765180
44638769818
44638777081
44638783429
44638788617
44638796063
44638802289
44638809003
44638815778
44638820599
44638827191
44638832440
44638839398
44638844952
44638850201
44638855878
44638860272
44638868268
44638873883
44638880475
44638884747
44638890362
44638896039
44638902203
44638908917
44638914776
44638920147
44638924237
44638932476
44638935711
44638944500
44638949383
44638957135
44638964215
44638971722
44638977642
44638982403
44638990582
44638995404
44639004498
44639010052
44639017315
44639023297
44639029461
44639037396
44639043072
44639052166
44639057293
44639063580
44639071819
44639078106
44639084820
44639090923
44639098492
44639104168
44639109539
44639118755
44639124615
44639132488
44639139324
44639146343
44639153301
44639158611
44639168072
44639172832
44639180828
44639188946
44639194744
44639197979
44639207683
44639214702
44639221904
44639228923
44639236187
44639242656
44639249126
44639254985
44639261638
44639268779
44639274578
44639283733
44639290691
44639297222
44639304485
44639311321
44639316631
44639324443
44639332317
44639339519
44639345195
44639351238
44639359172
44639364299
44639374309
44639380107
44639387859
44639393413
44639401286
44639407268
44639414775
44639420634
44639427043
44639434367
44639441569
44639449077
44639454021
44639460429
44639466838
44639475078
44639480205
44639488872
44639494365
44639502177
44639508464
44639516337
44639522563
44639529033
44639536540
44639544413
44639552287
44639558574
44639566630
44639574321
44639581828
44639587931
44639596354
44639604594
44639613017
44639618510
44639626017
44639631144
44639637553
44639642436
44639649943
44639655009
44639663249
44639669840
44639676188
44639681376
44639687907
44639694437
44639701273
44639706034
44639713358
44639721171
44639727885
44639733256
44639737650
44639745219
44639749979
44639758036
44639765421
44639771280
44639776957
44639782999
44639787089
44639793619
44639800577
44639807352
44639815592
44639821390
44639828226
44639834818
44639840494
44639846109
44639851480
44639858194
44639863810
44639871256
44639877298
44639884561
44639890055
44639896036
44639902140
44639906839
44639914713
44639921610
44639926859
44639932718
44639938150
44639943826
44639947855
44639956217
44639958963
44639966409
44639972513
44639978189
44639984415
44639990396
44639996622
44640003152
44640007791
44640013284
44640019510
44640023660
44640031534
44640037759
44640042947
44640048685
44640053934
44640059671
44640066690
44640073038
44640078592
44640085489
44640092325
44640098794
44640103677
44640111306
44640115701
44640123391
44640129617
44640138040
44640143533
44640150430
44640157693
44640164834
44640172158
44640177407
44640185281
44640192544
44640198770
44640205789
44640213418
44640219277
44640227212
44640232888
44640240884
44640247720
44640253640
44640259255
44640265969
44640273721
44640281106
44640288491
44640293496
44640299722
44640306618
44640312112
44640318459
44640325112
44640331643
44640338296
44640346291
44640353554
44640359597
44640366128
44640371987
44640378274
44640385415
44640390420
44640398293
44640403786
44640412514
44640418801
44640425454
44640432778
44640440041
44640444558
44640451638
44640458046
44640466103
44640473488
44640480873
44640489235
44640493935
44640502419
44640508278
44640516030
44640524697
44640531899
44640539162
44640546913
44640553932
44640561195
44640569069
44640576332
44640583656
44640588600
44640595863
44640604347
44640611000
44640616371
44640625099
44640630897
44640637672
44640642494
44640650001
44640656898
44640663612
44640671486
44640678810
44640684913
44640692238
44640699745
44640705543
44640713905
44640719581
44640727089
44640734657
44640740577
44640748451
44640757301
44640763649
44640772010
44640780677
44640785194
44640790809
44640797889
44640803382
44640811256
44640817542
44640823158
44640828834
44640836036
44640842445
44640849525
44640855262
44640861915
44640869727
44640873328
44640882606
44640887305
44640893470
44640899024
44640906959
44640912696
44640920020
44640925696
44640931861
44640937720
44640943641
44640949683
44640956214
44640962623
44640969825
44640976294
44640980872
44640987098
44640991553
44640998633
44641004249
44641009986
44641016822
44641022742
44641029090
44641036597
44641042456
44641050696
44641055274
44641062415
44641068946
44641075659
44641080237
44641087805
44641095191
44641102027
44641108252
44641114173
44641118933
44641124182
44641130103
44641134558
44641142310
44641147131
44641154089
44641159888
44641166602
44641171179
44641177344
44641182959
44641189673
44641196020
44641202246
44641207922
44641212805
44641219824
44641224341
44641230444
44641238257
44641244238
44641249792
44641257666
44641263891
44641271460
44641277441
44641285437
44641289404
44641296179
44641301550
44641308386
44641314306
44641320532
44641325781
44641332129
44641338842
44641343725
44641350866
44641356481
44641364355
44641369970
44641377966
44641383215
44641390600
44641395971
44641403051
44641407751
44641414648
44641419409
44641427526
44641433691
44641439489
44641444799
44641453710
44641459814
44641466528
44641471594
44641479772
44641484594
44641492590
44641498876
44641506750
44641511877
44641520116
44641527318
44641534215
44641541540
44641546789
44641554174
44641559118
44641566381
44641572179
44641579686
44641586828
44641593419
44641600927
44641608007
44641613866
44641621862
44641627660
44641635106
44641642553
44641648839
44641654149
44641662267
44641669225
44641674779
44641680028
44641688817
44641695531
44641701756
44641708226
44641715611
44641720738
44641728124
44641733190
44641740819
44641745702
44641752599
44641759007
44641765904
44641772923
44641780064
44641786412
44641791173
44641797276
44641804295
44641811314
44641818822
44641824376
44641832432
44641840428
44641848912
44641856297
44641862645
44641870823
44641876622
44641884495
44641890904
44641899571
44641905613
44641912754
44641918492
44641924351
44641929722
44641934788
44641940586
44641945530
44641951390
44641957554
44641963780
44641968907
44641974949
44641981236
44641987522
44641993626
44641998509
44642005406
44642011021
44642016270
44642020847
44642027866
44642032749
44642040684
44642045384
44642054234
44642060337
44642066319
44642072849
44642080906
44642087193
44642091953
44642097446
44642103916
44642110569
44642116672
44642121494
44642127537
44642133823
44642138523
44642145359
44642150242
44642157688
44642164585
44642171055
44642175815
44642184726
44642189609
44642196506
44642201816
44642208347
44642214084
44642219333
44642223484
44642230625
44642237033
44642242343
44642247531
44642253330
44642259677
44642264133
44642272861
44642277805
44642286167
44642291843
44642297214
44642302158
44642307468
44642313266
44642317417
44642324130
44642328464
44642336704
44642343662
44642349155
44642355502
44642363315
44642368259
44642375583
44642381747
44642387424
44642392795
44642399387
44642406283
44642411288
44642417941
44642422763
44642429904
44642434604
44642441196
44642446078
44642453341
44642458224
44642465426
44642470248
44642478427
44642483371
44642490756
44642496371
44642504611
44642510043
44642518832
44642524875
44642529391
44642536410
44642541232
44642549838
44642556369
44642562045
44642567904
44642575900
44642583285
44642588107
44642594943
44642600192
44642607577
44642612582
44642619479
44642624117
44642631381
44642636202
44642644503
44642651156
44642659213
44642662264
44642673251
44642679903
44642686251
44642694002
44642700960
44642707918
44642714327
44642719454
44642727389
44642734591
44642741305
44642748507
44642756075
44642762362
44642769381
44642776339
44642783419
44642790438
44642797396
44642804415
44642809481
44642816744
44642822481
44642829988
44642835482
44642844027
44642850069
44642857088
44642862215
44642871370
44642877901
44642884065
44642889437
44642897432
44642903902
44642909578
44642915071
44642922579
44642930635
44642937288
44642944795
44642951265
44642958894
44642966097
44642973421
44642980867
44642988618
44642995821
44643001436
44643008760
44643014497
44643022493
44643029939
44643037446
44643042329
44643049959
44643054353
44643061006
44643065523
44643074128
44643079805
44643086274
44643091829
44643096956
44643102754
44643107820
44643114045
44643119355
44643125276
44643131013
44643136689
44643141145
44643147737
44643153901
44643158845
44643165681
44643172151
44643176606
44643183137
44643187409
44643193696
44643198030
44643205842
44643211152
44643218293
44643223054
44643231049
44643235627
44643243440
44643248322
44643255280
44643259858
44643267976
44643274140
44643280061
44643286713
44643294038
44643299103
44643306855
44643312043
44643318391
44643324006
44643329621
44643333466
44643339692
44643346833
44643353669
44643360138
44643364777
44643370636
44643375763
44643381440
44643385712
44643393952
44643399506
44643406281
44643411713
44643418488
44643423798
44643429291
44643435334
44643439545
44643448456
44643455292
44643462128
44643468109
44643474701
44643480927
44643487335
44643493622
44643500214
44643506561
44643511078
44643518646
44643523224
44643531036
44643538239
44643543976
44643550629
44643557648
44643563263
44643568817
44643574554
44643582245
44643587799
44643595795
44643600433
44643608429
44643616180
44643621185
44643628509
44643635773
44643641571
44643647857
44643652557
44643659332
44643665863
44643670746
44643677276
44643683441
44643688934
44643695099
44643700653
44643707000
44643713653
44643718658
44643726165
44643731170
44643738739
44643743743
44643751434
44643756988
44643765472
44643771392
44643778106
44643782867
44643790069
44643796111
44643801605
44643808318
44643813751
44643819427
44643826019
44643832305
44643837737
44643843658
44643850494
44643856231
44643864166
44643870940
44643877898
44643884002
44643891570
44643897246
44643904815
44643909942
44643917388
44643924285
44643930755
44643936858
44643943023
44643949248
44643954192
44643961394
44643968413
44643976836
44643982329
44643988677
44643993865
44644001311
44644006377
44644013579
44644021086
44644028472
44644036162
44644043792
44644049956
44644058196
44644063994
44644072112
44644079924
44644087187
44644092864
44644100859
44644107146
44644116057
44644123198
44644131194
44644136687
44644143523
44644149809
44644155241
44644160979
44644166045
44644171721
44644178130
44644183440
44644191374
44644196318
44644204314
44644210539
44644216704
44644221586
44644230498
44644235991
44644243010
44644249846
44644256743
44644263579
44644270476
44644277189
44644282560
44644290373
44644296293
44644301298
44644307097
44644311857
44644318083
44644325773
44644330473
44644338407
44644345915
44644352446
44644359587
44644365507
44644368620
44644378324
44644384306
44644389982
44644396208
44644402250
44644409452
44644415434
44644421476
44644428190
44644435209
44644441923
44644448087
44644454130
44644459440
44644463712
44644470792
44644475248
44644483244
44644488370
44644494474
44644500333
44644506803
44644512723
44644516935
44644523954
44644530179
44644536466
44644540677
44644546293
44644550504
44644558133
44644564298
44644569852
44644575284
44644581388
44644587308
44644593778
44644600370
44644604947
44644611356
44644617215
44644623258
44644630094
44644637418
44644642484
44644649320
44644653714
44644662320
44644669461
44644675626
44644682340
44644689969
44644695584
44644703092
44644709012
44644717313
44644724393
44644731778
44644738980
44644744901
44644752042
44644759061
44644766324
44644773343
44644779813
44644785062
44644791592
44644797818
44644804959
44644810757
44644819913
44644825528
44644833218
44644838711
44644844876
44644849759
44644857327
44644862393
44644870755
44644877408
44644885281
44644890286
44644897915
44644904324
44644911221
44644919033
44644925076
44644932888
44644938931
44644946682
44644954006
44644961209
44644967190
44644975552
44644981594
44644988796
44644996182
44645003323
44645008877
44645017605
44645025112
44645032253
44645038174
44645046352
44645052212
44645059841
44645065517
44645074184
44645080044
44645087368
44645095486
44645102138
44645108791
44645115261
44645123501
44645130031
44645136745
44645143947
44645148586
44645156704
44645163540
44645169765
44645176967
44645183254
44645189968
44645198940
44645206020
44645213344
44645220851
44645227077
44645235378
44645242031
44645251064
44645259731
44645265834
44645273708
44645277431
44645288967
44645296840
44645302883
44645309291
44645315151
44645321803
44645327174
44645330348
44645339626
44645344081
44645351283
44645359218
44645365443
44645372523
44645378017
44645382899
44645388637
44645393825
44645399562
44645405299
44645411281
44645417079
44645424037
44645430629
44645436061
44645442653
44645447291
44645455714
44645460353
44645469691
44645472743
44645481593
44645485988
44645492579
44645500392
44645506434
44645512965
44645517482
44645523524
44645530848
44645536891
44645541774
44645551661
44645558863
44645564479
44645572108
44645576258
44645582850
44645589259
44645596217
44645602198
44645608973
44645615016
44645621912
44645628443
44645634486
44645641993
44645647547
44645652430
44645658045
44645664698
44645669154
44645676844
44645681300
44645689417
44645694971
44645701258
44645705897
44645712000
44645717127
44645723658
44645731043
44645736475
44645742212
44645748316
44645754664
44645759424
44645768580
44645773340
44645781153
44645787928
44645794886
44645799707
44645806421
44645813623
44645819849
44645826136
44645833155
44645839624
44645846277
44645852564
44645859094
44645866907
44645871973
44645879602
44645886743
44645894800
44645899988
44645907922
44645913965
44645921228
44645926843
44645934839
44645940820
44645948572
44645954797
44645962610
44645969019
44645977136
44645985132
44645992090
44645998559
44646005701
44646013086
44646020288
44646027734
44646034936
44646042383
44646049035
44646055383
44646062158
44646068567
44646075280
44646081628
44646089257
44646095300
44646102441
44646108483
44646115991
44646121667
44646127526
44646134851
44646140466
44646147973
44646153710
44646161096
44646166711
44646174462
44646181176
44646188989
44646196618
44646203210
44646210656
44646216454
44646225182
44646230737
44646238244
44646245019
44646252160
44646257165
44646265343
44646270470
44646278832
44646283898
44646291711
44646297692
44646305199
44646311486
44646317345
44646324364
44646330041
44646335900
44646343163
44646349572
44646357079
44646364159
44646371483
44646376427
44646384972
44646392846
44646400658
44646407067
44646413842
44646422020
44646429711
44646438988
44646445275
44646452904
44646459862
44646467736
44646476097
44646481713
44646488671
44646495995
44646501366
44646508202
44646514244
44646519127
44646526390
44646533653
44646540306
44646547752
44646553062
44646559471
44646565697
44646571861
44646578087
44646584923
44646589928
44646598717
44646604820
44646612266
44646615745
44646625084
44646628197
44646637291
44646642479
44646649254
44646654869
44646661766
44646667625
44646675743
44646681419
44646688438
44646695396
44646701500
44646706749
44646712730
44646719200
44646725791
44646732444
44646739158
44646746299
44646751365
44646759788
44646764182
44646772178
44646777854
44646784080
44646790000
44646794822
44646801597
44646807334
44646813621
44646819724
44646825156
44646830711
44646836936
44646842551
44646848960
44646853660
44646860984
44646865623
44646873496
44646879539
44646885642
44646890464
44646896689
44646903892
44646910056
44646916221
44646922141
44646929038
44646933677
44646941184
44646946128
44646956992
44646962790
44646969687
44646974631
44646981223
44646987937
44646994223
44647001609
44647006675
44647014487
44647020957
44647026816
44647033286
44647040000
44647046530
44647053488
44647060691
44647068625
44647075156
44647083518
44647089621
44647096823
44647102805
44647111838
44647119589
44647126852
44647132895
44647139731
44647146689
44647151938
44647161642
44647167075
44647174338
44647180868
44647187704
44647195761
44647201254
44647210592
44647217367
44647224875
44647232321
44647239096
44647246115
44647252829
44647260763
44647265890
44647274618
44647279745
44647287191
44647295248
44647301046
44647307516
44647315817
44647322836
44647329122
44647334982
44647342550
44647349996
44647355184
44647363058
44647370077
44647375692
44647382955
44647388937
44647394918
44647402364
44647410177
44647417257
44647424093
44647428915
44647435384
44647441732
44647449056
44647456686
44647462240
44647467001
44647475179
44647481649
44647487813
44647494405
44647501913
44647509115
44647516134
44647521505
44647529012
44647536641
44647544515
44647551839
44647557760
44647566671
44647572774
44647582235
44647590780
44647598165
44647605855
44647613118
44647618184
44647625020
44647632222
44647639669
44647645589
44647652120
44647657064
44647663655
44647669698
44647676595
44647683003
44647688924
44647694539
44647699178
44647708272
44647714864
44647722310
44647728108
44647733785
44647739522
44647745808
44647751424
44647757832
44647765095
44647769490
44647776509
44647781331
44647789082
44647795186
44647802083
44647807210
44647814534
44647820332
44647826375
44647832539
44647838887
44647844807
44647850728
44647856343
44647860798
44647868977
44647874775
44647881550
44647886250
44647892659
44647900471
44647905720
44647911213
44647915303
44647922444
44647929402
44647934162
44647939167
44647945881
44647951618
44647958027
44647963581
44647968281
44647974751
44647978779
44647987202
44647993000
44647999287
44648005024
44648010273
44648016254
44648022358
44648028828
44648035297
44648042500
44648048847
44648054646
44648061420
44648067585
44648074543
44648079243
44648086994
44648093281
44648099750
44648105549
44648111469
44648118915
44648123493
44648130024
44648136554
44648144611
44648148334
44648158161
44648163898
44648171894
44648177631
44648185444
44648191364
44648199115
44648205951
44648213031
44648221576
44648226337
44648234088
44648239398
44648247760
44648253375
44648260822
44648267230
44648273578
44648279865
44648287738
44648294940
44648301044
44648307514
44648314533
44648321735
44648326556
44648333820
44648341205
44648347552
44648352801
44648361652
44648367511
44648375323
44648382526
44648389484
44648396625
44648402911
44648409747
44648416461
44648422992
44648428119
44648437335
44648444842
44648452350
44648458209
44648465533
44648471209
44648479022
44648486590
44648493487
44648499774
44648506121
44648512713
44648517779
44648525531
44648531756
44648539691
44648546893
44648552386
44648558245
44648565325
44648572405
44648579547
44648586321
44648592730
44648598773
44648603777
44648611834
44648617510
44648628069
44648636187
44648645708
44648653338
44648661028
44648668780
44648676348
44648685015
44648693133
44648701617
44648709307
44648717913
44648725115
44648732317
44648740435
44648746416
44648753801
44648760332
44648766253
44648772783
44648777422
44648784563
44648789568
44648797564
44648804583
44648809587
44648815020
44648821794
44648828508
44648835283
44648840959
44648847551
44648853838
44648858904
44648865251
44648870928
44648876787
44648881548
44648890276
44648896013
44648903520
44648908586
44648914995
44648921404
44648927629
44648932146
44648939897
44648945818
44648951616
44648958330
44648962785
44648970232
44648976213
44648982072
44648989274
44648994890
44649000444
44649006364
44649012651
44649017900
44649024003
44649028703
44649034684
44649041154
44649046891
44649051530
44649059465
44649064164
44649069597
44649076066
44649080827
44649087236
44649092668
44649099260
44649104814
44649111405
44649117936
44649123735
44649128862
44649134843
44649139909
44649146012
44649153214
44649158952
44649164689
44649171098
44649177140
44649183915
44649188981
44649197282
44649203996
44649209123
44649216691
44649223405
44649229691
44649236039
44649242387
44649249161
44649255692
44649261307
44649270035
44649273759
44649283158
44649289384
44649296219
44649303361
44649311295
44649316910
44649323868
44649330948
44649337357
44649343827
44649348771
44649357377
44649364396
44649370560
44649377945
44649383500
44649390152
44649399063
44649405594
44649411820
44649417923
44649424332
44649430313
44649437027
44649445938
44649449906
44649458695
44649465225
44649470902
44649477005
44649484879
44649492630
44649498856
44649504959
44649511612
44649518814
44649526321
44649531998
44649539261
44649545853
44649551346
44649558609
44649563980
44649571976
44649579300
44649585586
44649592605
44649599747
44649606643
44649613907
44649619461
44649625503
44649632705
44649639175
44649647537
44649653763
44649660415
44649666702
44649671829
44649678360
44649685073
44649692825
44649698318
44649706436
44649711990
44649719131
44649725540
44649733474
44649738540
44649746780
44649753921
44649761306
44649768997
44649777603
44649786208
44649793166
44649801955
44649810561
44649818374
44649826736
44649833999
44649841994
44649848830
44649856032
44649863845
44649868667
44649874709
44649879287
44649887832
44649894118
44649901443
44649906753
44649914138
44649920058
44649926162
44649932021
44649938735
44649945449
44649950209
44649957656
44649964248
44649970229
44649977126
44649982131
44649988234
44649995070
44650001662
44650007949
44650014174
44650019362
44650026442
44650032790
44650038344
44650042861
44650050368
44650056655
44650063124
44650068312
44650074782
44650081557
44650087233
44650092787
44650099196
44650106093
44650110365
44650117323
44650122816
44650129652
44650134291
44650140883
44650147169
44650153090
44650158217
44650163832
44650170729
44650176039
44650182387
44650187086
44650193556
44650199049
44650204786
44650210402
44650216322
44650222792
44650226881
44650234449
44650240004
44650246595
44650251661
44650257155
44650263868
44650270277
44650277113
44650283827
44650288893
44650295668
44650302931
44650309156
44650315138
44650320997
44650327650
44650333692
44650339552
44650348524
44650356458
44650363416
44650372938
44650379041
44650385633
44650390882
44650399854
44650405897
44650414686
44650421339
44650426832
44650433302
44650440321
44650446668
44650454847
44650461988
44650468519
44650474683
44650482130
44650487684
44650494275
44650500623
44650507215
44650513807
44650522291
44650529249
44650535413
44650544874
44650551038
44650557996
44650565076
44650570447
44650578687
44650583448
44650591870
44650599500
44650606031
44650613660
44650619580
44650624951
44650631970
44650637830
44650645886
44650650891
44650659192
44650667005
44650674268
44650680127
44650687512
44650693677
44650699841
44650705335
44650711438
44650716443
44650722729
44650729321
44650735425
44650740796
44650746960
44650753003
44650757825
44650765149
44650770642
44650780530
44650786938
44650794018
44650798901
44650805676
44650810559
44650820141
44650826916
44650832837
44650839001
44650846264
44650850964
44650858044
44650864636
44650870068
44650876355
44650882580
44650888501
44650893322
44650899304
44650908276
44650916210
44650923107
44650930554
44650936169
44650942761
44650950146
44650957714
44650963390
44650969372
44650977856
44650983166
44650990429
44650995007
44651002026
44651007275
44651013927
44651017956
44651025219
44651031445
44651036022
44651042309
44651048107
44651052502
44651058910
44651065441
44651070568
44651077038
44651083690
44651090954
44651096081
44651102489
44651108471
44651113598
44651119884
44651125499
44651131725
44651137157
44651143627
44651150646
44651156017
44651162548
44651167431
44651174816
44651179699
44651188243
44651193553
44651200817
44651206066
44651213329
44651218090
44651226207
44651232250
44651237987
44651242443
44651250865
44651256358
44651262584
44651267955
44651273082
44651276988
44651283153
44651288707
44651294322
44651300914
44651307506
44651312389
44651318370
44651324351
44651330577
44651336681
44651341746
44651348277
44651352550
44651359691
44651362437
44651369639
44651375255
44651380626
44651387340
44651394786
44651401988
44651407481
44651415355
44651420482
44651432628
44651439586
44651445994
44651452464
44651458690
44651464732
44651469554
44651478526
44651481944
44651492442
44651495799
44651505870
44651511912
44651519175
44651524424
44651532054
44651537364
44651544871
44651551707
44651559702
44651566050
44651573863
44651580821
44651586619
44651594431
44651600962
44651606577
44651614939
44651620127
44651628489
44651634775
44651639536
44651647471
44651654673
44651660837
44651667979
44651675242
44651681101
44651688730
44651694285
44651702219
44651709482
44651716440
44651721995
44651729990
44651735239
44651742380
44651747629
44651755014
44651759775
44651766428
44651771250
44651778208
44651785227
44651790720
44651795481
44651802927
44651808664
44651814279
44651819589
44651826975
44651832407
44651837839
44651845651
44651852304
44651859018
44651867136
44651874521
44651879404
44651886118
44651891550
44651896249
44651903818
44651910654
44651915536
44651920908
44651927866
44651934152
44651940439
44651945505
44651952707
44651959360
44651966684
44651973031
44651980234
44651987924
44651995370
44652001779
44652009652
44652016794
44652025338
44652031808
44652039560
44652045907
44652053903
44652061166
44652068978
44652075753
44652083383
44652091012
44652098336
44652104379
44652111459
44652117501
44652125802
44652130502
44652137399
44652143075
44652148873
44652154489
44652160348
44652165170
44652171090
44652176888
44652183541
44652190011
44652195382
44652202645
44652207589
44652214303
44652221017
44652226937
44652233590
44652240426
44652245431
44652252938
44652257699
44652266915
44652273568
44652279000
44652284920
44652292000
44652298165
44652303719
44652310250
44652316231
44652321297
44652328011
44652334115
44652339669
44652345040
44652351815
44652356270
44652363533
44652369637
44652375862
44652381600
44652387093
44652394234
44652400948
44652407051
44652413643
44652419625
44652424629
44652429207
44652434578
44652440254
44652444527
44652451790
44652458504
44652464119
44652468392
44652476204
44652481026
44652487495
44652493477
44652499336
44652504768
44652511116
44652516731
44652521858
44652526131
44652531990
44652538826
44652544685
44652552803
44652559090
44652566353
44652571785
44652578987
44652585640
44652592720
44652599739
44652604439
44652610359
44652616646
44652622322
44652628975
44652635261
44652640449
44652648567
44652656501
44652662910
44652668647
44652677620
44652682991
44652689521
44652695259
44652702461
44652708015
44652715522
44652722419
44652729560
44652736884
44652744209
44652750068
44652756172
44652761970
44652767951
44652774055
44652780402
44652786506
44652791145
44652799140
44652805183
44652810798
44652815925
44652824226
44652830268
44652838142
44652844489
44652852424
44652858405
44652864509
44652870795
44652877814
44652883918
44652890632
44652897407
44652904181
44652909919
44652916510
44652923285
44652929694
44652934882
44652941230
44652947638
44652952704
44652962104
44652967658
44652974982
44652979987
44652989936
44652996100
44653003241
44653006781
44653015326
44653021674
44653029547
44653036383
44653044257
44653049262
44653055914
44653060980
44653067633
44653071967
44653078680
44653085516
44653092047
44653099432
44653104132
44653110724
44653116827
44653122992
44653127814
44653136725
44653142462
44653150397
44653156378
44653163702
44653169317
44653177618
44653185431
44653193793
44653200628
44653209662
44653215094
44653222174
44653228643
44653236822
44653242865
44653250616
44653257330
44653263983
44653269110
44653276190
44653280706
44653287237
44653291571
44653299444
44653305792
44653311895
44653318426
44653323919
44653329901
44653336370
44653340765
44653348821
44653355657
44653362249
44653367193
44653374761
44653379949
44653387334
44653394720
44653400823
44653407232
44653411810
44653418890
44653423528
44653429449
44653435674
44653441900
44653446416
44653452398
44653456792
44653463994
44653467046
44653474737
44653480352
44653486944
44653492376
44653499944
44653505803
