34094654660
34094661679
34094667722
34094673947
34094679318
34094686765
34094692502
34094698361
34094704770
34094710202
34094717404
34094723142
34094729306
34094736997
34094743222
34094750790
34094757077
34094764767
34094771176
34094775937
34094784177
34094787839
34094796323
34094801816
34094808713
34094814023
34094820676
34094827511
34094835263
34094840939
34094845517
34094854245
34094860531
34094867489
34094872006
34094880368
34094886471
34095031490
34095039791
34095049313
34095056210
34095063473
34095070675
34095076229
34095083492
34095089107
34095097042
34095104671
34095111263
34095117977
34095124752
34095130916
34095137569
34095145016
34095151729
34095158016
34095164547
34095170894
34095178341
34095184566
34095191280
34095197750
34095204708
34095211116
34095217037
34095223323
34095230281
34095236629
34095244136
34095250789
34095256587
34095264461
34095267696
34095277034
34095280269
34095289607
34095292720
34095303401
34095310054
34095315852
34095323726
34095329463
34095334773
34095342647
34095349910
34095356441
34095365352
34095372310
34095377315
34095384761
34095391902
34095398555
34095405452
34095411372
34095420772
34095426448
34095434321
34095442012
34095449702
34095456965
34095463618
34095472285
34095479854
34095485408
34095494075
34095499568
34095507808
34095515132
34095522517
34095530207
34095535151
34095543818
34095550227
34095559077
34095565974
34095574580
34095581294
34095591181
34095598139
34095606928
34095612299
34095621699
34095627131
34095636897
34095642512
34095654841
34095661616
34095668513
34095674738
34095684321
34095692072
34095698664
34095704829
34095714777
34095721674
34095729365
34095736262
34095744013
34095752131
34095760004
34095766169
34095774958
34095781244
34095790094
34095796259
34095803400
34095812189
34095818293
34095827265
34095834040
34095843195
34095850397
34095857294
34095866205
34095873163
34095879938
34095889459
34095894892
34095905267
34095912042
34095920465
34095927667
34095935907
34095942438
34095951227
34095959894
34095968927
34095978204
34095983453
34095993097
34096000116
34096009759
34096017389
34096027032
34096033746
34096041803
34096049798
34096057733
34096064935
34096072809
34096081903
34096087945
34096094476
34096103631
34096112603
34096118707
34096128167
34096134515
34096143792
34096149102
34096159478
34096167779
34096178643
34096185479
34096192803
34096199761
34096209832
34096215814
34096225640
34096230035
34096240777
34096249322
34096255608
34096264886
34096271050
34096280694
34096287713
34096296929
34096304375
34096313042
34096318902
34096329095
34096334527
34096344353
34096351738
34096359673
34096367241
34096375603
34096382622
34096390923
34096399529
34096406914
34096414971
34096420891
34096430840
34096437859
34096448479
34096454399
34096463982
34096471855
34096478813
34096485161
34096495171
34096502373
34096511467
34096522270
34096529594
34096536919
34096544975
34096552055
34096560356
34096568962
34096577507
34096584221
34096593803
34096601372
34096610283
34096618706
34096623710
34096632927
34096641472
34096650261
34096658073
34096665703
34096672050
34096681450
34096685417
34096695671
34096703178
34096712211
34096719657
34096726860
34096733085
34096740837
34096748344
34096755241
34096763359
34096771171
34096778251
34096785575
34096793632
34096801017
34096808219
34096816215
34096823234
34096832267
34096840690
34096847587
34096854850
34096862479
34096871207
34096879081
34096886649
34096894706
34096902335
34096909843
34096916617
34096924857
34096932059
34096940299
34096948356
34096956107
34096964164
34096971427
34096978934
34096985282
34096993522
34097001395
34097010916
34097019034
34097025443
34097032523
34097040702
34097049552
34097057669
34097065848
34097074027
34097082205
34097089469
34097096488
34097104056
34097110709
34097120413
34097128409
34097137198
34097144400
34097150870
34097157339
34097161978
34097167410
34097174002
34097180899
34097185721
34097192679
34097198599
34097204092
34097210196
34097215567
34097221548
34097228140
34097233145
34097239981
34097246023
34097252859
34097257315
34097263662
34097269949
34097275686
34097282827
34097288565
34097291494
34097299246
34097305655
34097311209
34097315664
34097322439
34097328909
34097334524
34097340994
34097346548
34097351309
34097358267
34097363088
34097368826
34097374563
34097379995
34097386770
34097393179
34097398062
34097404287
34097410818
34097417532
34097423086
34097428518
34097433706
34097439748
34097444936
34097449148
34097455556
34097460928
34097467458
34097471792
34097478384
34097483083
34097489492
34097494375
34097500234
34097504507
34097510244
34097516469
34097522817
34097527639
34097532155
34097537526
34097543020
34097549856
34097555227
34097561025
34097566945
34097572316
34097577565
34097582998
34097588796
34097594777
34097599782
34097603749
34097610891
34097616017
34097622548
34097626943
34097632070
34097638417
34097643361
34097649587
34097655629
34097660695
34097665334
34097670339
34097676381
34097681569
34097687245
34097693349
34097697560
34097703481
34097709401
34097714772
34097720509
34097726796
34097732594
34097737233
34097742238
34097749623
34097754628
34097758473
34097765248
34097768971
34097774770
34097778554
34097784779
34097790578
34097796986
34097801137
34097807057
34097812916
34097817311
34097822743
34097829030
34097834523
34097839528
34097844655
34097850270
34097855153
34097858876
34097864979
34097869557
34097876820
34097881398
34097887562
34097892506
34097898182
34097902882
34097908985
34097915394
34097920521
34097925465
34097930714
34097935475
34097940846
34097946034
34097951039
34097957325
34097961476
34097967640
34097971485
34097977589
34097981678
34097988453
34097994862
34097998951
34098003712
34098009327
34098015003
34098020252
34098025135
34098030750
34098035877
34098040638
34098046680
34098051075
34098056934
34098061573
34098067554
34098071766
34098077625
34098082996
34098088001
34098093128
34098096973
34098102711
34098108753
34098114979
34098119434
34098124195
34098129200
34098134022
34098139881
34098144520
34098149708
34098155506
34098160450
34098166004
34098171131
34098176136
34098180896
34098186390
34098192493
34098197437
34098202076
34098207202
34098213245
34098217884
34098222950
34098229358
34098233997
34098238208
34098243762
34098248340
34098253833
34098259815
34098264026
34098270984
34098274768
34098280872
34098284595
34098291492
34098296130
34098302295
34098307788
34098312488
34098317615
34098323169
34098328296
34098333362
34098338428
34098342883
34098350208
34098355090
34098359851
34098365405
34098370227
34098374683
34098380786
34098386767
34098391284
34098396716
34098401172
34098406787
34098412463
34098416675
34098423083
34098428271
34098434314
34098439197
34098445056
34098450122
34098454760
34098461474
34098468066
34098472278
34098479174
34098483264
34098490405
34098494616
34098500842
34098506457
34098511340
34098516833
34098522509
34098527880
34098533129
34098538073
34098544909
34098550830
34098554614
34098560717
34098565661
34098571032
34098576403
34098582263
34098588427
34098592944
34098598681
34098603137
34098608630
34098613207
34098620104
34098626513
34098630236
34098635912
34098641711
34098646716
34098652392
34098658373
34098663500
34098668871
34098673754
34098678820
34098683520
34098689013
34098694933
34098699511
34098705614
34098710741
34098715929
34098721300
34098726732
34098731188
34098736986
34098742663
34098747667
34098752977
34098758043
34098764147
34098769091
34098775377
34098780809
34098785509
34098790331
34098795641
34098801012
34098806200
34098813219
34098817552
34098821947
34098827684
34098833055
34098839342
34098844591
34098850328
34098854723
34098860338
34098865587
34098870836
34098874681
34098880174
34098886705
34098892687
34098897447
34098901964
34098907579
34098912950
34098917223
34098924303
34098929369
34098934312
34098939073
34098944322
34098950731
34098955247
34098961778
34098967210
34098972826
34098977586
34098982957
34098987840
34098993272
34098999071
34099004503
34099009691
34099014390
34099020006
34099025010
34099030382
34099036973
34099042283
34099047227
34099052232
34099057542
34099062120
34099067430
34099072557
34099078050
34099084214
34099088670
34099094041
34099099046
34099104539
34099109727
34099115403
34099121629
34099126939
34099131394
34099137315
34099141770
34099146226
34099153428
34099158494
34099162827
34099168565
34099173081
34099179185
34099183518
34099189500
34099194627
34099199876
34099205552
34099210557
34099216599
34099221421
34099227647
34099233079
34099238389
34099243027
34099248276
34099253159
34099258958
34099264756
34099269273
34099274644
34099280564
34099284531
34099291123
34099295640
34099302292
34099306931
34099312790
34099317185
34099322739
34099328049
34099334031
34099339158
34099345322
34099349656
34099354477
34099359910
34099365647
34099370774
34099376816
34099382737
34099388779
34099393601
34099399033
34099404343
34099409592
34099414719
34099420700
34099425705
34099431687
34099436203
34099441696
34099447190
34099452561
34099459213
34099464035
34099469040
34099475144
34099480393
34099485886
34099490280
34099496567
34099501755
34099507492
34099512680
34099517685
34099523239
34099528366
34099534714
34099540573
34099545883
34099550827
34099556259
34099560959
34099565720
34099573227
34099578110
34099584152
34099589157
34099593979
34099600143
34099603561
34099611374
34099617111
34099622909
34099629257
34099633957
34099640976
34099646164
34099651596
34099656295
34099662582
34099668136
34099673751
34099678756
34099684616
34099690292
34099696151
34099702011
34099708419
34099713546
34099719528
34099724533
34099729843
34099735336
34099740035
34099747604
34099751937
34099758224
34099762802
34099767867
34099772689
34099777999
34099783676
34099788070
34099793807
34099798873
34099805160
34099810592
34099816024
34099820052
34099827010
34099833846
34099838485
34099844833
34099851180
34099855880
34099861739
34099867660
34099872604
34099877181
34099883468
34099888778
34099895309
34099898971
34099904403
34099910262
34099916060
34099921615
34099927962
34099933516
34099937667
34099943221
34099947005
34099952254
34099957808
34099963607
34099970198
34099974898
34099980269
34099984359
34099990706
34099995711
34100002425
34100007247
34100011519
34100017317
34100022383
34100027327
34100032332
34100037581
34100043990
34100048567
34100054488
34100059249
34100065047
34100068770
34100075728
34100082259
34100085921
34100091292
34100095137
34100102400
34100106673
34100112471
34100118269
34100123763
34100129439
34100134871
34100139449
34100144209
34100151045
34100156294
34100162215
34100167464
34100172529
34100176863
34100181685
34100187910
34100193831
34100200300
34100205305
34100209517
34100214277
34100220625
34100225752
34100230940
34100237043
34100241133
34100247419
34100252302
34100257551
34100261824
34100268599
34100275068
34100279158
34100285261
34100290571
34100295088
34100300459
34100306684
34100311567
34100317915
34100322859
34100327864
34100333906
34100338178
34100344587
34100349165
34100354536
34100359968
34100365644
34100371015
34100375227
34100382551
34100387922
34100393659
34100398725
34100404340
34100410078
34100415266
34100421491
34100426679
34100430952
34100435651
34100441389
34100446577
34100451948
34100458173
34100463605
34100468244
34100473798
34100478620
34100483808
34100488691
34100493757
34100499433
34100505109
34100511762
34100516889
34100522321
34100527021
34100533674
34100539106
34100544477
34100550458
34100555890
34100560163
34100566694
34100572309
34100577497
34100583539
34100588117
34100593366
34100598798
34100604047
34100608503
34100613019
34100620832
34100625592
34100630536
34100636029
34100641950
34100646710
34100650434
34100656964
34100662213
34100667340
34100671796
34100677899
34100683148
34100688641
34100693524
34100700177
34100705182
34100710248
34100715863
34100720929
34100725629
34100731183
34100736432
34100742169
34100747113
34100751874
34100758038
34100763104
34100768597
34100772076
34100778851
34100785321
34100789410
34100795697
34100800702
34100806317
34100810101
34100816266
34100820904
34100827252
34100832867
34100837811
34100842206
34100848248
34100853863
34100858624
34100863507
34100869305
34100874920
34100880047
34100884625
34100889630
34100894818
34100902386
34100907330
34100910015
34100917645
34100921795
34100927777
34100931561
34100937847
34100943218
34100949017
34100954510
34100959454
34100963970
34100968975
34100974407
34100979962
34100984966
34100990826
34100995586
34101000652
34101005474
34101010784
34101015789
34101021465
34101027203
34101031353
34101037029
34101042889
34101047955
34101053265
34101059185
34101064007
34101067791
34101073650
34101079632
34101084514
34101088909
34101095379
34101101360
34101105877
34101110515
34101116192
34101121013
34101126690
34101131145
34101137249
34101142986
34101146831
34101153545
34101157390
34101163616
34101168865
34101174297
34101180278
34101184978
34101190715
34101196209
34101200664
34101206218
34101209819
34101217327
34101222331
34101226238
34101232830
34101236614
34101242961
34101247966
34101253276
34101259868
34101264385
34101268718
34101274638
34101279643
34101285259
34101290080
34101296428
34101302226
34101306010
34101312480
34101316203
34101322368
34101327861
34101332927
34101338298
34101344585
34101348918
34101355022
34101358806
34101364848
34101370280
34101375957
34101382487
34101388164
34101393596
34101399943
34101406230
34101411845
34101417766
34101421794
34101427836
34101432902
34101438884
34101445170
34101449077
34101455912
34101460002
34101465800
34101471965
34101477214
34101481120
34101487407
34101492839
34101497782
34101503947
34101508525
34101513957
34101518351
34101522807
34101529521
34101534709
34101540568
34101545573
34101551615
34101556437
34101561930
34101566813
34101571208
34101577433
34101581767
34101588114
34101592692
34101598429
34101603129
34101608561
34101612589
34101620646
34101625712
34101630717
34101635477
34101640787
34101645731
34101651102
34101656107
34101662028
34101666727
34101672220
34101677714
34101682535
34101686930
34101691630
34101699137
34101704142
34101707926
34101713907
34101717692
34101724833
34101729227
34101734232
34101739847
34101746256
34101751200
34101756754
34101761271
34101766764
34101771097
34101776957
34101782206
34101787332
34101792520
34101797464
34101802591
34101807657
34101814127
34101819010
34101825235
34101830179
34101834574
34101840250
34101844583
34101850321
34101856241
34101860758
34101866312
34101870462
34101876138
34101881632
34101886697
34101891519
34101898416
34101904703
34101908975
34101913919
34101919778
34101924478
34101928690
34101935831
34101941202
34101947122
34101952554
34101957620
34101962808
34101966653
34101972940
34101979104
34101984170
34101989541
34101994180
34101998269
34102004312
34102009683
34102015298
34102021524
34102026040
34102030496
34102036172
34102042215
34102047220
34102052407
34102058389
34102063272
34102066995
34102073648
34102078897
34102083718
34102089151
34102094583
34102100198
34102106118
34102111184
34102115579
34102120889
34102126565
34102131753
34102137185
34102142617
34102147744
34102152505
34102157449
34102163247
34102168313
34102173562
34102179604
34102184182
34102189675
34102194131
34102199929
34102204202
34102209573
34102215249
34102220803
34102225930
34102230447
34102235574
34102241128
34102244851
34102252175
34102257546
34102262673
34102267007
34102272927
34102278359
34102282815
34102287148
34102293313
34102298501
34102304299
34102309853
34102314736
34102319741
34102324746
34102329567
34102335488
34102341897
34102346352
34102351113
34102356179
34102362099
34102366860
34102371682
34102376931
34102382851
34102387062
34102392739
34102398598
34102403664
34102409096
34102416603
34102421547
34102426003
34102430886
34102436074
34102442177
34102446999
34102451943
34102457619
34102463417
34102468361
34102474037
34102477760
34102484779
34102489845
34102495949
34102500954
34102506142
34102510902
34102516029
34102520973
34102525978
34102532814
34102537209
34102543129
34102547645
34102553322
34102557960
34102563637
34102569008
34102575538
34102580604
34102585365
34102591224
34102593788
34102601173
34102605629
34102611976
34102616554
34102622474
34102627540
34102632972
34102637306
34102642860
34102648048
34102653419
34102659340
34102664894
34102669593
34102674049
34102680030
34102685463
34102690040
34102695289
34102701271
34102706398
34102711891
34102717140
34102722084
34102726722
34102732765
34102737708
34102743385
34102749183
34102755042
34102760536
34102765052
34102771949
34102776771
34102781898
34102787757
34102792457
34102798866
34102804420
34102809669
34102815528
34102819984
34102826392
34102832435
34102838233
34102843482
34102848670
34102853919
34102858741
34102864295
34102869788
34102874671
34102878760
34102884803
34102889014
34102895728
34102900855
34102906653
34102910254
34102915992
34102921668
34102927222
34102932288
34102938147
34102943213
34102948523
34102953467
34102958167
34102963355
34102968787
34102975867
34102981726
34102987097
34102992835
34102999060
34103004553
34103009070
34103013953
34103020301
34103025794
34103031653
34103036414
34103041663
34103046424
34103051001
34103057471
34103062903
34103068640
34103073218
34103078955
34103083167
34103088721
34103094763
34103101050
34103105933
34103111121
34103116064
34103121558
34103126318
34103131384
34103137610
34103141455
34103147864
34103153357
34103157751
34103163183
34103168799
34103173071
34103179724
34103184668
34103189612
34103195776
34103199560
34103205359
34103211584
34103216589
34103222693
34103227392
34103232824
34103238562
34103242895
34103248388
34103252722
34103259008
34103265356
34103269201
34103275427
34103280127
34103285009
34103289221
34103295629
34103301855
34103307592
34103312536
34103316931
34103322119
34103327612
34103332067
34103337744
34103343542
34103347448
34103353185
34103358190
34103363989
34103369238
34103374181
34103379553
34103385839
34103390844
34103395483
34103401647
34103405981
34103411047
34103416723
34103423070
34103428197
34103432958
34103436803
34103442907
34103446813
34103453954
34103459630
34103464635
34103469457
34103475316
34103480810
34103485265
34103489782
34103496007
34103500524
34103506505
34103511449
34103517003
34103522619
34103526586
34103533239
34103539830
34103544896
34103549291
34103555272
34103559423
34103565343
34103570531
34103575353
34103581151
34103587011
34103592137
34103597081
34103601964
34103606969
34103612157
34103618688
34103623876
34103628819
34103634740
34103639134
34103645116
34103649754
34103655858
34103659825
34103666844
34103670751
34103676366
34103681798
34103686864
34103691747
34103698582
34103703587
34103708287
34103714207
34103719090
34103724583
34103729344
34103734715
34103740391
34103746190
34103751744
34103756810
34103761571
34103766575
34103771397
34103786839
34103792637
34103798192
34103805028
34103809910
34103815220
34103819737
34103825779
34103830784
34103836522
34103841099
34103847569
34103853672
34103857762
34103863804
34103870091
34103875096
34103879185
34103886082
34103891758
34103897068
34103902745
34103907139
34103912632
34103918492
34103923802
34103928196
34103933445
34103939549
34103945225
34103951389
34103956333
34103961399
34103966282
34103970615
34103976963
34103982395
34103987705
34103992893
34103999180
34104003635
34104009312
34104013279
34104019382
34104025547
34104031284
34104036411
34104040317
34104046421
34104050571
34104056858
34104063145
34104068333
34104073948
34104078281
34104083347
34104088657
34104093906
34104098362
34104104038
34104109714
34104114780
34104120640
34104127109
34104131809
34104137546
34104142978
34104148716
34104153904
34104159336
34104166416
34104170688
34104177097
34104181552
34104187473
34104192356
34104199008
34104202610
34104208347
34104213718
34104219028
34104225803
34104230991
34104235813
34104240573
34104245639
34104250217
34104256564
34104261020
34104268039
34104273776
34104278781
34104283725
34104290073
34104294528
34104301425
34104306430
34104312534
34104316684
34104322421
34104326144
34104331882
34104338290
34104342868
34104349216
34104353732
34104359836
34104362582
34104369845
34104374545
34104380893
34104385776
34104390414
34104396518
34104402865
34104408358
34104413669
34104417636
34104423678
34104428622
34104434420
34104440341
34104445834
34104451083
34104456332
34104462985
34104468112
34104472689
34104478244
34104482638
34104487094
34104492831
34104496859
34104502719
34104508029
34104515658
34104521212
34104525912
34104530978
34104535678
34104541964
34104547518
34104552584
34104557650
34104564547
34104569003
34104575594
34104580355
34104586092
34104590426
34104596163
34104601290
34104606478
34104611605
34104615572
34104621554
34104627108
34104632601
34104638338
34104643343
34104648043
34104652987
34104657503
34104664217
34104668734
34104674654
34104679659
34104684908
34104689852
34104696505
34104700594
34104707491
34104713656
34104718721
34104724215
34104728060
34104733614
34104738924
34104744234
34104749910
34104755159
34104760897
34104766512
34104771639
34104778109
34104782991
34104789095
34104793245
34104799044
34104804415
34104808443
34104814546
34104820284
34104825594
34104830782
34104837312
34104841646
34104847749
34104852083
34104857820
34104862642
34104868990
34104872835
34104878633
34104884554
34104888582
34104894258
34104900667
34104906709
34104911775
34104916902
34104922090
34104927034
34104931551
34104937715
34104942842
34104949007
34104953523
34104959321
34104964143
34104970491
34104975801
34104982087
34104986177
34104992341
34104997163
34105002290
34105007234
34105012422
34105017366
34105021455
34105028413
34105032686
34105038911
34105043672
34105050508
34105056001
34105061128
34105067292
34105073274
34105078645
34105083894
34105089204
34105095063
34105100679
34105105012
34105111421
34105116853
34105121980
34105127107
34105132050
34105136445
34105142610
34105148835
34105153840
34105158296
34105163911
34105168305
34105173982
34105178254
34105184113
34105189545
34105195405
34105200471
34105206696
34105212189
34105217133
34105222993
34105228669
34105234528
34105240143
34105244782
34105250153
34105256257
34105260834
34105267365
34105272126
34105277863
34105284211
34105290192
34105295685
34105301178
34105306550
34105310456
34105315339
34105321076
34105326142
34105332001
34105337067
34105341340
34105347565
34105352753
34105357636
34105362336
34105369233
34105374359
34105380646
34105385041
34105390778
34105395294
34105402741
34105407990
34105413483
34105418549
34105424713
34105430390
34105436371
34105441254
34105447052
34105451691
34105456696
34105463104
34105468231
34105474640
34105478851
34105485504
34105490814
34105496613
34105502228
34105507965
34105513580
34105519867
34105525116
34105530487
34105535065
34105540131
34105545807
34105552032
34105556488
34105563751
34105568268
34105575226
34105580230
34105584808
34105589569
34105595306
34105602447
34105606415
34105612213
34105618927
34105624176
34105628814
34105633758
34105639190
34105644561
34105649322
34105655914
34105661712
34105666900
34105672454
34105678497
34105683441
34105687835
34105693145
34105699127
34105704864
34105708770
34105715057
34105719024
34105724029
34105729766
34105735320
34105740936
34105745941
34105750030
34105756072
34105760467
34105767059
34105773040
34105777679
34105783965
34105788177
34105794707
34105799407
34105805755
34105811614
34105816497
34105820342
34105825957
34105832244
34105838409
34105842620
34105848846
34105853972
34105859710
34105864165
34105869842
34105873321
34105879058
34105883819
34105890166
34105894317
34105900359
34105906096
34105912017
34105918059
34105922332
34105929412
34105934233
34105939544
34105945159
34105949797
34105955779
34105960479
34105965056
34105971465
34105977446
34105982268
34105988921
34105993376
34105999175
34106004363
34106009429
34106013701
34106019988
34106024382
34106029204
34106035063
34106041533
34106046172
34106052580
34106059233
34106065154
34106070281
34106075041
34106080046
34106086394
34106091154
34106096526
34106102324
34106107817
34106111967
34106119109
34106123686
34106129668
34106135344
34106141508
34106146269
34106152189
34106156828
34106162443
34106168181
34106172331
34106179167
34106183745
34106188749
34106194059
34106199125
34106205168
34106210173
34106215910
34106222014
34106226164
34106231779
34106236662
34106243620
34106248930
34106254850
34106260282
34106265470
34106272123
34106276274
34106281950
34106286772
34106292692
34106298307
34106302336
34106307890
34106313810
34106318937
34106323576
34106330107
34106335356
34106341398
34106347868
34106351896
34106357633
34106363798
34106369047
34106374357
34106380766
34106384245
34106390226
34106395414
34106400968
34106405057
34106411283
34106416532
34106422086
34106427274
34106432462
34106438688
34106443754
34106448759
34106454923
34106459623
34106465421
34106469877
34106475614
34106479825
34106484403
34106491056
34106497709
34106501859
34106508146
34106512052
34106518216
34106522001
34106528959
34106533231
34106539579
34106545011
34106549466
34106554532
34106560147
34106565152
34106571744
34106577054
34106582181
34106586881
34106591947
34106597623
34106602689
34106607755
34106614469
34106619412
34106624234
34106629117
34106633817
34106639920
34106645535
34106650296
34106655545
34106661343
34106666165
34106671780
34106677029
34106682034
34106687711
34106694608
34106699673
34106703763
34106709683
34106715115
34106719571
34106725430
34106730130
34106735989
34106741849
34106745755
34106752896
34106757779
34106762784
34106767972
34106773648
34106778714
34106783963
34106788846
34106794034
34106799832
34106803677
34106810025
34106815457
34106821194
34106825528
34106831204
34106837002
34106841580
34106848172
34106853604
34106858731
34106863186
34106869229
34106873989
34106879849
34106883877
34106890286
34106896511
34106901699
34106906277
34106911404
34106917080
34106920803
34106926296
34106933071
34106937954
34106943325
34106948269
34106952786
34106958706
34106963100
34106969387
34106975124
34106979702
34106984524
34106990078
34106994717
34107000332
34107006924
34107012905
34107017910
34107022671
34107028530
34107033413
34107037868
34107043423
34107048244
34107054226
34107060085
34107064052
34107069546
34107075710
34107079677
34107085842
34107092128
34107097194
34107101833
34107107937
34107111965
34107118007
34107122158
34107129116
34107133815
34107139675
34107143886
34107150478
34107154689
34107160427
34107166225
34107172390
34107177394
34107183010
34107187831
34107193569
34107198085
34107203700
34107209682
34107214137
34107219753
34107224330
34107229884
34107234279
34107239894
34107243678
34107250270
34107256679
34107260585
34107266261
34107272182
34107277065
34107282375
34107287257
34107292079
34107298122
34107302028
34107308070
34107313197
34107318629
34107323085
34107329372
34107334132
34107339686
34107344142
34107350612
34107355983
34107360988
34107365748
34107370936
34107376124
34107381251
34107387172
34107392238
34107396815
34107401515
34107407740
34107412074
34107418177
34107422694
34107428431
34107432643
34107439418
34107443080
34107449122
34107454493
34107459559
34107465235
34107470607
34107475367
34107481105
34107486109
34107491297
34107496180
34107500636
34107506678
34107511073
34107517115
34107522303
34107526881
34107532435
34107538172
34107542323
34107547877
34107553187
34107558253
34107563380
34107568873
34107573756
34107579371
34107584071
34107587916
34107595301
34107599451
34107604578
34107610255
34107615198
34107620814
34107626368
34107631556
34107635950
34107641321
34107647242
34107652552
34107657557
34107661280
34107666895
34107671351
34107677149
34107682581
34107688868
34107693873
34107698877
34107704798
34107709742
34107714441
34107718592
34107724878
34107730494
34107736292
34107741541
34107747278
34107752710
34107757532
34107762659
34107767359
34107773828
34107779871
34107784815
34107790064
34107794947
34107798670
34107806665
34107812708
34107817346
34107822534
34107828150
34107832727
34107838831
34107844080
34107850183
34107855188
34107860498
34107865503
34107870752
34107876672
34107880823
34107887842
34107893762
34107898218
34107902612
34107908166
34107912744
34107918420
34107922937
34107930078
34107935083
34107940637
34107945520
34107950830
34107956506
34107961328
34107966577
34107972925
34107977685
34107982568
34107988122
34107993066
34107998559
34108003930
34108009423
34108014917
34108019922
34108025903
34108030908
34108035730
34108041040
34108046289
34108051294
34108057702
34108062585
34108068078
34108072656
34108078210
34108082482
34108090051
34108095178
34108100488
34108105187
34108109643
34108115746
34108120385
34108127221
34108131799
34108137841
34108142419
34108148034
34108152612
34108158044
34108163415
34108169762
34108174767
34108179833
34108185876
34108189904
34108196007
34108200280
34108206994
34108212792
34108218651
34108222558
34108228234
34108232445
34108238061
34108244408
34108250268
34108255395
34108260460
34108266442
34108270592
34108276696
34108280480
34108286950
34108292748
34108298485
34108302086
34108308800
34108312462
34108318077
34108324547
34108329369
34108336327
34108341027
34108345726
34108350914
34108355675
34108361534
34108366173
34108372582
34108378319
34108381920
34108388817
34108392113
34108397667
34108404076
34108408348
34108414696
34108420250
34108425011
34108430138
34108436119
34108440025
34108446312
34108450768
34108457970
34108461937
34108467674
34108471886
34108477501
34108482811
34108488914
34108495201
34108499290
34108505211
34108509666
34108515587
34108519981
34108525780
34108530418
34108536400
34108540306
34108547203
34108550743
34108556480
34108563194
34108568748
34108573753
34108578758
34108584739
34108588340
34108594383
34108598838
34108605064
34108609642
34108615623
34108619896
34108626731
34108631614
34108636802
34108641685
34108648704
34108653587
34108658103
34108664329
34108668174
34108674278
34108678672
34108685325
34108690330
34108696128
34108701255
34108706199
34108710044
34108715659
34108721946
34108727439
34108732383
34108737510
34108742332
34108748374
34108754661
34108759361
34108765769
34108771873
34108777183
34108780906
34108786521
34108792625
34108797752
34108802940
34108809226
34108815513
34108819602
34108825706
34108830344
34108835837
34108840354
34108846396
34108852622
34108856650
34108861655
34108867331
34108872825
34108878196
34108883262
34108890220
34108895285
34108899619
34108905661
34108910117
34108916220
34108921408
34108926230
34108933005
34108938193
34108943381
34108948203
34108953086
34108958152
34108963584
34108969992
34108974997
34108980124
34108985983
34108990073
34108996176
34109000388
34109006674
34109011252
34109017172
34109021689
34109027060
34109031821
34109037314
34109043540
34109047690
34109055136
34109059409
34109064841
34109070395
34109075217
34109081015
34109085593
34109091269
34109097128
34109100912
34109106467
34109110922
34109116659
34109122214
34109129172
34109134054
34109138754
34109144919
34109149496
34109155478
34109158774
34109165182
34109170248
34109176169
34109181479
34109186972
34109192465
34109197531
34109202841
34109207052
34109213278
34109218832
34109223654
34109228476
34109234579
34109238546
34109245016
34109250936
34109256735
34109261190
34109267050
34109271200
34109276754
34109282675
34109288412
34109293356
34109298605
34109304647
34109308737
34109314901
34109319418
34109326437
34109330831
34109336691
34109341940
34109347555
34109352743
34109357809
34109362325
34109368124
34109374166
34109379537
34109384359
34109389425
34109394369
34109399923
34109405111
34109411275
34109417135
34109421224
34109427938
34109431661
34109437276
34109442830
34109447713
34109455221
34109459554
34109464559
34109470296
34109475301
34109479513
34109486348
34109491292
34109497945
34109501668
34109507894
34109512655
34109517415
34109523153
34109529927
34109535482
34109540548
34109545613
34109549947
34109555806
34109559896
34109565938
34109570272
34109577535
34109583516
34109589009
34109594319
34109599446
34109605916
34109610860
34109613790
34109621297
34109626546
34109631123
34109636128
34109641805
34109646016
34109652058
34109657613
34109663533
34109669514
34109674825
34109680257
34109685445
34109692219
34109698018
34109703206
34109708028
34109714680
34109719929
34109724385
34109730916
34109735371
34109741414
34109747273
34109753560
34109758015
34109764363
34109768208
34109774251
34109778828
34109785298
34109790425
34109796956
34109802144
34109808125
34109812886
34109819111
34109824788
34109829487
34109835713
34109840779
34109846943
34109850972
34109857868
34109862812
34109869160
34109873982
34109878559
34109883991
34109889607
34109893879
34109900349
34109905842
34109910847
34109915669
34109919392
34109926472
34109930256
34109936176
34109942341
34109948689
34109953632
34109957966
34109963520
34109968952
34109973164
34109979755
34109985981
34109991169
34109995991
34109999897
34110006794
34110010639
34110016193
34110022846
34110027790
34110033283
34110039020
34110042621
34110048603
34110053180
34110060871
34110065815
34110070820
34110075702
34110079792
34110086628
34110090412
34110096149
34110102680
34110107624
34110113788
34110118366
34110122638
34110128620
34110133075
34110138874
34110144916
34110150043
34110155292
34110159137
34110165058
34110170124
34110175678
34110181781
34110186847
34110190753
34110197833
34110202350
34110208270
34110212970
34110217670
34110224017
34110228778
34110233356
34110238971
34110245013
34110249835
34110255511
34110261249
34110266193
34110271625
34110276508
34110281696
34110286517
34110291217
34110297443
34110301898
34110308002
34110312457
34110318011
34110323077
34110328753
34110334369
34110340899
34110346698
34110352984
34110359271
34110363116
34110370257
34110374286
34110380511
34110386737
34110391497
34110397784
34110401812
34110408099
34110412799
34110419635
34110423846
34110431231
34110436480
34110440631
34110447833
34110452899
34110458270
34110464617
34110470843
34110475848
34110481707
34110485613
34110491290
34110497759
34110502154
34110508563
34110512774
34110518694
34110523638
34110529009
34110533892
34110540484
34110546832
34110551531
34110557513
34110561114
34110569109
34110574114
34110578997
34110584429
34110588702
34110594683
34110598894
34110605242
34110610552
34110616045
34110621599
34110626543
34110632769
34110637407
34110642779
34110648638
34110654497
34110658892
34110665300
34110670122
34110674944
34110680071
34110686113
34110691301
34110696428
34110702166
34110707964
34110713030
34110717302
34110724199
34110730608
34110735613
34110742693
34110747698
34110753435
34110759355
34110764055
34110770647
34110774858
34110781511
34110785967
34110792803
34110797746
34110803423
34110809099
34110815019
34110819902
34110826067
34110831316
34110836687
34110841692
34110846208
34110853471
34110858842
34110864580
34110868974
34110874528
34110881364
34110885637
34110892656
34110897233
34110904375
34110908769
34110915178
34110920061
34110925126
34110930131
34110936479
34110940751
34110947770
34110953081
34110958818
34110962541
34110968278
34110974931
34110980424
34110986711
34110990739
34110998185
34111002641
34111008989
34111014238
34111020524
34111025834
34111031816
34111036393
34111042497
34111047074
34111052934
34111059220
34111063493
34111069413
34111074784
34111080216
34111086747
34111091935
34111096818
34111102616
34111108109
34111114518
34111118363
34111124833
34111129289
34111135636
34111140885
34111146745
34111150590
34111158036
34111162736
34111167985
34111173844
34111178117
34111184464
34111189652
34111196061
34111200577
34111207474
34111212479
34111218644
34111223282
34111229447
34111235917
34111241227
34111246049
34111251298
34111256363
34111261796
34111267777
34111273209
34111278397
34111284745
34111289933
34111294754
34111300003
34111305008
34111311478
34111316849
34111322708
34111326554
34111333329
34111339676
34111344681
34111350296
34111354752
34111360855
34111365250
34111372147
34111376480
34111382645
34111386063
34111392655
34111398270
34111403702
34111409073
34111414322
34111419083
34111424576
34111431351
34111435989
34111442764
34111447342
34111453568
34111458817
34111464859
34111469315
34111475601
34111481827
34111485977
34111492508
34111496475
34111503006
34111507583
34111515579
34111520462
34111525650
34111530716
34111537002
34111542496
34111547256
34111552566
34111560745
34111566238
34111570205
34111576309
34111582657
34111587722
34111593216
34111598404
34111603775
34111610305
34111614456
34111620803
34111625259
34111631485
34111635757
34111642166
34111646316
34111652420
34111658035
34111663528
34111669998
34111674941
34111680252
34111685745
34111690688
34111695632
34111702407
34111708572
34111713271
34111719497
34111726638
34111732620
34111738418
34111743423
34111748306
34111754653
34111760635
34111765639
34111770950
34111776931
34111781936
34111787856
34111792739
34111798720
34111804519
34111810744
34111816237
34111821303
34111827834
34111831862
34111838210
34111844192
34111849257
34111855422
34111860488
34111865615
34111871901
34111877395
34111882888
34111888991
34111893874
34111900466
34111904799
34111910781
34111915602
34111921096
34111925673
34111931960
34111936293
34111942275
34111948256
34111953261
34111957961
34111963271
34111968276
34111973525
34111979872
34111984572
34111988905
34111993544
34111999342
34112004591
34112011122
34112016493
34112021559
34112026747
34112030837
34112037917
34112040541
34112048109
34112052626
34112058974
34112063918
34112069533
34112074171
34112078383
34112083083
34112089125
34112094679
34112099562
34112104689
34112109755
34112115614
34112119826
34112126539
34112132155
34112136793
34112142225
34112147780
34112151991
34112157545
34112161940
34112168043
34112173475
34112178968
34112183729
34112187513
34112194288
34112198622
34112203627
34112209303
34112215589
34112219557
34112226088
34112230360
34112235792
34112240370
34112247755
34112252638
34112258009
34112262709
34112267958
34112272718
34112278028
34112283216
34112289808
34112295606
34112299391
34112304945
34112310621
34112315565
34112320753
34112327345
34112332227
34112337904
34112342664
34112347852
34112352613
34112357679
34112362684
34112368116
34112373975
34112379041
34112383436
34112388685
34112394056
34112397962
34112405897
34112410901
34112414625
34112420972
34112424879
34112431653
34112436292
34112441358
34112446363
34112452649
34112457349
34112462842
34112467725
34112473157
34112476758
34112484693
34112489209
34112494642
34112500806
34112506604
34112511975
34112517774
34112523877
34112529309
34112533887
34112538648
34112544568
34112549756
34112555738
34112561231
34112566602
34112571973
34112577283
34112583203
34112589551
34112594678
34112599988
34112605115
34112610242
34112616712
34112621594
34112627576
34112632092
34112638379
34112642896
34112647778
34112652112
34112656079
34112659741
34112664136
34112668225
34112672620
34112677441
34112682080
34112685559
34112690808
34112694653
34112698620
34112703259
34112708203
34112713391
34112716626
34112721020
34112726269
34112729138
34112735303
34112739331
34112743969
34112748181
34112753064
34112757519
34112763623
34112768078
34112772961
34112778332
34112783093
34112788281
34112793042
34112797253
34112801587
34112806347
34112811779
34112815503
34112820935
34112824231
34112829663
34112833630
34112838208
34112842541
34112847424
34112851025
34112855725
34112858959
34112863598
34112867138
34112874157
34112877453
34112882153
34112886791
34112891003
34112895214
34112898449
34112903576
34112907116
34112912914
34112916699
34112920910
34112925549
34112929760
34112933056
34112937817
34112943188
34112947460
34112952770
34112957104
34112960216
34112966076
34112971569
34112975109
34112979565
34112984997
34112989147
34112993847
34112997753
34113002331
34113007519
34113011486
34113015697
34113020031
34113025219
34113029369
34113033581
34113038952
34113044079
34113048961
34113053722
34113058971
34113063854
34113069042
34113075817
34113081066
34113085155
34113089611
34113094188
34113099987
34113105785
34113110790
34113116893
34113123180
34113129467
34113134838
34113139720
34113145397
34113151561
34113155895
34113161022
34113166088
34113171947
34113177013
34113182628
34113187511
34113192760
34113196971
34113202525
34113206554
34113211314
34113218761
34113223521
34113229747
34113234019
34113240306
34113241588
34113250255
34113254039
34113259898
34113266124
34113271922
34113274547
34113281749
34113286326
34113293101
34113297740
34113302440
34113311229
34113316661
34113323375
34113327586
34113334422
34113339549
34113345103
34113348399
34113359080
34113363292
34113373423
34113379832
34113385325
34113391185
34113398021
34113405467
34113411998
34113418223
34113425547
34113432933
34113440440
34113445750
34113454600
34113461375
34113468028
34113475779
34113482005
34113491465
34113497691
34113504954
34113515025
34113521311
34113526865
34113534861
34113540965
34113548106
34113555430
34113563670
34113571848
34113578562
34113585276
34113591685
34113599192
34113605295
34113611643
34113618113
34113626658
34113635569
34113644175
34113650034
34113656748
34113662607
34113670237
34113677195
34113685495
34113689951
34113699106
34113708811
34113714609
34113722422
34113729502
34113735483
34113742319
34113748850
34113756540
34113763925
34113770761
34113778940
34113787790
34113794626
34113800363
34113808786
34113816049
34113822031
34113831247
34113837595
34113843637
34113852365
34113859018
34113865915
34113873361
34113880929
34113886545
34113894968
34113901559
34113908029
34113916269
34113922616
34113931466
34113938058
34113943734
34113951547
34113957834
34113966439
34113973031
34113978280
34113989511
34113996286
34114003671
34114010141
34114016610
34114025094
34114030160
34114038156
34114042794
34114051034
34114058724
34114068795
34114075570
34114081246
34114090096
34114094796
34114104684
34114111642
34114116952
34114126656
34114134591
34114141854
34114148385
34114154610
34114162423
34114166756
34114176522
34114183419
34114188058
34114199898
34114206978
34114215523
34114219857
34114228646
34114235482
34114241463
34114250008
34114254342
34114261544
34114273995
34114279488
34114287545
34114291878
34114301094
34114307564
34114314278
34114321907
34114326485
34114337105
34114345101
34114353279
34114360481
34114365547
34114374214
34114381111
34114388924
34114395821
34114398018
34114409920
34114415535
34114423653
34114434273
34114438423
34114447029
34114454719
34114461555
34114468635
34114476997
34114486641
34114493782
34114500618
34114507576
34114514778
34114522346
34114528755
34114537605
34114544380
34114550117
34114558357
34114567024
34114572944
34114579780
34114588813
34114595466
34114600837
34114609626
34114614448
34114624153
34114632820
34114639595
34114647346
34114655525
34114661933
34114668586
34114675239
34114683235
34114687629
34114696784
34114704353
34114711372
34114719306
34114725898
34114734809
34114741462
34114746894
34114755134
34114762580
34114771430
34114776618
34114787177
34114794318
34114800117
34114807990
34114812812
34114822333
34114829413
34114835761
34114843940
34114850348
34114859565
34114866645
34114871772
34114879706
34114887397
34114893439
34114900153
34114907904
34114916266
34114924628
34114930426
34114937323
34114945990
34114952704
34114957587
34114966437
34114970831
34114981329
34114988654
34114996039
34115003729
34115011298
34115017828
34115024298
34115031134
34115039191
34115046515
34115052618
34115063238
34115070319
34115076849
34115085211
34115091070
34115097662
34115106756
34115113531
34115120550
34115126715
34115135321
34115142645
34115149115
34115156317
34115164557
34115168890
34115179571
34115186224
34115191595
34115199591
34115204473
34115215216
34115222052
34115230047
34115237127
34115243292
34115251898
34115256536
34115266363
34115276067
34115281317
34115291570
34115296636
34115305364
34115312994
34115319769
34115329168
34115335088
34115340643
34115349676
34115356206
34115363531
34115370855
34115377019
34115384038
34115390447
34115396551
34115405340
34115412786
34115417974
34115425420
34115436895
34115444768
34115452886
34115461248
34115467351
34115472417
34115481206
34115491399
34115499822
34115508123
34115510503
34115522344
34115526982
34115537114
34115542302
34115551518
34115561223
34115569524
34115577886
34115585881
34115592717
34115600591
34115607182
34115616277
34115623418
34115630376
34115638005
34115646001
34115653874
34115661381
34115669682
34115676335
34115683049
34115689397
34115696721
34115703007
34115707646
34115719060
34115725773
34115734684
34115741215
34115743412
34115754704
34115761296
34115766484
34115778752
34115784428
34115792851
34115797673
34115807194
34115814274
34115820744
34115828373
34115833073
34115841740
34115848881
34115855229
34115863774
34115871525
34115877751
34115884647
34115893498
34115899906
34115908878
34115915836
34115924320
34115931339
34115939213
34115946476
34115953007
34115959904
34115966007
34115974247
34115978763
34115991031
34115998234
34116003727
34116011783
34116017521
34116026249
34116033146
34116038700
34116046634
34116052494
34116061527
34116068546
34116075809
34116084049
34116088382
34116099369
34116106143
34116114933
34116121952
34116126529
34116135868
34116140994
34116150699
34116157901
34116163150
34116172061
34116176639
34116184207
34116192142
34116198612
34116207462
34116217838
34116224490
34116231265
34116237308
34116245975
34116253604
34116260074
34116266849
34116273868
34116283145
34116287784
34116294925
34116303103
34116309024
34116317874
34116325869
34116332522
34116339663
34116346804
34116355288
34116361087
34116370303
34116377261
34116382449
34116390872
34116399783
34116405703
34116412844
34116421206
34116430239
34116436038
34116442263
34116449465
34116458560
34116465457
34116471560
34116479983
34116484622
34116494082
34116501406
34116508669
34116516726
34116521304
34116531802
34116538576
34116545229
34116553103
34116559206
34116565798
34116573916
34116582644
34116588320
34116595461
34116601931
34116611208
34116617739
34116623537
34116631228
34116640139
34116648562
34116655825
34116662783
34116668215
34116676699
34116681520
34116692141
34116699099
34116706301
34116712221
34116722231
34116728884
34116736025
34116743471
34116748903
34116756960
34116763918
34116770876
34116779787
34116785707
34116794313
34116800966
34116807619
34116814394
34116822328
34116829897
34116836488
34116843629
34116849550
34116858278
34116865358
34116874452
34116879030
34116886415
34116893983
34116901491
34116910402
34116914796
34116922365
34116933412
34116939760
34116947267
34116954042
34116960695
34116967836
34116975953
34116981996
34116989442
34116995851
34117006166
34117012086
34117020143
34117027955
34117033937
34117041017
34117049989
34117056764
34117062318
34117071473
34117079957
34117087281
34117094483
34117102296
34117107728
34117114625
34117122742
34117129517
34117135438
34117144654
34117151612
34117160584
34117167603
34117174439
34117182801
34117189332
34117198304
34117203614
34117212891
34117220704
34117228821
34117237244
34117243897
34117252991
34117257996
34117267701
34117275269
34117281983
34117291016
34117300049
34117306153
34117313477
34117322510
34117330017
34117337219
34117345337
34117353272
34117362366
34117369019
34117375977
34117383240
34117390198
34117398804
34117405029
34117413025
34117417786
34117425232
34117437012
34117442749
34117450928
34117459961
34117468445
34117473633
34117481872
34117491150
34117497253
34117505676
34117512817
34117519592
34117524109
34117534485
34117543335
34117548889
34117558899
34117564636
34117571350
34117580566
34117588134
34117596130
34117603149
34117609130
34117616760
34117623474
34117630248
34117636535
34117643188
34117647277
34117659911
34117664062
34117671996
34117679931
34117687133
34117695373
34117702697
34117709777
34117717223
34117726012
34117732970
34117740173
34117745483
34117752318
34117760985
34117767516
34117769836
34117783019
34117787292
34117798217
34117805541
34117812255
34117820495
34117826049
34117832580
34117841613
34117846740
34117855346
34117859923
34117869933
34117877074
34117882384
34117890685
34117898680
34117905516
34117912474
34117919737
34117928710
34117937071
34117944518
34117949034
34117959227
34117966063
34117972472
34117978270
34117987303
34117993407
34118001524
34118007689
34118015501
34118023436
34118029723
34118036742
34118043089
34118051024
34118055601
34118064635
34118073485
34118081114
34118089415
34118095884
34118104429
34118108885
34118116026
34118124205
34118130919
34118140196
34118145140
34118154905
34118162291
34118168150
34118176939
34118183714
34118190489
34118197447
34118203123
34118212705
34118220457
34118229734
34118237119
34118243833
34118251524
34118257139
34118266294
34118273191
34118279600
34118288267
34118293821
34118303037
34118309995
34118317686
34118324949
34118330808
34118339658
34118344236
34118353879
34118363401
34118368467
34118377195
34118381833
34118392209
34118399473
34118406858
34118412656
34118416990
34118428464
34118438108
34118445249
34118452878
34118457456
34118467221
34118473813
34118481504
34118489316
34118496213
34118503049
34118510312
34118517942
34118526181
34118533383
34118540097
34118546689
34118553281
34118561704
34118568540
34118577817
34118583737
34118593442
34118601315
34118608945
34118614987
34118622494
34118629452
34118636410
34118644711
34118650632
34118659177
34118667966
34118675595
34118681332
34118689694
34118696896
34118703427
34118710019
34118717648
34118724057
34118732541
34118739743
34118746151
34118753720
34118761837
34118769223
34118776059
34118782894
34118788754
34118797421
34118806515
34118813168
34118819760
34118826473
34118834713
34118840634
34118848995
34118856320
34118861630
34118873592
34118879818
34118887692
34118894772
34118900997
34118908321
34118916805
34118922420
34118929989
34118936397
34118946529
34118951595
34118959408
34118968136
34118974300
34118981258
34118987545
34118995601
34119001461
34119010738
34119017391
34119023800
34119033504
34119040584
34119046322
34119053280
34119061702
34119068355
34119076412
34119082576
34119091915
34119099117
34119105586
34119112667
34119120723
34119125179
34119134273
34119141475
34119149837
34119155635
34119164363
34119171748
34119178890
34119186763
34119194637
34119201472
34119207881
34119214961
34119222591
34119231929
34119237910
34119246394
34119251582
34119262080
34119268977
34119273616
34119282344
34119286921
34119294612
34119305720
34119313105
34119318904
34119327510
34119333918
34119340693
34119348506
34119354670
34119364741
34119372309
34119380427
34119387507
34119396113
34119401362
34119409968
34119417048
34119422541
34119430293
34119440608
34119450861
34119458003
34119467280
34119472346
34119479853
34119487482
34119495417
34119502009
34119508601
34119516779
34119523615
34119531184
34119540461
34119547846
34119553522
34119561396
34119569147
34119577875
34119582209
34119592341
34119601923
34119609430
34119615900
34119623591
34119630426
34119637507
34119646296
34119652155
34119659357
34119665888
34119673822
34119681757
34119690424
34119696039
34119705255
34119712274
34119717768
34119726435
34119733331
34119742731
34119748041
34119757623
34119765314
34119771784
34119780084
34119784967
34119795099
34119802057
34119806757
34119816095
34119820673
34119831232
34119838861
34119844232
34119852472
34119857049
34119866083
34119873285
34119881830
34119890008
34119896722
34119903497
34119910943
34119919732
34119926385
34119934381
34119940057
34119947015
34119955133
34119962152
34119969781
34119978082
34119982843
34119991693
34120001031
34120007623
34120015374
34120022576
34120029046
34120037347
34120044488
34120052361
34120058526
34120067681
34120072381
34120081353
34120086907
34120095879
34120103082
34120110406
34120116692
34120124627
34120131158
34120140252
34120147393
34120152581
34120160943
34120167351
34120176629
34120182671
34120190911
34120199517
34120205864
34120214348
34120222527
34120229180
34120235833
34120241814
34120251580
34120256157
34120267083
34120274895
34120281975
34120287590
34120295281
34120304192
34120310906
34120316033
34120324883
34120332512
34120341728
34120346977
34120354546
34120362846
34120369988
34120378960
34120383843
34120390800
34120401665
34120408501
34120417351
34120421806
34120432365
34120439506
34120445305
34120453606
34120458916
34120467460
34120475700
34120484062
34120491752
34120498649
34120505363
34120512077
34120519218
34120527336
34120531730
34120540886
34120552238
34120558403
34120565971
34120572135
34120581169
34120587883
34120594535
34120602165
34120608695
34120615348
34120622917
34120630241
34120640800
34120645866
34120655509
34120660758
34120671623
34120678886
34120686332
34120695182
34120700675
34120710197
34120716666
34120721793
34120732413
34120736991
34120745963
34120752799
34120758048
34120769279
34120776664
34120784171
34120789115
34120797782
34120804923
34120812613
34120818412
34120825370
34120834464
34120842765
34120848563
34120856559
34120861380
34120869986
34120879447
34120884391
34120892508
34120900626
34120906912
34120917410
34120924368
34120931204
34120938529
34120944022
34120951224
34120958121
34120965750
34120974539
34120980826
34120988333
34120994742
34121004568
34121008292
34121017508
34121021902
34121032584
34121039297
34121046255
34121055716
34121060660
34121069937
34121076651
34121083792
34121092154
34121097036
34121107229
34121114248
34121120047
34121128653
34121135489
34121142569
34121149649
34121156668
34121165029
34121172415
34121178579
34121185842
34121192068
34121204641
34121212759
34121219168
34121223928
34121234609
34121241262
34121249014
34121254873
34121263174
34121270010
34121277578
34121285085
34121294668
34121300771
34121309377
34121316396
34121321828
34121329580
34121337148
34121343679
34121352346
34121360036
34121368276
34121374990
34121383291
34121387929
34121396596
34121403249
34121411550
34121421499
34121429738
34121435842
34121444814
34121451467
34121458303
34121465078
34121472890
34121477712
34121484304
34121495839
34121502187
34121509755
34121516835
34121523244
34121529530
34121538258
34121545094
34121551930
34121557851
34121565724
34121574330
34121581593
34121588368
34121596364
34121602101
34121609853
34121613820
34121619984
34121627980
34121637013
34121642872
34121651723
34121657216
34121663380
34121669423
34121676381
34121680348
34121688283
34121696705
34121707081
34121713429
34121719471
34121726735
34121730763
34121738697
34121744801
34121751332
34121756520
34121764515
34121772694
34121777394
34121783375
34121790577
34121797047
34121804554
34121808644
34121815357
34121825184
34121831776
34121839710
34121845020
34121850880
34121857044
34121862660
34121869801
34121873829
34121884388
34121891102
34121900196
34121906605
34121911732
34121918507
34121924854
34121930775
34121938770
34121943958
34121951649
34121958973
34121967212
34121973621
34121979664
34121985950
34121991016
34121998645
34122005970
34122011768
34122018543
34122027576
34122034473
34122040577
34122045703
34122052478
34122060779
34122066883
34122073535
34122078968
34122087512
34122093799
34122100696
34122105213
34122114551
34122119007
34122126880
34122133106
34122137988
34122148731
34122157825
34122164233
34122171069
34122176013
34122182239
34122190234
34122196521
34122200610
34122209216
34122216663
34122223498
34122230456
34122236987
34122244189
34122249438
34122257739
34122265185
34122269946
34122283496
34122287463
34122295581
34122302356
34122308276
34122314563
34122321277
34122328601
34122334460
34122339953
34122349902
34122354907
34122362170
34122367785
34122375720
34122380236
34122388049
34122395373
34122403124
34122412402
34122418261
34122426135
34122432177
34122437060
34122444445
34122448351
34122457629
34122463610
34122468798
34122480822
34122487536
34122494738
34122500231
34122505968
34122513842
34122518359
34122525561
34122531603
34122537524
34122544726
34122554308
34122560167
34122564684
34122572863
34122578966
34122584887
34122591906
34122599596
34122605517
34122616686
34122622911
34122629076
34122633837
34122641161
34122648485
34122654406
34122660631
34122665758
34122675890
34122681078
34122689257
34122696398
34122702440
34122708544
34122713365
34122723009
34122730028
34122738268
34122743517
34122753832
34122760057
34122766527
34122771471
34122778673
34122786241
34122792467
34122799364
34122805345
34122809557
34122819932
34122826341
34122830980
34122838182
34122845445
34122850450
34122856737
34122862169
34122873399
34122880418
34122887559
34122892564
34122900132
34122906541
34122912034
34122918992
34122926316
34122933580
34122941026
34122946275
34122953538
34122960130
34122968003
34122972398
34122978318
34122987779
34122992356
34123001573
34123010972
34123016953
34123023423
34123030259
34123037461
34123043260
34123050706
34123055100
34123061448
34123072312
34123080735
34123088547
34123092454
34123101548
34123107590
34123113389
34123120652
34123127061
34123135422
34123146165
34123152695
34123159836
34123166367
34123173630
34123179734
34123187546
34123192002
34123197983
34123210251
34123216477
34123223313
34123229782
34123235642
34123241623
34123247544
34123254807
34123261948
34123268173
34123274765
34123283982
34123290207
34123296372
34123301499
34123307541
34123314743
34123321030
34123326645
34123336166
34123341232
34123351486
34123357407
34123362900
34123370285
34123376938
34123383163
34123389023
34123395493
34123403183
34123410080
34123416061
34123422348
34123427902
34123435165
34123442245
34123449203
34123453476
34123461960
34123471359
34123480392
34123486313
34123488388
34123499008
34123502975
34123510116
34123517807
34123524093
34123532577
34123540573
34123547226
34123553329
34123559799
34123567001
34123571884
34123579696
34123586105
34123590194
34123598068
34123606429
34123612106
34123618087
34123625900
34123631881
34123636459
34123644454
34123651840
34123657760
34123664840
34123672530
34123680038
34123686874
34123692855
34123698714
34123704696
34123711898
34123717696
34123726241
34123733016
34123741256
34123747542
34123752181
34123759627
34123763778
34123772994
34123779342
34123785445
34123793929
34123801741
34123807418
34123814498
34123820113
34123826461
34123834151
34123839034
34123846785
34123852767
34123859786
34123866500
34123874068
34123880049
34123887740
34123891951
34123900740
34123906905
34123909041
34123920149
34123927168
34123936995
34123943343
34123949751
34123957076
34123963667
34123969222
34123975447
34123981917
34123990340
34123995650
34124003767
34124008101
34124016646
34124023054
34124030989
34124035994
34124044111
34124051192
34124060225
34124066511
34124073713
34124080793
34124086531
34124092939
34124099348
34124106123
34124113386
34124119185
34124128645
34124136335
34124142439
34124149275
34124154341
34124160627
34124167829
34124174116
34124180708
34124188398
34124195844
34124202436
34124208784
34124215193
34124222395
34124227216
34124234724
34124241193
34124248212
34124257917
34124264509
34124271528
34124278486
34124284284
34124290571
34124296369
34124303510
34124310895
34124317121
34124323591
34124333600
34124340558
34124345075
34124352216
34124356367
34124365522
34124371930
34124379499
34124388776
34124394330
34124402692
34124407941
34124418866
34124423383
34124433820
34124441022
34124449628
34124457013
34124463971
34124471662
34124478314
34124486615
34124493207
34124497968
34124505475
34124513471
34124520062
34124527142
34124533795
34124541486
34124549481
34124556622
34124560712
34124567487
34124574445
34124579633
34124588116
34124595685
34124602032
34124608197
34124613751
34124620526
34124628583
34124634564
34124640423
34124646344
34124653912
34124661969
34124667462
34124671307
34124681500
34124687481
34124694378
34124699627
34124703595
34124714093
34124720929
34124727826
34124734661
34124740643
34124746563
34124752484
34124758831
34124766278
34124773419
34124779278
34124786541
34124793133
34124800457
34124805828
34124813824
34124820660
34124826519
34124832989
34124838421
34124848064
34124855938
34124862652
34124868694
34124876324
34124883099
34124890423
34124895306
34124901531
34124907513
34124915874
34124921795
34124929729
34124936504
34124942303
34124950237
34124955852
34124962993
34124968120
34124973858
34124985637
34124991375
34124998821
34125006023
34125013164
34125019390
34125025005
34125031169
34125039043
34125046428
34125055339
34125061443
34125067852
34125074443
34125081462
34125086406
34125093913
34125100200
34125107280
34125114848
34125122051
34125129375
34125136150
34125142131
34125148418
34125154460
34125161601
34125168925
34125175029
34125181926
34125189616
34125196025
34125201884
34125210246
34125216594
34125222270
34125228618
34125233928
34125242412
34125249370
34125257487
34125261455
