80134865593
80134869805
80134874016
80134877739
80134880669
80134884026
80134887261
80134890618
80134894280
80134897942
80134901482
80134905816
80134910149
80134914177
80134919243
80134924309
80134928887
80134933709
80134938103
80134942864
80134947380
80134952324
80134957573
80134962090
80134967522
80134972161
80134978691
80134984795
80134990654
80134996391
80135002556
80135008537
80135013970
80135021172
80135028923
80135036125
80135041924
80135047661
80135057304
80135063835
80135071648
80135077507
80135084587
80135095756
80135102226
80135110466
80135117058
80135122429
80135131889
80135140678
80135148552
80135155327
80135164970
80135173088
80135181205
80135188347
80135197258
80135204582
80135210502
80135220390
80135228630
80135236808
80135242424
80135251274
80135259269
80135267631
80135273246
80135281852
80135290153
80135296684
80135305351
80135312919
80135320121
80135326408
80135335563
80135342826
80135351066
80135359245
80135365226
80135374931
80135380607
80135390311
80135397697
80135405509
80135413993
80135421378
80135430106
80135437003
80135445914
80135452811
80135462089
80135468558
80135476005
80135484488
80135491690
80135500602
80135508414
80135516227
80135523734
80135530875
80135537711
80135545096
80135552115
80135559989
80135567191
80135575919
80135583243
80135590994
80135598258
80135605521
80135612479
80135619376
80135628287
80135635489
80135644522
80135650320
80135659476
80135667532
80135674368
80135681937
80135691763
80135699087
80135707632
80135713614
80135722403
80135729910
80135738150
80135745718
80135754019
80135761587
80135769400
80135776480
80135782034
80135791189
80135796743
80135804739
80135812735
80135819815
80135825491
80135833975
80135842153
80135849539
80135858572
80135867605
80135877065
80135884817
80135892080
80135900137
80135907827
80135917227
80135923147
80135931814
80135940542
80135949087
80135955129
80135963247
80135969350
80135977895
80135986013
80135995351
80136002553
80136010000
80136016958
80136024526
80136033315
80136041311
80136048696
80136058156
80136065053
80136073659
80136080678
80136088247
80136097768
80136104360
80136114370
80136121938
80136130483
80136136281
80136146352
80136152822
80136163686
80136170949
80136179189
80136190114
80136197499
80136204152
80136214467
80136223622
80136231313
80136238088
80136247731
80136254384
80136265065
80136273244
80136284108
80136291798
80136300526
80136307301
80136314076
80136324025
80136330983
80136338002
80136346974
80136354542
80136363881
80136371144
80136380482
80136388173
80136394886
80136403004
80136411732
80136417530
80136426808
80136433155
80136443348
80136451344
80136460438
80136469593
80136476002
80136486744
80136493214
80136502125
80136511036
80136521534
80136529652
80136536854
80136543995
80136553638
80136560719
80136570911
80136579395
80136588673
80136595875
80136604725
80136613392
80136619495
80136627308
80136636463
80136647449
80136654896
80136664356
80136671436
80136679432
80136690052
80136699695
80136710315
80136718128
80136724964
80136732776
80136739856
80136745655
80136754627
80136761280
80136769885
80136777332
80136784168
80136791126
80136799548
80136807544
80136814258
80136823291
80136831592
80136839465
80136848682
80136856860
80136863635
80136872668
80136879016
80136888721
80136895007
80136904285
80136909778
80136918689
80136925708
80136934253
80136942370
80136950427
80136957446
80136964709
80136971728
80136978930
80136986194
80136996203
80137004077
80137011645
80137018969
80137026843
80137034289
80137043566
80137051257
80137061816
80137069934
80137077258
80137085070
80137092516
80137100268
80137107531
80137114916
80137123095
80137130236
80137138415
80137145434
80137152270
80137159228
80137166796
80137176501
80137184985
80137192614
80137201159
80137208300
80137215380
80137222460
80137231554
80137239000
80137245897
80137252855
80137259508
80137266100
80137273668
80137281420
80137291185
80137299364
80137305651
80137311876
80137319445
80137326769
80137334459
80137341173
80137346483
80137356127
80137363512
80137372179
80137379442
80137387438
80137393724
80137399461
80137408006
80137413316
80137422899
80137428148
80137433763
80137440294
80137446581
80137451830
80137459459
80137464769
80137470750
80137477037
80137482469
80137489854
80137495836
80137502916
80137508897
80137515062
80137522325
80137528184
80137534776
80137543016
80137549974
80137556382
80137562608
80137568345
80137573472
80137580186
80137584520
80137591722
80137598314
80137602891
80137607774
80137613450
80137618150
80137623826
80137631333
80137637376
80137642198
80137647752
80137653123
80137659165
80137663682
80137666551
80137676805
80137681870
80137688279
80137693284
80137699326
80137705552
80137709580
80137718064
80137723374
80137728196
80137734300
80137739060
80137743821
80137749985
80137756211
80137762315
80137768052
80137772263
80137779649
80137783433
80137789719
80137795945
80137801682
80137806565
80137812546
80137817124
80137823289
80137828599
80137833176
80137839158
80137845139
80137849473
80137855515
80137861863
80137867722
80137872483
80137878098
80137884751
80137890549
80137895737
80137901413
80137907578
80137913681
80137919907
80137926499
80137932175
80137937302
80137943283
80137953415
80137959397
80137966538
80137973190
80137978378
80137984177
80137990158
80137995407
80138000900
80138005966
80138010849
80138018234
80138023544
80138028183
80138033737
80138040085
80138044968
80138051376
80138057419
80138061630
80138067612
80138071701
80138078598
80138082992
80138089462
80138093918
80138101791
80138107345
80138113205
80138119308
80138125656
80138129989
80138136398
80138141525
80138147262
80138153122
80138157211
80138162643
80138168991
80138174545
80138181381
80138186508
80138191391
80138197677
80138203292
80138208602
80138214035
80138221420
80138228622
80138234725
80138239669
80138245162
80138250839
80138256759
80138262557
80138267745
80138274093
80138279098
80138284103
80138289413
80138295150
80138300033
80138306258
80138310958
80138317550
80138322738
80138329086
80138335189
80138340499
80138345382
80138351363
80138356979
80138362716
80138368392
80138374496
80138379195
80138385421
80138390609
80138396773
80138402144
80138407088
80138413924
80138419173
80138423202
80138428084
80138434432
80138440597
80138446456
80138452010
80138458175
80138463485
80138469466
80138475142
80138480269
80138487166
80138494429
80138500167
80138505538
80138511824
80138517745
80138521895
80138528731
80138533248
80138539900
80138546187
80138551436
80138556319
80138561934
80138568404
80138574202
80138578963
80138585433
80138589705
80138596053
80138602034
80138608931
80138613875
80138619673
80138625899
80138630354
80138636641
80138641280
80138646223
80138654158
80138658736
80138665022
80138669844
80138676802
80138681013
80138687178
80138694807
80138698775
80138705794
80138711043
80138717390
80138721785
80138728071
80138733687
80138740156
80138750776
80138757368
80138764265
80138768965
80138774763
80138781050
80138785688
80138792341
80138797285
80138803328
80138808882
80138816328
80138821028
80138826765
80138832685
80138836897
80138843061
80138848799
80138852827
80138861189
80138866560
80138871687
80138876386
80138882551
80138887556
80138893965
80138899275
80138906477
80138911421
80138916670
80138922163
80138928205
80138933698
80138938398
80138944685
80138950117
80138956403
80138961286
80138967084
80138971296
80138977399
80138984113
80138989606
80138997358
80139005109
80139011396
80139021467
80139028486
80139035627
80139041913
80139047223
80139053510
80139059247
80139064191
80139070417
80139076764
80139080854
80139086530
80139092633
80139099225
80139106610
80139114362
80139120160
80139124738
80139131024
80139136396
80139142438
80139149030
80139155133
80139160199
80139165509
80139171735
80139177106
80139182843
80139189191
80139193280
80139200787
80139205487
80139212384
80139217389
80139223431
80139229413
80139236066
80139241376
80139247601
80139254437
80139260968
80139265607
80139274884
80139280926
80139286481
80139292340
80139297467
80139302533
80139309247
80139315533
80139321454
80139327252
80139333478
80139338666
80139345257
80139352093
80139357037
80139363629
80139370038
80139374920
80139380780
80139386883
80139392804
80139398968
80139404156
80139410809
80139416180
80139421429
80139428021
80139433575
80139439678
80139445111
80139451275
80139457562
80139463726
80139468914
80139475689
80139481609
80139486248
80139491863
80139498394
80139503887
80139510113
80139514935
80139520916
80139526531
80139533428
80139540813
80139546917
80139552654
80139559368
80139566143
80139571636
80139577984
80139584820
80139588848
80139595928
80139604351
80139610210
80139616253
80139622661
80139627605
80139633892
80139639202
80139645305
80139652019
80139658184
80139663616
80139669780
80139676555
80139681987
80139687969
80139692241
80139698406
80139705608
80139711711
80139717266
80139723613
80139728862
80139733501
80139740215
80139746379
80139752483
80139757060
80139763103
80139769817
80139775432
80139782146
80139789104
80139794292
80139800334
80139808330
80139814983
80139821758
80139826579
80139832805
80139839458
80139843425
80139850627
80139856425
80139861796
80139867656
80139874065
80139879863
80139885844
80139890239
80139896586
80139903667
80139909221
80139914409
80139920878
80139927409
80139933330
80139938273
80139944499
80139950480
80139956523
80139962748
80139968242
80139973796
80139980571
80139985026
80139991496
80139997355
80140002360
80140008280
80140014323
80140021525
80140027140
80140032267
80140037760
80140044596
80140049967
80140056498
80140061686
80140069132
80140073954
80140080851
80140088786
80140095194
80140100871
80140106181
80140112833
80140118754
80140124857
80140129435
80140135600
80140142619
80140148478
80140153544
80140157694
80140165201
80140170573
80140175883
80140182413
80140188883
80140194132
80140200236
80140206583
80140212687
80140217814
80140223856
80140229227
80140236063
80140241312
80140246988
80140253702
80140258829
80140264811
80140271463
80140276896
80140282755
80140289041
80140294535
80140300882
80140305948
80140312723
80140317789
80140323587
80140329691
80140334879
80140341226
80140348795
80140355570
80140362772
80140366739
80140373331
80140379373
80140385538
80140392252
80140396585
80140403970
80140409036
80140415567
80140420145
80140426859
80140433206
80140438333
80140444925
80140451028
80140456888
80140463418
80140468545
80140472757
80140480508
80140486246
80140492654
80140497232
80140503335
80140508462
80140514810
80140520364
80140526712
80140532937
80140539346
80140544778
80140551309
80140556558
80140562661
80140568826
80140574136
80140580178
80140586526
80140592752
80140598062
80140603677
80140610269
80140615457
80140622903
80140629067
80140636087
80140642861
80140648782
80140653909
80140660317
80140666177
80140672158
80140678750
80140683328
80140690041
80140695229
80140701516
80140708413
80140714578
80140720193
80140726113
80140731240
80140736733
80140743264
80140749490
80140755471
80140761330
80140766885
80140772378
80140777871
80140784341
80140790810
80140796059
80140801613
80140808266
80140814126
80140820351
80140825600
80140831704
80140837807
80140843483
80140848671
80140855446
80140860817
80140866555
80140873330
80140877724
80140884377
80140889626
80140896645
80140904091
80140911049
80140916298
80140923195
80140928627
80140933388
80140939797
80140946144
80140951271
80140958473
80140963905
80140969765
80140973854
80140980629
80140986549
80140993324
80140998451
80141003578
80141009926
80141016090
80141021095
80141028358
80141033607
80141039955
80141045326
80141051063
80141057777
80141062233
80141068703
80141073463
80141080177
80141085914
80141092018
80141098182
80141102455
80141109840
80141115944
80141121010
80141126320
80141133095
80141139686
80141144447
80141149940
80141155983
80141162941
80141168617
80141175941
80141182045
80141187965
80141194679
80141201332
80141207252
80141214088
80141219947
80141227333
80141234596
80141239967
80141245765
80141251869
80141257179
80141263099
80141269874
80141276344
80141281043
80141286109
80141292213
80141298011
80141303993
80141308875
80141315589
80141322303
80141326514
80141333839
80141338477
80141345130
80141350196
80141355323
80141361121
80141367652
80141372718
80141379615
80141387122
80141403907
80141413367
80141420325
80141428443
80141435706
80141441687
80141449805
80141460120
80141469703
80141480201
80141486792
80141492285
80141498572
80141502784
80141509803
80141516272
80141521887
80141527625
80141533667
80141538794
80141544837
80141550574
80141556372
80141561926
80141567603
80141573706
80141579749
80141584326
80141590735
80141600806
80141606360
80141616064
80141620154
80141626807
80141631873
80141638220
80141643408
80141649573
80141657446
80141662451
80141670447
80141676245
80141683142
80141689062
80141694311
80141703161
80141707312
80141714514
80141719763
80141725439
80141732702
80141738073
80141743567
80141751501
80141761023
80141768713
80141775732
80141780127
80141786779
80141794897
80141799108
80141806127
80141811682
80141817053
80141823095
80141828832
80141834692
80141840124
80141845617
80141852697
80141858679
80141864660
80141869665
80141875890
80141882055
80141888036
80141893713
80141899938
80141905065
80141910986
80141916174
80141922887
80141928808
80141935461
80141940221
80141947668
80141954137
80141959447
80141967138
80141972692
80141978307
80141985082
80141990575
80141996251
80142001623
80142007970
80142014928
80142019811
80142025182
80142032323
80142039708
80142045507
80142050512
80142056188
80142061620
80142067723
80142073522
80142080175
80142084935
80142090795
80142095250
80142102513
80142106359
80142111302
80142117040
80142122716
80142128575
80142134252
80142140599
80142145604
80142151341
80142156712
80142163304
80142168004
80142173680
80142179295
80142185826
80142191869
80142196935
80142202428
80142207738
80142213902
80142218968
80142224950
80142231786
80142237157
80142242894
80142247349
80142253392
80142258580
80142264744
80142272496
80142277379
80142283177
80142287511
80142294285
80142299656
80142306492
80142312657
80142319554
80142324498
80142330052
80142336461
80142340367
80142347142
80142353306
80142359715
80142365269
80142371434
80142376133
80142381810
80142387242
80142392979
80142399693
80142405491
80142410313
80142416111
80142421482
80142427281
80142432163
80142438328
80142444248
80142449192
80142455479
80142459690
80142465428
80142471409
80142477207
80142484959
80142490086
80142496555
80142500950
80142506931
80142511143
80142517246
80142523228
80142529331
80142534824
80142540012
80142546726
80142553440
80142558994
80142566318
80142573948
80142580784
80142587131
80142592441
80142597751
80142604465
80142611118
80142616306
80142622959
80142628452
80142633762
80142639316
80142644809
80142650852
80142656284
80142662815
80142667698
80142673374
80142679599
80142685092
80142691806
80142697788
80142703891
80142710178
80142715000
80142721591
80142726230
80142732639
80142737705
80142743625
80142749118
80142755527
80142761875
80142767246
80142774143
80142780368
80142787570
80142795017
80142800937
80142806674
80142812656
80142817905
80142824008
80142833102
80142838901
80142845065
80142852939
80142858676
80142865756
80142871799
80142877048
80142882541
80142889499
80142894504
80142901217
80142906833
80142912997
80142919162
80142925509
80142930514
80142936740
80142943210
80142948703
80142953891
80142959628
80142966647
80142971347
80142978549
80142986483
80142993197
80142998873
80143005343
80143011386
80143017489
80143022738
80143029147
80143034884
80143039706
80143046237
80143052401
80143058749
80143064059
80143070040
80143074984
80143080966
80143086520
80143091952
80143098422
80143104037
80143112215
80143121493
80143127108
80143133211
80143140108
80143146578
80143152926
80143158419
80143164461
80143169955
80143175997
80143182039
80143187960
80143194124
80143199373
80143205355
80143212008
80143217074
80143223543
80143228975
80143235262
80143241732
80143245943
80143253145
80143257357
80143265047
80143270479
80143277742
80143282503
80143289644
80143294588
80143301241
80143306063
80143312166
80143317415
80143323397
80143328829
80143335420
80143340547
80143346712
80143353243
80143360323
80143366060
80143371675
80143377168
80143385408
80143391451
80143397737
80143404451
80143413179
80143419771
80143423982
80143431184
80143435335
80143441560
80143448640
80143454317
80143460054
80143465303
80143470369
80143477388
80143483919
80143489168
80143495332
80143501375
80143506196
80143512483
80143518892
80143525667
80143531221
80143537751
80143543061
80143548005
80143555085
80143560517
80143567109
80143571687
80143578340
80143583833
80143589814
80143595613
80143601289
80143607575
80143612214
80143618684
80143625093
80143631440
80143636567
80143642182
80143647492
80143653230
80143659394
80143666657
80143676606
80143681977
80143687470
80143694489
80143699860
80143706696
80143712312
80143717194
80143728913
80143735078
80143741425
80143748078
80143753266
80143759125
80143764496
80143770051
80143776948
80143783051
80143789582
80143795075
80143801240
80143807526
80143813630
80143819245
80143823700
80143829377
80143836762
80143842377
80143848481
80143853852
80143859589
80143864716
80143870209
80143875580
80143881806
80143887299
80143893830
80143898957
80143906159
80143912323
80143919770
80143926544
80143941132
80143947785
80143954804
80143961517
80143967499
80143972870
80143979706
80143985565
80143991974
80143996918
80144003021
80144009613
80144013763
80144021881
80144026276
80144034088
80144039947
80144045380
80144051300
80144057098
80144063873
80144069244
80144074066
80144080536
80144085541
80144092132
80144097687
80144104095
80144110321
80144116241
80144122162
80144128509
80144134185
80144138458
80144144683
80144151458
80144156646
80144162262
80144167755
80144173492
80144179718
80144186920
80144195770
80144201202
80144207488
80144215423
80144222076
80144228240
80144234283
80144241485
80144246917
80144253143
80144258697
80144265167
80144270294
80144276641
80144282012
80144287383
80144294402
80144301360
80144306670
80144311858
80144318694
80144324126
80144330779
80144335784
80144341888
80144347076
80144353179
80144358855
80144364776
80144370025
80144373931
80144382110
80144387542
80144392180
80144396880
80144402923
80144407927
80144414519
80144420012
80144425933
80144431426
80144437102
80144441680
80144447966
80144453948
80144459746
80144465300
80144471648
80144476958
80144481902
80144489104
80144494902
80144501189
80144508879
80144515898
80144521147
80144526396
80144531279
80144536528
80144542632
80144547331
80144554961
80144561003
80144565520
80144571318
80144577300
80144582121
80144587981
80144596037
80144600859
80144607329
80144611662
80144617644
80144621794
80144627898
80144633269
80144639372
80144645903
80144650053
80144656401
80144662138
80144667021
80144673186
80144678679
80144684172
80144690275
80144695097
80144700834
80144705412
80144711638
80144717924
80144723906
80144728788
80144734221
80144739531
80144744780
80144752409
80144759184
80144764738
80144770292
80144776518
80144782743
80144788908
80144794401
80144799833
80144806608
80144813078
80144817961
80144823332
80144829557
80144834928
80144840971
80144847318
80144852201
80144858732
80144863554
80144869840
80144875089
80144881254
80144887846
80144893217
80144899870
80144905851
80144911161
80144917142
80144922208
80144928739
80144934904
80144940092
80144946317
80144951810
80144957548
80144964872
80144970243
80144976468
80144982206
80144988065
80144993375
80144999296
80145006681
80145011319
80145018522
80145024320
80145031278
80145037198
80145044217
80145050809
80145058316
80145063199
80145069913
80145075650
80145081266
80145086820
80145094266
80145098966
80145105985
80145111112
80145117337
80145123746
80145130033
80145135709
80145141873
80145148648
80145154141
80145160672
80145165982
80145171964
80145177518
80145183316
80145188687
80145194302
80145199551
80145205106
80145211697
80145217313
80145222745
80145227627
80145234647
80145240933
80145245694
80145251858
80145256619
80145262601
80145268765
80145275662
80145281399
80145287686
80145294766
80145300931
80145307095
80145312710
80145318509
80145323941
80145329495
80145336575
80145342373
80145348355
80145353360
80145359280
80145366116
80145370449
80145376797
80145382351
80145387905
80145394802
80145400540
80145407437
80145412564
80145418057
80145423245
80145429043
80145434414
80145439541
80145446255
80145452969
80145458157
80145464138
80145470486
80145475552
80145482143
80145487942
80145495632
80145501308
80145506557
80145513515
80145519131
80145524258
80145529140
80145535610
80145541042
80145547085
80145552395
80145557216
80145563442
80145570156
80145578090
80145584743
80145594509
80145599636
80145604885
80145611416
80145616787
80145623256
80145629726
80145633876
80145639492
80145645534
80145651149
80145655178
80145661525
80145667385
80145674343
80145680324
80145686000
80145691432
80145697963
80145703212
80145708095
80145714137
80145719570
80145725002
80145731838
80145736842
80145742885
80145749233
80145753932
80145760097
80145765590
80145770473
80145776332
80145781459
80145785915
80145792445
80145797633
80145803493
80145808742
80145814967
80145819606
80145825465
80145829982
80145837672
80145845424
80145854457
80145859340
80145865382
80145870509
80145875575
80145881984
80145887843
80145893031
80145899806
80145904811
80145909388
80145914882
80145921412
80145925135
80145930690
80145936061
80145941920
80145947108
80145951625
80145958339
80145966151
80145971156
80145975978
80145981288
80145986964
80145992762
80146000209
80146005946
80146012721
80146017176
80146025111
80146030665
80146037379
80146041773
80146047938
80146053431
80146058253
80146063441
80146070765
80146075953
80146081690
80146085841
80146091700
80146097681
80146105128
80146112818
80146122706
80146128748
80146134974
80146141077
80146146937
80146152247
80146156946
80146161829
80146167444
80146172266
80146178187
80146184046
80146188868
80146194788
80146199183
80146205591
80146209803
80146216517
80146222620
80146227076
80146232996
80146238428
80146243311
80146247278
80146254480
80146258814
80146265711
80146270227
80146275476
80146280115
80146286341
80146291345
80146297571
80146302637
80146309229
80146318262
80146325708
80146331384
80146336084
80146342798
80146349390
80146356104
80146362329
80146369348
80146375330
80146383875
80146390039
80146395044
80146400476
80146406946
80146411523
80146418603
80146424097
80146430078
80146435510
80146442712
80146446680
80146452783
80146458581
80146464013
80146470605
80146475122
80146483972
80146488855
80146495508
80146500940
80146507470
80146512536
80146518274
80146524926
80146530664
80146535608
80146541284
80146546350
80146551294
80146557885
80146563562
80146569909
80146576684
80146581018
80146587609
80146592126
80146598474
80146604455
80146611108
80146617394
80146623315
80146629113
80146636926
80146644006
80146650292
80146656640
80146664025
80146666955
80146677270
80146681969
80146688805
80146694604
80146700951
80146706078
80146712487
80146717553
80146724145
80146730492
80146737633
80146743004
80146748253
80146753930
80146760460
80146766259
80146771935
80146778466
80146783654
80146789757
80146794396
80146800866
80146807763
80146812279
80146817711
80146826256
80146831627
80146837975
80146843407
80146848961
80146854760
80146861779
80146866661
80146872521
80146878502
80146883873
80146890282
80146896752
80146901268
80146907799
80146915123
80146922692
80146929527
80146933861
80146942284
80146948082
80146953697
80146959801
80146966393
80146970604
80146977135
80146983116
80146988060
80146994957
80146999413
80147006065
80147012596
80147018150
80147023582
80147028892
80147034996
80147040611
80147048118
80147053917
80147059715
80147064964
80147069847
80147076439
80147081260
80147087852
80147093406
80147099388
80147104820
80147110923
80147115379
80147121971
80147128502
80147133018
80147140831
80147145042
80147152183
80147157737
80147163230
80147168418
80147175560
80147180931
80147190025
80147197227
80147204185
80147210716
80147217307
80147223350
80147229026
80147235313
80147240684
80147246726
80147251914
80147258079
80147263450
80147268516
80147275413
80147280051
80147286704
80147292136
80147298850
80147303733
80147310081
80147314963
80147320945
80147326743
80147332236
80147338096
80147342368
80147350608
80147357749
80147362937
80147367698
80147374289
80147380576
80147385398
80147391379
80147397971
80147403403
80147409201
80147415976
80147419944
80147426291
80147432700
80147438376
80147446738
80147451682
80147456626
80147463462
80147469382
80147475180
80147482627
80147487693
80147494650
80147500022
80147506247
80147511313
80147519431
80147526022
80147533347
80147539145
80147546286
80147551596
80147556479
80147563437
80147569785
80147575705
80147581747
80147588034
80147592306
80147598837
80147606345
80147610678
80147616598
80147622702
80147628195
80147634115
80147639792
80147644613
80147651266
80147655539
80147661886
80147668905
80147674887
80147679709
80147685873
80147691549
80147697226
80147702108
80147707785
80147714743
80147721090
80147725912
80147731771
80147736410
80147743002
80147750021
80147755941
80147762777
80147770162
80147774557
80147780783
80147785238
80147791220
80147797201
80147803243
80147809347
80147815023
80147822225
80147827535
80147832967
80147839071
80147845297
80147851278
80147855856
80147862142
80147868368
80147873922
80147879232
80147885824
80147890707
80147897420
80147902059
80147908224
80147912984
80147921224
80147926595
80147932699
80147938192
80147943624
80147950277
80147959737
80147971212
80147976644
80147983236
80147988180
80147993917
80148000142
80148005391
80148011739
80148021016
80148028096
80148034871
80148040059
80148046346
80148051290
80148057332
80148063436
80148070272
80148075521
80148080953
80148087422
80148092366
80148098653
80148104939
80148111226
80148115376
80148121785
80148128255
80148133138
80148139485
80148145711
80148151448
80148157735
80148162862
80148169026
80148174641
80148180867
80148186421
80148190816
80148197041
80148202534
80148208516
80148214253
80148221821
80148227498
80148232381
80148237813
80148242695
80148249043
80148254902
80148259846
80148265584
80148272603
80148279988
80148285969
80148292988
80148298542
80148305745
80148311299
80148317280
80148322773
80148328389
80148334675
80148339070
80148345051
80148350483
80148356953
80148361836
80148368550
80148374836
80148379902
80148384663
80148389729
80148395161
80148400776
80148406452
80148412312
80148419209
80148424153
80148429646
80148436176
80148441547
80148447102
80148452168
80148456379
80148463398
80148470356
80148475544
80148481037
80148486835
80148493427
80148498493
80148504536
80148508991
80148515217
80148521686
80148528644
80148533161
80148542988
80148549213
80148558124
80148563801
80148568989
80148575397
80148581012
80148586811
80148590778
80148597187
80148603534
80148607990
80148615375
80148620929
80148625995
80148630329
80148636554
80148643879
80148648029
80148654804
80148659809
80148664936
80148671161
80148677448
80148682575
80148688312
80148695392
80148700641
80148706989
80148713031
80148719379
80148725910
80148730487
80148737384
80148741901
80148747699
80148752521
80148759174
80148765643
80148770160
80148777118
80148782611
80148787738
80148794269
80148801105
80148809161
80148814715
80148822467
80148827411
80148834125
80148839435
80148844317
80148851520
80148856708
80148861529
80148866473
80148872577
80148877826
80148883685
80148889422
80148894915
80148899737
80148905475
80148910357
80148916095
80148921649
80148927935
80148935626
80148944537
80148951373
80148958575
80148964312
80148970721
80148976336
80148982257
80148988116
80148993975
80149000811
80149007098
80149013568
80149019549
80149024920
80149030779
80149036028
80149042315
80149051592
80149057146
80149064349
80149071307
80149075579
80149083575
80149089007
80149095538
80149099932
80149106524
80149112505
80149118792
80149123064
80149129046
80149136309
80149140520
80149147539
80149152605
80149157793
80149163653
80149169817
80149175188
80149181231
80149186541
80149192095
80149196184
80149201799
80149207293
80149211077
80149219316
80149224688
80149230669
80149236772
80149242632
80149247942
80149253130
80149259111
80149264665
80149269426
80149275164
80149279985
80149285173
80149291094
80149297869
80149303728
80149309953
80149318376
80149326677
80149334123
80149340166
80149346025
80149351823
80149357439
80149362444
80149367693
80149372942
80149378984
80149384965
80149391130
80149396623
80149401811
80149407609
80149413408
80149420488
80149425432
80149431413
80149435136
80149441423
80149446489
80149452531
80149456376
80149463212
80149470842
80149474870
80149480302
80149485368
80149491227
80149496110
80149502214
80149510148
80149515092
80149519365
80149524797
80149533158
80149538774
80149544938
80149549882
80149556230
80149562028
80149568376
80149575578
80149587052
80149594438
80149600785
80149606156
80149613053
80149620500
80149626359
80149632401
80149637467
80149643021
80149649674
80149655534
80149660905
80149666703
80149672257
80149675919
80149681962
80149688981
80149694291
80149699174
80149704911
80149710709
80149715897
80149723038
80149727250
80149733719
80149739152
80149745255
80149750626
80149754716
80149761002
80149767106
80149772782
80149779068
80149784928
80149789872
80149796952
80149801712
80149807389
80149818009
80149822953
80149828812
80149832901
80149839859
80149844193
80149853836
80149861161
80149867020
80149873612
80149880203
80149886612
80149891983
80149896134
80149902115
80149908035
80149914566
80149921341
80149926285
80149932022
80149937088
80149943253
80149949905
80149954849
80149960526
80149964432
80149970047
80149974442
80149980362
80149986710
80149993118
80149998917
80150005020
80150010940
80150017532
80150024124
80150029495
80150035354
80150039566
80150045425
80150049881
80150056106
80150060684
80150069046
80150074844
80150078933
80150084305
80150090042
80150095291
80150101455
80150106704
80150115249
80150119278
80150130691
80150136978
80150141372
80150147659
80150153823
80150159805
80150165359
80150170303
80150174880
80150180984
80150184768
80150190933
80150196121
80150202529
80150207717
80150214248
80150220352
80150225478
80150231399
80150238418
80150243301
80150248855
80150253921
80150258132
80150264541
80150269180
80150274367
80150280471
80150285476
80150290115
80150297073
80150301894
80150309035
80150313735
80150320083
80150325210
80150330947
80150336013
80150339980
80150345901
80150351333
80150356460
80150360671
80150366652
80150372878
80150379104
80150388930
80150396987
80150404189
80150410109
80150414626
80150421950
80150426467
80150433303
80150438857
80150443984
80150449233
80150455764
80150460341
80150465834
80150471083
80150475600
80150480178
80150486342
80150491347
80150497878
80150502272
80150508498
80150513197
80150519301
80150524672
80150530653
80150536513
80150543105
80150548781
80150553542
80150559096
80150565199
80150570814
80150578017
80150582655
80150588515
80150593092
80150597670
80150603895
80150608473
80150614699
80150620802
80150625441
80150630812
80150637770
80150645582
80150655043
80150661757
80150668348
80150673048
80150678663
80150684950
80150688795
80150696547
80150701429
80150708021
80150716871
80150723158
80150729750
80150735548
80150742750
80150747938
80150754347
80150759230
80150763502
80150769544
80150773756
80150779981
80150785169
80150790540
80150796461
80150803053
80150808302
80150814710
80150818678
80150824842
80150831068
80150836866
80150842237
80150848096
80150853162
80150857374
80150863416
80150868116
80150873365
80150879163
80150884901
80150889600
80150896863
80150902662
80150913343
80150918958
80150927747
80150935193
80150939832
80150946058
80150952955
80150958753
80150965040
80150970044
80150975171
80150980054
80150984327
80150989393
80150994397
80151000440
80151004102
80151010205
80151014905
80151020765
80151025586
80151030408
80151036451
80151043103
80151049207
80151053968
80151059583
80151065991
80151071240
80151077283
80151082227
80151087415
80151093030
80151099500
80151104932
80151109204
80151115430
80151122205
80151126660
80151131177
80151136853
80151141370
80151147168
80151151135
80151157300
80151164319
80151172253
80151180554
80151185742
80151192273
80151197461
80151202527
80151208203
80151213879
80151217969
80151223950
80151228100
80151234021
80151238232
80151244946
80151250073
80151255932
80151262036
80151267895
80151274609
80151280041
80151284924
80151289868
80151294751
80151300976
80151305615
80151311657
80151316906
80151322094
80151328381
80151334729
80151340222
80151344128
80151349011
80151354931
80151360668
80151367321
80151372143
80151376904
80151383068
80151387524
80151392590
80151397167
80151405407
80151410656
80151416760
80151424938
80151433239
80151441235
80151449352
80151455273
80151460033
80151465954
80151469860
80151475841
80151481518
80151486523
80151493114
80151499767
80151505566
80151511547
80151516857
80151521557
80151527599
80151535839
80151540905
80151545421
80151551830
80151556286
80151563183
80151568676
80151574230
80151579601
80151586437
80151591198
80151597179
80151601146
80151606762
80151612194
80151618663
80151624950
80151629467
80151636241
80151640392
80151645275
80151649242
80151655223
80151661571
80151666881
80151672496
80151678234
80151683177
80151691722
80151700755
80151707774
80151713573
80151719371
80151724559
80151729564
80151735179
80151742015
80151746898
80151753307
80151759227
80151764415
80151769725
80151775706
80151780772
80151787913
80151793773
80151799510
80151807811
80151814769
80151820201
80151826671
80151831981
80151837291
80151842967
80151848582
80151852611
80151859019
80151863231
80151868541
80151874461
80151880748
80151885691
80151891307
80151896128
80151901683
80151907664
80151912913
80151919810
80151925669
80151929576
80151935679
80151940684
80151947032
80151954478
80151959178
80151966197
80151972544
80151980052
80151985789
80151993052
80151998911
80152006297
80152011179
80152016428
80152021494
80152026499
80152031687
80152036143
80152043162
80152050486
80152055369
80152060740
80152067332
80152073801
80152078440
80152083567
80152089793
80152096079
80152101450
80152107432
80152113840
80152119456
80152124582
80152129465
80152136179
80152142588
80152147165
80152153574
80152158945
80152165537
80152171824
80152176401
80152181772
80152186960
80152193308
80152198313
80152203989
80152210093
80152215891
80152223764
80152231577
80152239450
80152246103
80152252207
80152258005
80152262888
80152269174
80152274973
80152281381
80152286325
80152292307
80152297495
80152301462
80152308420
80152314462
80152320261
80152324289
80152329294
80152338083
80152345285
80152351694
80152360117
80152366403
80152372934
80152378061
80152385080
80152391672
80152399423
80152406747
80152414194
80152419382
80152425607
80152431772
80152438669
80152445016
80152450570
80152456430
80152464792
80152471872
80152478219
80152483407
80152492501
80152499215
80152507577
80152514108
80152519174
80152525766
80152531137
80152535348
80152541635
80152547738
80152552377
80152560128
80152564401
80152570382
80152574288
80152579904
80152583932
80152590646
80152596993
80152603280
80152607491
80152612557
80152617501
80152623910
80152628548
80152635506
80152641061
80152647652
80152653024
80152658211
80152662972
80152671090
80152676583
80152682198
80152687264
80152691415
80152697640
80152702035
80152707101
80152713021
80152718331
80152724312
80152730416
80152734810
80152740426
80152747201
80152753426
80152759896
80152767952
80152772347
80152778634
80152784615
80152789803
80152794503
80152799813
80152805794
80152811348
80152817086
80152822396
80152827095
80152833321
80152838570
80152843209
80152848641
80152854439
80152857918
80152863655
80152868172
80152873970
80152879036
80152885140
80152890938
80152896736
80152902290
80152907601
80152912666
80152917427
80152922371
80152927193
80152933479
80152938850
80152943611
80152948006
80152954048
80152959053
80152963570
80152969429
80152976265
80152981148
80152987556
80152993904
80152998237
80153005562
80153011177
80153017830
80153022590
80153029365
80153036995
80153041389
80153047554
80153051948
80153060737
80153065559
80153070625
80153075447
80153082344
80153088142
80153093635
80153098579
80153104255
80153109870
80153114631
80153120185
80153125984
80153131904
80153138435
80153143257
80153147651
80153153877
80153158576
80153163642
80153168342
80153174751
80153180488
80153185920
80153193183
80153201057
80153207710
80153211982
80153217841
80153223945
80153229682
80153236274
80153242133
80153247260
80153252875
80153258674
80153263984
80153270332
80153279792
80153289619
80153296516
80153302009
80153308906
80153314582
80153320014
80153325324
80153331672
80153336554
80153342719
80153350287
80153355903
80153361213
80153367011
80153373664
80153378241
80153384772
80153390693
80153394477
80153402655
80153407782
80153413642
80153420111
80153426276
80153430609
80153437934
80153443549
80153449347
80153453375
80153459601
80153464606
80153470465
80153476508
80153481818
80153487677
80153492865
80153498114
80153504035
80153518805
80153525763
80153531805
80153539130
80153546759
80153554144
80153560492
80153565375
80153571173
80153577154
80153583746
80153589239
80153596014
80153602667
80153607428
80153614325
80153621039
80153628119
80153635016
80153638861
80153645025
80153651495
80153656134
80153662359
80153668036
80153674017
80153679022
80153684088
80153690557
80153698797
80153706915
80153712591
80153717779
80153724371
80153730352
80153734930
80153741583
80153747625
80153754217
80153760198
80153766729
80153772650
80153780401
80153785955
80153794744
80153799078
80153805975
80153809820
80153817022
80153821355
80153827459
80153833196
80153839117
80153845403
80153850713
80153855840
80153861333
80153867376
80153872320
80153880498
80153886297
80153891363
80153896673
80153901922
80153908147
80153913946
80153920476
80153925054
80153930791
80153935613
80153941289
80153948125
80153954229
80153961065
80153966008
80153971746
80153976506
80153982183
80153988286
80153992192
80154000249
80154006841
80154012700
80154016912
80154023687
80154028752
80154036504
80154044866
80154050542
80154058721
80154066289
80154071355
80154076970
80154083623
80154089238
80154094182
80154098576
80154104802
80154109685
80154115422
80154122502
80154127751
80154132573
80154137944
80154144170
80154147954
80154154118
80154160710
80154166692
80154173222
80154178654
80154185063
80154190129
80154195683
80154201665
80154207829
80154214482
80154218876
80154224248
80154230473
80154236455
80154240971
80154246281
80154251591
80154258061
80154262272
80154268803
80154273137
80154279728
80154284672
80154292790
80154298893
80154303837
80154310612
80154315129
80154321049
80154325993
80154332402
80154336979
80154342900
80154348515
80154353459
80154360172
80154364506
80154368534
80154373234
80154379154
80154383122
80154387760
80154392826
80154396732
80154400700
80154404545
80154408268
80154413944
80154418522
80154423405
80154426884
80154430302
80154434086
80154440006
80154443729
80154448795
80154452274
80154458378
80154464237
80154468876
80154475040
80154480350
80154484562
80154490055
80154496342
80154503116
80154506351
80154515079
80154520450
80154525028
80154528812
80154534061
80154539798
80154545170
80154549625
80154553775
80154559086
80154563907
80154569950
80154574955
80154578495
80154582584
80154588626
80154592472
80154596561
80154601444
80154605472
80154609317
80154613346
80154618228
80154621707
80154626712
80154631290
80154634769
80154638980
80154644046
80154647525
80154652652
80154656619
80154661075
80154666995
80154671390
80154677188
80154681400
80154687320
80154693240
80154698428
80154702884
80154708133
80154713809
80154717777
80154725040
80154730838
80154736270
80154742984
80154746768
80154752078
80154755984
80154760196
80154764224
80154768436
80154772952
80154777225
80154781314
80154785708
80154789798
80154795596
80154799563
80154805850
80154812137
80154816775
80154820559
80154826785
80154830813
80154836184
80154840213
80154845523
80154852725
80154860415
80154864810
80154868472
80154873782
80154877383
80154883181
80154888675
80154893313
80154897952
80154902652
80154906680
80154911868
80154916079
80154921817
80154927859
80154932009
80154935305
80154939639
80154944155
80154948245
80154953555
80154959109
80154964053
80154970522
80154976870
80154981509
80154987551
80154990054
80154996279
80155001162
80155006045
80155010500
80155016665
80155021731
80155027041
80155032656
80155037051
80155041689
80155046999
80155051211
80155057253
80155062258
80155067507
80155074099
80155078738
80155085573
80155090151
80155095766
80155100222
80155107180
80155112673
80155118044
80155123842
80155127199
80155133425
80155138979
80155145022
80155151369
80155157595
80155162905
80155167788
80155172182
80155178774
80155184511
80155188845
80155193544
80155200991
80155205690
80155211245
80155216677
80155221865
80155229982
80155234926
80155241213
80155247988
80155252199
80155256594
80155264345
80155269533
80155275697
80155280763
80155286806
80155292787
80155299806
80155304933
80155312685
80155317079
80155321962
80155327943
80155333742
80155338869
80155343629
80155350160
80155356386
80155362978
80155368837
80155374452
80155379335
80155385927
80155389345
80155396730
80155401491
80155408327
80155414247
80155419984
80155425172
80155431642
80155437928
80155441835
80155447755
80155453920
80155459596
80155464967
80155471132
80155477723
80155483888
80155488282
80155493165
80155499330
80155505738
80155513490
80155517884
80155523377
80155530946
80155537538
80155543153
80155550416
80155556947
80155563172
80155570191
80155575929
80155581300
80155585511
80155590699
80155595765
80155600953
80155605897
80155613343
80155617371
80155623658
80155629090
80155635682
80155640626
80155646424
80155649476
80155657593
80155662720
80155668946
80155675233
80155681763
80155686219
80155692139
80155698487
80155704041
80155709168
80155714234
80155720398
80155726624
80155731019
80155737427
80155742615
80155747620
80155756653
80155762330
80155769104
80155775574
80155777588
80155788330
80155792542
80155799012
80155806336
80155815491
80155823914
80155830567
80155838989
80155843201
80155850586
80155860474
80155868408
80155878662
80155889038
80155899231
80155907410
80155915222
80155920166
80155927856
80155936645
80155939087
80155952026
80155957092
80155969177
80155976990
80155983459
80155992981
80155998291
80156009582
80156017090
80156025512
80156031555
80156041687
80156049072
80156056091
80156060791
80156070434
80156074768
80156083740
80156092956
80156095092
80156107177
80156111999
80156126098
80156133972
80156140197
80156148986
80156155944
80156162170
80156169311
80156177795
80156183776
80156189147
80156200622
80156205810
80156217162
80156224487
80156229430
80156239135
80156243835
80156252196
80156259887
80156270873
80156279052
80156285155
80156293578
80156300902
80156306823
80156314513
80156322753
80156329345
80156337218
80156345275
80156357360
80156367675
80156375548
80156384764
80156394530
80156401732
80156407836
80156415038
80156424498
80156431273
80156437926
80156446166
80156450682
80156460509
80156467223
80156475951
80156483946
80156491026
80156498778
80156506895
80156514830
80156523131
80156530577
80156536986
80156543700
80156552183
80156560545
80156568297
80156575621
80156582518
80156589659
80156598448
80156605101
80156613646
80156618651
80156625914
80156634214
80156642454
80156652525
80156660154
80156666929
80156674253
80156681517
80156690306
80156697203
80156703672
80156710874
80156718992
80156728208
80156735166
80156743528
80156749388
80156757139
80156765379
80156771665
80156780332
80156785337
80156795408
80156807127
80156813169
80156822019
80156833128
80156841001
80156849485
80156857114
80156864988
80156873411
80156882627
80156890989
80156896543
80156904722
80156910276
80156920774
80156926023
80156934812
80156946103
80156953244
80156961057
80156968076
80156976560
80156982907
80156992795
80156997678
80157006528
80157015012
80157022824
80157031552
80157037107
80157045651
80157053464
80157058957
80157067563
80157074948
80157080624
80157094113
80157101621
80157111325
80157120114
80157128049
80157135739
80157142575
80157149411
80157155759
80157163083
80157172116
80157178525
80157187741
80157195859
80157206662
80157215573
80157223263
80157227597
80157238156
80157245663
80157257077
80157264279
80157269528
80157278866
80157287777
80157294491
80157304806
80157311520
80157317379
80157327206
80157335324
80157344906
80157350521
80157358090
80157364864
80157371090
80157378231
80157387020
80157394650
80157401424
80157405758
80157414669
80157418941
80157429806
80157436214
80157443233
80157451290
80157458919
80157465938
80157473507
80157481502
80157489925
80157497677
80157504757
80157510006
80157519649
80157527462
80157535946
80157542720
80157551021
80157559566
80157567257
80157573238
80157581905
80157587154
80157594173
80157604305
80157611202
80157622005
80157627132
80157635616
80157646663
80157653316
80157659419
80157668025
80157675288
80157682430
80157692073
80157700435
80157708614
80157715205
80157721980
80157729976
80157738094
80157740352
80157753352
80157762080
80157774653
80157783259
80157790584
80157796260
80157804500
80157810969
80157817988
80157824031
80157833125
80157838374
80157852534
80157857600
80157868708
80157875850
80157878108
80157889643
80157897456
80157903498
80157911921
80157918513
80157927912
80157933283
80157947138
80157956904
80157961299
80157971064
80157975581
80157986811
80157994807
80158003352
80158011652
80158017451
80158026545
80158035090
80158042658
80158049860
80158052058
80158065180
80158072504
80158078852
80158086359
80158093073
80158100702
80158108149
80158116327
80158120905
80158130915
80158137751
80158145441
80158153986
80158159540
80158168695
80158173212
80158184137
80158190790
80158195978
80158204828
80158212152
80158222223
80158228632
80158239984
80158247858
80158254755
80158268182
80158276544
80158283441
80158292963
80158301386
80158307916
80158315240
80158321771
80158326349
80158335382
80158341608
80158348688
80158353937
80158361810
80158369562
80158374139
80158383600
80158389032
80158396600
80158403375
80158410211
80158417352
80158427240
80158436639
80158442498
80158452020
80158456781
80158468011
80158474298
80158482110
80158487786
80158496942
80158505975
80158512017
80158522332
80158529351
80158535699
80158543939
80158551019
80158557549
80158564446
80158573846
80158580865
80158586846
80158595696
80158600274
80158608636
80158615716
80158622857
80158631219
80158638665
80158650201
80158658440
80158665887
80158673089
80158681389
80158690178
80158696404
80158704094
80158705987
80158719964
80158726494
80158735100
80158739434
80158746941
80158754387
80158762139
80158770867
80158776604
80158789055
80158796868
80158804680
80158813713
80158820610
80158827019
80158834404
80158842156
80158851311
80158854180
80158865288
80158874870
80158882561
80158889702
80158897636
80158903313
80158907829
80158920036
80158926872
80158934441
80158943169
80158951225
80158961479
80158966362
80158976860
80158987663
80158992058
80159001884
80159006645
80159015617
80159025016
80159034111
80159042350
80159049064
80159055473
80159062736
80159069633
80159078056
80159084526
80159092887
80159101921
80159113700
80159120475
80159132377
80159139396
80159148673
80159159110
80159163993
80159177970
80159187980
80159194083
80159200614
80159207755
80159214469
80159221122
80159228751
80159233146
80159244132
80159250480
80159256888
80159263907
80159270072
80159277518
80159281425
80159289481
80159295890
80159304801
80159312919
80159320670
80159329154
80159334037
80159342093
80159349967
80159352591
80159365531
80159374686
80159381339
80159389090
80159396842
80159404898
80159411246
80159418387
80159425650
80159432791
80159441702
80159449393
80159459769
80159464896
80159473013
80159481741
80159489188
80159496024
80159503043
80159510550
80159518973
80159529959
80159536124
80159540213
80159550284
80159556753
80159564078
80159574393
80159582632
80159590323
80159598135
80159607596
80159613394
80159623159
80159629812
80159638907
80159646353
80159652151
80159660208
80159664602
80159675589
80159684072
80159691580
80159698965
80159705496
80159711721
80159720938
80159726248
80159734304
80159742483
80159748647
80159755972
80159764578
80159771352
80159779104
80159784902
80159791860
80159801077
80159807668
80159816030
80159823293
80159831106
80159838308
80159845693
80159851980
80159859060
80159866140
80159873342
80159880300
80159888662
80159896779
80159903493
80159909841
80159917043
80159924306
80159926442
80159938649
80159946035
80159953298
80159963430
80159968801
80159977468
80159986196
80159992665
80159999501
80160008290
80160014028
80160022878
80160033559
80160043446
80160052297
80160060048
80160070302
80160076650
80160084950
80160090138
80160094655
80160108083
80160113454
80160124806
80160132069
80160137868
80160147511
80160152455
80160159657
80160168263
80160178273
80160186879
80160195302
80160202260
80160209279
80160217396
80160224720
80160230397
80160244252
80160253529
80160263478
80160268177
80160279408
80160286122
80160291737
80160299916
80160307728
80160315174
80160322926
80160334217
80160342457
80160347584
80160355091
80160361683
80160369007
80160373280
80160381275
80160389027
80160399158
80160404896
80160413746
80160421619
80160430591
80160437855
80160442798
80160454151
80160462696
80160470691
80160477894
80160487476
80160497059
80160504688
80160516651
80160526111
80160534534
80160541797
80160548084
80160557300
80160563587
80160573047
80160577625
80160587268
80160595264
80160601306
80160610828
80160616077
80160628467
80160634021
80160640491
80160651599
80160657031
80160666065
80160670764
80160677905
80160688831
80160695483
80160703357
80160712024
80160717639
80160726855
80160729175
80160742663
80160747851
80160755054
80160764209
80160772143
80160781848
80160787585
80160797168
80160803698
80160811572
80160817614
80160823169
80160831469
80160840075
80160848986
80160858508
80160865283
80160872790
80160878710
80160884326
80160891101
80160897936
80160905810
80160909960
80160920275
80160928942
80160935290
80160941027
80160950671
80160956591
80160969103
80160979052
80160987597
80160996142
80161005358
80161011828
80161018542
80161028490
80161034716
80161041735
80161048388
80161056933
80161062914
80161072313
80161077685
80161086168
80161096178
80161098498
80161110582
80161115770
80161130419
80161141100
80161150377
80161157274
80161165636
80161173754
80161181749
80161189379
80161196337
80161207567
80161214220
80161221605
80161230394
80161238695
80161245470
80161253465
80161261095
80161267320
80161276659
80161284776
80161295396
80161300279
80161310289
80161319200
80161324266
80161335008
80161340013
80161348924
80161357713
80161364854
80161372117
80161380296
80161388719
80161396531
80161403550
80161413682
80161420579
80161431260
80161441392
80161450486
80161461351
80161468797
80161479295
80161484422
80161492784
80161502305
80161504746
80161519334
80161524400
80161533311
80161542649
80161550645
80161560593
80161565781
80161574876
80161583421
80161591965
80161601853
80161606919
80161618333
80161626267
80161634141
80161641953
80161644272
80161657029
80161661423
80161669358
80161678086
80161682786
80161696518
80161701645
80161710190
80161718735
80161725022
80161734970
80161743393
80161748947
80161757370
80161765732
80161773545
80161780381
80161788742
80161793015
80161799973
80161810288
80161816208
80161825058
80161829025
80161843491
80161850937
80161856247
80161863693
80161872177
80161878342
80161885666
80161891830
80161902634
80161910324
80161924484
80161931442
80161938827
80161946152
80161954635
80161962814
80161970444
80161976913
80161985946
80161993087
80162000595
80162008163
80162015365
80162021469
80162027877
80162036239
80162043747
80162052902
80162061386
80162066391
80162075180
80162082504
80162089584
80162097701
80162105758
80162112167
80162119064
80162129257
80162136520
80162145675
80162154281
80162160018
80162168380
80162173019
80162182906
80162189376
80162199508
80162210982
80162219833
80162227218
80162233810
80162242232
80162246566
80162256759
80162263961
80162278609
80162286300
80162293807
80162302108
80162307723
80162316878
80162324202
80162330489
80162338851
80162344222
80162358382
80162365767
80162377852
80162383834
80162392317
80162401717
80162409468
80162419051
80162426863
80162434737
80162442732
80162448470
80162454390
80162461104
80162470137
80162477156
80162484846
80162492110
80162501265
80162506392
80162517988
80162525252
80162532149
80162540266
80162547468
80162556196
80162560896
80162572615
80162580488
80162586043
80162594465
80162603499
80162610273
80162617598
80162627485
80162634626
80162644697
80162652693
80162658674
80162667585
80162672590
80162679670
80162691572
80162697126
80162707380
80162717268
80162723432
80162731184
80162740278
80162745039
80162754133
80162762556
80162769941
80162778303
80162785078
80162793745
80162801496
80162807783
80162814435
80162822248
80162830671
80162838972
80162845319
80162853132
80162867292
80162874982
80162882917
80162890973
80162898298
80162905866
80162909894
80162920453
80162924482
80162934735
80162941388
80162946820
80162956220
80162961957
80162969770
80162976850
80162985517
80162990155
80163002057
80163009259
80163016644
80163024823
80163036237
80163045209
80163053510
80163059918
80163067242
80163075848
80163084027
80163091779
80163100018
80163102460
80163114361
80163122174
80163127728
80163136456
80163141705
80163153668
80163162701
80163168500
80163176983
80163182721
80163192608
80163200909
80163207684
80163215130
80163225018
80163233746
80163235943
80163246197
80163254498
80163263531
80163272381
80163277996
80163287701
80163293438
80163306561
80163315411
80163325665
80163331585
80163340374
80163346600
80163352886
80163361980
80163369183
80163378948
80163387005
80163393169
80163402019
80163410625
80163417583
80163425518
80163431988
80163441631
80163449566
80163457500
80163464885
80163471660
80163480999
80163488262
80163496502
80163504985
80163514507
80163517070
80163532390
80163537273
80163549297
80163557292
80163565593
80163572063
80163577190
80163588726
80163596233
80163606182
80163615337
80163621501
80163631389
80163636821
80163645183
80163655071
80163662639
80163671855
80163679118
80163686076
80163695171
80163702129
80163709331
80163717692
80163726237
80163732158
80163741435
80163746257
80163759196
80163766948
80163774272
80163783549
80163791484
80163802348
80163809184
80163818522
80163822734
80163833537
80163839213
80163846476
80163853007
80163858622
80163863688
80163869181
80163875224
80163878581
80163887797
80163894145
80163898661
80163903910
80163911723
80163916422
80163922526
80163928446
80163938517
80163944865
80163950358
80163957133
80163962077
80163969584
80163974467
80163980570
80163987955
80163993815
80163999796
80164005595
80164008707
80164016520
80164021097
80164027994
80164032633
80164038553
80164045206
80164049845
80164056681
80164061075
80164068094
80164073465
80164078837
80164083841
80164092020
80164096720
80164104288
80164112040
80164118204
80164126078
80164131693
80164136209
80164142740
80164148172
80164152140
80164157205
80164163431
80164167581
80164173319
80164180033
80164187174
80164192667
80164197367
80164202860
80164207620
80164213236
80164217874
80164220865
80164229410
80164235391
80164240518
80164244486
80164250528
80164256082
80164261636
80164266153
80164273538
80164278238
80164285379
80164289712
80164295755
80164300943
80164304971
80164311197
80164318582
80164325479
80164330362
80164336038
80164341653
80164348916
80164354165
80164360879
80164366495
80164373636
80164378396
80164385110
80164390970
80164396524
80164402566
80164408242
80164416360
80164423989
80164430764
80164437234
80164441323
80164447732
80164454446
80164458718
80164464212
80164468301
80164474404
80164481545
80164487649
80164492471
80164499917
80164503335
80164510598
80164516885
80164525124
80164529885
80164535684
80164541787
80164547768
80164553872
80164560098
80164566140
80164571633
80164578591
80164583840
80164589638
80164594460
80164601968
80164606606
80164611977
80164619057
80164624856
80164628274
80164633645
80164639870
80164643960
80164649819
80164653908
80164661721
80164666237
80164671242
80164676125
80164682778
80164685402
80164692421
80164698464
80164706276
80164712197
80164719277
80164724343
80164729653
80164732643
80164739601
80164745705
80164752358
80164757363
80164763588
80164768166
80164774575
80164779518
80164784523
80164789284
80164795448
80164802223
80164807961
80164812721
80164818825
80164824013
80164828713
80164834206
80164836891
80164847084
80164853004
80164858986
80164863258
80164869606
80164873939
80164879250
80164884804
80164890907
80164897926
80164902809
80164909035
80164914406
80164920021
80164923561
80164929298
80164936256
80164942421
80164948768
80164954567
80164959511
80164964699
80164970680
80164976478
80164979286
80164989174
80164994667
80165002601
80165008094
80165016578
80165022682
80165029274
80165035072
80165041664
80165047584
80165054542
80165059364
80165064674
80165068641
80165074501
80165079627
80165088539
80165095863
80165099769
80165106605
80165111183
80165116004
80165122047
80165126808
80165132972
80165138282
80165142921
80165149635
80165154273
80165159644
80165164710
80165170203
80165174720
80165182227
80165187354
80165194800
80165199683
80165205482
80165209815
80165215308
80165220618
80165228675
80165233863
80165239966
80165245215
80165250648
80165255591
80165261695
80165266639
80165272315
80165277808
80165283912
80165292029
80165298011
80165305457
80165311927
80165317908
80165323584
80165331153
80165336402
80165342383
80165346839
80165352698
80165358863
80165364600
80165367407
80165376929
80165382239
80165387183
80165392432
80165398657
80165403296
80165411170
80165417944
80165424658
80165430396
80165435767
80165440833
80165446753
80165451758
80165457007
80165463660
80165470312
80165474890
80165481482
80165486060
80165491492
80165497229
80165504126
80165509314
80165517370
80165521948
80165528113
80165532629
80165538794
80165543432
80165548559
80165554297
80165561499
80165566870
80165572912
80165579687
80165584265
80165590002
80165595190
80165604406
80165611792
80165618505
80165624914
80165630712
80165636938
80165642126
80165646215
80165652014
80165658666
80165665136
80165670141
80165675024
80165681555
80165687658
80165690710
80165697424
80165702795
80165710790
80165716222
80165722570
80165727514
80165733007
80165738744
80165744115
80165749792
80165755895
80165763647
80165767858
80165773717
80165779943
80165785436
80165789892
80165795934
80165802099
80165808385
80165815099
80165821142
80165826391
80165832982
80165837682
80165843969
80165848852
80165855749
80165863561
80165868017
80165873937
80165879186
80165885167
80165891149
80165897252
80165904149
80165911657
80165918492
80165925573
80165928929
80165936132
80165942723
80165946630
80165954259
80165962499
80165967626
80165972997
80165978917
80165984715
80165991185
80165994420
80166002416
80166009007
80166015538
80166020604
80166025182
80166032567
80166036961
80166043858
80166048253
80166054295
80166057591
80166069127
80166073399
80166079381
80166086034
80166091038
80166095738
80166102696
80166107945
80166117955
80166123204
80166129002
80166134678
80166140355
80166146336
80166151890
80166157811
80166161351
80166169774
80166176121
80166180699
80166185521
80166192173
80166197728
80166203587
80166209446
80166216160
80166224217
80166229344
80166236363
80166243870
80166252781
80166255650
80166265599
80166273655
80166281407
80166287205
80166292942
80166297581
80166304844
80166310215
80166314915
80166319309
80166326817
80166332554
80166337132
80166343967
80166348423
80166354649
80166360691
80166365818
80166371433
80166378147
80166383152
80166387546
80166392795
80166398350
80166406162
80166411716
80166416477
80166421970
80166427341
80166433506
80166440342
80166445957
80166453159
80166457798
80166464145
80166467624
80166476963
80166481052
80166486057
80166491550
80166498508
80166504551
80166509983
80166517124
80166523044
80166529636
80166535495
80166539951
80166546665
80166552829
80166556980
80166566867
80166574985
80166580600
80166586093
80166592624
80166596042
80166604465
80166610263
80166614780
80166619296
80166625583
80166631259
80166638339
80166642978
80166648471
80166653659
80166660251
80166669040
80166678622
80166681796
80166690585
80166695407
80166700900
80166708896
80166715243
80166720065
80166725986
80166733371
80166741549
80166747043
80166754428
80166758700
80166763339
80166770419
80166774875
80166781405
80166786471
80166793185
80166797763
80166802707
80166807467
80166813571
80166820468
