42597393330
42597398457
42597404133
42597410420
42597415791
42597422017
42597428181
42597433674
42597440388
42597446736
42597452961
42597459675
42597464924
42597471577
42597477864
42597484089
42597489582
42597495930
42597502156
42597509785
42597516011
42597522602
42597528523
42597534687
42597541096
42597548603
42597555073
42597560993
42597568806
42597574787
42597581440
42597588154
42597592304
42597599140
42597607014
42597612202
42597621174
42597628132
42597634968
42597639912
42597646687
42597655415
42597661335
42597668049
42597673725
42597681477
42597687946
42597694843
42597700886
42597709919
42597716816
42597723224
42597729145
42597736957
42597742573
42597749958
42597756672
42597765522
42597771930
42597779926
42597785663
42597792865
42597799396
42597806598
42597813922
42597821430
42597828632
42597835346
42597842182
42597848590
42597855853
42597862079
42597869342
42597876178
42597884662
42597890827
42597897601
42597904193
42597912250
42597920001
42597927325
42597934711
42597941119
42597947955
42597955218
42597960956
42597967303
42597977191
42597983722
42597990985
42597996966
42598004779
42598012958
42598020770
42598027057
42598034991
42598041034
42598047748
42598053851
42598060931
42598067340
42598075030
42598083819
42598089862
42598096026
42598104205
42598111346
42598118731
42598125567
42598132464
42598139727
42598146258
42598153765
42598162066
42598169390
42598176714
42598183978
42598190325
42598199420
42598205035
42598211932
42598219256
42598226519
42598232684
42598241656
42598247454
42598255206
42598263323
42598270220
42598275896
42598285235
42598293413
42598301043
42598307329
42598315508
42598321856
42598329668
42598335955
42598344256
42598350481
42598359575
42598365801
42598374041
42598380205
42598387835
42598393999
42598402544
42598408647
42598417192
42598423540
42598432939
42598440264
42598446977
42598455705
42598462297
42598470171
42598478472
42598487016
42598494524
42598502336
42598510942
42598518633
42598525346
42598533037
42598541460
42598547502
42598556474
42598564165
42598571184
42598578935
42598585588
42598593767
42598601213
42598609453
42598617692
42598625688
42598632585
42598640214
42598649247
42598657548
42598664140
42598673784
42598679704
42598687150
42598695817
42598701005
42598708451
42598718034
42598724076
42598731889
42598739945
42598745927
42598755448
42598761796
42598770646
42598778275
42598786210
42598792314
42598801469
42598809647
42598816300
42598824296
42598831864
42598839921
42598846757
42598856278
42598864213
42598872452
42598880021
42598888077
42598895280
42598902909
42598911088
42598918229
42598927140
42598934342
42598942093
42598948563
42598956620
42598963761
42598972001
42598979874
42598988541
42598997147
42599005387
42599011917
42599020096
42599028031
42599036698
42599044388
42599052872
42599060562
42599068375
42599074845
42599083389
42599091385
42599099259
42599106339
42599113480
42599123184
42599131180
42599138626
42599146683
42599156509
42599164383
42599172012
42599180374
42599188370
42599196304
42599203140
42599211075
42599219742
42599227615
42599236282
42599244949
42599253372
42599261795
42599269363
42599277176
42599286087
42599294143
42599300796
42599307815
42599316116
42599322708
42599332229
42599338882
42599346633
42599355361
42599363479
42599370254
42599378738
42599385635
42599392959
42599399185
42599408035
42599416946
42599424880
42599431472
42599441909
42599451186
42599456618
42599467300
42599475234
42599482070
42599489638
42599497756
42599503310
42599512710
42599519423
42599527297
42599533034
42599539687
42599546950
42599553969
42599561477
42599569228
42599575576
42599582473
42599590407
42599596999
42599604201
42599611037
42599617934
42599625563
42599632155
42599638991
42599646437
42599654616
42599661147
42599670180
42599676772
42599684279
42599691359
42599698134
42599705641
42599713271
42599719496
42599727248
42599734511
42599741774
42599748915
42599755263
42599764052
42599770827
42599778334
42599785048
42599792372
42599800184
42599806959
42599814650
42599819960
42599829786
42599836439
42599846388
42599853712
42599862196
42599869520
42599876661
42599884779
42599892469
42599899916
42599908400
42599915174
42599924635
42599933302
42599941114
42599947950
42599954359
42599963148
42599969740
42599977064
42599983656
42599989759
42599996351
42600004102
42600010450
42600017591
42600023817
42600030225
42600036207
42600042310
42600049573
42600056959
42600063428
42600069349
42600075574
42600082838
42600088819
42600095350
42600101941
42600109937
42600116895
42600124402
42600130994
42600136670
42600144544
42600150220
42600158765
42600164563
42600170606
42600176465
42600182264
42600188367
42600195020
42600201490
42600207776
42600215589
42600221814
42600228040
42600234815
42600240918
42600246289
42600252759
42600259046
42600265027
42600271863
42600278089
42600284741
42600291028
42600297192
42600304028
42600310681
42600318250
42600323071
42600330518
42600337170
42600341016
42600348218
42600354199
42600360913
42600366223
42600372937
42600378918
42600385815
42600391736
42600399548
42600404614
42600411816
42600417126
42600422741
42600429516
42600433484
42600443737
42600452221
42600458325
42600464856
42600471997
42600478527
42600485669
42600492382
42600498913
42600505627
42600513195
42600519055
42600526135
42600532727
42600539868
42600544018
42600552319
42600558911
42600564343
42600572155
42600577526
42600583813
42600591259
42600596691
42600601940
42600609936
42600616467
42600623913
42600630016
42600635326
42600642834
42600649059
42600655346
42600661449
42600668529
42600675060
42600680797
42600685802
42600692150
42600699047
42600707042
42600713390
42600719066
42600724254
42600731456
42600737560
42600743175
42600750377
42600756542
42600762523
42600768383
42600774486
42600781749
42600787975
42600794506
42600801708
42600807567
42600813793
42600821117
42600827892
42600832653
42600840892
42600846019
42600855358
42600861095
42600866771
42600873790
42600881419
42600886791
42600893321
42600898631
42600907420
42600913585
42600919933
42600925792
42600932323
42600939647
42600946788
42600954112
42600959788
42600967418
42600973216
42600982188
42600988475
42600993846
42600999888
42601007518
42601013560
42601019175
42601025035
42601031505
42601039988
42601044932
42601053477
42601059214
42601066844
42601074351
42601081309
42601088267
42601094859
42601101145
42601109507
42601115733
42601123179
42601129954
42601135996
42601141490
42601148875
42601154551
42601162730
42601169322
42601175059
42601181407
42601187388
42601192088
42601200510
42601206919
42601213816
42601219675
42601225779
42601231577
42601239024
42601243784
42601253001
42601256663
42601264170
42601270273
42601275400
42601283640
42601288340
42601296152
42601303904
42601309702
42601315500
42601322214
42601328196
42601336069
42601340464
42601349009
42601355906
42601360727
42601366648
42601374338
42601381357
42601387583
42601393198
42601400644
42601404978
42601410959
42601418222
42601426218
42601431406
42601438974
42601446909
42601452341
42601457956
42601463999
42601470773
42601475900
42601482248
42601489633
42601495798
42601502512
42601508432
42601514841
42601520456
42601527109
42601535715
42601541635
42601548044
42601553842
42601560861
42601566720
42601572153
42601578561
42601586374
42601593454
42601598825
42601607248
42601612741
42601619333
42601625924
42601632821
42601639413
42601646554
42601652719
42601659982
42601665902
42601672311
42601679086
42601684457
42601691842
42601697702
42601703866
42601709664
42601716928
42601723092
42601729745
42601736276
42601743295
42601750619
42601755807
42601763070
42601768441
42601776132
42601783517
42601788949
42601794564
42601800790
42601806832
42601814400
42601819039
42601828072
42601832589
42601839120
42601845772
42601851144
42601858041
42601866219
42601873727
42601880135
42601886178
42601891793
42601898690
42601904244
42601908822
42601918343
42601923592
42601930916
42601936654
42601943428
42601949105
42601956002
42601962227
42601968514
42601974556
42601982064
42601988533
42601995003
42602000984
42602005989
42602015084
42602021431
42602028328
42602034554
42602041390
42602046761
42602053353
42602060311
42602067757
42602073677
42602080513
42602086128
42602093819
42602099312
42602106758
42602113411
42602119270
42602125618
42602131294
42602136726
42602144661
42602151619
42602159370
42602165718
42602172066
42602177925
42602184517
42602190559
42602197273
42602203743
42602210090
42602217720
42602224067
42602229072
42602235481
42602241035
42602247932
42602255256
42602261909
42602267891
42602273384
42602279548
42602287300
42602293769
42602298774
42602305854
42602314338
42602320564
42602328742
42602335151
42602340522
42602346382
42602354194
42602360969
42602369148
42602373481
42602382453
42602387397
42602392646
42602401984
42602408027
42602414558
42602420661
42602427558
42602433601
42602441169
42602449103
42602454414
42602461005
42602466376
42602472541
42602478522
42602484992
42602490912
42602497687
42602504157
42602511298
42602518317
42602525031
42602530829
42602535956
42602545417
42602551276
42602557929
42602563666
42602569831
42602575507
42602582343
42602587287
42602595160
42602602301
42602606940
42602612921
42602619391
42602626715
42602644171
42602652777
42602661200
42602667731
42602673590
42602680060
42602688788
42602694891
42602703009
42602707892
42602715826
42602721991
42602727789
42602736029
42602742621
42602748724
42602756781
42602762518
42602768683
42602775458
42602781927
42602789496
42602795172
42602800116
42602808050
42602812933
42602819952
42602825750
42602831854
42602837835
42602844488
42602851873
42602856695
42602864080
42602870794
42602879339
42602884588
42602891363
42602896246
42602903753
42602908758
42602916082
42602922308
42602929937
42602935552
42602942083
42602947515
42602953863
42602960027
42602967901
42602975347
42602981207
42602988165
42602993841
42603000982
42603006719
42603012884
42603018743
42603026556
42603032781
42603040411
42603045904
42603050848
42603057195
42603062200
42603070623
42603077642
42603083196
42603091192
42603098089
42603101873
42603109929
42603117009
42603124639
42603130376
42603136113
42603143010
42603148687
42603154607
42603160466
42603166021
42603172124
42603179570
42603185796
42603192449
42603198918
42603204167
42603213079
42603219426
42603225286
42603230779
42603236943
42603242558
42603249089
42603257390
42603262761
42603268315
42603275395
42603282903
42603288030
42603295537
42603300664
42603308415
42603313603
42603322331
42603330449
42603335454
42603343266
42603347539
42603354863
42603362187
42603369816
42603375310
42603381413
42603386967
42603392705
42603400761
42603406865
42603412907
42603419011
42603424809
42603431218
42603439091
42603444157
42603452336
42603458561
42603465214
42603470890
42603476872
42603483464
42603490727
42603496525
42603503788
42603510380
42603517399
42603523625
42603528935
42603535954
42603543705
42603550907
42603556828
42603562992
42603569218
42603576237
42603582096
42603588139
42603596195
42603601505
42603608097
42603614811
42603620670
42603626469
42603633182
42603639530
42603646061
42603653080
42603660892
42603666324
42603672794
42603679630
42603684940
42603694645
42603701175
42603707096
42603713138
42603720096
42603725650
42603731693
42603739200
42603745731
42603752323
42603758121
42603764041
42603771366
42603778080
42603784366
42603791996
42603796146
42603804325
42603811283
42603816410
42603824161
42603830570
42603836063
42603841678
42603848819
42603854740
42603861881
42603868167
42603875125
42603882388
42603890201
42603895450
42603902896
42603908023
42603915591
42603921451
42603927920
42603935794
42603942813
42603947940
42603954898
42603959842
42603966495
42603971560
42603981631
42603988162
42603994693
42604000674
42604007266
42604013369
42604020144
42604025638
42604033206
42604040774
42604047671
42604054995
42604060977
42604067202
42604073001
42604079715
42604085940
42604092227
42604099429
42604106387
42604112673
42604117617
42604126528
42604134890
42604141726
42604147646
42604153140
42604161013
42604168826
42604176333
42604181704
42604189272
42604195071
42604201846
42604208010
42604214541
42604220950
42604228274
42604234438
42604241091
42604247256
42604254641
42604260073
42604268130
42604274599
42604280703
42604287172
42604292788
42604298952
42604304506
42604311281
42604320314
42604327028
42604333620
42604339296
42604345705
42604351503
42604358034
42604364626
42604371523
42604377565
42604385012
42604390200
42604396730
42604402407
42604409487
42604417177
42604423281
42604428713
42604436403
42604443056
42604448427
42604454653
42604462221
42604469179
42604475343
42604480592
42604489137
42604495302
42604502443
42604508730
42604514894
42604520692
42604526918
42604533144
42604540224
42604546937
42604554323
42604562257
42604568544
42604575014
42604580873
42604585573
42604591493
42604600282
42604610231
42604616212
42604622865
42604628480
42604634217
42604640077
42604646424
42604653260
42604660951
42604666444
42604672853
42604679566
42604684693
42604691285
42604699037
42604704835
42604711061
42604718385
42604724366
42604731263
42604737672
42604742249
42604748048
42604754823
42604760804
42604767823
42604773438
42604780824
42604786439
42604791322
42604799256
42604804566
42604812989
42604818787
42604825074
42604830933
42604837159
42604843568
42604850770
42604856629
42604862549
42604867982
42604873292
42604881165
42604885865
42604894959
42604900330
42604907959
42604912964
42604921021
42604926819
42604933960
42604940125
42604946839
42604952698
42604959595
42604963257
42604970215
42604976990
42604983765
42604991272
42604997254
42605002991
42605008301
42605014893
42605020752
42605028015
42605034424
42605042236
42605047913
42605054749
42605060852
42605066040
42605072571
42605077576
42605086548
42605092590
42605098267
42605105835
42605111267
42605116699
42605123596
42605129883
42605137878
42605143738
42605151489
42605156799
42605164429
42605169922
42605176086
42605184143
42605188293
42605195495
42605201233
42605208008
42605214416
42605220581
42605228210
42605234069
42605240661
42605246399
42605252624
42605258483
42605265258
42605274292
42605279724
42605287597
42605293640
42605300170
42605305786
42605312255
42605318908
42605326660
42605332519
42605337890
42605344848
42605349243
42605356811
42605363647
42605369506
42605377624
42605383666
42605389404
42605396301
42605402221
42605408691
42605414855
42605421935
42605430785
42605436584
42605442870
42605448546
42605454467
42605461791
42605467650
42605473510
42605480041
42605486388
42605493224
42605499083
42605505797
42605514159
42605522521
42605527648
42605533568
42605540953
42605547057
42605552550
42605560668
42605567748
42605574401
42605580016
42605586547
42605592223
42605598021
42605605895
42605612914
42605618956
42605625121
42605632689
42605637206
42605644591
42605650939
42605657835
42605665648
42605670897
42605675841
42605683409
42605690550
42605695311
42605703123
42605710081
42605716429
42605723509
42605729613
42605736632
42605742979
42605747984
42605756712
42605763487
42605770750
42605776793
42605784239
42605790526
42605797361
42605803587
42605808958
42605816160
42605822142
42605829344
42605835325
42605840818
42605847227
42605856565
42605863584
42605869078
42605876036
42605881285
42605890318
42605897093
42605903501
42605910826
42605915769
42605921263
42605927427
42605933164
42605939756
42605948911
42605954405
42605960508
42605968321
42605973997
42605979795
42605986082
42605992429
42606000669
42606006895
42606013547
42606019407
42606026182
42606032224
42606039915
42606045530
42606052732
42606059202
42606065793
42606071775
42606079038
42606083921
42606092161
42606097349
42606106321
42606111326
42606119382
42606124692
42606132077
42606137082
42606145017
42606153257
42606159238
42606164914
42606169919
42606175595
42606182798
42606191281
42606196347
42606203488
42606208249
42606215268
42606220700
42606228147
42606234799
42606243100
42606249875
42606256467
42606261716
42606267941
42606274655
42606278317
42606288083
42606294492
42606300839
42606306576
42606312924
42606318295
42606324521
42606331479
42606339230
42606346860
42606352170
42606359372
42606364804
42606372067
42606378415
42606385861
42606391720
42606397763
42606403439
42606410153
42606416012
42606422787
42606430600
42606435788
42606442990
42606448239
42606455197
42606462704
42606468991
42606475277
42606482357
42606488339
42606495297
42606500363
42606506771
42606512387
42606518856
42606526852
42606533566
42606539425
42606544613
42606550472
42606557980
42606562557
42606568966
42606577511
42606584286
42606589596
42606596432
42606604000
42606610653
42606616939
42606623104
42606629330
42606635799
42606641476
42606648311
42606653744
42606659908
42606668026
42606675045
42606681881
42606687740
42606694088
42606700252
42606706844
42606713741
42606720943
42606728206
42606735286
42606741573
42606746761
42606754329
42606760372
42606768795
42606774349
42606781063
42606786678
42606792049
42606799800
42606806819
42606813289
42606820369
42606827510
42606833675
42606840450
42606846431
42606852535
42606859065
42606868404
42606872920
42606880183
42606887752
42606892390
42606899043
42606903926
42606911922
42606919185
42606926021
42606931758
42606939937
42606945979
42606952571
42606959102
42606964961
42606972468
42606980220
42606985713
42606991511
42606997859
42607005122
42607009944
42607015803
42607022578
42607028987
42607036494
42607042292
42607050776
42607058284
42607064204
42607071711
42607077998
42607085261
42607092402
42607098139
42607107173
42607114985
42607121028
42607126338
42607131281
42607138300
42607143733
42607150202
42607158076
42607164484
42607171320
42607177058
42607183222
42607191035
42607195917
42607202937
42607211115
42607217341
42607224238
42607230158
42607237482
42607243647
42607249201
42607255488
42607261469
42607267695
42607273859
42607280451
42607286493
42607293390
42607300348
42607307673
42607313654
42607320368
42607327387
42607332453
42607339838
42607346064
42607352777
42607358454
42607364008
42607369379
42607375482
42607381586
42607388971
42607396112
42607403131
42607409418
42607415094
42607421259
42607428766
42607434808
42607440790
42607447077
42607454218
42607460199
42607464655
42607470453
42607477899
42607483636
42607490472
42607497247
42607501886
42607510309
42607516229
42607524103
42607530084
42607536859
42607544610
42607554010
42607560785
42607566278
42607574396
42607579767
42607586297
42607593927
42607600763
42607607171
42607612970
42607618646
42607624261
42607632562
42607638726
42607645318
42607653436
42607658868
42607666741
42607672601
42607677911
42607685418
42607691583
42607697747
42607704217
42607710748
42607717828
42607722222
42607729424
42607735284
42607741265
42607749749
42607755547
42607762750
42607770196
42607775140
42607782769
42607788323
42607794793
42607802361
42607808343
42607813897
42607820794
42607827080
42607833550
42607838982
42607847649
42607855645
42607861626
42607867180
42607873162
42607877739
42607885186
42607894036
42607899468
42607906426
42607913811
42607919915
42607925713
42607932732
42607938835
42607944512
42607951042
42607959282
42607964958
42607971245
42607977349
42607982598
42607991631
42607998467
42608006462
42608012444
42608019097
42608024773
42608031548
42608038017
42608045403
42608049980
42608056694
42608062553
42608068474
42608074944
42608081047
42608087883
42608094109
42608098808
42608106377
42608113762
42608119560
42608126396
42608134758
42608141228
42608146782
42608152763
42608159294
42608164726
42608171440
42608179252
42608184257
42608191642
42608197502
42608203544
42608208976
42608215202
42608221305
42608228874
42608235344
42608241264
42608247001
42608254997
42608261650
42608267021
42608274772
42608282279
42608287406
42608294670
42608299430
42608306693
42608312431
42608321403
42608328239
42608333915
42608340873
42608346549
42608351981
42608359489
42608364860
42608373038
42608380302
42608384940
42608392203
42608398307
42608403983
42608410209
42608416984
42608423637
42608430778
42608435844
42608442863
42608448173
42608455375
42608461905
42608468375
42608476005
42608480826
42608487906
42608492911
42608500296
42608505057
42608511466
42608519828
42608526603
42608532157
42608539237
42608545279
42608551383
42608557852
42608564566
42608573172
42608578238
42608584769
42608591178
42608596854
42608601798
42608612052
42608618338
42608624869
42608630362
42608636527
42608642935
42608648062
42608657828
42608664236
42608672964
42608678885
42608686026
42608691885
42608699698
42608705557
42608716116
42608722586
42608728140
42608734305
42608741568
42608747610
42608754385
42608761465
42608768240
42608774832
42608782217
42608787222
42608794058
42608798880
42608804007
42608813711
42608820181
42608826101
42608831839
42608838430
42608844656
42608852163
42608860342
42608866018
42608873892
42608879751
42608886648
42608892629
42608898611
42608904897
42608911917
42608918447
42608924185
42608930410
42608937246
42608944936
42608949880
42608958242
42608965932
42608973135
42608978994
42608986684
42608992178
42608999868
42609005849
42609014272
42609020498
42609026235
42609033254
42609039663
42609045705
42609050283
42609060720
42609066701
42609073171
42609079091
42609085500
42609091420
42609098012
42609104360
42609111135
42609117788
42609126149
42609133413
42609139577
42609146535
42609151662
42609159719
42609167470
42609172414
42609180043
42609184621
42609189992
42609197377
42609205861
42609211659
42609218434
42609224172
42609231130
42609237050
42609243276
42609251210
42609256825
42609262685
42609269337
42609276356
42609281728
42609289418
42609294362
42609302174
42609308522
42609314870
42609320912
42609337880
42609348256
42609356251
42609362416
42609369374
42609377308
42609384144
42609391346
42609397572
42609402333
42609408680
42609417103
42609423695
42609428944
42609437184
42609442921
42609449635
42609456837
42609462940
42609469837
42609475636
42609482716
42609489613
42609495472
42609502979
42609509083
42609517872
42609523914
42609532032
42609538380
42609543934
42609552174
42609560230
42609567371
42609574696
42609581287
42609587086
42609593738
42609601246
42609608021
42609615345
42609621998
42609627979
42609634388
42609640247
42609649219
42609654712
42609663440
42609669788
42609678028
42609683948
42609689258
42609694996
42609702930
42609709644
42609715137
42609722889
42609730823
42609737293
42609743152
42609751209
42609757801
42609762989
42609770862
42609778430
42609784351
42609790698
42609798267
42609804859
42609809924
42609817920
42609824207
42609831348
42609837573
42609843494
42609849780
42609857654
42609866199
42609872424
42609879565
42609885974
42609891894
42609899829
42609906238
42609913867
42609919238
42609925403
42609931628
42609938525
42609944873
42609950122
42609959521
42609965747
42609973010
42609979052
42609985339
42609991687
42609998889
42610006152
42610012133
42610019885
42610025317
42610031298
42610037280
42610043322
42610051928
42610057116
42610064746
42610070910
42610077075
42610083178
42610089343
42610097582
42610103076
42610110095
42610116747
42610126025
42610131823
42610136157
42610145312
42610151049
42610157580
42610163927
42610170458
42610176684
42610183825
42610191820
42610197314
42610204516
42610210741
42610217577
42610223559
42610230395
42610236376
42610243273
42610251879
42610257921
42610264269
42610270617
42610276903
42610283434
42610289721
42610296007
42610302355
42610308458
42610316454
42610322130
42610327929
42610335924
42610341844
42610349657
42610355760
42610361620
42610367296
42610373705
42610382616
42610388292
42610394884
42610402879
42610408617
42610414476
42610420946
42610427416
42610434679
42610441270
42610447862
42610454759
42610461778
42610466173
42610474107
42610481370
42610487413
42610493577
42610499193
42610505662
42610511583
42610517747
42610524217
42610530992
42610536668
42610541734
42610548631
42610556566
42610563890
42610570298
42610577745
42610582689
42610589952
42610595872
42610603135
42610608873
42610614244
42610623826
42610629991
42610635545
42610641526
42610648423
42610653916
42610661485
42610667283
42610674180
42610680528
42610685899
42610693467
42610699876
42610706956
42610713853
42610720811
42610727464
42610732407
42610739793
42610746568
42610754441
42610762131
42610768113
42610774888
42610781663
42610788132
42610792954
42610800706
42610806687
42610814133
42610820420
42610827378
42610833726
42610840928
42610846299
42610852952
42610860093
42610866074
42610873337
42610878952
42610886582
42610892624
42610899277
42610905869
42610913620
42610919358
42610926316
42610932175
42610937241
42610944626
42610950119
42610958664
42610964829
42610970505
42610976120
42610981613
42610987717
42610994797
42611002609
42611008408
42611015854
42611021164
42611028122
42611035507
42611042526
42611048813
42611054916
42611061752
42611068466
42611072739
42611080551
42611087814
42611092880
42611101547
42611107712
42611114181
42611120285
42611127365
42611133529
42611138901
42611147506
42611153000
42611158920
42611166244
42611171737
42611177108
42611184311
42611190841
42611197860
42611204452
42611210861
42611218246
42611224533
42611229721
42611237045
42611244064
42611250473
42611256942
42611263290
42611270431
42611277084
42611284713
42611291061
42611296737
42611304244
42611310104
42611318771
42611324813
42611330611
42611337020
42611344283
42611350143
42611356002
42611362045
42611368331
42611374252
42611381454
42611389632
42611395492
42611401900
42611407760
42611414413
42611420516
42611426314
42611433455
42611439803
42611448226
42611453597
42611460006
42611465377
42611473433
42611479171
42611486617
42611493209
42611499739
42611505721
42611511092
42611517318
42611523482
42611532088
42611538069
42611544722
42611552291
42611557967
42611564009
42611570601
42611577559
42611584700
42611591597
42611598311
42611602644
42611609725
42611615645
42611621077
42611630782
42611636885
42611643050
42611648909
42611655135
42611661055
42611668257
42611675276
42611680952
42611688643
42611694136
42611701094
42611707381
42611714644
42611721663
42611728499
42611734907
42611742415
42611748701
42611756575
42611762617
42611768110
42611777754
42611783430
42611788984
42611794783
42611800520
42611806929
42611814497
42611823591
42611831282
42611836714
42611842695
42611849470
42611855268
42611861189
42611870100
42611877119
42611884077
42611889814
42611897260
42611903181
42611908308
42611912946
42611921735
42611928266
42611934675
42611940351
42611947126
42611953962
42611960615
42611968183
42611973615
42611981123
42611987409
42611994428
42612000715
42612008039
42612014509
42612020673
42612027143
42612033796
42612039899
42612044904
42612051923
42612057294
42612065534
42612071943
42612078901
42612084882
42612090802
42612096784
42612103376
42612110212
42612115766
42612122907
42612130475
42612136823
42612142926
42612150556
42612157208
42612164105
42612171186
42612178449
42612184796
42612190228
42612196942
42612204572
42612210858
42612218488
42612223798
42612229535
42612236432
42612242413
42612247845
42612257733
42612263959
42612271222
42612276959
42612283124
42612291119
42612298016
42612305157
42612311078
42612317425
42612325360
42612330914
42612337567
42612344159
42612350201
42612356793
42612362896
42612369366
42612375775
42612381329
42612387188
42612394635
42612400738
42612406292
42612414044
42612419903
42612427533
42612433697
42612440655
42612447247
42612453961
42612461773
42612466595
42612474102
42612479534
42612486675
42612491436
42612499981
42612506207
42612511944
42612518902
42612525677
42612531170
42612540997
42612548077
42612554180
42612562359
42612569195
42612575664
42612583782
42612589702
42612596355
42612602581
42612610332
42612615398
42612623699
42612629619
42612636638
42612644695
42612651165
42612658489
42612663555
42612669109
42612675029
42612681316
42612687481
42612695964
42612701702
42612709331
42612715679
42612721782
42612727520
42612734722
42612742107
42612749309
42612756084
42612763408
42612769145
42612775981
42612782024
42612787334
42612796123
42612801799
42612806987
42612812846
42612819988
42612826152
42612831279
42612837260
42612843730
42612851360
42612856670
42612862712
42612869548
42612876872
42612883708
42612891337
42612897563
42612902995
42612909404
42612915996
42612923747
42612928264
42612935771
42612941325
42612948344
42612953654
42612961223
42612968608
42612974345
42612981303
42612987895
42612992717
42613000956
42613006999
42613014506
42613020976
42613026286
42613035685
42613042277
42613048869
42613054972
42613061320
42613067057
42613072856
42613079814
42613087870
42613094767
42613099894
42613106730
42613111735
42613118144
42613124186
42613131449
42613138346
42613145182
42613151224
42613156046
42613161417
42613169474
42613177347
42613183451
42613190653
42613195902
42613203715
42613209940
42613217203
42613223734
42613229349
42613235392
42613241617
42613247172
42613254068
42613260111
42613265421
42613273050
42613280497
42613285990
42613291971
42613297953
42613306009
42613311136
42613317423
42613325235
42613330240
42613338907
42613345255
42613350565
42613358499
42613364786
42613372049
42613378519
42613385355
42613391397
42613397440
42613404764
42613410318
42613417825
42613423013
42613429666
42613435403
42613442606
42613449136
42613456827
42613463724
42613470804
42613476785
42613483499
42613490213
42613495645
42613503274
42613509805
42613517496
42613523843
42613530801
42613536722
42613541910
42613547403
42613554483
42613561197
42613568521
42613574258
42613580117
42613587869
42613593850
42613600015
42613605874
42613611245
42613617898
42613626199
42613632669
42613639504
42613645425
42613650918
42613658792
42613666665
42613672708
42613678750
42613686257
42613693215
42613699807
42613707742
42613714700
42613722329
42613729226
42613734475
42613742043
42613748513
42613755349
42613762063
42613769875
42613776345
42613783181
42613789712
42613796914
42613803506
42613810830
42613816628
42613823647
42613829812
42613835305
42613842812
42613849221
42613858498
42613864296
42613869240
42613875344
42613883828
42613893166
42613902504
42613908608
42613915078
42613922097
42613929482
42613934548
42613942543
42613948403
42613957436
42613963783
42613970314
42613976540
42613983681
42613990151
42613996803
42614003578
42614008888
42614015114
42614022743
42614028725
42614035255
42614041725
42614049355
42614055275
42614062050
42614068520
42614076576
42614082130
42614089760
42614095131
42614103554
42614109718
42614116188
42614122108
42614128395
42614134254
42614139015
42614146095
42614153724
42614160927
42614165931
42614171669
42614176735
42614184425
42614191627
42614198890
42614206764
42614211891
42614219764
42614224708
42614232643
42614237831
42614245826
42614253333
42614258644
42614264686
42614270728
42614278236
42614283973
42614290565
42614297706
42614303321
42614310035
42614315833
42614321388
42614329749
42614334876
42614343360
42614350135
42614357276
42614363319
42614368751
42614375098
42614383399
42614390540
42614396583
42614404273
42614410071
42614416480
42614422095
42614428138
42614434730
42614442237
42614449622
42614457251
42614466285
42614473609
42614479834
42614486304
42614493567
42614499915
42614507422
42614513892
42614519568
42614525733
42614532630
42614540259
42614546179
42614551306
42614558264
42614563391
42614569495
42614576209
42614583350
42614590918
42614596900
42614603552
42614610388
42614615759
42614623206
42614630042
42614638525
42614644751
42614650122
42614656103
42614663245
42614670203
42614676489
42614682654
42614688086
42614696570
42614702612
42614708899
42614715246
42614721655
42614728308
42614735510
42614741308
42614748083
42614754004
42614759436
42614766943
42614773352
42614780981
42614787695
42614793371
42614800940
42614805517
42614811743
42614819616
42614825842
42614831396
42614839208
42614845434
42614851232
42614856909
42614862890
42614869726
42614877050
42614884374
42614889318
42614897253
42614902624
42614910497
42614915807
42614924718
42614931066
42614937780
42614944128
42614950231
42614957860
42614963415
42614970861
42614978124
42614983861
42614990392
42614994481
42615000890
42615008947
42615014196
42615022924
42615029699
42615036718
42615042577
42615047826
42615054357
42615061376
42615069432
42615077672
42615083837
42615089818
42615095372
42615102880
42615108190
42615114110
42615120946
42615127111
42615132604
42615138707
42615146215
42615152013
42615158299
42615165746
42615171788
42615178014
42615184117
42615190709
42615197240
42615205052
42615211461
42615218541
42615224095
42615231358
42615237279
42615242894
42615247838
42615255528
42615261388
42615267552
42615274022
42615279820
42615286412
42615292332
42615297825
42615306553
42615313389
42615319676
42615325902
42615333226
42615339573
42615345189
42615352513
42615360386
42615367955
42615373997
42615379979
42615387852
42615393406
42615399998
42615406895
42615412876
42615418919
42615425022
42615431309
42615439244
42615444554
42615453343
42615459690
42615465305
42615471348
42615478245
42615484654
42615491856
42615498875
42615506443
42615512241
42615519138
42615524754
42615532261
42615538547
42615544590
42615551670
42615557835
42615564182
42615570042
42615576877
42615583286
42615590305
42615596592
42615601536
42615607944
42615613376
42615620640
42615628452
42615634739
42615641208
42615648227
42615654392
42615660923
42615667270
42615673435
42615677829
42615685581
42615692112
42615697849
42615705173
42615710544
42615718173
42615724277
42615731235
42615737705
42615744358
42615750583
42615756320
42615762424
42615770175
42615776096
42615783359
42615791538
42615797824
42615804172
42615811618
42615816684
42615822482
42615829990
42615837802
42615844638
42615850497
42615855991
42615863559
42615869052
42615875827
42615882114
42615888705
42615894992
42615901340
42615909152
42615913791
42615920627
42615925754
42615934359
42615940097
42615948031
42615954013
42615960788
42615966769
42615973178
42615979647
42615985385
42615991366
42615998690
42616004245
42616010531
42616014132
42616021884
42616030001
42616036166
42616041110
42616047885
42616052828
42616059176
42616066927
42616074008
42616079684
42616086886
42616092196
42616099520
42616105074
42616112582
42616119051
42616127718
42616134432
42616139803
42616145846
42616153841
42616158114
42616166353
42616171358
42616180575
42616186068
42616191561
42616197909
42616203524
42616210604
42616216890
42616224093
42616230990
42616237642
42616243563
42616249178
42616257052
42616262362
42616272860
42616279268
42616285677
42616291658
42616298250
42616303072
42616310762
42616317232
42616324373
42616329317
42616334444
42616341829
42616347933
42616354036
42616361910
42616367281
42616373689
42616381380
42616387666
42616393343
42616400850
42616407442
42616415010
42616421358
42616428316
42616434419
42616440157
42616446138
42616453462
42616462434
42616468660
42616474519
42616480867
42616487642
42616493684
42616500642
42616506807
42616514497
42616518709
42616526704
42616532747
42616538423
42616547151
42616553560
42616560518
42616567170
42616574311
42616580537
42616587312
42616593660
42616600312
42616609712
42616615144
42616619294
42616626679
42616633943
42616640046
42616646577
42616652986
42616659760
42616666230
42616673371
42616680024
42616686189
42616691193
42616697968
42616705659
42616712067
42616719453
42616725495
42616732209
42616738984
42616744904
42616751130
42616758515
42616763154
42616771088
42616777253
42616782624
42616789643
42616797700
42616803315
42616809113
42616815827
42616822114
42616828217
42616835297
42616840180
42616846589
42616855072
42616859284
42616866791
42616873993
42616881562
42616886994
42616893036
42616900849
42616907624
42616914643
42616920868
42616925812
42616931916
42616938812
42616947418
42616953339
42616959992
42616966095
42616972687
42616979462
42616985993
42616992462
42617001007
42617007050
42617012909
42617019318
42617026764
42617032562
42617041534
42617049042
42617055206
42617061066
42617068512
42617073456
42617081146
42617086151
42617093414
42617099701
42617107696
42617114166
42617119720
42617125091
42617130584
42617138458
42617143524
42617150970
42617159210
42617163299
42617172332
42617179351
42617185882
42617193145
42617199249
42617205291
42617211273
42617218170
42617224639
42617229766
42617237274
42617242706
42617248809
42617256194
42617261077
42617268462
42617275115
42617281951
42617287627
42617293914
42617302032
42617308562
42617313934
42617321258
42617326751
42617334930
42617341033
42617348052
42617353973
42617360076
42617365874
42617373809
42617378570
42617386931
42617393584
42617399260
42617406035
42617411467
42617419097
42617425383
42617433684
42617440276
42617445769
42617452117
42617459075
42617466094
42617472991
42617480864
42617487273
42617493376
42617499175
42617505034
42617511931
42617517974
42617523772
42617531462
42617538298
42617543669
42617551543
42617557646
42617564360
42617570525
42617578581
42617585295
42617590300
42617596404
42617603972
42617611174
42617616667
42617625029
42617631560
42617637541
42617643523
42617649199
42617654875
42617661711
42617669279
42617676420
42617681181
42617689360
42617693266
42617700957
42617708037
42617714628
42617721525
42617727873
42617735075
42617741179
42617747099
42617753630
42617761503
42617769438
42617775907
42617781156
42617786711
42617795134
42617801725
42617808378
42617815702
42617822599
42617828581
42617833586
42617840666
42617846708
42617852751
42617859403
42617866911
42617873197
42617879667
42617885770
42617892301
42617898588
42617906339
42617910734
42617919035
42617925321
42617930753
42617937711
42617945341
42617951871
42617957914
42617964933
42617970914
42617977018
42617983365
42617990201
42617996427
42618003019
42618010465
42618016385
42618022672
42618028775
42618034879
42618040555
42618049161
42618055753
42618062772
42618068814
42618074124
42618080960
42618088040
42618093167
42618098844
42618107328
42618113736
42618119596
42618125699
42618131314
42618138883
42618143399
42618151578
42618157742
42618165860
42618172025
42618178616
42618184720
42618190518
42618198880
42618205167
42618212369
42618217374
42618223111
42618230923
42618238003
42618242154
42618250699
42618256924
42618263394
42618269375
42618275967
42618282193
42618288174
42618296414
42618302029
42618308743
42618316311
42618321927
42618327786
42618335049
42618341946
42618348477
42618355618
42618362698
42618367276
42618375271
42618382229
42618387478
42618396389
42618402188
42618408596
42618414334
42618419766
42618425991
42618433865
42618441250
42618446499
42618453823
42618459561
42618465176
42618472622
42618479519
42618486660
42618493496
42618498196
42618506557
42618512478
42618519253
42618524746
42618529812
42618537624
42618543545
42618550014
42618557339
42618562771
42618568325
42618575710
42618581936
42618588589
42618594448
42618600063
42618607143
42618614956
42618621059
42618627468
42618635708
42618642360
42618647426
42618653225
42618659450
42618667812
42618673244
42618680385
42618687038
42618696071
42618702602
42618709255
42618713893
42618722011
42618729701
42618735683
42618742641
42618750514
42618757167
42618763698
42618770717
42618777431
42618784145
42618790920
42618797450
42618803554
42618810756
42618816676
42618823390
42618831508
42618837550
42618843715
42618849635
42618855983
42618862208
42618869227
42618874660
42618884486
42618891261
42618896754
42618903102
42618910670
42618916041
42618924281
42618931239
42618937465
42618943995
42618949855
42618955531
42618961390
42618968653
42618975062
42618980983
42618989222
42618995692
42619001429
42619007655
42619014796
42619021998
42619030787
42619037257
42619042750
42619048609
42619056483
42619062464
42619068629
42619076197
42619081873
42619088221
42619094141
42619100916
42619106837
42619113795
42619118616
42619126063
42619131678
42619136500
42619144068
42619150111
42619156946
42619164026
42619170923
42619177515
42619183619
42619190027
42619196741
42619203089
42619209986
42619217005
42619222498
42619228785
42619236170
42619241968
42619248011
42619254541
42619261011
42619266626
42619272364
42619279138
42619285486
42619292749
42619300012
42619305384
42619313745
42619320032
42619325525
42619333032
42619339075
42619345423
42619351404
42619358545
42619367029
42619373560
42619378809
42619386133
42619391443
42619399805
42619405725
42619412805
42619417627
42619424829
42619430872
42619437829
42619443567
42619449121
42619457117
42619464014
42619470910
42619476892
42619483240
42619488977
42619496911
42619503747
42619510644
42619516565
42619521447
42619528222
42619533105
42619540735
42619547082
42619554101
42619559961
42619565087
42619571130
42619577539
42619583825
42619590783
42619599694
42619606530
42619613427
42619619531
42619626672
42619632592
42619637475
42619643578
42619652673
42619657006
42619664758
42619671899
42619677331
42619684777
42619690881
42619697961
42619704186
42619710717
42619717126
42619725976
42619732323
42619738000
42619746606
42619752892
42619759118
42619766503
42619771996
42619778039
42619783776
42619790673
42619799523
42619803673
42619812096
42619818505
42619823632
42619830895
42619838341
42619844689
42619851036
42619857018
42619864586
42619869469
42619875878
42619882531
42619890343
42619896569
42619902245
42619909752
42619915001
42619922753
42619927941
42619934288
42619941795
42619948387
42619953270
42619960106
42619965965
42619972435
42619980248
42619986290
42619992210
42619997704
42620004784
42620011620
42620017845
42620023399
42620033348
42620039574
42620045372
42620051414
42620058372
42620065086
42620071617
42620078270
42620084007
42620091026
42620096397
42620103355
42620109153
42620117027
42620123497
42620130027
42620136070
42620141380
42620148826
42620154319
42620161827
42620168479
42620174705
42620183006
42620189170
42620193931
42620201744
42620206809
42620215171
42620222862
42620228904
42620236350
42620242271
42620248008
42620253562
42620259483
42620266258
42620273277
42620279746
42620287376
42620293662
42620299400
42620307578
42620313438
42620322410
42620328757
42620334739
42620341086
42620348838
42620353354
42620360251
42620364951
42620372336
42620378867
42620385215
42620391135
42620398642
42620405356
42620412864
42620420737
42620427085
42620432273
42620438376
42620445639
42620451804
42620459311
42620465903
42620472983
42620479514
42620485312
42620492758
42620498862
42620506125
42620512290
42620519492
42620523581
42620531699
42620535727
42620543784
42620550314
42620556479
42620563620
42620569968
42620576804
42620582907
42620590231
42620595847
42620601218
42620609885
42620615988
42620624411
42620630514
42620635886
42620641257
42620649374
42620654135
42620662924
42620668844
42620673971
42620680380
42620687216
42620692160
42620698446
42620706625
42620713217
42620719626
42620726034
42620731588
42620737814
42620745504
42620752340
42620760336
42620766806
42620773153
42620780050
42620786154
42620793234
42620798300
42620805624
42620812399
42620818746
42620824728
42620830343
42620839010
42620845480
42620852926
42620859701
42620865194
42620870992
42620877889
42620884481
42620890951
42620900594
42620906759
42620914449
42620920553
42620925985
42620931051
42620938131
42620944356
42620951742
42620958272
42620963216
42620971334
42620976522
42620983358
42620988302
42620996175
42621002340
42621008687
42621015035
42621021871
42621028707
42621036519
42621043660
42621049276
42621056722
42621062032
42621069112
42621074971
42621081746
42621088399
42621096334
42621103108
42621109761
42621115987
42621120870
42621127278
42621133870
42621142232
42621148580
42621154805
42621160970
42621167622
42621174519
42621181355
42621189412
42621194905
42621202046
42621208089
42621213704
42621219441
42621228108
42621235310
42621240803
42621246785
42621254170
42621260396
42621265523
42621271504
42621278584
42621287434
42621293843
42621299458
42621306233
42621311543
42621317524
42621325032
42621332783
42621338887
42621345600
42621353230
42621358418
42621365742
42621370991
42621377217
42621384419
42621390400
42621395893
42621402058
42621409992
42621416584
42621421711
42621429402
42621435200
42621441120
42621447102
42621453816
42621460163
42621465962
42621472248
42621480732
42621487995
42621493427
42621500507
42621506550
42621512775
42621518940
42621526264
42621532856
42621538898
42621544941
42621552143
42621558185
42621563129
42621570759
42621577106
42621583393
42621589435
42621595905
42621601764
42621608417
42621615070
42621621906
42621630024
42621635761
42621641986
42621649128
42621656025
42621661823
42621671161
42621677448
42621683612
42621689655
42621696491
42621702106
42621708331
42621715228
42621722736
42621729267
42621734760
42621741412
42621748309
42621754352
42621761615
42621768329
42621774677
42621780048
42621786212
42621794147
42621800616
42621806049
42621814166
42621820209
42621826190
42621831744
42621838092
42621843646
42621851214
42621855609
42621863482
42621870074
42621875506
42621882831
42621888202
42621894793
42621900348
42621908831
42621916583
42621921649
42621927691
42621933978
42621940326
42621948199
42621955035
42621960650
42621968951
42621974932
42621980914
42621986529
42621994647
42622001361
42622007281
42622013568
42622020342
42622026324
42622033221
42622039935
42622045306
42622053179
42622059588
42622067767
42622073931
42622079485
42622085284
42622092730
42622101397
42622109576
42622115435
42622120684
42622128496
42622133684
42622140398
42622146197
42622152483
42622159990
42622167010
42622172991
42622180437
42622184954
42622192278
42622199785
42622206682
42622212969
42622219194
42622226030
42622232317
42622239763
42622244402
42622252581
42622259294
42622264360
42622271257
42622277056
42622282549
42622288713
42622295854
42622302324
42622308611
42622314287
42622319353
42622325395
42622333330
42622341387
42622347673
42622353288
42622358843
42622365862
42622373552
42622379106
42622385393
42622391679
42622397905
42622404985
42622412004
42622417375
42622425798
42622432085
42622439043
42622445207
42622451188
42622458513
42622464433
42622471208
42622476213
42622483964
42622489885
42622496965
42622504350
42622510942
42622517289
42622523515
42622530473
42622537980
42622542924
42622551103
42622557878
42622563676
42622570512
42622575517
42622584489
42622590653
42622596818
42622603410
42622609696
42622617509
42622622575
42622630814
42622636369
42622642411
42622647904
42622656144
42622670365
42622688432
42622696915
42622704606
42622711381
42622717911
42622726456
42622733903
42622740433
42622748795
42622755753
42622763383
42622769181
42622776139
42622783707
42622790604
42622798233
42622804703
42622810929
42622815506
42622823502
42622829911
42622835221
42622840958
42622848282
42622853775
42622861771
42622868302
42622874405
42622880997
42622887223
42622894119
42622899918
42622906204
42622912735
42622918778
42622924759
42622931168
42622937637
42622945023
42622952103
42622959000
42622966263
42622971695
42622979080
42622985428
42622991592
42622998306
42623005875
42623012344
42623017837
42623024307
42623030899
42623037247
42623043228
42623049454
42623055557
42623061477
42623067459
42623073868
42623079239
42623085769
42623092300
42623098709
42623104507
42623110489
42623117569
42623122390
42623129104
42623135574
42623141983
42623148941
42623155838
42623162307
42623168289
42623174575
42623181411
42623185989
42623192031
42623197952
42623204605
42623210952
42623217239
42623221999
42623229202
42623235244
42623240432
42623246841
42623255325
42623261306
42623266433
42623273147
42623280471
42623286758
42623291885
42623299270
42623306533
42623310927
42623319228
42623325942
42623332107
42623339553
42623345717
42623353713
42623360000
42623366469
42623370498
42623377273
42623382461
42623390090
42623394118
42623402175
42623408522
42623414870
42623421157
42623427626
42623434157
42623440383
42623447036
42623452712
42623459120
42623465895
42623472426
42623478041
42623484389
42623491530
42623498183
42623503798
42623510146
42623516615
42623522536
42623527968
42623534010
42623540358
42623547133
42623554762
42623561110
42623566847
42623573195
42623579787
42623586562
42623592787
42623600111
42623607313
42623613966
42623620070
42623626478
42623632765
42623639113
42623645155
42623651625
42623657362
42623663405
42623669813
42623676466
42623683912
42623690687
42623697462
42623702650
42623709669
42623715956
42623722975
42623727980
42623735487
42623742445
42623748487
42623755567
42623762464
42623769667
42623777296
42623784254
42623790541
42623797071
42623803297
42623809767
42623815748
42623822157
42623828077
42623834486
42623842664
42623847242
42623856092
42623861036
42623868543
42623874830
42623881300
42623885816
42623893384
42623900953
42623907850
42623913770
42623919141
42623925855
42623931653
42623937879
42623943616
42623951368
42623957166
42623963880
42623969434
42623976392
42623982068
42623988233
42623995191
42624001172
42624006482
42624012769
42624018811
42624027234
42624033216
42624040601
42624044507
42624052564
42624056287
42624064099
42624069532
42624076367
42624082105
42624089612
42624095349
42624102857
42624109937
42624118054
42624124585
42624129834
42624136243
42624143933
42624150342
42624157117
42624163770
42624171033
42624177563
42624183179
42624189465
42624195752
42624203381
42624209119
42624215649
42624223584
42624230237
42624236767
42624243420
42624250439
42624256848
42624262646
42624269177
42624278332
42624284863
42624292431
42624299878
42624305676
42624313366
42624319165
42624326245
42624331860
42624339306
42624344677
42624351635
42624357128
42624365246
42624371166
42624378491
42624383923
42624390393
42624395764
42624402783
42624408520
42624416393
42624422314
42624430248
42624436230
42624444225
42624450085
42624457775
42624463512
42624471081
42624476879
42624485180
42624490551
42624497204
42624502941
42624511059
42624516735
42624524364
42624530590
42624536327
42624543834
42624549877
42624556286
42624562023
42624570263
42624576488
42624583202
42624589489
42624597789
42624604198
42624610729
42624616771
42624623485
42624630565
42624639171
42624644908
42624651561
42624658519
42624664989
42624671215
42624679149
42624685375
42624691478
42624698070
42624704662
42624711498
42624718089
42624724010
42624730480
42624738231
42624746227
42624754039
42624761241
42624767039
42624773875
42624781322
42624788036
42624796886
42624801707
42624810069
42624816661
42624823375
42624830272
42624834483
42624841990
42624847728
42624855601
42624863597
42624869029
42624875071
42624881663
42624888011
42624895640
42624902354
42624909190
42624915965
42624923045
42624929759
42624935923
42624943003
42624951365
42624958811
42624963572
42624971690
42624977549
42624984324
42624991709
42625000071
42625006846
42625012827
42625018931
42625026194
42625032603
42625039622
42625046275
42625052561
42625059397
42625066233
42625073252
42625080637
42625087656
42625093882
42625102000
42625108164
42625114817
42625122263
42625128855
42625134592
42625140940
42625148447
42625154551
42625160654
42625166697
42625173349
42625179697
42625185556
42625194468
42625199717
42625206430
42625214975
42625219309
42625227976
42625232737
42625242441
42625246653
42625256052
42625262583
42625268503
42625278452
42625285532
42625293466
42625299936
42625306101
42625312265
42625318002
42625324594
42625332773
42625339609
42625346445
42625352853
42625359933
42625366220
42625372385
42625379343
42625386545
42625393014
42625400522
42625407480
42625415292
42625422372
42625428476
42625437692
42625443796
42625449045
42625455270
42625463510
42625469919
42625475473
42625483835
42625490548
42625496591
42625501962
42625508432
42625515817
42625522409
42625530038
42625536935
42625544137
42625549569
42625556771
42625563363
42625571054
42625578500
42625583993
42625590829
42625597726
42625606576
42625612191
42625618905
42625626778
42625633248
42625639962
42625646737
42625652352
42625658700
42625665658
42625671029
42625677987
42625684151
42625689828
42625697579
42625702767
42625709969
42625715340
42625723641
42625729073
42625735482
42625741036
42625749215
42625754647
42625761055
42625768441
42625773812
42625778817
42625785897
42625791085
42625798714
42625805306
42625812142
42625817940
42625824288
42625829903
42625835884
42625842415
42625850472
42625857003
42625862740
42625869026
42625875862
42625881966
42625888863
42625895271
42625901009
42625907112
42625913399
42625918892
42625925728
42625932076
42625938667
42625943489
42625950935
42625957039
42625963936
42625970345
42625975227
42625981392
42625989510
42625996590
42626002449
42626010383
42626015999
42626023018
42626028389
42626036384
42626042793
42626049629
42626056221
42626062202
42626069893
42626075691
42626081550
42626087959
42626094001
42626100837
42626107002
42626112678
42626118965
42626124824
42626132698
42626138618
42626145210
42626151252
42626157600
42626164497
42626170600
42626178230
42626184394
42626189277
42626196357
42626205329
42626211494
42626218452
42626224677
42626229743
42626235786
42626242316
42626248298
42626256477
42626262275
42626267768
42626275092
42626280830
42626286567
42626292609
42626299628
42626306159
42626313422
42626319831
42626325751
42626332038
42626338874
42626345344
42626352363
42626358771
42626365973
42626371711
42626376655
42626382697
42626388984
42626396979
42626404425
42626411322
42626416327
42626422004
42626428534
42626434455
42626441474
42626448310
42626454169
42626462409
42626468817
42626476386
42626482672
42626488104
42626496222
42626503729
42626510199
42626516181
42626522589
42626529669
42626535956
42626541693
42626548102
42626556097
42626562628
42626567267
42626573309
42626579474
42626585577
42626593451
42626598395
42626607611
42626613898
42626621039
42626628180
42626634710
42626641180
42626646612
42626655462
42626661810
42626667425
42626674872
42626680365
42626686163
42626692511
42626698187
42626705328
42626711859
42626719122
42626725347
42626730841
42626736578
42626742803
42626748968
42626755621
42626763006
42626768133
42626776129
42626781133
42626787359
42626795416
42626802191
42626809454
42626815130
42626821966
42626827398
42626833990
42626839971
42626845464
42626853582
42626860052
42626865240
42626872503
42626877569
42626882574
42626889532
42626894842
42626903570
42626910222
42626917119
42626923345
42626929204
42626936956
42626941961
42626949956
42626956304
42626962896
42626969915
42626976140
42626983159
42626989202
42626994512
42627003179
42627010137
42627016118
42627020635
42627028203
42627033269
42627039067
42627045964
42627053777
42627059697
42627067571
42627073247
42627078191
42627083318
42627090947
42627096440
42627104985
42627111455
42627118840
42627125005
42627130437
42627136784
42627143315
42627151067
42627157475
42627163457
42627168828
42627174626
42627182133
42627188237
42627193974
42627200322
42627207646
42627213444
42627220097
42627226445
42627231328
42627239811
42627245305
42627252446
42627258183
42627266118
42627271428
42627278569
42627283818
42627290959
42627298405
42627305607
42627311955
42627317997
42627324162
42627330448
42627336308
42627342778
42627349186
42627356632
42627363224
42627368839
42627375248
42627382816
42627389225
42627396366
42627403080
42627410404
42627416447
42627423588
42627430241
42627435246
42627443058
42627448551
42627457218
42627462833
42627469608
42627474735
42627481693
42627486942
42627493046
42627501224
42627508182
42627514774
42627521854
42627528141
42627535282
42627541446
42627546756
42627554752
42627561954
42627566837
42627573795
42627579898
42627585880
42627591861
42627599308
42627603885
42627611026
42627618961
42627624210
42627630191
42627637393
42627643558
42627648258
42627654300
42627661624
42627667972
42627673160
42627680972
42627686344
42627694217
42627700382
42627707340
42627713870
42627719791
42627727664
42627733829
42627740054
42627746829
42627752933
42627760684
42627767276
42627774661
42627780826
42627786075
42627792056
42627798587
42627804935
42627812198
42627818851
42627824344
42627832217
42627837100
42627845340
42627850284
42627858889
42627864505
42627871280
42627878299
42627884341
42627889712
42627896914
42627902285
42627911074
42627916629
42627924136
42627929934
42627935427
42627941043
42627947817
42627954043
42627960513
42627967105
42627973757
42627982729
42627988833
42627994692
42628000979
42628007449
42628015810
42628020449
42628028750
42628035403
42628040530
42628048830
42628053896
42628061098
42628068178
42628075198
42628080141
42628086184
42628091433
42628099489
42628105044
42628113100
42628119143
42628124087
42628131228
42628136355
42628142397
42628148989
42628157412
42628165224
42628171633
42628177065
42628183352
42628190371
42628196596
42628202944
42628209108
42628215822
42628222658
42628227480
42628233644
42628241274
42628245302
42628252565
42628260683
42628267397
42628274477
42628280092
42628287477
42628293031
42628300661
42628306215
42628313600
42628319582
42628326296
42628333864
42628338930
42628346681
42628352418
42628358705
42628367433
42628373842
42628379945
42628385927
42628391786
42628397523
42628403627
42628409669
42628417238
42628422059
42628431154
42628436830
42628443727
42628449830
42628456483
42628462892
42628468690
42628477052
42628482667
42628489381
42628494935
42628502626
42628507997
42628516603
42628522767
42628528932
42628534730
42628541139
42628547120
42628552857
42628559266
42628567262
42628574891
42628579957
42628585694
42628592591
42628598817
42628605836
42628613160
42628619386
42628625977
42628634339
42628638490
42628647034
42628651002
42628658692
42628665528
42628670655
42628679383
42628686890
42628693970
42628702332
42628708619
42628714966
42628721131
42628727479
42628733582
42628740235
42628748108
42628754700
42628760804
42628767395
42628774903
42628781556
42628789063
42628796326
42628801270
42628807984
42628815613
42628822388
42628830384
42628836914
42628842163
42628848694
42628857178
42628863220
42628868103
42628876282
42628881897
42628889588
42628895447
42628902222
42628907898
42628916626
42628924011
42628931519
42628938049
42628944336
42628950745
42628955994
42628962402
42628970093
42628976990
42628982666
42628988830
42628994751
42629000671
42629007629
42629014099
42629020813
42629027832
42629034851
42629041198
42629046875
42629054077
42629059875
42629067932
42629073242
42629081726
42629089416
42629093811
42629103820
42629108276
42629116577
42629124755
42629130493
42629138732
42629144653
42629150024
42629155273
42629162353
42629167602
42629175170
42629181213
42629187377
42629193542
42629199157
42629205505
42629213805
42629220214
42629227294
42629233947
42629240417
42629246947
42629253905
42629259948
42629265380
42629271178
42629278442
42629285094
42629291198
42629299377
42629304259
42629310241
42629317626
42629323180
42629329711
42629338500
42629344970
42629350707
42629356200
42629363524
42629368895
42629377074
42629383605
42629390319
42629396788
42629403685
42629409789
42629415892
42629421935
42629428343
42629434996
42629442015
42629448363
42629455016
42629460753
42629467223
42629473143
42629478819
42629485472
42629494261
42629498656
42629507079
42629510802
42629519408
42629523497
42629531920
42629538939
42629544859
42629552672
42629558165
42629566222
42629571776
42629578062
42629585936
42629592100
42629598204
42629604796
42629610594
42629616942
42629623167
42629629637
42629635985
42629641905
42629648253
42629655150
42629661558
42629668028
42629674498
42629681761
42629687254
42629694700
42629701353
42629707151
42629713316
42629720579
42629726560
42629732481
42629739012
42629746946
42629753904
42629760923
42629767393
42629772764
42629778623
42629785520
42629793882
42629799864
42629805723
42629812376
42629818784
42629825132
42629831907
42629838255
42629845213
42629851865
42629858213
42629863889
42629870176
42629876279
42629882871
42629889829
42629896726
42629903440
42629911374
42629915525
42629923154
42629929502
42629935300
42629941953
42629950376
42629957273
42629962339
42629969480
42629974973
42629981565
42629988523
42629996213
42630001828
42630008481
42630013608
42630021054
42630026792
42630031919
42630037229
42630046445
42630052915
42630059445
42630065854
42630071530
42630077695
42630084226
42630090695
42630098019
42630104550
42630110471
42630118344
42630123410
42630129697
42630137143
42630143979
42630151364
42630155575
42630164181
42630168027
42630176755
42630182553
42630189084
42630195737
42630201535
42630208798
42630214291
42630221798
42630226986
42630232724
42630239254
42630247494
42630253781
42630260556
42630267025
42630274289
42630280758
42630286618
42630293209
42630301998
42630308590
42630315060
42630321591
42630327389
42630333615
42630340573
42630347164
42630354244
42630360897
42630367550
42630373715
42630381344
42630387325
42630392391
42630398800
42630405636
42630409603
42630418270
42630422237
42630431087
42630437374
42630442684
42630450680
42630456905
42630462948
42630468502
