80710684554
80710689009
80710693526
80710699446
80710704024
80710709395
80710715010
80710720076
80710726058
80710731124
80710736129
80710742171
80710748763
80710755538
80710761275
80710768050
80710774031
80710779646
80710786177
80710792220
80710798934
80710804854
80710812056
80710817732
80710825057
80710832747
80710839217
80710847090
80710853987
80710861250
80710868941
80710876204
80710885786
80710893111
80710902571
80710908980
80710918867
80710928877
80710936567
80710944136
80710951338
80710958235
80710966597
80710973249
80710980391
80710986921
80710994673
80711002668
80711008100
80711015791
80711023725
80711030928
80711037336
80711045637
80711052839
80711059248
80711066938
80711073530
80711080854
80711087324
80711095503
80711102888
80711109724
80711118025
80711125044
80711132734
80711138960
80711146467
80711154584
80711161726
80711171064
80711177961
80711184431
80711193159
80711200666
80711206525
80711216413
80711223554
80711231122
80711237897
80711245099
80711254194
80711260785
80711267682
80711275861
80711282636
80711289228
80711296247
80711303876
80711309064
80711316754
80711323651
80711329938
80711338239
80711346112
80711353559
80711361493
80711368268
80711374066
80711382489
80711389447
80711397321
80711405133
80711412274
80711419659
80711428449
80711435468
80711441693
80711449017
80711455365
80711462323
80711470929
80711478863
80711486249
80711493878
80711501935
80711509686
80711516400
80711523663
80711531170
80711541791
80711548687
80711556683
80711570538
80711576886
80711587506
80711596478
80711604534
80711612896
80711620465
80711626690
80711634259
80711640545
80711648297
80711657696
80711663189
80711671002
80711676251
80711685406
80711692425
80711698956
80711705792
80711715069
80711721966
80711728313
80711736553
80711742901
80711750408
80711758770
80711768047
80711775005
80711782696
80711787762
80711795330
80711802471
80711809063
80711816875
80711823711
80711831829
80711837688
80711845623
80711851726
80711858257
80711866863
80711874492
80711882610
80711890361
80711896160
80711906108
80711911785
80711919963
80711927410
80711936504
80711944805
80711951274
80711958171
80711964458
80711971294
80711978496
80711986736
80711996074
80712002910
80712009502
80712016704
80712025310
80712031352
80712037273
80712045451
80712053630
80712061015
80712069743
80712076579
80712084758
80712091044
80712098613
80712107341
80712113017
80712122478
80712128886
80712135539
80712141581
80712150859
80712158915
80712168193
80712177226
80712184672
80712191447
80712198893
80712207133
80712214518
80712221965
80712232341
80712239787
80712247660
80712254313
80712263102
80712270854
80712279032
80712285685
80712300211
80712307353
80712316752
80712323222
80712332377
80712339518
80712345560
80712353983
80712361491
80712367838
80712375040
80712382975
80712388102
80712396464
80712404276
80712411295
80712420450
80712426676
80712432963
80712440165
80712446512
80712454203
80712462565
80712469339
80712476419
80712483255
80712491556
80712497416
80712505655
80712512674
80712520975
80712528421
80712534891
80712542398
80712550577
80712555887
80712563883
80712573404
80712581949
80712590616
80712597147
80712607279
80712613870
80712622598
80712630594
80712641397
80712648172
80712657327
80712663614
80712673257
80712679239
80712689065
80712697183
80712706460
80712712503
80712720804
80712728799
80712736306
80712743570
80712750894
80712758523
80712766336
80712773599
80712779580
80712787027
80712795144
80712801431
80712809671
80712816506
80712823587
80712831277
80712838601
80712847085
80712854226
80712861550
80712870706
80712878396
80712885476
80712893044
80712901406
80712910134
80712917947
80712923501
80712931741
80712938576
80712946389
80712953225
80712961282
80712967080
80712975259
80712984475
80712993142
80713001809
80713011147
80713018715
80713027627
80713038552
80713047890
80713056130
80713063271
80713071877
80713080361
80713089882
80713100014
80713106972
80713115029
80713123818
80713131264
80713139382
80713148171
80713155739
80713163307
80713170754
80713174965
80713181496
80713186440
80713194801
80713203529
80713209999
80713215370
80713220985
80713226418
80713231667
80713239906
80713245460
80713251991
80713260597
80713268593
80713273903
80713279457
80713285866
80713293068
80713299171
80713304542
80713310585
80713317238
80713323402
80713329811
80713336158
80713342018
80713348365
80713354652
80713358986
80713365150
80713371681
80713376320
80713382362
80713388160
80713394569
80713398780
80713404884
80713410011
80713416114
80713423072
80713429054
80713434669
80713440101
80713445045
80713451332
80713457191
80713462135
80713467872
80713473976
80713479102
80713484046
80713490333
80713495582
80713501807
80713506751
80713513770
80713519141
80713524451
80713529212
80713536109
80713542701
80713549171
80713553870
80713559852
80713566505
80713575843
80713583777
80713590247
80713600501
80713609900
80713617957
80713623572
80713630347
80713636512
80713640601
80713646521
80713652625
80713657569
80713663550
80713669959
80713675269
80713681311
80713686560
80713692298
80713697119
80713703406
80713708106
80713713904
80713718360
80713723426
80713730139
80713736121
80713740027
80713747962
80713753211
80713759497
80713764746
80713770789
80713775855
80713781714
80713787512
80713792944
80713799658
80713805823
80713810400
80713816931
80713822607
80713827734
80713834021
80713838965
80713844885
80713849768
80713854834
80713860449
80713865515
80713872046
80713877356
80713883093
80713888586
80713894690
80713899756
80713907446
80713912573
80713918921
80713924475
80713929602
80713934179
80713940283
80713945654
80713951330
80713956030
80713961950
80713968481
80713973730
80713978674
80713983435
80713990881
80713996374
80714000891
80714005896
80714012365
80714018041
80714023962
80714029394
80714033300
80714041052
80714046545
80714051672
80714057714
80714062231
80714067846
80714076818
80714085668
80714095373
80714101354
80714112890
80714120214
80714124914
80714131322
80714136327
80714143713
80714148901
80714154150
80714159582
80714165868
80714173864
80714181432
80714188573
80714195226
80714201085
80714207311
80714214269
80714221288
80714229589
80714235570
80714240453
80714248510
80714256261
80714263341
80714269017
80714277440
80714284337
80714292211
80714297216
80714302709
80714308507
80714314183
80714319860
80714325414
80714331883
80714337132
80714344640
80714351781
80714358251
80714363683
80714367894
80714373326
80714379064
80714384007
80714388951
80714394750
80714400182
80714407140
80714411839
80714416478
80714422581
80714427281
80714433385
80714439061
80714443089
80714449498
80714455479
80714461461
80714467259
80714474217
80714479405
80714484654
80714490208
80714495701
80714502598
80714507847
80714512486
80714518223
80714522862
80714527806
80714533726
80714538365
80714544041
80714549229
80714554722
80714561314
80714566136
80714572239
80714578099
80714583348
80714589146
80714598912
80714605809
80714613011
80714618748
80714625706
80714631870
80714638157
80714642185
80714649510
80714656346
80714661472
80714666660
80714672215
80714677158
80714683445
80714689182
80714693821
80714700108
80714706089
80714711765
80714716587
80714722874
80714729465
80714735813
80714741001
80714746677
80714753452
80714758762
80714764805
80714769565
80714775852
80714780308
80714786899
80714791050
80714797886
80714803440
80714809116
80714815708
80714820469
80714825229
80714831516
80714836521
80714841709
80714848056
80714853367
80714858738
80714864231
80714868930
80714874668
80714880344
80714884616
80714889743
80714895603
80714900730
80714906772
80714912326
80714917270
80714923007
80714928989
80714934726
80714941562
80714946018
80714951877
80714956516
80714961704
80714967380
80714972385
80714977512
80714982089
80714986484
80714992221
80714998935
80715004733
80715010410
80715015598
80715020908
80715028720
80715034213
80715039889
80715044955
80715051364
80715056735
80715061679
80715068332
80715073459
80715080112
80715084323
80715089023
80715094699
80715100558
80715104953
80715112338
80715121310
80715129855
80715138339
80715151339
80715157870
80715163546
80715169467
80715176181
80715180453
80715186801
80715194308
80715200534
80715206393
80715212435
80715217684
80715221713
80715228610
80715235324
80715241976
80715246249
80715252596
80715258334
80715262179
80715268405
80715272738
80715279635
80715285616
80715291354
80715297213
80715302096
80715307528
80715312167
80715318697
80715323458
80715328097
80715334933
80715339999
80715346712
80715352877
80715359469
80715364413
80715368319
80715373202
80715379183
80715384127
80715388766
80715393892
80715399508
80715406344
80715411959
80715418429
80715423128
80715427584
80715432039
80715437777
80715444185
80715450106
80715455843
80715460299
80715467928
80715472567
80715477388
80715482881
80715489046
80715493685
80715499971
80715505464
80715511873
80715515962
80715521639
80715527193
80715533418
80715538790
80715544283
80715549288
80715553804
80715561067
80715566255
80715573335
80715578890
80715585542
80715589693
80715596040
80715601228
80715606905
80715613374
80715619600
80715625093
80715630586
80715635469
80715642793
80715649019
80715655611
80715662752
80715672090
80715678316
80715687044
80715691865
80715698518
80715704988
80715710725
80715716157
80715720186
80715725618
80715731599
80715737214
80715743440
80715748262
80715752839
80715757844
80715762605
80715768892
80715774873
80715780061
80715786042
80715790864
80715795808
80715801301
80715805146
80715810884
80715816621
80715821199
80715827973
80715833283
80715838471
80715844331
80715850129
80715856416
80715862946
80715868440
80715873567
80715878571
80715884065
80715888337
80715893952
80715898225
80715904145
80715910615
80715914399
80715921357
80715926850
80715932099
80715938447
80715944184
80715952119
80715957795
80715964265
80715969880
80715975190
80715979279
80715987336
80715992402
80715998505
80716003449
80716009064
80716014863
80716020600
80716026398
80716030610
80716038239
80716044281
80716048981
80716054718
80716060639
80716066742
80716073578
80716078461
80716084626
80716089142
80716094330
80716099945
80716106598
80716113556
80716120148
80716125946
80716131806
80716137787
80716143280
80716149506
80716153717
80716159943
80716166840
80716172821
80716179596
80716185333
80716191803
80716199493
80716205658
80716212067
80716217682
80716223663
80716228668
80716235199
80716241791
80716247894
80716253509
80716259552
80716266144
80716271149
80716278107
80716283844
80716288482
80716294342
80716300323
80716304718
80716312835
80716318451
80716325348
80716331878
80716335968
80716342559
80716348602
80716355072
80716359283
80716365509
80716372467
80716377838
80716384368
80716390228
80716395782
80716400970
80716407257
80716411651
80716418121
80716423248
80716429717
80716436187
80716441436
80716447296
80716453094
80716458282
80716464324
80716469756
80716475616
80716482085
80716486114
80716492522
80716498260
80716504791
80716510467
80716516326
80716520599
80716526580
80716532928
80716538848
80716543975
80716549651
80716556304
80716562041
80716566741
80716572967
80716579009
80716584197
80716590484
80716597136
80716601226
80716608062
80716614348
80716620025
80716625640
80716632415
80716637542
80716643584
80716647979
80716653655
80716660003
80716665618
80716673003
80716678191
80716683989
80716689666
80716695647
80716701750
80716708708
80716714446
80716720976
80716726653
80716732451
80716739836
80716746367
80716751921
80716759123
80716763701
80716769377
80716775542
80716781401
80716787199
80716792876
80716798735
80716805327
80716809660
80716816191
80716821379
80716828154
80716834380
80716839201
80716845061
80716850981
80716856535
80716862211
80716868437
80716874052
80716879179
80716885222
80716891691
80716896025
80716902556
80716908964
80716914030
80716920988
80716925749
80716932341
80716937895
80716943937
80716948393
80716955595
80716961271
80716966398
80716972258
80716977873
80716983061
80716989653
80716994474
80717001249
80717007719
80717013822
80717019682
80717023710
80717031156
80717037443
80717042631
80717048246
80717053373
80717059293
80717066801
80717072050
80717077665
80717083036
80717087248
80717093473
80717097684
80717106168
80717111539
80717117948
80717123258
80717130704
80717137907
80717146207
80717152067
80717158292
80717163724
80717169156
80717175199
80717180814
80717186551
80717193448
80717197904
80717204496
80717209623
80717216520
80717222379
80717227018
80717232206
80717238187
80717243802
80717250394
80717257352
80717271329
80717281278
80717285855
80717294828
80717301480
80717306790
80717312528
80717318997
80717323575
80717330655
80717336881
80717341519
80717348172
80717353726
80717359219
80717365262
80717370694
80717377164
80717383206
80717390591
80717397122
80717403592
80717409207
80717416043
80717420254
80717427823
80717433194
80717438809
80717443570
80717450467
80717457181
80717463162
80717467801
80717473904
80717479886
80717485501
80717491849
80717497464
80717502591
80717508389
80717513516
80717519131
80717526089
80717530789
80717537930
80717544217
80717548855
80717555691
80717561184
80717566983
80717573208
80717578640
80717584866
80717590359
80717595425
80717602017
80717608059
80717614163
80717619412
80717624539
80717631008
80717637112
80717642849
80717649075
80717655483
80717660610
80717667202
80717674343
80717680019
80717686794
80717691982
80717698879
80717704250
80717710415
80717717068
80717721340
80717728908
80717734157
80717740688
80717746120
80717752163
80717758205
80717764126
80717769253
80717775356
80717781765
80717790004
80717798061
80717804714
80717812282
80717821010
80717828334
80717835598
80717843044
80717847683
80717854518
80717858730
80717866481
80717871364
80717878139
80717884609
80717890834
80717897060
80717901332
80717907619
80717913783
80717919155
80717923244
80717931117
80717936366
80717942897
80717948085
80717954372
80717960109
80717964870
80717970851
80717977382
80717984340
80717988673
80717994838
80717999171
80718007777
80718013515
80718019618
80718024745
80718030849
80718035548
80718041713
80718048366
80718052638
80718061000
80718067103
80718071925
80718077785
80718083705
80718089564
80718094020
80718101466
80718107142
80718113124
80718117885
80718123683
80718130153
80718134913
80718142726
80718156153
80718160487
80718167811
80718172816
80718179713
80718184352
80718191188
80718198023
80718201991
80718209132
80718214991
80718220973
80718227198
80718233180
80718238978
80718244227
80718249659
80718253993
80718262537
80718268336
80718274134
80718278407
80718284144
80718290675
80718296351
80718303187
80718309290
80718314967
80718320826
80718327784
80718333338
80718340235
80718350428
80718355311
80718362574
80718370081
80718374293
80718381067
80718385218
80718392969
80718398035
80718403467
80718408716
80718415247
80718420313
80718427149
80718432459
80718438562
80718443323
80718449793
80718457117
80718461389
80718467188
80718473047
80718479639
80718484522
80718490015
80718496302
80718501734
80718507288
80718514185
80718519495
80718525720
80718530542
80718536585
80718542749
80718548303
80718553613
80718559534
80718566553
80718572412
80718577966
80718583337
80718589990
80718595361
80718601648
80718606958
80718613000
80718617395
80718623682
80718631494
80718635889
80718642358
80718649621
80718655542
80718661035
80718665979
80718672143
80718678491
80718683862
80718689416
80718695703
80718700952
80718707361
80718716028
80718722924
80718728418
80718735559
80718741662
80718747338
80718753808
80718758691
80718763208
80718767907
80718773828
80718778833
80718784631
80718791101
80718795739
80718802331
80718809228
80718814782
80718820336
80718826135
80718828881
80718836328
80718841638
80718847375
80718854150
80718861230
80718867516
80718874047
80718881860
80718887048
80718893395
80718898400
80718905663
80718912133
80718918847
80718924645
80718930199
80718935815
80718941735
80718946679
80718953576
80718958092
80718963158
80718967736
80718972863
80718978539
80718983056
80718989464
80718995385
80719000939
80719006127
80719011193
80719016869
80719022911
80719028283
80719033471
80719040490
80719045922
80719050866
80719057030
80719061486
80719065941
80719071678
80719076256
80719082787
80719089196
80719095360
80719100426
80719105492
80719110436
80719116356
80719121483
80719124230
80719131432
80719136070
80719141564
80719148033
80719153160
80719159142
80719165428
80719169151
80719174706
80719180504
80719184532
80719188988
80719195030
80719202476
80719208031
80719213951
80719219444
80719225304
80719230308
80719235008
80719241173
80719247703
80719252952
80719258079
80719263573
80719269554
80719274681
80719278648
80719284996
80719291099
80719295982
80719301048
80719306053
80719311973
80719317100
80719323082
80719328880
80719334922
80719339744
80719343956
80719349876
80719354332
80719360801
80719366905
80719372032
80719380271
80719389427
80719394432
80719402244
80719412437
80719421043
80719427757
80719433555
80719438987
80719443137
80719450828
80719457114
80719462486
80719468833
80719474448
80719480735
80719487693
80719492820
80719498069
80719503989
80719508384
80719513938
80719519126
80719524741
80719530112
80719535544
80719541282
80719545615
80719551719
80719556357
80719561606
80719568503
80719573508
80719578391
80719583884
80719589194
80719594321
80719598533
80719605369
80719611106
80719615012
80719622519
80719627036
80719632041
80719636802
80719641745
80719647666
80719654319
80719658835
80719664450
80719669882
80719675070
80719681418
80719686118
80719692526
80719697837
80719702780
80719707419
80719712973
80719718527
80719723349
80719729331
80719734091
80719739890
80719746298
80719750815
80719757285
80719762228
80719768271
80719775229
80719779684
80719786703
80719792136
80719797140
80719802878
80719807944
80719813132
80719820090
80719824911
80719831625
80719836813
80719842551
80719847922
80719851828
80719859701
80719864706
80719869528
80719874106
80719880331
80719884665
80719893454
80719900351
80719907309
80719913412
80719919394
80719925924
80719932455
80719939108
80719946249
80719951010
80719958029
80719963583
80719969931
80719974691
80719980978
80719986349
80719992269
80719997335
80720002706
80720007711
80720011801
80720018087
80720024679
80720029867
80720032552
80720039877
80720045919
80720050985
80720057333
80720061849
80720068502
80720075399
80720080648
80720085165
80720089864
80720094320
80720100484
80720106588
80720112020
80720116781
80720122579
80720126729
80720132284
80720137838
80720142293
80720148519
80720152486
80720158834
80720163656
80720169332
80720175619
80720181417
80720188619
80720193319
80720198812
80720205159
80720210347
80720216939
80720221639
80720227987
80720233541
80720239522
80720245320
80720250142
80720256734
80720261190
80720266927
80720272481
80720279683
80720285237
80720291036
80720295674
80720302510
80720307820
80720313558
80720318624
80720323445
80720328633
80720334310
80720337911
80720343648
80720349263
80720355000
80720361775
80720367268
80720372212
80720376729
80720382832
80720387349
80720392415
80720398396
80720402852
80720409199
80720417073
80720425923
80720433308
80720438862
80720448689
80720455830
80720464192
80720468770
80720473347
80720478413
80720484089
80720489827
80720493794
80720499653
80720503682
80720510212
80720516621
80720521748
80720526814
80720532490
80720539021
80720544453
80720550679
80720556111
80720560261
80720566853
80720572651
80720578572
80720585469
80720590534
80720595783
80720602802
80720608235
80720615132
80720620014
80720624714
80720630207
80720633747
80720639485
80720646504
80720650898
80720657124
80720661213
80720667927
80720672199
80720679401
80720686237
80720691242
80720696064
80720701069
80720705769
80720712116
80720717365
80720723713
80720729938
80720734028
80720739094
80720745441
80720751301
80720755390
80720761066
80720766804
80720771869
80720777668
80720783405
80720786091
80720794758
80720800312
80720804950
80720812641
80720817035
80720823566
80720827289
80720835041
80720840290
80720845417
80720851825
80720858478
80720863422
80720869464
80720875690
80720880817
80720885944
80720894123
80720900592
80720907855
80720912677
80720918842
80720924152
80720931232
80720937518
80720946124
80720953876
80720959735
80720966937
80720972797
80720979877
80720987262
80720994220
80720999957
80721005511
80721011554
80721017047
80721023700
80721029559
80721034930
80721041156
80721046527
80721053241
80721058795
80721064837
80721071307
80721076129
80721082538
80721089862
80721093707
80721099688
80721106952
80721111651
80721119403
80721125323
80721130816
80721137042
80721142535
80721149249
80721154498
80721160540
80721166217
80721171893
80721177508
80721183673
80721189532
80721195147
80721201312
80721206072
80721211566
80721218890
80721224932
80721229815
80721236346
80721241839
80721248492
80721254656
80721261675
80721266741
80721272234
80721278277
80721284014
80721290911
80721297808
80721302996
80721309161
80721315752
80721320391
80721327593
80721334002
80721339983
80721347124
80721352190
80721356951
80721364824
80721372637
80721377520
80721384234
80721391131
80721395647
80721402239
80721409929
80721415972
80721422197
80721428911
80721435869
80721442339
80721450029
80721458452
80721466082
80721471025
80721479631
80721485430
80721491533
80721499285
80721504839
80721510515
80721516496
80721522661
80721528948
80721534990
80721541704
80721546648
80721553972
80721563005
80721570024
80721578630
80721585771
80721590593
80721597429
80721603349
80721609758
80721617021
80721625444
80721631731
80721637346
80721644609
80721650529
80721657182
80721663347
80721669633
80721676835
80721682084
80721687333
80721694108
80721699662
80721705461
80721713151
80721718522
80721724382
80721729875
80721736100
80721743058
80721749467
80721755509
80721761918
80721768937
80721775041
80721779801
80721785966
80721792192
80721798417
80721804093
80721810319
80721817033
80721823258
80721829667
80721835587
80721841630
80721846330
80721852311
80721857438
80721864152
80721870011
80721876664
80721882951
80721888566
80721895097
80721902116
80721908097
80721914262
80721920731
80721926102
80721932694
80721940079
80721946610
80721955399
80721962052
80721967240
80721973893
80721981461
80721987504
80721994034
80721999161
80722005265
80722011734
80722017655
80722024613
80722030106
80722036026
80722041764
80722047318
80722054215
80722061295
80722066727
80722071976
80722078629
80722084427
80722090714
80722094986
80722102677
80722108109
80722113358
80722119827
80722125260
80722131241
80722137955
80722143204
80722149490
80722156265
80722161819
80722167740
80722173599
80722178787
80722185135
80722192215
80722197891
80722204178
80722209671
80722216446
80722221756
80722227493
80722234451
80722239761
80722245315
80722251663
80722256973
80722263199
80722269912
80722274490
80722280410
80722288528
80722294265
80722300491
80722306289
80722311233
80722318252
80722324783
80722331314
80722337356
80722344009
80722351455
80722358291
80722364273
80722371047
80722377456
80722385879
80722392715
80722400100
80722409866
80722415908
80722422988
80722428359
80722435684
80722441970
80722447402
80722455093
80722461196
80722471694
80722479201
80722484267
80722490859
80722495376
80722501784
80722506789
80722514358
80722519790
80722526382
80722531875
80722538222
80722542983
80722548964
80722555190
80722562148
80722567946
80722574416
80722578872
80722585280
80722591506
80722596389
80722601699
80722607680
80722612319
80722619765
80722626479
80722633254
80722638686
80722644179
80722649428
80722655410
80722662123
80722668837
80722673598
80722679579
80722685622
80722695754
80722701491
80722706862
80722713637
80722719557
80722723952
80722730055
80722737685
80722743361
80722748671
80722754775
80722761244
80722765944
80722773024
80722778334
80722784926
80722789625
80722797011
80722803847
80722808913
80722814345
80722820997
80722825392
80722831373
80722836806
80722842848
80722848890
80722853956
80722860548
80722865675
80722871718
80722878248
80722885084
80722890455
80722896620
80722902235
80722908705
80722913588
80722920179
80722926405
80722931654
80722935743
80722943495
80722947828
80722954481
80722961622
80722968885
80722976209
80722980848
80722988661
80722995191
80723001051
80723005506
80723013929
80723018995
80723025831
80723030897
80723037122
80723042860
80723049268
80723054273
80723060926
80723067457
80723073316
80723078687
80723084913
80723091444
80723097303
80723103590
80723108289
80723114027
80723121534
80723127210
80723133741
80723139905
80723144788
80723149671
80723157056
80723161146
80723168897
80723174024
80723180005
80723186719
80723192212
80723198133
80723204053
80723209302
80723215650
80723221265
80723228284
80723235059
80723240857
80723246961
80723253003
80723259290
80723264417
80723271497
80723277295
80723283154
80723289197
80723294751
80723300855
80723306470
80723311597
80723316968
80723323499
80723329358
80723335339
80723340222
80723346448
80723353284
80723359692
80723364819
80723370801
80723376782
80723383435
80723387768
80723394543
80723400647
80723405896
80723411633
80723418103
80723422925
80723432568
80723443249
80723455090
80723466382
80723475232
80723484082
80723491406
80723499646
80723508435
80723517163
80723524731
80723530651
80723536267
80723543347
80723550305
80723557080
80723563305
80723570568
80723576550
80723583019
80723589977
80723596386
80723602184
80723607861
80723615185
80723619335
80723625805
80723632275
80723638073
80723644848
80723649059
80723657116
80723662548
80723669140
80723673229
80723680370
80723685558
80723692455
80723697643
80723702587
80723709606
80723714306
80723720531
80723726818
80723732006
80723737255
80723742565
80723748668
80723754955
80723761059
80723768078
80723773327
80723779979
80723784069
80723790172
80723796215
80723801647
80723806408
80723812450
80723816906
80723822948
80723828136
80723833995
80723839122
80723845043
80723850963
80723857067
80723861888
80723867259
80723873485
80723879344
80723885448
80723891612
80723898021
80723903331
80723909679
80723915050
80723921520
80723927684
80723933177
80723939891
80723944957
80723950328
80723956615
80723962596
80723967357
80723972972
80723980357
80723985545
80723991222
80723997569
80724001903
80724008433
80724014354
80724020579
80724026073
80724031383
80724038341
80724044017
80724050792
80724058116
80724065074
80724071544
80724078196
80724083751
80724090342
80724097728
80724103953
80724110972
80724115977
80724122630
80724127574
80724133738
80724140757
80724145579
80724149607
80724156687
80724162730
80724167979
80724172923
80724178355
80724183665
80724189158
80724195628
80724199534
80724205943
80724211070
80724217112
80724223399
80724228037
80724233042
80724238902
80724244761
80724248972
80724255442
80724260813
80724266917
80724271738
80724278086
80724282420
80724288706
80724293955
80724298044
80724306162
80724310923
80724316721
80724321726
80724327707
80724332590
80724337229
80724344492
80724349863
80724355662
80724360544
80724367075
80724372568
80724379221
80724385508
80724389475
80724395212
80724400888
80724405893
80724412363
80724419077
80724424875
80724430612
80724436350
80724441355
80724445871
80724451548
80724457468
80724463205
80724468393
80724474253
80724479746
80724485300
80724490000
80724496591
80724501230
80724505991
80724512094
80724516977
80724522653
80724529306
80724534311
80724541086
80724545053
80724551218
80724559152
80724565500
80724571481
80724579843
80724585031
80724593271
80724598703
80724604806
80724610239
80724616037
80724624399
80724629098
80724635568
80724641000
80724647836
80724655588
80724669503
80724675973
80724684701
80724692147
80724699105
80724707589
80724713937
80724720102
80724726510
80724732553
80724737802
80724744393
80724751473
80724758493
80724765573
80724772531
80724778207
80724783822
80724788094
80724796822
80724802804
80724807626
80724813424
80724819833
80724827401
80724833138
80724837899
80724844369
80724848397
80724855599
80724860360
80724866341
80724872506
80724877022
80724884347
80724888375
80724894845
80724901253
80724905465
80724911873
80724917489
80724923653
80724928353
80724934090
80724938241
80724944710
80724950753
80724956490
80724961983
80724967598
80724972908
80724978096
80724983895
80724991829
80724997384
80725003060
80725008858
80725013314
80725018929
80725025093
80725031685
80725037361
80725043160
80725048714
80725052925
80725059700
80725063729
80725072151
80725077828
80725085884
80725094795
80725100227
80725108040
80725113228
80725122322
80725128426
80725133675
80725140694
80725146492
80725150642
80725157967
80725163460
80725170357
80725175117
80725180489
80725186409
80725192573
80725197761
80725202278
80725209053
80725214302
80725218452
80725224983
80725231209
80725237007
80725242988
80725248054
80725252449
80725258552
80725265022
80725270515
80725274910
80725281196
80725286750
80725292060
80725298286
80725304390
80725309700
80725315010
80725321174
80725326973
80725332466
80725338264
80725342781
80725348701
80725354255
80725360481
80725365547
80725372138
80725377265
80725382087
80725387824
80725393440
80725398933
80725403877
80725408454
80725414863
80725419318
80725425178
80725431648
80725436225
80725442878
80725449226
80725454963
80725459724
80725465705
80725471137
80725476691
80725481879
80725488349
80725493415
80725498542
80725505805
80725510871
80725516791
80725522773
80725526679
80725533027
80725538581
80725544318
80725549628
80725556037
80725561530
80725566779
80725574225
80725582526
80725589240
80725596381
80725602790
80725607184
80725616034
80725622138
80725627997
80725636786
80725642035
80725648383
80725653876
80725660102
80725665656
80725672003
80725678168
80725682623
80725688117
80725694830
80725699408
80725704840
80725709784
80725717230
80725723456
80725728644
80725733527
80725739142
80725745245
80725750800
80725755865
80725762213
80725767340
80725773505
80725779059
80725785101
80725791510
80725797125
80725804510
80725811468
80725817694
80725822882
80725827093
80725834295
80725838934
80725845709
80725850714
80725857184
80725862066
80725868231
80725873602
80725879705
80725885748
80725889959
80725896917
80725903021
80725908148
80725915045
80725919744
80725926153
80725932318
80725938726
80725942877
80725950506
80725955572
80725962469
80725969549
80725974981
80725980413
80725986578
80725991705
80725997503
80726002691
80726009527
80726015325
80726018011
80726026922
80726033208
80726039251
80726043829
80726049993
80726055425
80726061590
80726067998
80726072454
80726079412
80726083684
80726090764
80726096807
80726107549
80726112737
80726118230
80726128850
80726133916
80726144231
80726150579
80726156560
80726161443
80726166082
80726172490
80726179143
80726184331
80726189336
80726195562
80726199346
80726205632
80726210942
80726215947
80726222661
80726227910
80726233342
80726239629
80726245732
80726249944
80726254827
80726260747
80726266179
80726272893
80726278447
80726284368
80726289800
80726293767
80726300298
80726306035
80726311345
80726317265
80726323613
80726327763
80726334111
80726340947
80726345647
80726351872
80726357671
80726362797
80726368657
80726373540
80726379643
80726384709
80726390874
80726394902
80726401066
80726403935
80726411381
80726416325
80726421574
80726428410
80726432988
80726438786
80726443425
80726449040
80726455388
80726460087
80726466374
80726471806
80726477910
80726483952
80726490117
80726495549
80726501103
80726506352
80726511845
80726517094
80726522892
80726528508
80726533024
80726539738
80726545170
80726550175
80726557377
80726563481
80726570927
80726576908
80726581608
80726587589
80726593510
80726600346
80726604740
80726611088
80726616825
80726623600
80726633122
80726642094
80726651005
80726659428
80726668766
80726673649
80726680241
80726686039
80726692325
80726698673
80726703800
80726706608
80726714359
80726720341
80726726200
80726732364
80726736515
80726743717
80726749515
80726756290
80726763431
80726769474
80726773685
80726779850
80726785648
80726789798
80726795414
80726800907
80726807132
80726813114
80726818729
80726823734
80726830081
80726834232
80726840946
80726846378
80726852115
80726857059
80726862918
80726867191
80726873111
80726878482
80726884158
80726889591
80726895694
80726900882
80726905704
80726910709
80726915225
80726922733
80726927615
80726933719
80726938907
80726943668
80726948245
80726955081
80726960208
80726966251
80726971988
80726977725
80726982791
80726986941
80726994510
80726999454
80727006412
80727011416
80727017703
80727022342
80727028140
80727032657
80727038455
80727043643
80727049075
80727055362
80727060916
80727065921
80727071475
80727076480
80727080874
80727087405
80727093325
80727099185
80727103579
80727110110
80727115603
80727122012
80727127383
80727131655
80727139956
80727145327
80727152896
80727158328
80727167239
80727173159
80727178103
80727188235
80727195193
80727200503
80727206118
80727212038
80727216860
80727222842
80727227847
80727234133
80727240298
80727245852
80727251345
80727257387
80727262698
80727266909
80727275149
80727280459
80727286562
80727291323
80727297549
80727303835
80727309878
80727316042
80727322268
80727327150
80727332766
80727338747
80727344484
80727351687
80727357424
80727362917
80727369509
80727375795
80727381777
80727387087
80727392885
80727399538
80727405886
80727410891
80727417299
80727423891
80727431154
80727436159
80727442995
80727448549
80727455019
80727460329
80727466493
80727472780
80727477602
80727483644
80727489748
80727495180
80727501466
80727506227
80727512514
80727519411
80727525514
80727532655
80727537904
80727543214
80727549501
80727555727
80727561708
80727568056
80727575441
80727579957
80727586244
80727591005
80727597413
80727604555
80727608888
80727616517
80727621278
80727628053
80727633912
80727640077
80727648073
80727652772
80727658998
80727664552
80727673036
80727680848
80727689454
80727699098
80727704774
80727711915
80727716493
80727722962
80727729920
80727735719
80727742127
80727746827
80727753480
80727759767
80727766114
80727771119
80727777039
80727782411
80727789185
80727794679
80727800294
80727807191
80727813172
80727819032
80727825135
80727831361
80727836793
80727842652
80727849305
80727855103
80727860230
80727866334
80727872315
80727878602
80727882935
80727890381
80727895753
80727902283
80727907288
80727912964
80727919068
80727924866
80727931519
80727937317
80727942933
80727949769
80727954773
80727961548
80727967347
80727971863
80727978455
80727984192
80727990540
80727994751
80728000916
80728005921
80728011353
80728018616
80728021302
80728028870
80728034912
80728040650
80728045838
80728052368
80728057495
80728063721
80728069458
80728073914
80728080811
80728085571
80728091004
80728098084
80728102844
80728109802
80728114746
80728121033
80728126221
80728132751
80728139343
80728144348
80728151184
80728156128
80728163635
80728169067
80728174011
80728180420
80728188598
80728194641
80728200195
80728206726
80728212585
80728220764
80728225097
80728235168
80728241028
80728245239
80728250122
80728256469
80728262756
80728268371
80728273925
80728278808
80728284912
80728289367
80728296325
80728302246
80728309387
80728314514
80728320434
80728326416
80728333068
80728337097
80728343933
80728348815
80728355529
80728362182
80728367980
80728373718
80728379577
80728384338
80728391784
80728397765
80728403503
80728408019
80728413451
80728419799
80728427428
80728432494
80728437133
80728443420
80728450805
80728459533
80728466186
80728472167
80728478210
80728482116
80728489135
80728495299
80728500609
80728507689
80728513854
80728521056
80728525023
80728532958
80728539245
80728545287
80728552611
80728557799
80728564269
80728572814
80728578612
80728584899
80728591063
80728596495
80728602294
80728607177
80728614684
80728619384
80728625121
80728630858
80728637267
80728642760
80728649840
80728655089
80728660216
80728666808
80728672606
80728680785
80728687560
80728692931
80728699889
80728706541
80728715636
80728721190
80728727599
80728732359
80728739195
80728744322
80728750548
80728756895
80728762205
80728767943
80728773070
80728779600
80728784361
80728790404
80728797362
80728804381
80728810484
80728816954
80728822691
80728826231
80728833250
80728839110
80728845030
80728851072
80728855528
80728861448
80728867369
80728873716
80728879148
80728883970
80728889952
80728896360
80728902281
80728908873
80728914183
80728919554
80728925474
80728931639
80728937498
80728942381
80728948057
80728953550
80728959409
80728965269
80728970335
80728975523
80728981748
80728988035
80728994505
80729000425
80729005430
80729012083
80729017454
80729023069
80729029905
80729035520
80729039976
80729046629
80729051816
80729058164
80729062864
80729068906
80729074216
80729079465
80729085874
80729091855
80729097471
80729105405
80729109739
80729115842
80729121885
80729126890
80729133054
80729139951
80729149228
80729153501
80729162046
80729169309
80729176023
80729181333
80729187802
80729195249
80729200986
80729205564
80729211240
80729218198
80729222898
80729229489
80729234677
80729240537
80729247678
80729252439
80729259519
80729265134
80729270200
80729275937
80729281796
80729287167
80729292783
80729298215
80729304379
80729309018
80729315244
80729320493
80729325131
80729331052
80729337338
80729341489
80729348569
80729353390
80729359006
80729364926
80729369382
80729377072
80729381894
80729387265
80729393429
80729397580
80729405087
80729410702
80729415463
80729421261
80729427548
80729432065
80729438839
80729444760
80729451718
80729456356
80729462155
80729467709
80729474911
80729478695
80729486142
80729490658
80729496823
80729503292
80729507809
80729514035
80729518734
80729524410
80729531185
80729537533
80729541378
80729546871
80729552303
80729559200
80729565304
80729571530
80729578365
80729583065
80729589169
80729595150
80729600704
80729605953
80729612118
80729617062
80729623287
80729631100
80729637325
80729647396
80729652279
80729660152
80729665401
80729672176
80729679012
80729685299
80729691158
80729695919
80729702694
80729707271
80729713802
80729720028
80729725643
80729731319
80729737423
80729743038
80729748043
80729754390
80729760738
80729766353
80729770809
80729777401
80729781673
80729786068
80729790889
80729795711
80729799984
80729803768
80729808101
80729813838
80729819026
80729824031
80729827999
80729832149
80729837947
80729842037
80729847408
80729852962
80729858455
80729866634
80729871333
80729875057
80729879573
80729884029
80729887691
80729893001
80729897823
80729902950
80729907039
80729911983
80729918452
80729922847
80729927058
80729933101
80729938350
80729943477
80729948787
80729954158
80729959163
80729963924
80729967708
80729972835
80729976863
80729980647
80729984859
80729989802
80729993403
80729999202
80730004207
80730009089
80730012263
80730016963
80730021357
80730026118
80730029719
80730034602
80730038691
80730042170
80730047114
80730051020
80730057124
80730062922
80730068599
80730074336
80730079951
80730084162
80730088374
80730094722
80730099910
80730107356
80730111262
80730116633
80730120112
80730125910
80730130427
80730134944
80730138545
80730144343
80730149043
80730152766
80730158137
80730162104
80730168818
80730173335
80730178401
80730182063
80730188288
80730192805
80730198603
80730202998
80730207270
80730212275
80730216425
80730220209
80730226191
80730230524
80730234431
80730239008
80730243769
80730247492
80730252863
80730256403
80730261652
80730265620
80730269953
80730274287
80730279597
80730283381
80730289240
80730294123
80730300287
80730304804
80730312006
80730316157
80730321161
80730327448
80730333124
80730339228
80730343927
80730348017
80730353327
80730360956
80730365656
80730369623
80730376276
80730380182
80730386347
80730392633
80730396601
80730402033
80730407709
80730410761
80730417169
80730421625
80730426630
80730432489
80730439569
80730444086
80730450434
80730456720
80730461542
80730469415
80730472711
80730479669
80730483514
80730490106
80730496210
80730501764
80730508600
80730513422
80730518976
80730524713
80730530206
80730535150
80730542535
80730549127
80730553522
80730558099
80730565484
80730569696
80730575128
80730581170
80730588739
80730596246
80730602899
80730611566
80730616449
80730622735
80730628839
80730634271
80730639215
80730647088
80730651544
80730656793
80730660760
80730666558
80730671502
80730677484
80730682550
80730687432
80730693170
80730696893
80730703118
80730707086
80730712823
80730717340
80730724175
80730730218
80730736260
80730742181
80730747430
80730751885
80730757501
80730762628
80730769036
80730775811
80730782769
80730788262
80730794305
80730800042
80730805657
80730810296
80730816094
80730821038
80730829522
80730834344
80730841485
80730845635
80730852044
80730856194
80730861199
80730868462
80730876824
80730881463
80730887993
80730892510
80730900078
80730905205
80730911187
80730915825
80730924004
80730929741
80730935418
80730939629
80730945427
80730951348
80730956841
80730963005
80730971001
80730976250
80730982476
80730989800
80730993767
80731001274
80731006523
80731011833
80731014946
80731025444
80731031670
80731037285
80731043328
80731049370
80731055596
80731060112
80731064751
80731072258
80731079033
80731082756
80731090385
80731094902
80731102531
80731107048
80731112358
80731119316
80731127556
80731132683
80731137871
80731143547
80731148979
80731154289
80731161857
80731166557
80731172417
80731182487
80731189262
80731196342
80731199333
80731208793
80731215385
80731223320
80731231254
80731236198
80731242424
80731248588
80731252983
80731257866
80731262992
80731270439
80731274589
80731281181
80731285514
80731291374
80731297416
80731303398
80731309623
80731315483
80731321037
80731326347
80731330619
80731336845
80731343009
80731348747
80731353324
80731361137
80731364372
80731371513
80731377921
80731383353
80731387626
80731393607
80731399101
80731403007
80731409599
80731414298
80731420829
80731427116
80731432304
80731436881
80731442985
80731449515
80731457206
80731463187
80731467399
80731474113
80731478751
80731485160
80731489921
80731497428
80731502311
80731509513
80731514335
80731521232
80731525321
80731531119
80731537223
80731542960
80731550406
80731557486
80731561026
80731568656
80731575553
80731581229
80731585807
80731592154
80731597037
80731603934
80731611746
80731617484
80731623160
80731629141
80731634451
80731640433
80731648673
80731654105
80731661551
80731667471
80731673209
80731679617
80731685355
80731691153
80731696707
80731701346
80731708792
80731713736
80731720206
80731724722
80731730704
80731737479
80731741995
80731747366
80731755423
80731761282
80731767264
80731772574
80731778738
80731785757
80731792227
80731797354
80731804800
80731813040
80731820547
80731829886
80731836355
80731840933
80731847952
80731852652
80731859488
80731863882
80731869192
80731875723
80731881704
80731884451
80731891226
80731895498
80731903372
80731908193
80731913320
80731921743
80731928030
80731935537
80731940969
80731947439
80731954641
80731958730
80731966116
80731968923
80731976003
80731980703
80731986135
80731992361
80731999685
80732007314
80732013174
80732018056
80732023611
80732029226
80732034597
80732040395
80732045583
80732051321
80732056142
80732060537
80732064077
80732070180
80732074148
80732080861
80732087087
80732092336
80732096547
80732104299
80732108999
80732114797
80732118703
80732125112
80732130483
80732135610
80732139516
80732145009
80732150075
80732154165
80732160207
80732167897
80732172231
80732176564
80732182729
80732188222
80732192189
80732197316
80732203725
80732208852
80732214589
80732219899
80732226613
80732231618
80732237782
80732241689
80732247792
80732252919
80732260426
80732266408
80732271718
80732276051
80732282216
80732288075
80732293385
80732298207
80732305348
80732311330
80732316579
80732323231
80732327931
80732332082
80732338673
80732344716
80732350392
80732356312
80732360707
80732368886
80732373036
80732380177
80732384816
80732393178
80732401295
80732409962
80732414845
80732421071
80732425526
80732430043
80732434926
80732440175
80732445485
80732450734
80732455677
80732460194
80732466725
80732469776
80732475819
80732480641
80732487110
80732490895
80732497059
80732501759
80732506459
80732511402
80732517445
80732522999
80732528614
80732534657
80732540272
80732545155
80732550648
80732555348
80732561329
80732566334
80732573109
80732578114
80732584950
80732590504
80732595081
80732601612
80732606129
80732612171
80732619312
80732624073
80732629505
80732636219
80732641285
80732647327
80732652088
80732657337
80732663196
80732668751
80732674061
80732681080
80732685901
80732692188
80732698414
80732704151
80732709522
80732718982
80732722400
80732729969
80732734546
80732740589
80732747669
80732752491
80732758045
80732764515
80732772815
80732778675
80732785633
80732790637
80732796192
80732802051
80732810108
80732816944
80732823963
80732831043
80732837085
80732842578
80732849170
80732853626
80732861316
80732864917
80732872913
80732878101
80732884509
80732890552
80732894946
80732901660
80732906665
80732913684
80732919971
80732925586
80732932178
80732937610
80732942859
80732949451
80732952441
80732960254
80732968188
80732976245
80732984057
80732990954
80732996142
80733003344
80733008899
80733015063
80733021045
80733027942
80733033069
80733038623
80733042712
80733048571
80733054065
80733059130
80733065356
80733071704
80733078173
80733083056
80733089282
80733093615
80733099597
80733106005
80733111376
80733117968
80733123400
80733128405
80733133593
80733138537
80733142993
80733150439
80733153124
80733161669
80733168566
80733174670
80733177844
80733185046
80733189318
80733195849
80733200426
80733207445
80733213610
80733218798
80733223742
80733228991
80733233874
80733239916
80733245531
80733252917
80733257799
80733264635
80733269274
80733273668
80733280993
80733285875
80733293200
80733299791
80733305651
80733310900
80733317247
80733323351
80733329027
80733332384
80733340929
80733346544
80733352953
80733357653
80733363207
80733370470
80733376268
80733382189
80733387865
80733392931
80733399340
80733405992
80733412035
80733418138
80733423570
80733429613
80733434740
80733440904
80733445665
80733452928
80733457811
80733465868
80733471239
80733481310
80733484361
80733495103
80733500902
80733508836
80733514329
80733522752
80733529893
80733536912
80733544237
80733551622
80733560472
80733567552
80733577440
80733586107
80733598314
80733600389
80733616380
80733621812
80733630601
80733641282
80733650438
80733659959
80733672288
80733681138
80733688645
80733699082
80733705796
80733713120
80733721665
80733729478
80733737290
80733739793
80733753709
80733758164
80733768235
80733774766
80733782212
80733789170
80733793687
80733806321
80733813767
80733819077
80733826585
80733831773
80733839890
80733847947
80733854233
80733861130
80733868516
80733875840
80733882859
80733890610
80733897263
80733903244
80733909897
80733917038
80733926255
80733934616
80733943283
80733948471
80733957871
80733962754
80733970688
80733980027
80733988449
80733994675
80733999802
80734008408
80734020493
80734025192
80734035996
80734041184
80734048081
80734058029
80734065537
80734071396
80734082443
80734089035
80734097031
80734105453
80734114120
80734122482
80734129562
80734136948
80734145981
80734154159
80734162216
80734170212
80734178512
80734192856
80734199936
80734202072
80734214279
80734218856
80734227218
80734234604
80734244369
80734252182
80734260421
80734266586
80734275436
80734281173
80734291854
80734297836
80734306259
80734311141
80734322982
80734330428
80734335800
80734344344
80734352218
80734359298
80734366256
80734371932
80734380172
80734384750
80734398849
80734407699
80734414046
80734421249
80734426986
80734436385
80734443831
80734450057
80734457381
80734466048
80734476058
80734484115
80734493514
80734502730
80734511031
80734517806
80734524215
80734534102
80734547713
80734558638
80734565718
80734577010
80734583480
80734592330
80734597518
80734610213
80734619734
80734627059
80734637435
80734645003
80734652022
80734656416
80734666426
80734674727
80734681685
80734688765
80734697066
80734705611
80734714217
80734721358
80734728133
80734736128
80734744002
80734750532
80734759443
80734764082
80734775129
80734782271
80734790205
80734797102
80734802961
80734811873
80734816328
80734826521
80734832991
80734842695
80734851606
80734858747
80734866743
80734871321
80734880537
80734886762
80734893537
80734900617
80734907636
80734916120
80734921552
80734929365
80734940168
80734946455
80734952741
80734961652
80734968305
80734975813
80734989484
80734997480
80735003522
80735012434
80735016950
80735027692
80735034528
80735042219
80735050336
80735058759
80735068586
80735076032
80735083661
80735090619
80735097516
80735105573
80735110090
80735121076
80735128217
80735140424
80735148542
80735152875
80735161481
80735168256
80735177716
80735184552
80735190839
80735199201
80735203839
80735216046
80735223432
80735231122
80735238995
80735245648
80735254804
80735259259
80735267804
80735276105
80735286420
80735295270
80735302472
80735309613
80735316937
80735324261
80735331952
80735340558
80735347149
80735354046
80735364850
80735371869
80735378827
80735386700
80735394452
80735404156
80735409161
80735416974
80735427411
80735433758
80735443158
80735452435
80735460430
80735468182
80735475079
80735486737
80735494915
80735502300
80735507427
80735522076
80735527386
80735543316
80735547955
80735556500
80735565777
80735571392
80735579571
80735586529
80735596722
80735603619
80735609295
80735618755
80735624798
80735633098
80735639385
80735648113
80735652630
80735661236
80735669048
80735677593
80735682598
80735690471
80735698284
80735703106
80735711834
80735720073
80735726970
80735737407
80735743694
80735749187
80735755718
80735764995
80735771709
80735779521
80735785015
80735795024
80735802043
80735809978
80735817180
80735826274
80735832683
80735841655
80735846599
80735853740
80735862163
80735873027
80735881572
80735889507
80735897014
80735903911
80735909038
80735918620
80735923137
80735933635
80735940959
80735949626
80735957927
80735960185
80735971415
80735976115
80735986003
80735993998
80735996196
80736008342
80736015544
80736026286
80736033793
80736041789
80736049357
80736055461
80736064250
80736072062
80736077372
80736087382
80736096354
80736104350
80736109965
80736118205
80736124918
80736132853
80736141459
80736148600
80736154948
80736162211
80736172770
80736177470
80736189005
80736196452
80736203410
80736208903
80736218668
80736225321
80736231913
80736241007
80736249552
80736258890
80736265482
80736272196
80736279642
80736287516
80736293863
80736303141
80736309732
80736320230
80736327921
80736333719
80736342203
80736349100
80736358927
80736364115
80736370706
80736383097
80736391825
80736400797
80736410990
80736419351
80736425577
80736433145
80736440530
80736449686
80736458048
80736466226
80736475687
80736480447
80736491617
80736495950
80736505411
80736511941
80736520425
80736526590
80736534036
80736544656
80736552225
80736561319
80736569131
80736574685
80736583841
80736588723
80736597574
80736610147
80736617532
80736627114
80736635781
80736641824
80736648355
80736656106
80736664773
80736671853
80736681314
80736685708
80736699319
80736706277
80736715554
80736721353
80736728188
80736735452
80736741250
80736748208
80736751199
80736761758
80736767068
80736772317
80736777077
80736782082
80736786721
80736793984
80736798806
80736806924
80736811928
80736816933
80736821084
80736827553
80736833474
80736838479
80736842507
80736851235
80736855874
80736862404
80736868996
80736873024
80736878640
80736883278
80736890236
80736895730
80736902382
80736906899
80736912575
80736918984
80736923989
80736928017
80736934059
80736940041
80736948708
80736954079
80736959755
80736965065
80736970680
80736976113
80736982216
80736986428
80736993813
80736999550
80737003700
80737008156
80737014382
80737019997
80737025795
80737030800
80737037209
80737043739
80737048317
80737053322
80737060158
80737065956
80737070900
80737076942
80737079933
80737090248
80737096535
80737101540
80737108925
80737115211
80737123207
80737129555
80737133461
80737144203
80737149696
80737156410
80737162819
80737169288
80737172950
80737179054
80737183387
80737191261
80737194557
80737201576
80737205970
80737211464
80737218483
80737222206
80737228614
80737234169
80737239112
80737245094
80737251197
80737257240
80737262367
80737266883
80737273109
80737279457
80737284583
80737289039
80737296546
80737302284
80737308021
80737312476
80737317909
80737322975
80737329200
80737335182
80737341285
80737346595
80737351661
80737358070
80737363868
80737370155
80737375953
80737382911
80737388160
80737395911
80737401038
80737406837
80737412757
80737418738
80737424598
80737430091
80737437415
80737440711
80737449317
80737455726
80737461402
80737466285
80737471778
80737479895
80737485694
80737491736
80737497657
80737503821
80737509925
80737514685
80737521521
80737528052
80737532141
80737541053
80737545996
80737551367
80737559424
80737564246
80737570410
80737575415
80737583716
80737588416
80737594580
80737599585
80737607398
80737612158
80737619055
80737624121
80737630225
80737635657
80737643225
80737649451
80737655493
80737661841
80737667578
80737674048
80737681006
80737686438
80737694861
80737701147
80737708288
80737715857
80737724341
80737730261
80737736731
80737746313
80737751684
80737761145
80737770483
80737781592
80737790625
80737799414
80737808935
80737816076
80737824194
80737833288
80737841711
80737847631
80737859289
80737863500
80737873632
80737879736
80737885656
80737892370
80737899633
80737905370
80737912756
80737923071
80737929846
80737934972
80737942358
80737948400
80737956457
80737963659
80737970007
80737979040
80737987585
80737995275
80738001012
80738010839
80738015295
80738024999
80738032079
80738034276
80738047155
80738051732
80738066564
80738071569
80738082555
80738090673
80738098302
80738103978
80738112218
80738119725
80738126744
80738136754
80738144872
80738153783
80738159337
80738166478
80738174657
80738182530
80738190038
80738198338
80738202550
80738213231
80738220555
80738227330
80738234654
80738241917
80738250096
80738254491
80738263463
80738270604
80738280858
80738290929
80738295872
80738303990
80738308140
80738318089
80738324803
80738330479
80738338170
80738342259
80738353734
80738358555
80738369359
80738375218
80738382237
80738389317
80738396946
80738402806
80738408848
80738420933
80738427708
80738434178
80738442234
80738449314
80738455357
80738461643
80738468662
80738476841
80738482640
80738492771
80738499668
80738505161
80738514744
80738521763
80738529087
80738534947
80738541355
80738547642
80738558323
80738565037
80738572544
80738580784
80738587131
80738592869
80738599216
80738605930
80738614109
80738621677
80738630039
80738638889
80738645054
80738651767
80738662204
80738673252
80738683994
80738691684
80738703281
80738713840
80738721469
80738727329
80738739292
80738744052
80738756443
80738761203
80738769626
80738777622
80738785739
80738794101
80738796543
80738808200
80738815341
80738823642
80738830905
80738835788
80738847690
80738854831
80738860446
80738870090
80738876926
80738887668
80738892551
80738900302
80738909885
80738917697
80738927096
80738935458
80738941195
80738950839
80738959140
80738966037
80738975497
80738982577
80738991366
80738998690
80739005038
80739013095
80739020419
80739029635
80739036471
80739045260
80739047763
80739058261
80739066378
80739074191
80739082797
80739091708
80739098727
80739107211
80739114230
80739122836
80739125582
80739139254
80739144320
80739152926
80739162447
80739168917
80739179781
80739184786
80739196261
80739201632
80739208529
80739218844
80739226900
80739233980
80739242281
80739249422
80739258577
80739263582
80739272738
80739283419
80739289461
80739298555
80739303743
80739317781
80739323946
80739335115
80739343538
80739350801
80739360201
80739367159
80739374666
80739382112
80739389498
80739398653
80739404695
80739415010
80739420137
80739428743
80739438203
80739445284
80739452852
80739460298
80739470003
80739478120
80739488191
80739498628
80739505159
80739511873
80739519868
80739526765
80739535432
80739545320
80739551607
80739556367
80739565645
80739575105
80739585054
80739592012
80739597078
80739604829
80739614412
80739622712
80739638032
80739646821
80739657624
80739666291
80739674531
80739682771
80739692658
80739702973
80739710847
80739722016
80739730866
80739736665
80739745637
80739752717
80739759980
80739769624
80739778413
80739787263
80739794892
80739802033
80739812348
80739819550
80739825776
80739834626
80739845612
80739852143
80739859101
80739869050
80739875702
80739881562
80739889985
80739898468
80739904572
80739911103
80739918000
80739925385
80739932404
80739942780
80739951447
80739957733
80739965241
80739972382
80739982880
80739987213
80739996430
80740005463
80740012421
80740019623
80740028778
80740037018
80740045258
80740054535
80740061798
80740068756
80740077301
80740086883
80740093231
80740098541
80740110931
80740118011
80740125885
80740134002
80740141876
80740148712
80740155853
80740164337
80740172393
80740180511
80740189544
80740194915
80740202728
80740213409
80740218963
80740228241
80740235992
80740242828
80740250457
80740258514
80740266448
80740274871
80740281707
80740289581
80740296661
80740306548
80740311370
80740320464
80740327728
80740336883
80740343536
80740350188
80740358123
80740364654
80740373443
80740380279
80740388702
80740396331
80740403228
80740411529
80740418731
80740427215
80740434661
80740442901
80740450042
80740457915
80740464690
80740471831
80740482207
80740489837
80740497039
80740506560
80740514861
80740523040
80740531096
80740539214
80740548552
80740556121
80740566802
80740576018
80740585845
80740595854
80740602995
80740611662
80740622221
80740632048
80740640532
80740650603
80740657561
80740665495
80740671965
80740677946
80740685820
80740691740
80740699003
80740703886
80740710844
80740714995
80740721342
80740727568
80740734160
80740739836
80740746672
80740753080
80740759001
80740764616
80740770475
80740775663
80740783659
80740788298
80740796049
80740801176
80740807219
80740813993
80740821257
80740827421
80740832914
80740841398
80740845732
80740857206
80740864958
80740871183
80740881986
80740886930
80740895414
80740900053
80740908109
80740918852
80740927335
80740936491
80740943510
80740950895
80740958036
80740964445
80740972745
80740977201
80740987882
80740995573
80741005887
80741013578
80741019559
80741029386
80741034208
80741041227
80741049955
80741056363
80741065946
80741074369
80741082059
80741089444
80741095548
80741104154
80741112027
80741118497
80741125211
80741133267
80741141690
80741149076
80741158719
80741164029
80741175382
80741182218
80741188260
80741196500
80741204862
80741212308
80741219754
80741230496
80741239224
80741269070
80741277066
80741284207
80741290250
80741299283
80741307217
80741318265
80741325284
80741332974
80741341153
80741349453
80741356472
80741361538
80741371182
80741379849
80741388882
80741397732
80741406826
80741413662
80741418728
80741426358
80741435696
80741442898
80741453030
80741457913
80741470486
80741479641
80741488491
80741496487
80741502041
80741513821
80741522610
80741528774
80741543240
80741552517
80741561672
80741568935
80741574490
80741582058
80741590786
80741595486
80741606838
80741612819
80741619167
80741628689
80741634792
80741642544
80741646938
80741658107
80741666530
80741676052
80741682888
80741690700
80741698452
80741705654
80741715175
80741719509
80741730861
80741737575
80741746303
80741759059
80741766323
80741775051
80741782253
80741792873
80741800014
80741809718
80741816859
80741825832
80741834560
80741843471
80741851405
80741859767
80741868129
80741877528
80741885524
80741894679
80741901576
80741911403
80741918178
80741928065
80741935023
80741942653
80741949489
80741955165
80741961573
80741967921
80741975062
80741982692
80741986598
80742000880
80742009425
80742016017
80742022364
80742030238
80742036158
80742043360
80742051844
80742058131
80742065638
80742072535
80742079737
80742086878
80742094325
80742101161
80742107447
80742115626
80742122279
80742127345
80742138453
80742149256
80742155299
80742162073
80742168055
80742175867
80742183192
80742189234
80742196558
80742203089
80742211634
80742214136
80742225916
80742233301
80742237757
80742247889
80742251795
80742259302
80742266138
80742275660
80742283045
80742291895
80742297998
80742303431
80742312647
80742317102
80742324060
80742333643
80742337976
80742348535
80742354029
80742362573
80742371485
80742380090
80742388513
80742397119
80742409082
80742417444
80742426782
80742436670
80742446252
80742454248
80742461450
80742470483
80742478052
80742485864
80742494348
80742499841
80742509851
80742517358
80742522363
80742529382
80742535425
80742539758
80742550805
80742557458
80742563989
80742569177
80742577722
80742583581
80742590844
80742597009
80742604455
80742609155
80742618920
80742627099
80742633630
80742639611
80742646691
80742654504
80742661950
80742668237
80742673669
80742684777
80742693688
