80775582703
80775587586
80775592835
80775598389
80775604493
80775610230
80775616456
80775622254
80775627869
80775632935
80775638977
80775644959
80775650940
80775656372
80775663269
80775669190
80775675904
80775683838
80775690613
80775696900
80775703308
80775709717
80775716248
80775723145
80775729492
80775736328
80775741455
80775746521
80775750916
80775758789
80775765015
80775770874
80775777832
80775784729
80775790466
80775798157
80775804443
80775811584
80775818848
80775825623
80775832153
80775839111
80775846435
80775853577
80775859680
80775865967
80775872864
80775880371
80775886963
80775893432
80775901245
80775908447
80775914734
80775920776
80775927307
80775935791
80775945190
80775953003
80775958374
80775965332
80775971618
80775978759
80775984436
80775994445
80776001647
80776009277
80776015441
80776021057
80776029663
80776036010
80776046264
80776053954
80776061889
80776069579
80776076598
80776084045
80776091918
80776099914
80776108154
80776116149
80776122802
80776128966
80776136657
80776143615
80776153869
80776160827
80776167663
80776174621
80776180236
80776187926
80776196471
80776203246
80776210387
80776219481
80776226622
80776234862
80776247191
80776258239
80776268126
80776274047
80776284911
80776295836
80776305358
80776312682
80776319091
80776328429
80776334899
80776341551
80776349059
80776356139
80776364684
80776371886
80776378233
80776385497
80776392394
80776400084
80776406432
80776414549
80776420470
80776427306
80776434813
80776439757
80776449034
80776455626
80776463377
80776470457
80776478026
80776484678
80776492430
80776499144
80776505247
80776512327
80776520445
80776527403
80776533690
80776541319
80776548033
80776556700
80776563597
80776569944
80776578001
80776583128
80776592100
80776598814
80776605772
80776613829
80776621275
80776632383
80776640135
80776645262
80776654173
80776662901
80776669309
80776677610
80776684080
80776691892
80776698179
80776705137
80776712522
80776719480
80776726926
80776732664
80776740415
80776746885
80776754819
80776762449
80776768430
80776776243
80776784543
80776791196
80776798765
80776805906
80776812131
80776819883
80776826719
80776833921
80776841184
80776850827
80776858945
80776866880
80776875730
80776883115
80776890134
80776898435
80776906247
80776916928
80776924314
80776932858
80776939572
80776947690
80776953427
80776962155
80776970883
80776979123
80776985776
80776992184
80776998837
80777007626
80777014157
80777022641
80777030148
80777036496
80777044553
80777051694
80777057858
80777066220
80777073178
80777081112
80777086545
80777095334
80777102658
80777110470
80777118283
80777127560
80777134091
80777140255
80777148678
80777157833
80777171994
80777181942
80777191098
80777196224
80777206661
80777215634
80777225521
80777233517
80777241207
80777252194
80777259762
80777269283
80777277523
80777287838
80777294979
80777302425
80777313473
80777321468
80777330990
80777339474
80777347408
80777358089
80777367122
80777374813
80777385738
80777390804
80777403072
80777412166
80777418758
80777428341
80777435054
80777444759
80777451656
80777461544
80777469661
80777479305
80777484981
80777494503
80777499385
80777510372
80777519588
80777528926
80777538020
80777546565
80777557796
80777564082
80777576473
80777586299
80777598018
80777608028
80777619746
80777628108
80777636775
80777644893
80777652278
80777659785
80777666377
80777673823
80777681880
80777690364
80777698604
80777706355
80777713740
80777721064
80777729182
80777736201
80777742976
80777750117
80777758479
80777765681
80777771724
80777779719
80777786311
80777793879
80777801325
80777808589
80777817073
80777821223
80777830927
80777835200
80777844782
80777851985
80777859370
80777867121
80777873713
80777883173
80777889643
80777898493
80777904963
80777914545
80777918574
80777927668
80777934199
80777941096
80777947382
80777954584
80777962580
80777970820
80777976984
80777984797
80777992243
80777998346
80778007135
80778013849
80778022760
80778030878
80778037043
80778042719
80778047297
80778053156
80778059626
80778068537
80778074640
80778080927
80778085932
80778091852
80778096918
80778104181
80778107782
80778116693
80778121820
80778127680
80778132684
80778138605
80778146662
80778152460
80778158319
80778162897
80778170099
80778174921
80778181818
80778186517
80778194391
80778200006
80778206720
80778213007
80778220697
80778224969
80778233514
80778243402
80778247003
80778257745
80778266534
80778274042
80778277460
80778285455
80778291742
80778297601
80778302606
80778308221
80778312982
80778318353
80778323785
80778330072
80778335321
80778340081
80778346002
80778350946
80778356622
80778359979
80778367730
80778370904
80778380120
80778385064
80778390313
80778396173
80778400262
80778405389
80778411065
80778416009
80778422051
80778427606
80778432244
80778438592
80778441827
80778448235
80778453912
80778460137
80778463860
80778471490
80778477349
80778483270
80778488458
80778494256
80778499505
80778505364
80778510369
80778516106
80778520867
80778527093
80778532708
80778537713
80778545708
80778552300
80778556695
80778562310
80778568108
80778574273
80778578911
80778585808
80778590386
80778597100
80778601494
80778608147
80778613457
80778618889
80778624566
80778629998
80778635857
80778641594
80778647942
80778652581
80778659905
80778663628
80778671685
80778678032
80778683464
80778689507
80778693779
80778700371
80778705986
80778711418
80778718071
80778723808
80778729729
80778734429
80778742912
80778750786
80778758110
80778765678
80778770622
80778778191
80778781548
80778789421
80778796440
80778803581
80778809257
80778813652
80778820183
80778826042
80778832085
80778837883
80778843986
80778849724
80778854484
80778861076
80778866325
80778871940
80778878044
80778883598
80778889396
80778895500
80778901359
80778905937
80778911735
80778916069
80778923088
80778929008
80778934440
80778940666
80778946159
80778951286
80778957023
80778964103
80778968376
80778974845
80778978996
80778985649
80778990226
80778996391
80779000846
80779007072
80779015800
80779021537
80779024833
80779032768
80779038383
80779043876
80779049735
80779056083
80779063224
80779067802
80779074027
80779078788
80779084953
80779089591
80779096732
80779103080
80779109061
80779115287
80779120841
80779126639
80779132011
80779136466
80779142386
80779148673
80779154593
80779159659
80779165824
80779171500
80779177543
80779183524
80779187186
80779194205
80779198783
80779205680
80779209037
80779215567
80779221854
80779227591
80779233085
80779240104
80779245780
80779250052
80779256766
80779260794
80779267508
80779272940
80779280631
80779290091
80779296439
80779302664
80779307852
80779316580
80779324210
80779330191
80779338675
80779344046
80779349539
80779356253
80779360587
80779367728
80779371939
80779378592
80779384818
80779390189
80779395316
80779401419
80779407217
80779413565
80779416861
80779424185
80779427481
80779434866
80779440787
80779446951
80779450308
80779457754
80779463003
80779468497
80779474051
80779482046
80779489065
80779495413
80779501089
80779505667
80779513052
80779516348
80779523062
80779527761
80779534536
80779540762
80779546377
80779552908
80779557302
80779563711
80779569326
80779575064
80779581045
80779586355
80779592214
80779597891
80779602529
80779609121
80779613943
80779621755
80779627920
80779633901
80779639761
80779645437
80779650320
80779655752
80779661428
80779667226
80779672903
80779678335
80779684255
80779690359
80779695852
80779701955
80779706899
80779713003
80779718313
80779723196
80779730825
80779735464
80779742971
80779748342
80779754445
80779761037
80779766897
80779771779
80779777150
80779782949
80779788320
80779794423
80779801076
80779807607
80779811940
80779817189
80779824697
80779831044
80779837697
80779843984
80779849721
80779856252
80779863515
80779870107
80779875356
80779882070
80779888478
80779893788
80779900868
80779905812
80779912038
80779916860
80779923818
80779927358
80779934804
80779940358
80779945851
80779952199
80779957753
80779963063
80779968617
80779974049
80779979848
80779986684
80779992482
80779997609
80780003712
80780009083
80780013905
80780020741
80780025258
80780030934
80780035573
80780042775
80780046071
80780054677
80780059682
80780066823
80780071889
80780077687
80780083912
80780089955
80780095936
80780100697
80780107472
80780112599
80780118458
80780122853
80780129445
80780134022
80780141407
80780144703
80780151966
80780158802
80780164662
80780170094
80780175404
80780181690
80780187245
80780193104
80780199146
80780204762
80780210804
80780215687
80780221790
80780227711
80780232716
80780239552
80780246388
80780252064
80780258289
80780264149
80780270924
80780275135
80780282459
80780286976
80780293995
80780298145
80780304615
80780310535
80780315418
80780322071
80780327625
80780332386
80780339100
80780344349
80780351307
80780356678
80780362171
80780367908
80780374317
80780384205
80780390247
80780396106
80780402393
80780406971
80780413257
80780420215
80780427173
80780431995
80780439685
80780445667
80780451099
80780456958
80780462879
80780466419
80780474597
80780480640
80780486316
80780492664
80780496753
80780503467
80780509448
80780515552
80780520435
80780527271
80780531909
80780538379
80780544360
80780550281
80780556384
80780561816
80780567615
80780573047
80780578235
80780583728
80780589221
80780596728
80780602466
80780608447
80780614917
80780619739
80780625964
80780630481
80780638660
80780642016
80780649097
80780655261
80780660754
80780666614
80780672168
80780677600
80780683459
80780689868
80780693957
80780700488
80780706408
80780711902
80780716601
80780724841
80780730273
80780735461
80780740893
80780746386
80780752673
80780757189
80780762561
80780767443
80780774279
80780779833
80780785144
80780791003
80780796130
80780801989
80780808520
80780815173
80780821398
80780827136
80780832690
80780838183
80780844164
80780852221
80780857653
80780863329
80780868700
80780874133
80780879809
80780886645
80780891039
80780897448
80780900805
80780908434
80780914965
80780922533
80780931261
80780940172
80780944567
80780952013
80780957384
80780964770
80780970690
80780978136
80780984606
80780990954
80780995714
80781001574
80781006823
80781011400
80781018724
80781025072
80781030504
80781036669
80781042589
80781048143
80781053698
80781059862
80781065782
80781071520
80781076036
80781081407
80781087145
80781093431
80781096666
80781105028
80781111192
80781116686
80781122179
80781127550
80781132555
80781137987
80781144212
80781148546
80781154955
80781160143
80781165697
80781171617
80781177721
80781182664
80781189256
80781195726
80781201097
80781206346
80781211839
80781217454
80781223314
80781228624
80781234483
80781241441
80781247056
80781251939
80781257554
80781263719
80781269578
80781275560
80781281663
80781288011
80781292527
80781298204
80781304063
80781308946
80781314744
80781320909
80781326219
80781332383
80781338365
80781343797
80781349595
80781355027
80781359910
80781365892
80781372361
80781378221
80781382981
80781388841
80781394883
80781399461
80781405503
80781410813
80781417893
80781423692
80781429246
80781435349
80781441148
80781446214
80781454209
80781459763
80781465989
80781472398
80781478989
80781484910
80781491685
80781500169
80781506699
80781513291
80781519211
80781525742
80781530991
80781536973
80781542283
80781547593
80781554551
80781559434
80781566575
80781572068
80781577439
80781582688
80781588242
80781594956
80781599228
80781606308
80781610703
80781617783
80781621933
80781627915
80781634385
80781640671
80781645432
80781651291
80781655808
80781663010
80781666306
80781673996
80781677292
80781685532
80781691147
80781696518
80781703354
80781709030
80781715500
80781719834
80781726364
80781733139
80781738937
80781743881
80781750290
80781754868
80781761154
80781765793
80781772202
80781778610
80781784286
80781790573
80781796066
80781800644
80781806259
80781812179
80781817856
80781823959
80781829758
80781836044
80781840011
80781846481
80781852524
80781857467
80781863998
80781869735
80781875473
80781880661
80781885971
80781891525
80781897690
80781903427
80781908676
80781914657
80781920517
80781925949
80781931869
80781937973
80781943588
80781949508
80781955490
80781959945
80781967086
80781971420
80781977767
80781982589
80781988632
80781993392
80782000595
80782005599
80782011947
80782016647
80782024947
80782028915
80782036117
80782043136
80782049850
80782056869
80782063644
80782071151
80782076766
80782083358
80782089156
80782094588
80782101058
80782106490
80782112411
80782116744
80782122787
80782128768
80782134200
80782138900
80782146407
80782149581
80782160506
80782165816
80782172164
80782178817
80782184737
80782190047
80782194625
80782201461
80782207442
80782214034
80782219100
80782224654
80782229293
80782234725
80782240340
80782245955
80782252913
80782255721
80782262252
80782268599
80782273665
80782278304
80782285018
80782290389
80782295027
80782301680
80782306868
80782311934
80782317977
80782322127
80782328658
80782334334
80782339278
80782344649
80782349898
80782354231
80782360762
80782366866
80782372359
80782378218
80782383772
80782388106
80782393599
80782399275
80782404585
80782411848
80782416243
80782422285
80782427412
80782432478
80782437605
80782443587
80782449690
80782454024
80782459761
80782464888
80782470015
80782475935
80782481733
80782488752
80782494368
80782499189
80782503218
80782509443
80782515242
80782520735
80782527021
80782533064
80782539534
80782545454
80782551008
80782556929
80782561628
80782570478
80782575910
80782581953
80782587446
80782592085
80782597151
80782603376
80782610334
80782616560
80782619611
80782627119
80782632002
80782637067
80782643171
80782647382
80782653364
80782658918
80782664960
80782669050
80782675825
80782680463
80782685895
80782692731
80782696455
80782703168
80782707136
80782713972
80782718305
80782724042
80782730695
80782735944
80782741376
80782746503
80782751935
80782757245
80782761701
80782768110
80782775190
80782780256
80782785260
80782790143
80782795209
80782801374
80782805402
80782812482
80782817060
80782823102
80782827314
80782832929
80782839032
80782844220
80782849897
80782855390
80782861127
80782866620
80782871442
80782876874
80782881818
80782888837
80782894025
80782898480
80782903424
80782909223
80782914349
80782920453
80782924664
80782931378
80782935590
80782942731
80782948346
80782953534
80782957867
80782964093
80782970685
80782975201
80782981427
80782986249
80782992352
80782997540
80783002911
80783009564
80783014935
80783019025
80783024518
80783031781
80783037152
80783045575
80783052044
80783058087
80783063702
80783070172
80783076336
80783081707
80783090130
80783094037
80783101605
80783108075
80783113812
80783118939
80783124676
80783130108
80783136517
80783142681
80783146527
80783153179
80783157696
80783165509
80783170758
80783176861
80783183941
80783188519
80783195110
80783200970
80783205670
80783211590
80783217327
80783222332
80783231731
80783238262
80783244549
80783250408
80783260967
80783267376
80783273663
80783280132
80783286236
80783291851
80783298626
80783303570
80783310161
80783314800
80783321941
80783327129
80783333233
80783339519
80783345623
80783348980
80783357158
80783362285
80783367779
80783374798
80783379497
80783386760
80783391338
80783397747
80783403606
80783410137
80783414714
80783421428
80783426067
80783432659
80783437480
80783442913
80783449565
80783454998
80783460796
80783466533
80783472270
80783478069
80783483745
80783489116
80783494365
80783499797
80783505107
80783510661
80783516643
80783522685
80783528484
80783535136
80783541362
80783545879
80783551616
80783556194
80783563274
80783568828
80783576518
80783581523
80783587688
80783593730
80783600078
80783606181
80783612956
80783618022
80783624858
80783631633
80783637248
80783644450
80783648112
80783655070
80783660747
80783666240
80783672160
80783677592
80783680705
80783689067
80783695475
80783701274
80783707133
80783712565
80783718486
80783724772
80783730265
80783736308
80783741374
80783747172
80783753947
80783759806
80783765605
80783770976
80783776408
80783782389
80783787760
80783793253
80783798686
80783803690
80783809184
80783815043
80783820963
80783825907
80783831706
80783837565
80783842570
80783849039
80783854105
80783860575
80783865153
80783871134
80783877665
80783883097
80783886454
80783893412
80783898539
80783903971
80783909830
80783915201
80783920573
80783927714
80783932474
80783938334
80783943888
80783949808
80783955301
80783960001
80783966166
80783971415
80783977884
80783982584
80783989420
80783993998
80784000345
80784006266
80784012125
80784017923
80784023539
80784030008
80784035379
80784040934
80784045145
80784051920
80784058939
80784064737
80784071085
80784075907
80784081705
80784087076
80784092081
80784100137
80784105936
80784111551
80784117227
80784123026
80784128763
80784135049
80784142069
80784149088
80784154825
80784164346
80784168863
80784175821
80784181985
80784187723
80784194864
80784201211
80784207315
80784213113
80784218912
80784224344
80784229165
80784236001
80784241556
80784247293
80784252969
80784258279
80784263467
80784270181
80784276529
80784282937
80784288308
80784293924
80784300088
80784304116
80784310952
80784315103
80784320962
80784327737
80784334634
80784339761
80784345559
80784351968
80784357644
80784363015
80784368936
80784374978
80784380349
80784385842
80784391335
80784396890
80784402261
80784408242
80784413735
80784419839
80784425759
80784430947
80784447488
80784453591
80784458291
80784465371
80784471535
80784477029
80784480263
80784487771
80784493264
80784498879
80784505532
80784510171
80784517922
80784522011
80784529397
80784534463
80784540505
80784547219
80784552529
80784558022
80784563820
80784569619
80784575356
80784581521
80784587258
80784593911
80784598244
80784606423
80784613198
80784618691
80784624062
80784630410
80784635109
80784642311
80784645668
80784653420
80784659035
80784664772
80784670632
80784676796
80784683083
80784689430
80784694679
80784701943
80784708107
80784714272
80784720619
80784726112
80784733254
80784738380
80784745461
80784752113
80784758156
80784764015
80784769752
80784775368
80784780800
80784786842
80784792702
80784797645
80784803688
80784808266
80784814857
80784820778
80784825599
80784832435
80784838722
80784844276
80784847572
80784855812
80784860634
80784866188
80784873268
80784879249
80784885292
80784891151
80784896034
80784902748
80784907997
80784913734
80784920021
80784924598
80784929908
80784934608
80784942359
80784945777
80784953529
80784962501
80784970191
80784980750
80784989356
80784998329
80785006324
80785016639
80785020789
80785029212
80785036292
80785043189
80785049842
80785056068
80785061317
80785067115
80785072608
80785077674
80785084388
80785088966
80785095252
80785100623
80785107337
80785113013
80785118384
80785124549
80785130225
80785137122
80785141517
80785148658
80785153296
80785158790
80785164771
80785171363
80785174781
80785182288
80785189246
80785195166
80785200599
80785205970
80785211829
80785217322
80785222144
80785228064
80785235083
80785239600
80785247107
80785251685
80785259009
80785266760
80785274878
80785282141
80785291419
80785296607
80785302588
80785308142
80785315588
80785321570
80785328467
80785334082
80785339575
80785346045
80785351721
80785357214
80785363379
80785369727
80785373999
80785380896
80785386938
80785391943
80785397803
80785404150
80785409155
80785415808
80785422339
80785427832
80785433020
80785438818
80785445105
80785451147
80785456823
80785461096
80785468115
80785472815
80785478674
80785483252
80785489904
80785494970
80785501745
80785504980
80785512793
80785519018
80785524450
80785530065
80785535620
80785541723
80785547644
80785554418
80785560034
80785565893
80785572241
80785578039
80785583837
80785589758
80785595068
80785601598
80785607702
80785613622
80785620580
80785626440
80785632421
80785637792
80785642309
80785649633
80785655187
80785660680
80785666235
80785672155
80785678625
80785683324
80785689306
80785694921
80785702367
80785708288
80785714452
80785719823
80785724218
80785732091
80785737951
80785743383
80785748998
80785754857
80785760534
80785766271
80785772435
80785778966
80785784703
80785791356
80785798253
80785804662
80785809850
80785816320
80785821630
80785829686
80785837560
80785844029
80785852391
80785859349
80785863927
80785870763
80785877355
80785883031
80785886327
80785894383
80785898900
80785904332
80785910314
80785917577
80785923070
80785927281
80785934300
80785938451
80785945714
80785950169
80785956395
80785962376
80785968724
80785973241
80785979710
80785984471
80785992528
80785998204
80786004552
80786010655
80786014805
80786021885
80786026280
80786033421
80786038365
80786044591
80786049168
80786056065
80786062718
80786068089
80786073399
80786078709
80786085850
80786091282
80786098240
80786105320
80786110630
80786116185
80786122349
80786129246
80786134861
80786140721
80786147618
80786153111
80786159275
80786165135
80786170689
80786175450
80786182163
80786186680
80786193760
80786199864
80786205296
80786211887
80786218540
80786223972
80786228611
80786235325
80786242222
80786247837
80786253757
80786259617
80786265476
80786270054
80786277744
80786283665
80786289280
80786295261
80786303135
80786308872
80786313816
80786320164
80786324802
80786332920
80786340427
80786347751
80786354770
80786360141
80786368320
80786374668
80786381321
80786388218
80786394382
80786402683
80786407505
80786413974
80786418674
80786425876
80786431797
80786437229
80786442844
80786448276
80786453769
80786459262
80786465122
80786470676
80786476657
80786483432
80786489230
80786494174
80786502536
80786506992
80786512485
80786519443
80786525241
80786532260
80786538181
80786544162
80786548495
80786558932
80786564609
80786570224
80786577548
80786582614
80786591830
80786599338
80786604404
80786611362
80786617831
80786623996
80786629550
80786635714
80786641940
80786647555
80786653354
80786659396
80786664889
80786670810
80786676730
80786681552
80786687777
80786692538
80786699374
80786705539
80786711642
80786717929
80786723483
80786728610
80786734347
80786741183
80786745516
80786752535
80786756747
80786763339
80786769320
80786775424
80786780306
80786787386
80786791232
80786798434
80786804354
80786809786
80786814974
80786820406
80786826388
80786832369
80786837923
80786843600
80786850314
80786854830
80786861666
80786867709
80786872530
80786879000
80786884493
80786889742
80786899630
80786906405
80786912508
80786919954
80786929110
80786934359
80786940645
80786947725
80786954012
80786958834
80786965609
80786969088
80786978365
80786983370
80786988802
80786993868
80786999239
80787005526
80787012423
80787019014
80787023470
80787029329
80787033907
80787041048
80787046480
80787051363
80787056246
80787063631
80787069185
80787074678
80787081392
80787087007
80787092134
80787097810
80787104158
80787108492
80787115205
80787121553
80787126802
80787132784
80787138948
80787143648
80787151582
80787156465
80787161836
80787167757
80787173555
80787179780
80787186677
80787192110
80787197603
80787203279
80787209199
80787214876
80787221834
80787227815
80787233369
80787239656
80787245698
80787250764
80787255220
80787261750
80787269319
80787274690
80787280488
80787286592
80787291536
80787297273
80787302705
80787307466
80787315095
80787320588
80787326081
80787332002
80787338044
80787343049
80787349580
80787355073
80787361054
80787368196
80787372651
80787378022
80787385774
80787391084
80787398957
80787403474
80787408601
80787414521
80787420014
80787426179
80787431916
80787439851
80787445283
80787451630
80787457124
80787466523
80787469941
80787480866
80787486542
80787492829
80787498139
80787503998
80787509492
80787514008
80787520600
80787527192
80787532624
80787539094
80787544159
80787550019
80787555817
80787560944
80787567048
80787572968
80787579560
80787585785
80787591401
80787597321
80787602692
80787609772
80787615387
80787620026
80787626984
80787632599
80787637909
80787643585
80787648957
80787654877
80787660614
80787666107
80787670319
80787676544
80787680756
80787686615
80787692291
80787698822
80787704193
80787709625
80787714996
80787720490
80787726471
80787732330
80787737274
80787743317
80787748749
80787754059
80787759796
80787764862
80787769745
80787776031
80787782562
80787787994
80787792999
80787798187
80787803558
80787810394
80787816070
80787820831
80787827911
80787832367
80787838958
80787845794
80787851776
80787857391
80787863250
80787869171
80787875518
80787882232
80787887420
80787893280
80787898773
80787904693
80787909515
80787914886
80787921905
80787927032
80787936309
80787943633
80787948089
80787956024
80787963409
80787969512
80787975250
80787983795
80787989105
80787995513
80788000823
80788007781
80788012908
80788018340
80788025298
80788030853
80788036590
80788044585
80788050689
80788056121
80788063018
80788069182
80788074981
80788081634
80788086394
80788092803
80788097381
80788104339
80788109649
80788115386
80788120757
80788125701
80788133208
80788138518
80788142852
80788148528
80788155547
80788161223
80788166350
80788171050
80788177459
80788182586
80788188689
80788194182
80788199309
80788205413
80788211760
80788215850
80788223052
80788228911
80788234282
80788240569
80788245024
80788251494
80788257048
80788262786
80788269072
80788273894
80788279875
80788286345
80788291411
80788297209
80788302275
80788309172
80788315398
80788321196
80788325774
80788329863
80788336943
80788342497
80788347624
80788353789
80788359831
80788365019
80788369963
80788376433
80788382414
80788386564
80788392851
80788399138
80788404936
80788410429
80788417448
80788424467
80788428862
80788437712
80788443022
80788447966
80788456205
80788463713
80788469633
80788477629
80788482023
80788488981
80788492643
80788500212
80788507231
80788511015
80788517668
80788522428
80788529508
80788533964
80788540006
80788546415
80788551786
80788557585
80788563566
80788568083
80788572965
80788579801
80788586149
80788591520
80788597440
80788604093
80788609892
80788615263
80788621488
80788627164
80788634428
80788639005
80788645780
80788652372
80788657011
80788663724
80788668912
80788675443
80788681119
80788686124
80788692594
80788698331
80788703214
80788708890
80788713163
80788719388
80788725736
80788730985
80788736051
80788741178
80788748685
80788753812
80788759427
80788764737
80788771207
80788776334
80788782254
80788788297
80788793668
80788799283
80788804654
80788811429
80788815396
80788822293
80788828214
80788832242
80788838773
80788844022
80788849515
80788855618
80788860929
80788867215
80788872708
80788878385
80788887784
80788900540
80788916959
80788925137
80788932706
80788940762
80788949246
80788956876
80788964444
80788972134
80788979520
80788985623
80788992154
80788997952
80789002896
80789008572
80789013882
80789019497
80789024563
80789032071
80789038174
80789043179
80789049344
80789055081
80789060330
80789065945
80789072659
80789077542
80789083889
80789090542
80789094998
80789102322
80789107937
80789113735
80789119839
80789125576
80789132107
80789136624
80789143337
80789148281
80789154568
80789159451
80789166714
80789172634
80789178738
80789184414
80789191250
80789197476
80789203091
80789208645
80789214687
80789220242
80789226467
80789230923
80789237698
80789242763
80789249172
80789253811
80789260952
80789264004
80789272488
80789277737
80789284084
80789290554
80789294826
80789301174
80789306850
80789313137
80789319362
80789325283
80789330593
80789336391
80789340603
80789347194
80789351406
80789359462
80789365505
80789370937
80789377040
80789380703
80789387722
80789394191
80789401088
80789407619
80789414089
80789419399
80789424648
80789430446
80789436794
80789443508
80789449672
80789455287
80789462428
80789467433
80789474941
80789481532
80789487880
80789494899
80789502651
80789508266
80789514430
80789520412
80789525417
80789532802
80789539149
80789544765
80789551295
80789557094
80789563075
80789567103
80789573573
80789579555
80789586940
80789592311
80789598231
80789604274
80789610133
80789615321
80789622889
80789627955
80789633265
80789638881
80789644801
80789650599
80789656947
80789662562
80789667201
80789674708
80789680079
80789685878
80789691432
80789698207
80789703639
80789709986
80789715541
80789721461
80789726832
80789733180
80789738978
80789744959
80789751429
80789756861
80789762232
80789768519
80789774439
80789779994
80789785365
80789790919
80789796778
80789802943
80789809168
80789816676
80789821803
80789827784
80789834803
80789839442
80789846705
80789851710
80789857508
80789864222
80789869654
80789872889
80789881129
80789886622
80789892054
80789899134
80789903406
80789909998
80789914942
80789921229
80789926905
80789932276
80789937891
80789943445
80789950769
80789955103
80789961206
80789967066
80789973291
80789976892
80789985193
80789991724
80789997583
80790003565
80790011927
80790017359
80790024134
80790030969
80790036768
80790043176
80790049585
80790055383
80790061609
80790067285
80790072778
80790078088
80790084314
80790090662
80790096521
80790103174
80790108789
80790113367
80790119592
80790124109
80790131616
80790134912
80790144189
80790150049
80790155176
80790161829
80790166040
80790173547
80790178064
80790185754
80790190454
80790196374
80790200830
80790208703
80790212060
80790219873
80790225549
80790232202
80790236718
80790242212
80790248864
80790254663
80790259607
80790265710
80790271325
80790278588
80790285180
80790289697
80790296533
80790302575
80790308435
80790314721
80790320153
80790327783
80790332360
80790339196
80790344628
80790350488
80790355981
80790361474
80790368981
80790389977
80790397302
80790403588
80790410302
80790416405
80790421838
80790426965
80790433373
80790438927
80790444360
80790449486
80790454919
80790459923
80790466820
80790472497
80790480248
80790485436
80790490746
80790495629
80790500939
80790506615
80790513085
80790521081
80790526696
80790536217
80790540917
80790547387
80790553002
80790558556
80790566735
80790571617
80790578514
80790581810
80790589928
80790596154
80790601830
80790608361
80790614220
80790619713
80790623924
80790630944
80790635582
80790642418
80790648949
80790654503
80790660240
80790666039
80790671227
80790676720
80790682518
80790689476
80790695335
80790701622
80790706871
80790711449
80790718346
80790722923
80790730003
80790736046
80790741539
80790744774
80790753075
80790757957
80790763389
80790769798
80790774010
80790781334
80790785728
80790793541
80790798240
80790803856
80790808433
80790815941
80790819114
80790826805
80790829979
80790838463
80790844200
80790849571
80790855125
80790860984
80790866783
80790872337
80790877952
80790883812
80790890281
80790895225
80790902061
80790906517
80790913108
80790918479
80790924034
80790927146
80790936057
80790942588
80790948448
80790954307
80790960105
80790965537
80790971458
80790975913
80790981773
80790987327
80790992454
80790999107
80791003623
80791010642
80791015891
80791021262
80791027000
80791033713
80791039207
80791044883
80791051108
80791057822
80791064292
80791072654
80791077720
80791086875
80791092002
80791099936
80791103660
80791113303
80791118796
80791124411
80791130149
80791135642
80791141562
80791147483
80791152732
80791158896
80791164756
80791169944
80791175498
80791181357
80791186911
80791191489
80791198325
80791203879
80791211264
80791216635
80791222434
80791228720
80791234519
80791240195
80791244345
80791250815
80791257285
80791262534
80791267050
80791273337
80791278281
80791285361
80791288474
80791296164
80791301901
80791307761
80791313254
80791317343
80791323202
80791331869
80791338461
80791342123
80791349997
80791353415
80791361044
80791366293
80791371847
80791378012
80791383261
80791389975
80791394980
80791401388
80791408102
80791414084
80791419333
80791425558
80791432394
80791435568
80791443625
80791449545
80791455038
80791461508
80791466391
80791472921
80791477743
80791483358
80791488180
80791495382
80791501303
80791506674
80791512350
80791517965
80791524557
80791530905
80791536581
80791540670
80791547323
80791552145
80791558737
80791563192
80791570028
80791573324
80791580648
80791586691
80791594686
80791600912
80791607259
80791615255
80791621603
80791627462
80791634054
80791641439
80791647359
80791654317
80791660543
80791665121
80791671224
80791676168
80791683980
80791690328
80791695699
80791701314
80791706746
80791712667
80791718587
80791725240
80791729818
80791736776
80791740804
80791747945
80791752217
80791758931
80791763448
80791769918
80791775472
80791782491
80791787374
80791793599
80791799886
80791805257
80791811116
80791816609
80791821919
80791827779
80791835042
80791839314
80791845296
80791851644
80791857564
80791863362
80791869405
80791874104
80791880635
80791886433
80791893025
80791898396
80791903767
80791910786
80791915791
80791922444
80791927815
80791933308
80791939473
80791944905
80791951924
80791957600
80791964619
80791969136
80791974873
80791979329
80791986409
80791992207
80791998066
80792001179
80792009724
80792016072
80792020833
80792028218
80792034382
80792039753
80792044575
80792050923
80792056660
80792062458
80792068684
80792074971
80792080952
80792085408
80792091816
80792097126
80792102558
80792108906
80792115071
80792119953
80792125630
80792132160
80792135700
80792143757
80792149861
80792158650
80792167561
80792174030
80792180561
80792187214
80792193562
80792196857
80792204914
80792211018
80792216389
80792222248
80792227741
80792233356
80792239460
80792246174
80792251179
80792257465
80792262043
80792268452
80792273273
80792279926
80792286152
80792291645
80792297687
80792303058
80792309406
80792315204
80792321430
80792325458
80792332355
80792339313
80792344623
80792351032
80792355915
80792360370
80792368122
80792371234
80792379901
80792385883
80792392231
80792398517
80792402667
80792409320
80792415119
80792420062
80792426532
80792432453
80792437091
80792443500
80792449420
80792455158
80792460895
80792466693
80792473163
80792478961
80792484637
80792490253
80792496967
80792501056
80792508136
80792513446
80792520404
80792524982
80792531634
80792534930
80792543231
80792546466
80792554523
80792560992
80792566546
80792573321
80792577777
80792584796
80792590594
80792595538
80792601458
80792607623
80792612506
80792618670
80792623614
80792630999
80792634234
80792641375
80792648700
80792654132
80792659747
80792665179
80792670672
80792676348
80792682513
80792689227
80792698382
80792705157
80792711566
80792717547
80792724932
80792730914
80792740069
80792746172
80792753314
80792759051
80792767352
80792772418
80792779192
80792783038
80792790972
80792796709
80792802447
80792809222
80792814837
80792819964
80792825884
80792831744
80792837969
80792843157
80792849566
80792857989
80792864702
80792871050
80792877642
80792881975
80792888628
80792894243
80792898943
80792903154
80792911272
80792917864
80792922136
80792928057
80792933977
80792939226
80792943438
80792949053
80792956926
80792962419
80792965471
80792972673
80792977739
80792982805
80792990496
80792994951
80793001482
80793006060
80793013201
80793017290
80793023271
80793026323
80793034685
80793040361
80793046587
80793052446
80793058061
80793063860
80793069170
80793074541
80793081621
80793086931
80793092729
80793098528
80793104204
80793109575
80793115251
80793121172
80793126482
80793131303
80793137834
80793141984
80793148515
80793154008
80793160112
80793166398
80793171831
80793176652
80793181779
80793188127
80793193437
80793198564
80793203264
80793210771
80793215532
80793220720
80793227128
80793233110
80793239213
80793246171
80793253617
80793258561
80793264665
80793269364
80793276200
80793281266
80793288407
80793295671
80793299821
80793306596
80793310441
80793316606
80793322526
80793328324
80793333940
80793341691
80793346879
80793351945
80793357987
80793363541
80793368913
80793375565
80793382035
80793386491
80793392411
80793396745
80793403336
80793408585
80793415421
80793420609
80793426224
80793432328
80793437272
80793442643
80793448258
80793453934
80793459672
80793466263
80793472001
80793477067
80793482560
80793487748
80793492325
80793498124
80793504532
80793510331
80793515946
80793520585
80793526932
80793531449
80793536820
80793544815
80793550003
80793554886
80793560196
80793565628
80793571183
80793577042
80793582779
80793588700
80793593521
80793600540
80793606400
80793611954
80793614823
80793623367
80793630509
80793635086
80793640762
80793646744
80793651932
80793656082
80793662247
80793667862
80793674759
80793679581
80793684708
80793690323
80793695389
80793700699
80793705460
80793712295
80793718277
80793723343
80793727981
80793734024
80793738235
80793745499
80793752701
80793758133
80793763321
80793768875
80793775467
80793781631
80793787185
80793795913
80793801529
80793807449
80793813125
80793818008
80793824173
80793828994
80793836258
80793842544
80793847061
80793853225
80793857742
80793864822
80793870071
80793875381
80793881546
80793885696
80793891433
80793896621
80793902603
80793908218
80793913345
80793918838
80793925735
80793935378
80793940139
80793946487
80793952224
80793959243
80793964858
80793971572
80793977859
80793982925
80793989028
80793994338
80794000503
80794005019
80794011733
80794017837
80794024123
80794028823
80794034499
80794041091
80794046706
80794052749
80794058303
80794065688
80794070327
80794076858
80794081496
80794087539
80794094680
80794100234
80794103896
80794110366
80794115432
80794121657
80794126967
80794133010
80794138320
80794144118
80794149550
80794152846
80794159560
80794163832
80794171767
80794176894
80794182570
80794188979
80794192946
80794199111
80794204543
80794210036
80794215346
80794221694
80794227126
80794232253
80794237685
80794242690
80794247878
80794253188
80794259047
80794264601
80794268935
80794274489
80794280898
80794285658
80794293593
80794301710
80794306288
80794313734
80794317763
80794325209
80794330336
80794336684
80794341505
80794348402
80794354384
80794359694
80794365614
80794369459
80794375990
80794382704
80794387648
80794393080
80794398695
80794402968
80794409132
80794413466
80794420118
80794426527
80794432142
80794437696
80794442640
80794448011
80794451918
80794458998
80794464674
80794471083
80794475294
80794482252
80794488111
80794493910
80794498915
80794505384
80794511610
80794517225
80794523084
80794528700
80794534498
80794539198
80794545240
80794552442
80794558057
80794563490
80794568433
80794573499
80794578687
80794584180
80794589796
80794595228
80794601087
80794606641
80794611341
80794617750
80794621900
80794627820
80794634840
80794640150
80794645032
80794650037
80794655286
80794660352
80794666150
80794670240
80794676954
80794681653
80794687085
80794691480
80794698255
80794703443
80794708814
80794715223
80794720594
80794725721
80794730909
80794736524
80794742017
80794748120
80794754224
80794759229
80794763440
80794770642
80794773755
80794780286
80794783094
80794792981
80794798352
80794804944
80794811963
80794816541
80794822888
80794828015
80794836560
80794839917
80794848157
80794854566
80794860364
80794865491
80794870984
80794877026
80794883496
80794889661
80794894482
80794900342
80794906811
80794911694
80794917248
80794923047
80794928662
80794934033
80794939953
80794944043
80794951123
80794955578
80794961438
80794967175
80794974011
80794979382
80794984448
80794989270
80794994702
80795000500
80795006054
80795012829
80795017590
80795023755
80795028027
80795033642
80795037915
80795044690
80795050976
80795056286
80795062390
80795067517
80795073498
80795077709
80795084790
80795088757
80795095654
80795100231
80795106152
80795111523
80795116162
80795120251
80795124035
80795128796
80795134289
80795139233
80795142223
80795146252
80795149304
80795153210
80795158764
80795162792
80795167553
80795171398
80795174694
80795179516
80795183605
80795187023
80795193005
80795196484
80795200085
80795204540
80795207348
80795211620
80795216442
80795221508
80795225231
80795229870
80795233288
80795237804
80795241161
80795245678
80795251293
80795256969
80795263500
80795268749
80795273021
80795278576
80795283703
80795289440
80795296398
80795300243
80795305309
80795310131
80795314525
80795320018
80795328380
80795333080
80795337108
80795342296
80795346325
80795351024
80795353771
80795359142
80795364696
80795368907
80795373973
80795377330
80795382030
80795386058
80795390331
80795394847
80795400463
80795404308
80795409862
80795413280
80795418956
80795422252
80795427257
80795432506
80795436961
80795441661
80795445812
80795449901
80795452892
80795457591
80795462108
80795467235
80795471874
80795476268
80795479503
80795484081
80795487315
80795491405
80795495250
80795501475
80795505809
80795509654
80795512889
80795516978
80795521373
80795526256
80795531016
80795535777
80795539989
80795544200
80795548594
80795552562
80795556712
80795562755
80795567515
80795570506
80795575755
80795579478
80795584910
80795587962
80795594676
80795600352
80795606089
80795610057
80795615123
80795620189
80795624888
80795627757
80795633677
80795639415
80795644725
80795646495
80795653147
80795658213
80795662913
80795665660
80795670787
80795675730
80795682139
80795687632
80795692759
80795695872
80795702098
80795706980
80795712901
80795719004
80795726450
80795729929
80795735545
80795744822
80795753001
80795759104
80795764414
80795770213
80795776194
80795782542
80795787363
80795791148
80795796336
80795802012
80795806528
80795813547
80795819163
80795823496
80795829539
80795834605
80795839243
80795843027
80795849253
80795854807
80795860544
80795865915
80795870005
80795875315
80795880991
80795885996
80795891367
80795899424
80795904734
80795910532
80795914377
80795919504
80795923410
80795928904
80795934885
80795938242
80795944773
80795949778
80795955027
80795959421
80795964304
80795970102
80795974863
80795981027
80795986826
80795991831
80795997812
80796002024
80796007089
80796011484
80796017526
80796023325
80796028391
80796034738
80796040231
80796046335
80796052194
80796056406
80796059641
80796066782
80796072092
80796080087
80796082346
80796090585
80796093881
80796100473
80796104990
80796110971
80796116403
80796122629
80796127695
80796134164
80796138437
80796143686
80796149911
80796154611
80796159250
80796162729
80796171579
80796175302
80796182870
80796185922
80796193002
80796196237
80796203378
80796210397
80796217416
80796221017
80796227426
80796231637
80796237374
80796242379
80796247689
80796252389
80796259835
80796264840
80796270455
80796276132
80796283151
80796288461
80796295358
80796301766
80796309884
80796316476
80796318612
80796327218
80796332406
80796338387
80796344125
80796351449
80796357430
80796363473
80796368478
80796374276
80796379220
80796383126
80796388497
80796392953
80796400948
80796406930
80796410165
80796417672
80796422494
80796427132
80796431527
80796436898
80796446175
80796451912
80796455453
80796462533
80796467232
80796472542
80796477913
80796482674
80796487374
80796493783
80796500374
80796505684
80796511239
80796515389
80796521431
80796526131
80796532540
80796540840
80796545601
80796549324
80796555977
80796561653
80796566475
80796571907
80796577339
80796581429
80796588570
80796591988
80796598580
80796603523
80796608223
80796614815
80796619087
80796624092
80796631416
80796638252
80796643074
80796647469
80796653938
80796658150
80796664253
80796669441
80796672676
80796680977
80796684578
80796691536
80796696602
80796702278
80796705757
80796712837
80796717232
80796724556
80796729805
80796736214
80796741279
80796746773
80796752327
80796758858
80796765266
80796773445
80796779793
80796785042
80796793892
80796797981
80796806892
80796814033
80796819160
80796826423
80796837165
80796845100
80796850044
80796857185
80796864448
80796869453
80796878059
80796884345
80796891059
80796898994
80796905586
80796918403
80796924934
80796934272
80796938361
80796947517
80796953864
80796959419
80796969672
80796978584
80796988898
80796996223
80796999335
80797009772
80797017341
80797025275
80797029304
80797036628
80797042975
80797049384
80797060126
80797062934
80797072516
80797079108
80797085395
80797091987
80797101142
80797108832
80797116278
80797129462
80797139655
80797148688
80797156012
80797166083
80797174689
80797182868
80797191474
80797198981
80797206000
80797211432
80797217108
80797222724
80797228034
80797234259
80797241583
80797247260
80797252814
80797258551
80797263556
80797267889
80797272589
80797278021
80797283759
80797289313
80797294562
80797299811
80797302069
80797308417
80797310858
80797318487
80797323614
80797329108
80797333746
80797338629
80797343634
80797348456
80797352240
80797356756
80797361273
80797366583
80797371771
80797376227
80797381598
80797385687
80797391363
80797397223
80797401861
80797406256
80797411749
80797417303
80797421392
80797426397
80797430365
80797434210
80797440069
80797445806
80797450628
80797454718
80797458929
80797464483
80797468878
80797476263
80797481756
80797486212
80797492132
80797496404
80797502691
80797507879
80797509649
80797517400
80797523443
80797528021
80797531378
80797538946
80797543829
80797549383
80797553106
80797559271
80797567388
80797576299
80797581426
80797587713
80797593450
80797597723
80797603948
80797609075
80797615545
80797621160
80797625555
80797630865
80797635930
80797640569
80797644903
80797648748
80797654912
80797660528
80797665105
80797670354
80797675786
80797679754
80797685308
80797689275
80797697515
80797703374
80797706914
80797713201
80797719121
80797723333
80797727727
80797732854
80797737676
80797744390
80797749639
80797754216
80797758672
80797763372
80797768926
80797774175
80797779302
80797786321
80797792485
80797796575
80797800786
80797807134
80797812016
80797816838
80797822881
80797828740
80797835149
80797840276
80797844121
80797849126
80797854680
80797858464
80797864384
80797872136
80797877995
80797883061
80797886906
80797891179
80797896550
80797901677
80797907658
80797913029
80797920415
80797923955
80797929509
80797935246
80797940678
80797944829
80797951115
80797956669
80797963261
80797968022
80797973698
80797977726
80797983586
80797988347
80797993229
80797998234
80798004460
80798010258
80798015019
80798020207
80798024540
80798029972
80798034855
80798039982
80798045780
80798051823
80798055363
80798063175
80798069218
80798073735
80798077152
80798083683
80798090824
80798099674
80798106510
80798113224
80798119450
80798126896
80798132755
80798141056
80798149418
80798154057
80798159489
80798165531
80798170963
80798174442
80798178349
80798183842
80798191349
80798198734
80798202274
80798209415
80798212528
80798218449
80798222843
80798229252
80798237003
80798241520
80798246525
80798253238
80798259037
80798265384
80798269901
80798277897
80798284733
80798288944
80798293949
80798298954
80798304630
80798308963
80798313236
80798319583
80798328373
80798335147
80798338871
80798346683
80798349674
80798355533
80798359806
80798365543
80798372257
80798377994
80798381229
80798388126
80798391239
80798396976
80798403018
80798407108
80798414859
80798421573
80798426273
80798432010
80798437381
80798442264
80798446536
80798454166
80798460513
80798465823
80798473270
80798478030
80798483768
80798489383
80798493777
80798498416
80798505130
80798510684
80798516604
80798521976
80798527164
80798532474
80798537295
80798543460
80798547793
80798551455
80798559268
80798564517
80798570315
80798575259
80798580264
80798586551
80798591189
80798597171
80798603640
80798609988
80798614383
80798620242
80798624820
80798630069
80798635134
80798639773
80798646060
80798651797
80798653872
80798661563
80798667544
80798671816
80798679080
80798684817
80798693484
80798698733
80798705752
80798709902
80798716921
80798723757
80798727297
80798736758
80798744326
80798750369
80798755618
80798761111
80798766116
80798771181
80798775454
80798779238
80798787173
80798793032
80798796572
80798803591
80798806765
80798812746
80798816164
80798823366
80798829348
80798836794
80798840334
80798846621
80798850893
80798855837
80798861147
80798866030
80798874086
80798879030
80798884279
80798891237
80798896853
80798905275
80798911379
80798917971
80798924440
80798930849
80798938478
80798943849
80798948854
80798955080
80798961855
80798963991
80798973940
80798980165
80798985719
80798989504
80798997194
80799002992
80799010195
80799016542
80799022829
80799027895
80799033205
80799039858
80799046388
80799051393
80799055177
80799063417
80799067140
80799074464
80799078676
80799085329
80799090517
80799095338
80799099367
80799105714
80799109743
80799115419
80799120607
80799127199
80799132631
80799138673
80799143129
80799146852
80799154603
80799158082
80799164247
80799171815
80799179139
80799184449
80799189454
80799194581
80799200624
80799208314
80799210939
80799218995
80799227296
80799233705
80799241517
80799246766
80799254579
80799260987
80799271241
80799277162
80799285707
80799295472
80799304505
80799312013
80799320924
80799329102
80799334901
80799343629
80799351441
80799354615
80799366700
80799378297
80799385377
80799394471
80799401856
80799408936
80799415223
80799421570
80799426880
80799436646
80799444031
80799453248
80799457886
80799465577
80799471497
80799478760
80799485108
80799490357
80799498291
80799505799
80799514038
80799519959
80799528687
80799534363
80799541382
80799546936
80799551819
80799560181
80799569031
80799576294
80799583435
80799592041
80799598572
80799603333
80799612244
80799618958
80799625916
80799631897
80799643555
80799651367
80799654480
80799665222
80799673218
80799680969
80799688660
80799696411
80799703613
80799710083
80799720947
80799727905
80799730896
80799741699
80799749267
80799757995
80799762512
80799770446
80799777832
80799784668
80799796264
80799801391
80799810608
80799817199
80799823181
80799831543
80799838378
80799847778
80799855041
80799864990
80799872253
80799878356
80799886047
80799893066
80799898681
80799909484
80799915160
80799922668
80799930663
80799936523
80799948547
80799953918
80799963439
80799968322
80799978454
80799985778
80799991332
80800000854
80800009399
80800018004
80800025207
80800028197
80800039611
80800047240
80800055236
80800062377
80800067687
80800078429
80800085814
80800095580
80800102599
80800109618
80800117491
80800125304
80800133483
80800140807
80800144164
80800155150
80800161864
80800172789
80800180724
80800186766
80800194823
80800200560
80800211119
80800219603
80800227660
80800236205
80800248473
80800257750
80800261290
80800272398
80800279906
80800288695
80800298888
80800302367
80800311949
80800322874
80800331968
80800336302
80800344725
80800351378
80800359007
80800365721
80800372374
80800378599
80800388548
80800394224
80800402281
80800408995
80800414915
80800419798
80800427427
80800434324
80800441404
80800449339
80800457945
80800465635
80800471006
80800480100
80800487058
80800494810
80800502073
80800509641
80800515867
80800527280
80800534055
80800540525
80800545652
80800555540
80800562803
80800570493
80800577390
80800582822
80800591062
80800599607
80800608457
80800615415
80800622495
80800629026
80800634458
80800643064
80800650571
80800656308
80800663266
80800673398
80800680417
80800685544
80800694761
80800701169
80800708860
80800715390
80800720517
80800729734
80800736875
80800746518
80800753415
80800760434
80800767697
80800772824
80800781308
80800789548
80800797055
80800804990
80800810788
80800820004
80800827634
80800835385
80800842587
80800845761
80800855588
80800864255
80800871457
80800878842
80800884762
80800896298
80800902035
80800910580
80800917966
80800926510
80800934567
80800940304
80800950253
80800959652
80800967221
80800974972
80800978085
80800988095
80800996029
80801005062
80801011959
80801018002
80801026547
80801035397
80801044796
80801052731
80801060116
80801066891
80801073116
80801081722
80801088802
80801095822
80801105892
80801117001
80801124996
80801130611
80801141415
80801149410
80801158749
80801167782
80801174801
80801184750
80801192318
80801203792
80801212032
80801219662
80801227901
80801231136
80801243953
80801249141
80801255672
80801263790
80801271053
80801277279
80801282650
80801289058
80801294124
80801298397
80801301876
80801310787
80801319088
80801324520
80801330257
80801334712
80801340877
80801345943
80801350643
80801357234
80801361385
80801368892
80801372371
80801379329
80801384212
80801390376
80801394954
80801400142
80801407527
80801413448
80801418330
80801425288
80801429744
80801435909
80801440181
80801446956
80801451595
80801458064
80801462642
80801467586
80801473628
80801478816
80801484309
80801489131
80801495112
80801501277
80801508479
80801513240
80801519221
80801524348
80801531611
80801535823
80801544307
80801548579
80801556025
80801559993
80801568232
80801572322
80801579707
80801584834
80801591059
80801596003
80801602107
80801606929
80801613703
80801619685
80801626338
80801631465
80801638911
80801644953
80801650691
80801656611
80801662776
80801669551
80801674616
80801685114
80801692317
80801697566
80801705195
80801713435
80801721003
80801726984
80801735651
80801742121
80801745112
80801756647
80801761835
80801768549
80801777155
80801785029
80801792658
80801797724
80801806940
80801811335
80801819819
80801827448
80801833185
80801842951
80801854487
80801864374
80801873285
80801881098
80801888666
80801895380
80801905695
80801912287
80801922357
80801932245
80801940973
80801947870
80801955744
80801964044
80801970331
80801977655
80801986505
80801993707
80801999140
80802007990
80802012811
80802022699
80802029535
80802032892
80802044305
80802051508
80802058588
80802066034
80802069208
80802081537
80802089349
80802096857
80802103570
80802106500
80802117242
80802122369
80802130365
80802137750
80802145990
80802152581
80802158807
80802166864
80802172296
80802180230
80802186456
80802189141
80802199639
80802206109
80802215936
80802223565
80802231195
80802237481
80802244012
80802251275
80802256158
80802263360
80802273431
80802281854
80802288323
80802291253
80802301080
80802308404
80802315118
80802321160
80802329095
80802335992
80802341485
80802352349
80802358025
80802366692
80802372918
80802379510
80802386712
80802392205
80802401421
80802410699
80802419304
80802426751
80802429864
80802440117
80802447320
80802453606
80802461113
80802468926
80802476983
80802482537
80802490471
80802497185
80802505852
80802513909
80802520012
80802530205
80802538628
80802544792
80802553398
80802562554
80802570976
80802576103
80802584709
80802589714
80802599175
80802606011
80802611870
80802619682
80802628471
80802636467
80802643181
80802649834
80802657463
80802665947
80802673942
80802678642
80802686760
80802695366
80802704643
80802712333
80802718010
80802728142
80802736320
80802743950
80802751701
80802757438
80802766960
80802776786
80802785392
80802792472
80802799491
80802806572
80802812614
80802822135
80802826652
80802833915
80802841117
80802847465
80802856010
80802862174
80802868705
80802873893
80802882133
80802887016
80802895133
80802903556
80802910270
80802919669
80802924918
80802933646
80802940910
80802947745
80802953971
80802961051
80802969657
80802978141
80802986686
80802993156
80802995963
80803006217
80803013785
80803022391
80803027457
80803036551
80803043815
80803051871
80803060294
80803067557
80803076407
80803084159
80803089469
80803098868
80803103751
80803114005
80803121329
80803124747
80803135672
80803143729
80803150382
80803157523
80803163199
80803172293
80803180167
80803187430
80803194876
80803203360
80803210928
80803216361
80803225699
80803232718
80803240591
80803247549
80803252982
80803262991
80803271658
80803278250
80803287710
80803290640
80803301199
80803309500
80803318289
80803325308
80803328787
80803339407
80803346792
80803355276
80803363699
80803367178
80803377005
80803386038
80803392202
80803400137
80803406485
80803417349
80803424795
80803433279
80803438711
80803449270
80803456716
80803463430
80803470632
80803477468
80803481008
80803491873
80803498464
80803509206
80803514089
80803521841
80803528738
80803533804
80803544851
80803549551
80803557119
80803566213
80803573415
80803583669
80803589284
80803597402
80803604299
80803613454
80803620229
80803625661
80803635122
80803641286
80803651357
80803659536
80803662465
80803673940
80803683217
80803689870
80803697011
80803705312
80803713307
80803724843
80803732472
80803737660
80803745717
80803753163
80803759145
80803766225
80803771413
80803778249
80803787587
80803795583
80803800343
80803808217
80803815419
80803820424
80803830312
80803834462
80803843312
80803851186
80803860463
80803868275
80803873402
80803881093
80803888234
80803896840
80803903432
80803906178
80803917592
80803922780
80803934132
80803942006
80803951161
80803959889
80803962819
80803974171
80803981923
80803987904
80803995900
80804004383
80804012074
80804017262
80804027943
80804032887
80804043385
80804050343
80804055592
80804065052
80804073719
80804080616
80804088612
80804094288
80804104847
80804113148
80804119984
80804127735
80804130848
80804141529
80804151844
80804158924
80804166187
80804174915
80804182728
80804188465
80804195545
80804202991
80804212513
80804220264
80804226673
80804237232
80804245350
80804252430
80804259327
80804265369
80804273670
80804280506
80804290088
80804297840
80804301075
80804312610
80804321277
80804329639
80804336475
80804344226
80804351428
80804359363
80804365650
80804377979
80804385120
80804395740
80804403674
80804410999
80804415454
80804424426
80804431506
80804436755
80804447192
80804456164
80804464526
80804471423
80804479602
80804486865
80804494433
80804503161
80804510180
80804518054
80804525683
80804533435
80804543139
80804550036
80804559680
80804568652
80804575000
80804584765
80804592944
80804599719
80804611682
80804621813
80804629687
80804636889
80804644518
80804652514
80804659838
80804663745
80804672900
80804679430
80804687914
80804694811
80804699389
80804707812
80804713854
80804722094
80804728686
80804734850
80804741869
80804751879
80804759325
80804766283
80804774767
80804781603
80804786852
80804795397
80804803454
80804812426
80804819689
80804826586
80804833910
80804838793
80804849291
80804856249
80804863207
80804870226
80804876940
80804884203
80804892748
80804901110
80804908800
80804916429
80804923570
80804931017
80804937548
80804945055
80804951463
80804959154
80804966844
80804974352
80804979356
80804987718
80804994432
80805001939
80805008531
80805015733
80805023363
80805029222
80805039781
80805047349
80805054857
80805061388
80805068040
80805075059
80805080308
80805088304
80805095811
80805103868
80805112413
80805120164
80805127549
80805132982
80805140489
80805149095
80805151902
80805161546
80805169297
80805177415
80805185167
80805192247
80805199021
80805207017
80805214341
80805219712
80805227342
80805236070
80805246385
80805253587
80805258836
80805269395
80805274339
80805282456
80805290025
80805296067
80805306504
80805315965
80805324265
80805332383
80805335618
80805345811
80805354661
80805360764
80805370042
80805373398
80805384080
80805394883
80805402268
80805409836
80805418015
80805424790
80805430588
80805439805
80805446701
80805457077
80805467270
80805474228
80805484482
80805492844
80805500168
80805507187
80805514450
80805524216
80805531479
80805540940
80805548264
80805557358
80805563767
80805571396
80805577805
80805583176
80805588181
80805594772
80805601913
80805608017
80805612839
80805618454
80805624557
80805628952
80805634811
80805638473
80805644943
80805650619
80805657028
80805662033
80805668075
80805673569
80805679306
80805683761
80805689621
80805695602
80805702255
80805708725
80805713913
80805718368
80805724350
80805730453
80805735397
80805742111
80805745956
80805754135
80805760543
80805765182
80805770553
80805776718
80805781539
80805787704
80805794540
80805800033
80805806808
80805812789
80805817855
80805823165
80805829757
80805834213
80805839706
80805845809
80805852462
80805859176
80805865341
80805870834
80805876449
80805880538
80805889022
80805894576
80805903487
80805910567
80805917159
80805921798
80805928268
80805933700
80805940047
80805946517
80805953963
80805961837
80805969039
80805973922
80805983443
80805991134
80805994246
80806009627
80806017257
80806026168
80806034469
80806041976
80806049788
80806053267
80806064376
80806069930
80806077681
80806085677
80806088851
80806100569
80806105941
80806115523
80806119979
80806129500
80806136641
80806139998
80806149947
80806159895
80806167830
80806175459
80806178999
80806190840
80806196700
80806207076
80806212202
80806215193
80806235884
80806239851
80806250899
80806261275
80806271467
80806279890
80806286604
80806293440
80806298201
80806305891
80806313032
80806322554
80806329268
80806335798
80806342268
80806349897
80806356428
80806361189
80806371809
80806380232
80806389997
80806399763
80806406843
80806414839
80806426069
80806433637
80806440656
80806448591
80806457075
80806464094
80806470930
80806476118
80806488142
80806495771
80806500837
80806508527
80806514082
80806523725
80806533552
80806542524
80806549848
80806554731
80806565534
80806573530
80806581708
80806588483
80806595014
80806602338
80806608808
80806620282
80806625165
80806634809
80806642194
80806648481
80806657270
80806664106
80806667218
80806679486
80806686261
80806695905
80806704389
80806711164
80806718671
80806724530
80806733624
80806742536
80806750592
80806758344
80806765241
80806773114
80806781659
80806789105
80806797528
80806807660
80806814740
80806820172
80806829571
80806838177
80806845929
