23305116608
23305123444
23305128632
23305134308
23305140045
23305145172
23305150848
23305155426
23305161285
23305167572
23305171844
23305177826
23305184051
23305191254
23305196747
23305202057
23305208771
23305215973
23305223480
23305228973
23305234772
23305241668
23305249603
23305254364
23305261139
23305267486
23305275238
23305285980
23305297882
23305307220
23305317535
23305328765
23305335784
23305343414
23305350616
23305357330
23305363311
23305371734
23305379180
23305384002
23305391876
23305398651
23305405853
23305411590
23305417510
23305424041
23305430572
23305437774
23305444305
23305454681
23305464141
23305476775
23305485076
23305492644
23305500396
23305507659
23305514617
23305521392
23305528167
23305536162
23305543548
23305550567
23305559112
23305567290
23305575164
23305583098
23305589141
23305596526
23305602996
23305611541
23305618682
23305626189
23305634124
23305641143
23305647551
23305653289
23305660918
23305668242
23305674163
23305680388
23305687529
23305695403
23305702483
23305708586
23305716765
23305722258
23305729704
23305736052
23305743071
23305749419
23305757414
23305764372
23305771025
23305778044
23305785002
23305791716
23305798674
23305806242
23305812407
23305821379
23305828886
23305835417
23305842924
23305848967
23305855925
23305863554
23305872465
23305879973
23305885954
23305897184
23305905790
23305913969
23305925871
23305935759
23305946867
23305956266
23305962919
23305971342
23305978117
23305984525
23305991850
23305998075
23306005338
23306012052
23306017545
23306024625
23306032926
23306040922
23306048124
23306054777
23306059476
23306068327
23306075346
23306083524
23306090421
23306098173
23306107023
23306114103
23306122343
23306127592
23306135892
23306140958
23306150663
23306158109
23306165189
23306172025
23306179288
23306187162
23306195096
23306202420
23306208036
23306214261
23306221402
23306227628
23306233304
23306241483
23306247586
23306255643
23306262174
23306268216
23306273892
23306281461
23306287198
23306294766
23306302152
23306309659
23306316068
23306323209
23306329678
23306337735
23306344327
23306351712
23306358548
23306365384
23306372281
23306377469
23306386136
23306391812
23306399136
23306407132
23306415494
23306421658
23306429837
23306437832
23306446011
23306454556
23306462979
23306469510
23306479397
23306485745
23306494595
23306502591
23306510586
23306516690
23306524136
23306532437
23306537930
23306547634
23306555447
23306563137
23306568936
23306580654
23306591091
23306602261
23306612515
23306621670
23306630947
23306638882
23306645657
23306655178
23306663967
23306674648
23306679104
23306687832
23306694607
23306701259
23306708217
23306716945
23306724697
23306731838
23306737209
23306745754
23306752956
23306760402
23306767116
23306774501
23306781704
23306787624
23306794643
23306800136
23306808254
23306814235
23306821621
23306831020
23306838039
23306844875
23306853176
23306860683
23306867763
23306875209
23306882961
23306894191
23306900661
23306909572
23306918910
23306927516
23306936855
23306944118
23306953517
23306961757
23306969142
23306977809
23306984889
23306992763
23307001735
23307008571
23307018275
23307026149
23307035487
23307043361
23307053859
23307061305
23307068873
23307076808
23307085170
23307092311
23307099696
23307107569
23307114589
23307121546
23307128932
23307137171
23307144557
23307151393
23307158290
23307166896
23307173609
23307180140
23307187159
23307195338
23307201502
23307208521
23307216822
23307223475
23307230311
23307238245
23307245387
23307252467
23307259058
23307266383
23307271876
23307281702
23307288294
23307296839
23307303614
23307312891
23307319178
23307326990
23307335169
23307342371
23307349207
23307358484
23307365259
23307375086
23307383326
23307389856
23307396814
23307405725
23307414637
23307420557
23307430262
23307436609
23307444239
23307450403
23307459131
23307466272
23307474817
23307483789
23307491480
23307498438
23307503748
23307509912
23307517603
23307523462
23307529138
23307535425
23307541101
23307546472
23307552148
23307559412
23307563928
23307570703
23307574304
23307582361
23307588342
23307594324
23307601037
23307607019
23307612207
23307618188
23307624658
23307629358
23307636072
23307642480
23307648828
23307655603
23307661889
23307666467
23307672876
23307679345
23307685022
23307691430
23307696740
23307704370
23307709314
23307716516
23307721643
23307726525
23307732812
23307738000
23307744103
23307749841
23307755334
23307760827
23307766381
23307772607
23307777123
23307783898
23307789086
23307794030
23307799706
23307805322
23307810082
23307815759
23307821862
23307828210
23307833154
23307838219
23307843957
23307849816
23307854150
23307860497
23307865807
23307872765
23307877709
23307883263
23307888207
23307894494
23307900658
23307908837
23307915246
23307921715
23307926720
23307934166
23307939171
23307945763
23307951439
23307957604
23307963097
23307969994
23307975121
23307980431
23307985741
23307991173
23307997948
23308004174
23308009056
23308014916
23308020226
23308026573
23308032006
23308037865
23308042626
23308047692
23308053673
23308058861
23308064781
23308071373
23308075463
23308081627
23308087120
23308093224
23308099022
23308104454
23308108971
23308115379
23308120506
23308130089
23308135704
23308140953
23308144798
23308151634
23308158775
23308163475
23308169090
23308175560
23308180687
23308185814
23308191307
23308196434
23308203087
23308208641
23308214134
23308217979
23308224388
23308230247
23308235679
23308241112
23308246971
23308252830
23308257286
23308263389
23308268089
23308274864
23308279380
23308285423
23308290794
23308297203
23308300315
23308308921
23308313987
23308319236
23308324852
23308330711
23308336448
23308341026
23308347557
23308352195
23308358238
23308362815
23308369590
23308375511
23308380576
23308385887
23308391319
23308398094
23308402427
23308408897
23308413841
23308420615
23308425315
23308433006
23308438499
23308444358
23308450095
23308456504
23308462730
23308469321
23308475608
23308482322
23308487754
23308494285
23308499656
23308506431
23308511252
23308516501
23308522422
23308527549
23308533652
23308539512
23308545066
23308550071
23308555564
23308561606
23308565635
23308572532
23308576682
23308583335
23308588034
23308594809
23308599326
23308605307
23308609885
23308616904
23308622092
23308626486
23308633506
23308639121
23308644187
23308649619
23308655173
23308660422
23308665122
23308670859
23308678000
23308682395
23308687644
23308694479
23308699362
23308704550
23308710349
23308715964
23308720908
23308726462
23308732993
23308738058
23308742575
23308748923
23308754233
23308760336
23308765707
23308772299
23308778586
23308782614
23308788840
23308794821
23308800619
23308805075
23308811362
23308816000
23308821310
23308827414
23308833517
23308837057
23308843527
23308848898
23308854818
23308860373
23308866354
23308872152
23308877768
23308884481
23308889303
23308895163
23308900412
23308906332
23308910238
23308917318
23308923300
23308928976
23308934042
23308939108
23308946066
23308952169
23308958151
23308965597
23308971884
23308978353
23308984213
23308990438
23308997091
23309002767
23309010153
23309017110
23309020528
23309028402
23309032247
23309038717
23309042562
23309049093
23309057210
23309062765
23309067831
23309074361
23309080038
23309084615
23309091085
23309096395
23309102071
23309107870
23309114400
23309120199
23309126119
23309131551
23309137410
23309142782
23309147420
23309153707
23309160177
23309165059
23309170247
23309176595
23309180318
23309188558
23309194051
23309199605
23309204976
23309209066
23309215535
23309219686
23309226033
23309232381
23309237325
23309243856
23309249593
23309254659
23309260213
23309265462
23309272115
23309277791
23309283162
23309288838
23309293050
23309299153
23309305013
23309310201
23309314900
23309321431
23309325642
23309331929
23309336934
23309343098
23309349385
23309354817
23309361287
23309367146
23309371663
23309377095
23309383443
23309389668
23309395100
23309399678
23309405842
23309410237
23309417134
23309421834
23309427815
23309433064
23309438801
23309445271
23309450764
23309455891
23309461323
23309466755
23309472493
23309478596
23309483967
23309489033
23309495930
23309500935
23309508259
23309514302
23309520832
23309526387
23309531880
23309538716
23309543659
23309550495
23309556599
23309562031
23309568867
23309573872
23309578266
23309584980
23309590473
23309595295
23309600788
23309606770
23309612812
23309618488
23309624836
23309629597
23309634052
23309641010
23309646198
23309652363
23309655720
23309663715
23309667560
23309674091
23309677936
23309684772
23309688495
23309695637
23309701740
23309707599
23309713337
23309717914
23309722980
23309728840
23309734943
23309740741
23309745502
23309750629
23309756977
23309760883
23309767475
23309773578
23309779499
23309785114
23309789692
23309795368
23309801227
23309807086
23309811542
23309818744
23309822589
23309828876
23309833881
23309840900
23309845722
23309852436
23309858600
23309863117
23309870319
23309875324
23309880756
23309886432
23309891681
23309897968
23309903888
23309909259
23309914813
23309919940
23309924396
23309930621
23309935565
23309942157
23309945636
23309952045
23309957599
23309963519
23309969256
23309974933
23309980182
23309984637
23309990436
23309995318
23310001971
23310007037
23310011737
23310017901
23310024310
23310031085
23310037677
23310043475
23310049762
23310055743
23310060748
23310068194
23310073870
23310079608
23310085894
23310091754
23310097430
23310101641
23310108660
23310113848
23310120318
23310125140
23310132830
23310136675
23310143267
23310147296
23310153948
23310159808
23310165240
23310171343
23310175372
23310181780
23310187701
23310193438
23310197955
23310204546
23310209795
23310215777
23310221026
23310227435
23310231707
23310238055
23310244036
23310247820
23310253985
23310259905
23310265703
23310269976
23310276202
23310282000
23310287493
23310292986
23310298052
23310303911
23310311358
23310316546
23310321673
23310327471
23310331987
23310339312
23310343218
23310350420
23310357439
23310361956
23310368120
23310373613
23310379473
23310384905
23310390520
23310397173
23310401567
23310407305
23310413652
23310419329
23310425005
23310430498
23310436785
23310442766
23310448870
23310453386
23310458818
23310464678
23310471086
23310476274
23310482012
23310487138
23310493974
23310497759
23310504045
23310509477
23310515092
23310522173
23310528032
23310533586
23310539934
23310545854
23310551042
23310557939
23310563066
23310570085
23310575944
23310582109
23310587663
23310594194
23310600175
23310605791
23310611711
23310617631
23310622148
23310627946
23310634294
23310638749
23310645463
23310650834
23310656450
23310661576
23310667680
23310673478
23310678666
23310683854
23310689347
23310695756
23310701127
23310709184
23310714311
23310721391
23310726335
23310733110
23310738847
23310746049
23310749345
23310756486
23310762162
23310768937
23310773454
23310780717
23310786332
23310790849
23310796891
23310801347
23310807511
23310813981
23310819169
23310824906
23310831193
23310837052
23310842484
23310848038
23310853471
23310857316
23310863602
23310870927
23310875504
23310881974
23310886674
23310891984
23310898453
23310903519
23310909379
23310915421
23310920670
23310926652
23310932877
23310938309
23310943619
23310949418
23310954972
23310960770
23310965958
23310970536
23310976944
23310981644
23310988236
23310993180
23310999283
23311004471
23311010269
23311016800
23311022415
23311027725
23311032486
23311038590
23311043839
23311050186
23311055374
23311061905
23311065872
23311072464
23311080338
23311086990
23311092178
23311098770
23311105484
23311111038
23311118179
23311124039
23311130569
23311136612
23311141922
23311147110
23311152603
23311159134
23311164993
23311170059
23311175796
23311182449
23311187637
23311193680
23311199051
23311204483
23311208877
23311215896
23311222000
23311226211
23311232620
23311238479
23311243667
23311249588
23311255020
23311261612
23311266372
23311271011
23311278640
23311283889
23311289444
23311295242
23311300735
23311306777
23311312515
23311317642
23311323440
23311328689
23311335098
23311340469
23311345840
23311350845
23311355605
23311362441
23311367751
23311373428
23311379104
23311384475
23311388381
23311395339
23311401077
23311406509
23311412002
23311417800
23311424026
23311428664
23311435195
23311439773
23311446303
23311451491
23311456679
23311462112
23311468947
23311474319
23311480117
23311485610
23311490859
23311496902
23311502761
23311507461
23311513320
23311518630
23311525100
23311530227
23311534682
23311540969
23311546096
23311552932
23311556838
23311563308
23311569655
23311574965
23311580153
23311585707
23311591872
23311597670
23311603957
23311609023
23311616103
23311621474
23311627944
23311633559
23311640334
23311646132
23311651991
23311657546
23311663527
23311669508
23311675734
23311681166
23311687087
23311692641
23311697157
23311703627
23311708205
23311715712
23311721083
23311726149
23311731276
23311736891
23311742018
23311748549
23311754774
23311760756
23311765761
23311771620
23311777235
23311781874
23311788588
23311794081
23311799940
23311805983
23311811598
23311816786
23311822462
23311828993
23311834242
23311839735
23311845594
23311850477
23311856276
23311862013
23311866468
23311873426
23311877943
23311884352
23311889723
23311896070
23311901747
23311907179
23311912794
23311918104
23311922010
23311929884
23311934767
23311940748
23311946790
23311951368
23311957533
23311962110
23311968153
23311974683
23311980055
23311985670
23311991041
23311994886
23312001356
23312008070
23312013807
23312019300
23312025282
23312029798
23312035657
23312041517
23312045911
23312051954
23312057142
23312063062
23312068006
23312073682
23312079359
23312083631
23312090467
23312095350
23312101514
23312106641
23312112317
23312117505
23312123243
23312128736
23312135572
23312142102
23312148084
23312153943
23312158277
23312166394
23312171338
23312177198
23312185010
23312189710
23312195935
23312201795
23312207105
23312213513
23312218762
23312223950
23312230908
23312234815
23312241590
23312247510
23312252149
23312258191
23312264600
23312271008
23312275647
23312282483
23312286939
23312293958
23312299023
23312306104
23312311719
23312317761
23312322461
23312328259
23312333935
23312338574
23312344983
23312351697
23312356457
23312362744
23312368542
23312372510
23312379468
23312383252
23312389721
23312395459
23312400830
23312407605
23312411633
23312418225
23312423901
23312428967
23312435559
23312440747
23312445874
23312452160
23312455517
23312462658
23312465954
23312474316
23312478222
23312484204
23312489880
23312495129
23312501477
23312507458
23312511730
23312517529
23312523815
23312529919
23312535900
23312539746
23312545605
23312552075
23312556774
23312563183
23312568127
23312573742
23312578686
23312584301
23312589977
23312595837
23312601452
23312605785
23312611828
23312618420
23312623363
23312627209
23312635265
23312640392
23312646496
23312652477
23312657909
23312663708
23312669506
23312676708
23312681164
23312688549
23312693737
23312700023
23312706920
23312713573
23312720226
23312725292
23312731823
23312738353
23312743358
23312748607
23312755626
23312760997
23312766613
23312772411
23312776561
23312783214
23312789012
23312793773
23312799510
23312805736
23312810497
23312816600
23312821056
23312827159
23312833751
23312838634
23312843700
23312850170
23312856273
23312861644
23312868053
23312873912
23312879344
23312883922
23312890636
23312895396
23312901744
23312906810
23312912852
23312917979
23312924083
23312929698
23312935191
23312940318
23312945994
23312952098
23312956248
23312963389
23312967784
23312973582
23312979320
23312986033
23312991221
23312996898
23313002025
23313007457
23313012462
23313019053
23313023509
23313030162
23313035411
23313040843
23313047252
23313051524
23313058604
23313063182
23313068919
23313075328
23313080699
23313085887
23313090892
23313097483
23313102976
23313109019
23313114329
23313119883
23313125254
23313130747
23313136546
23313141856
23313147959
23313153575
23313158335
23313164195
23313170054
23313175181
23313180613
23313187266
23313193858
23313198985
23313205637
23313211253
23313217539
23313224009
23313229990
23313236033
23313241648
23313248301
23313252390
23313258189
23313263621
23313269907
23313275706
23313281992
23313286631
23313292063
23313298472
23313303660
23313308848
23313315928
23313320017
23313326304
23313330271
23313337351
23313343699
23313349558
23313354319
23313360056
23313365671
23313370310
23313377512
23313382822
23313388559
23313393747
23313398874
23313405893
23313411203
23313415964
23313421335
23313426950
23313432260
23313438791
23313443308
23313449289
23313455759
23313460397
23313464853
23313471994
23313477182
23313483835
23313489450
23313494821
23313498727
23313505502
23313511118
23313516794
23313522043
23313527902
23313534006
23313538583
23313544687
23313549325
23313555490
23313561960
23313567514
23313571237
23313577585
23313580881
23313588632
23313595285
23313601022
23313606515
23313612436
23313618417
23313623605
23313629709
23313635446
23313641305
23313646005
23313652658
23313657907
23313663095
23313668527
23313673776
23313680062
23313683908
23313690499
23313697518
23313701425
23313707650
23313712838
23313720529
23313725839
23313731881
23313739022
23313744454
23313749886
23313756295
23313762154
23313768929
23313773202
23313781869
23313787484
23313792245
23313797738
23313803719
23313808663
23313815011
23313819772
23313826485
23313832589
23313836495
23313842721
23313847848
23313853951
23313860543
23313866280
23313872262
23313876778
23313882516
23313887032
23313894295
23313899849
23313905831
23313911019
23313916512
23313921822
23313927315
23313933724
23313937752
23313944344
23313950142
23313955330
23313961251
23313967537
23313972176
23313978585
23313983773
23313989510
23313995003
23314000435
23314005562
23314011849
23314017220
23314022530
23314028206
23314033638
23314040169
23314045967
23314051582
23314056038
23314061897
23314068062
23314073555
23314079170
23314084297
23314090157
23314095650
23314100716
23314106880
23314112679
23314117744
23314122810
23314128731
23314132698
23314139229
23314145088
23314151558
23314157051
23314163277
23314173714
23314178840
23314185432
23314190925
23314196846
23314203377
23314209175
23314214485
23314218452
23314224556
23314234687
23314240547
23314246589
23314252510
23314259590
23314263862
23314271370
23314276557
23314283760
23314288581
23314295784
23314300361
23314307014
23314312141
23314318855
23314322822
23314330024
23314335456
23314341194
23314346626
23314352485
23314357978
23314364387
23314369453
23314374519
23314380805
23314385871
23314391669
23314396918
23314402412
23314408698
23314414741
23314419868
23314425727
23314430915
23314436713
23314442756
23314448005
23314453986
23314459235
23314465217
23314471625
23314477057
23314482978
23314488898
23314494941
23314499579
23314506354
23314511481
23314516913
23314521979
23314527533
23314534919
23314540412
23314545600
23314551093
23314556342
23314561713
23314567572
23314573981
23314579840
23314584418
23314590399
23314596930
23314601569
23314608039
23314612982
23314618781
23314625067
23314630683
23314636664
23314641425
23314647223
23314653265
23314658148
23314664557
23314669013
23314675238
23314681769
23314687262
23314692694
23314698065
23314703375
23314708685
23314715460
23314719611
23314726752
23314731207
23314737982
23314743048
23314748175
23314753241
23314759222
23314765448
23314771063
23314777289
23314783026
23314790472
23314795416
23314802435
23314807257
23314814886
23314820379
23314825934
23314831060
23314837103
23314842169
23314848944
23314852911
23314859259
23314863043
23314870306
23314877142
23314881903
23314888311
23314892706
23314899176
23314903692
23314910101
23314915289
23314921026
23314927984
23314933904
23314937933
23314944036
23314950628
23314956732
23314963079
23314967657
23314973516
23314978033
23314985052
23314990118
23314995367
23315000494
23315006231
23315011297
23315018377
23315023199
23315028631
23315034063
23315040777
23315046880
23315052740
23315057622
23315062261
23315068365
23315074712
23315079961
23315086675
23315102117
23315110112
23315117254
23315122808
23315128057
23315134038
23315139226
23315145330
23315150762
23315155706
23315161321
23315167119
23315172673
23315178289
23315183354
23315189031
23315194646
23315199895
23315205876
23315211247
23315215825
23315222295
23315226689
23315231877
23315238286
23315242803
23315249150
23315255376
23315259526
23315264836
23315270635
23315277165
23315284367
23315290837
23315296513
23315303471
23315309148
23315314946
23315320622
23315326970
23315334050
23315339238
23315347172
23315352605
23315357670
23315362858
23315369084
23315374455
23315381169
23315386296
23315392155
23315397587
23315403630
23315409123
23315416203
23315422123
23315427494
23315432316
23315438847
23315444401
23315448429
23315455265
23315460514
23315465947
23315472660
23315476628
23315483158
23315488957
23315494389
23315499272
23315506169
23315510685
23315517094
23315522343
23315528385
23315533573
23315538334
23315544926
23315551518
23315556400
23315562199
23315567814
23315574101
23315579105
23315583805
23315589787
23315594303
23315601933
23315607182
23315613285
23315619694
23315624454
23315631229
23315637028
23315646305
23315651371
23315656742
23315662052
23315668094
23315674381
23315679691
23315685611
23315692447
23315697330
23315703190
23315708988
23315713504
23315719974
23315724613
23315731144
23315736454
23315742191
23315747379
23315753666
23315759525
23315765079
23315770877
23315776920
23315781375
23315787113
23315793399
23315798343
23315804752
23315809329
23315815738
23315821414
23315827640
23315833438
23315838687
23315844547
23315851260
23315857059
23315863040
23315869571
23315875613
23315881839
23315888431
23315893863
23315900882
23315905704
23315912479
23315918094
23315924747
23315929446
23315936038
23315941043
23315946292
23315951968
23315958438
23315963992
23315969241
23315974856
23315980655
23315986148
23315991458
23315997806
23316004153
23316009280
23316015750
23316021182
23316027469
23316032168
23316039370
23316044436
23316049197
23316055667
23316061099
23316066592
23316072024
23316077639
23316083010
23316089480
23316095339
23316100222
23316107058
23316112185
23316118655
23316124148
23316129153
23316133914
23316140688
23316145205
23316151919
23316157351
23316162844
23316168337
23316173830
23316179079
23316184817
23316190920
23316197939
23316203127
23316208987
23316214053
23316219363
23316224612
23316230166
23316235598
23316242617
23316247866
23316253115
23316258852
23316262881
23316266726
23316274538
23316281008
23316285525
23316291384
23316296389
23316302187
23316307131
23316311892
23316318667
23316322695
23316328493
23316334108
23316339113
23316344728
23316349184
23316356020
23316361879
23316367067
23316373659
23316379335
23316384218
23316392214
23316399538
23316405275
23316410524
23316418825
23316425417
23316431093
23316435671
23316441652
23316447756
23316452516
23316459657
23316464174
23316470338
23316474855
23316480653
23316487794
23316492616
23316497743
23316504213
23316510255
23316516481
23316520387
23316527589
23316533693
23316540468
23316546388
23316550844
23316556703
23316563722
23316569398
23316574708
23316579896
23316585512
23316592531
23316596681
23316602968
23316609742
23316615724
23316621827
23316626344
23316633058
23316637330
23316642640
23316649171
23316654786
23316660340
23316665956
23316670899
23316676881
23316682801
23316688294
23316693849
23316699708
23316705079
23316711366
23316715577
23316720643
23316726136
23316730836
23316736451
23316743226
23316747193
23316754517
23316758973
23316764710
23316770448
23316774964
23316781495
23316786622
23316791810
23316797486
23316803162
23316808228
23316811829
23316818421
23316823304
23316829102
23316834412
23316838685
23316844849
23316849122
23316855164
23316861207
23316867371
23316871399
23316877381
23316882996
23316888001
23316894166
23316900025
23316906800
23316913208
23316918518
23316922852
23316930725
23316935913
23316941224
23316947876
23316954224
23316960205
23316963990
23316969971
23316975342
23316980164
23316985230
23316992310
23316997315
23317002930
23317007935
23317013001
23317018433
23317023682
23317030152
23317035828
23317040650
23317046204
23317051819
23317056274
23317061340
23317067932
23317073181
23317078186
23317083923
23317088867
23317093994
23317099121
23317104919
23317110168
23317115967
23317122131
23317126648
23317132446
23317137207
23317142334
23317147522
23317153076
23317158691
23317163635
23317169189
23317174438
23317180237
23317184448
23317190735
23317197021
23317201355
23317207336
23317212097
23317216858
23317222168
23317227661
23317233581
23317238647
23317243652
23317248779
23317253845
23317260009
23317264526
23317271179
23317275634
23317282714
23317287414
23317292602
23317297363
23317302551
23317310424
23317314514
23317320800
23317324706
23317331115
23317336486
23317341308
23317346130
23317352355
23317358581
23317363586
23317368407
23317374023
23317378905
23317384826
23317391418
23317395873
23317402526
23317408569
23317414245
23317418578
23317425048
23317433349
23317439147
23317445556
23317449706
23317455993
23317461486
23317466125
23317470763
23317477965
23317483031
23317488402
23317493102
23317497496
23317502440
23317508422
23317515685
23317519835
23317525328
23317530883
23317535460
23317540953
23317546386
23317550902
23317557799
23317562865
23317568236
23317572997
23317578978
23317584044
23317589415
23317595214
23317599364
23317605223
23317610777
23317615172
23317620726
23317626647
23317631712
23317636961
23317641966
23317648131
23317653441
23317658629
23317662352
23317668272
23317674498
23317680174
23317684935
23317689391
23317695189
23317699583
23317705443
23317712706
23317717894
23317723143
23317728270
23317731993
23317738219
23317741759
23317748778
23317754942
23317759581
23317766173
23317770811
23317777220
23317782103
23317787779
23317795164
23317799131
23317805174
23317810423
23317815489
23317820860
23317825377
23317831846
23317837706
23317843016
23317849241
23317853636
23317859617
23317865660
23317869749
23317876890
23317883421
23317888182
23317894468
23317901426
23317910581
23317915586
23317922666
23317928343
23317934995
23317942320
23317947263
23317953794
23317960020
23317966306
23317971433
23317977415
23317982969
23317988279
23317994932
23317999082
23318005369
23318011289
23318017637
23318022153
23318028196
23318032712
23318039487
23318044797
23318050413
23318055601
23318062192
23318067685
23318072934
23318078733
23318083066
23318090085
23318094236
23318101072
23318105649
23318112241
23318116697
23318122861
23318129331
23318134336
23318141050
23318146543
23318150327
23318156736
23318162290
23318167844
23318174985
23318179013
23318185361
23318191220
23318196774
23318201230
23318207761
23318214231
23318219602
23318224729
23318229733
23318234921
23318241208
23318244992
23318252194
23318258115
23318263608
23318269345
23318273801
23318280270
23318285336
23318290951
23318297482
23318303036
23318308713
23318313168
23318319333
23318324216
23318329465
23318336239
23318341977
23318347043
23318352658
23318358639
23318363705
23318369259
23318375302
23318380368
23318386105
23318391781
23318397397
23318403927
23318408932
23318412777
23318420224
23318425900
23318431454
23318438717
23318443295
23318449581
23318456478
23318463742
23318469723
23318476132
23318481930
23318487362
23318492489
23318498409
23318501766
23318510311
23318515133
23318520565
23318525997
23318531368
23318538326
23318543209
23318549496
23318554012
23318560726
23318565243
23318571835
23318577084
23318582882
23318588192
23318593807
23318600399
23318605831
23318611446
23318615536
23318621822
23318627682
23318634945
23318639522
23318646114
23318651241
23318656917
23318662044
23318668392
23318674495
23318679989
23318684444
23318689937
23318696346
23318702144
23318707149
23318713436
23318718624
23318725032
23318729915
23318734432
23318740779
23318747188
23318752681
23318758846
23318764278
23318769527
23318774898
23318781673
23318785701
23318791561
23318797481
23318803401
23318807857
23318814571
23318821346
23318826412
23318831600
23318837032
23318843135
23318848567
23318855220
23318859920
23318866145
23318870967
23318877254
23318882014
23318888301
23318893489
23318899165
23318906245
23318911372
23318916316
23318922542
23318929194
23318934260
23318939570
23318945064
23318951106
23318957759
23318962825
23318969905
23318976619
23318982966
23318987788
23318994929
23318999873
23319007136
23319012202
23319018611
23319023799
23319030574
23319034602
23319041743
23319045710
23319051814
23319057551
23319062922
23319069209
23319075007
23319080683
23319085200
23319091853
23319098384
23319103144
23319108332
23319114192
23319119319
23319125422
23319131159
23319136591
23319142207
23319147517
23319153498
23319159357
23319164362
23319170405
23319176142
23319180720
23319187128
23319193537
23319197932
23319204645
23319210139
23319215388
23319220881
23319227778
23319233210
23319238642
23319244379
23319249384
23319255121
23319261225
23319265925
23319271906
23319278620
23319284052
23319289301
23319295466
23319299494
23319306635
23319312799
23319316645
23319323053
23319327692
23319334284
23319339167
23319345087
23319350519
23319355951
23319362238
23319366510
23319373407
23319378595
23319384699
23319388910
23319395624
23319402033
23319406549
23319413568
23319418512
23319424310
23319429498
23319434442
23319440607
23319444879
23319451166
23319457452
23319462152
23319468561
23319472589
23319479791
23319486200
23319491510
23319497736
23319503900
23319508722
23319515924
23319520502
23319526971
23319532892
23319539361
23319544488
23319550348
23319555780
23319561212
23319566766
23319572686
23319579583
23319583734
23319590326
23319596734
23319602960
23319607537
23319613885
23319619073
23319625421
23319629388
23319636773
23319640618
23319646600
23319653314
23319657586
23319664361
23319670220
23319674981
23319681024
23319686334
23319692193
23319697259
23319703729
23319709222
23319714227
23319719720
23319727593
23319733025
23319738824
23319742974
23319748650
23319754021
23319759759
23319765740
23319771966
23319776482
23319782220
23319788750
23319794549
23319799737
23319805474
23319810845
23319816888
23319820794
23319827325
23319832512
23319837945
23319844170
23319850152
23319855034
23319860711
23319866753
23319871453
23319877617
23319882561
23319888054
23319895745
23319899834
23319906182
23319912041
23319917473
23319921929
23319928093
23319934563
23319939263
23319944146
23319951103
23319956536
23319962151
23319966728
23319973442
23319978508
23319983635
23319989617
23319994927
23320000969
23320008110
23320012993
23320019707
23320024773
23320031059
23320036064
23320043449
23320049431
23320055229
23320063164
23320068596
23320073845
23320079277
23320085869
23320089897
23320096123
23320102043
23320107414
23320112114
23320118523
23320124992
23320130302
23320135490
23320141411
23320146599
23320151665
23320158134
23320163627
23320169243
23320174980
23320180229
23320186515
23320191826
23320197746
23320202934
23320209404
23320214836
23320219963
23320225761
23320231437
23320237602
23320242790
23320249259
23320253288
23320259574
23320266349
23320270561
23320277824
23320282340
23320288871
23320293449
23320300285
23320305412
23320310844
23320316154
23320321830
23320326774
23320332877
23320338187
23320343681
23320350089
23320356010
23320362113
23320366691
23320373099
23320377677
23320383903
23320388602
23320394889
23320401420
23320406547
23320411796
23320417533
23320422538
23320428092
23320433524
23320439994
23320444449
23320449576
23320455131
23320461966
23320465873
23320472098
23320478507
23320484061
23320489371
23320494620
23320500968
23320506583
23320511344
23320516227
23320525687
23320530997
23320538321
23320544425
23320549552
23320557975
23320563834
23320569876
23320577628
23320583121
23320588431
23320593863
23320600699
23320604849
23320612052
23320616629
23320622183
23320628043
23320632864
23320638663
23320643973
23320650992
23320656302
23320661429
23320666983
23320672110
23320678274
23320684561
23320688650
23320695730
23320699820
23320705557
23320711111
23320717337
23320723196
23320729056
23320733755
23320740103
23320744681
23320751333
23320756704
23320762198
23320767386
23320773611
23320780203
23320785696
23320792227
23320796804
23320802847
23320807364
23320813772
23320820303
23320825369
23320830557
23320836416
23320841604
23320846609
23320851675
23320857656
23320864614
23320870352
23320875662
23320879934
23320885366
23320890859
23320897085
23320903005
23320908865
23320914236
23320919363
23320925283
23320930959
23320936147
23320942068
23320947378
23320953176
23320959158
23320963979
23320969106
23320973928
23320979055
23320986196
23320991567
23320996450
23321001577
23321006887
23321012258
23321017019
23321023061
23321028615
23321033132
23321039480
23321044423
23321049856
23321056203
23321061879
23321067861
23321074331
23321081899
23321088186
23321094716
23321102102
23321108449
23321115102
23321118276
23321126393
23321130239
23321136647
23321143605
23321148488
23321154470
23321160451
23321165883
23321170339
23321176747
23321181874
23321188344
23321194325
23321199758
23321205495
23321212636
23321221791
23321228505
23321235829
23321243398
23321249135
23321255788
23321261769
23321266896
23321272877
23321278371
23321286000
23321291615
23321296315
23321302357
23321308949
23321313893
23321321644
23321327016
23321332997
23321337391
23321343495
23321349721
23321355580
23321360951
23321366505
23321371998
23321377858
23321384144
23321388539
23321394154
23321400319
23321406544
23321411549
23321418202
23321423329
23321429554
23321434376
23321440113
23321445607
23321451649
23321457875
23321462635
23321469044
23321474232
23321480030
23321485523
23321491261
23321496815
23321502613
23321507984
23321512928
23321519764
23321525013
23321530933
23321536549
23321541676
23321547413
23321553822
23321559193
23321565845
23321570057
23321576832
23321583118
23321589283
23321595875
23321601673
23321609424
23321614796
23321622120
23321627430
23321633167
23321639393
23321644703
23321650440
23321655689
23321662098
23321667774
23321673145
23321679248
23321683399
23321690296
23321696766
23321702320
23321707019
23321712818
23321719287
23321724292
23321730884
23321735218
23321741199
23321747486
23321752735
23321758716
23321762561
23321769336
23321776111
23321780261
23321787341
23321791492
23321798023
23321803943
23321808765
23321814624
23321819873
23321824390
23321830798
23321837329
23321841968
23321846667
23321853381
23321858569
23321864124
23321869189
23321875598
23321881091
23321886584
23321892627
23321896777
23321903308
23321909228
23321915698
23321920459
23321926501
23321932971
23321938464
23321943591
23321948779
23321954089
23321960254
23321965564
23321972033
23321977649
23321982898
23321988635
23321992602
23322000171
23322004748
23322011218
23322016223
23322022021
23322026782
23322033374
23322038500
23322044238
23322049914
23322054492
23322061144
23322066210
23322072436
23322076342
23322082507
23322088915
23322094714
23322099597
23322104235
23322111742
23322117541
23322124255
23322130419
23322138049
23322142016
23322148547
23322152087
23322161120
23322168749
23322173388
23322179247
23322184801
23322191698
23322196215
23322201708
23322208422
23322214953
23322220080
23322225756
23322231005
23322236742
23322242113
23322248522
23322253954
23322260302
23322265612
23322271044
23322276720
23322282152
23322287645
23322293749
23322300280
23322305101
23322311876
23322316454
23322322924
23322328051
23322334215
23322339586
23322345384
23322349352
23322355516
23322360765
23322367296
23322371263
23322377855
23322383837
23322389391
23322395677
23322401598
23322406419
23322412279
23322417040
23322423021
23322429369
23322434007
23322440782
23322446031
23322451219
23322456529
23322462389
23322468309
23322473802
23322479539
23322485033
23322488817
23322496080
23322502305
23322508531
23322513597
23322520067
23322525072
23322530137
23322535631
23322542039
23322546251
23322552903
23322557969
23322564256
23322569566
23322575731
23322580919
23322586168
23322591539
23322597154
23322602464
23322607835
23322614305
23322618882
23322625047
23322630174
23322636399
23322645188
23322654466
23322661790
23322669236
23322675767
23322681687
23322687547
23322693711
23322699571
23322705857
23322712205
23322718064
23322723191
23322727830
23322734238
23322738816
23322745042
23322749741
23322756150
23322761582
23322767747
23322773301
23322779099
23322784836
23322790269
23322795823
23322801255
23322806382
23322811814
23322818589
23322823105
23322828599
23322834397
23322840073
23322846604
23322852280
23322857468
23322863389
23322867173
23322873276
23322878708
23322885300
23322891159
23322895371
23322902268
23322906357
23322913254
23322919052
23322923447
23322929550
23322935349
23322939926
23322947129
23322952805
23322958359
23322963547
23322969650
23322975327
23322980759
23322986008
23322991501
23322995407
23323001755
23323007492
23323012924
23323019272
23323023972
23323031235
23323038803
23323045944
23323049850
23323056076
23323062973
23323068466
23323074264
23323080185
23323086288
23323090927
23323097092
23323103805
23323109299
23323114487
23323120651
23323126510
23323131820
23323135544
23323142074
23323149093
23323153549
23323159774
23323166305
23323170578
23323175949
23323182296
23323189682
23323195480
23323202682
23323207382
23323213546
23323219955
23323227340
23323233810
23323240402
23323246017
23323251144
23323257736
23323263595
23323268844
23323274337
23323278854
23323285934
23323290023
23323298385
23323304305
23323308639
23323314864
23323320724
23323326888
23323331466
23323338119
23323342818
23323349471
23323354720
23323359542
23323366256
23323372054
23323375350
23323382430
23323387679
23323393416
23323399398
23323404891
23323411483
23323415816
23323421798
23323427962
23323434066
23323438643
23323445418
23323450057
23323456832
23323462081
23323467879
23323473250
23323478926
23323484176
23323489791
23323496383
23323501815
23323507430
23323511702
23323518355
23323524337
23323529036
23323534896
23323541060
23323545699
23323551924
23323556624
23323562789
23323567366
23323573836
23323580184
23323585677
23323591414
23323596785
23323602278
23323607649
23323613081
23323617781
23323624434
23323629439
23323634993
23323640425
23323645613
23323652266
23323657027
23323663130
23323667769
23323675032
23323679854
23323685103
23323690718
23323696821
23323702620
23323707014
23323714094
23323719099
23323725508
23323730208
23323738997
23323745527
23323751021
23323757673
23323762129
23323769697
23323774397
23323781111
23323787031
23323792952
23323797590
23323804365
23323809614
23323815351
23323820600
23323825483
23323830183
23323837568
23323842878
23323848799
23323854109
23323859541
23323865095
23323870527
23323877485
23323881696
23323888288
23323892561
23323899702
23323904524
23323910932
23323915632
23323922285
23323927473
23323933576
23323938764
23323944624
23323949812
23323955427
23323961408
23323966901
23323970808
23323976911
23323982343
23323987897
23323994123
23324000349
23324005475
23324011457
23324017316
23324022321
23324028058
23324034650
23324039777
23324045270
23324050641
23324055951
23324062055
23324067609
23324073102
23324078473
23324085675
23324090558
23324095136
23324101239
23324107587
23324113202
23324118878
23324124127
23324129193
23324134442
23324140851
23324145307
23324151593
23324156049
23324162457
23324167523
23324173139
23324179486
23324183454
23324190106
23324195111
23324199506
23324203717
23324208356
23324211224
23324216840
23324220990
23324226117
23324230328
23324235516
23324239789
23324244977
23324249371
23324252667
23324258343
23324262372
23324266644
23324272015
23324276593
23324280621
23324285199
23324289044
23324293194
23324297162
23324301556
23324306256
23324310406
23324315411
23324319012
23324323773
23324328106
23324332379
23324337750
23324341412
23324345746
23324350506
23324354840
23324358380
23324362713
23324367474
23324372601
23324378216
23324382611
23324386883
23324391217
23324395611
23324399273
23324403607
23324408734
23324412213
23324417401
23324422100
23324426373
23324429730
23324434674
23324438092
23324444439
23324448651
23324454205
23324458599
23324463116
23324467327
23324471356
23324475811
23324481121
23324485821
23324490093
23324493206
23324498150
23324502483
23324507916
23324513043
23324517376
23324521587
23324526348
23324529339
23324533794
23324538494
23324542950
23324546734
23324552044
23324555950
23324560345
23324565044
23324568401
23324576275
23324579693
23324584820
23324588116
23324593670
23324596660
23324601482
23324607952
23324612896
23324617901
23324621746
23324626568
23324630291
23324635418
23324641887
23324646343
23324650371
23324655620
23324660625
23324666973
23324670635
23324676860
23324684307
23324690776
23324694744
23324701335
23324705120
23324710125
23324714885
23324719158
23324724224
23324729228
23324734416
23324737773
23324742961
23324748149
23324752300
23324755901
23324763103
23324767314
23324772319
23324776286
23324781352
23324785564
23324790935
23324795085
23324800212
23324804546
23324810344
23324814800
23324820842
23324825481
23324830180
23324834636
23324840861
23324845622
23324850139
23324855754
23324860393
23324864543
23324870769
23324875041
23324881023
23324885539
23324890422
23324896403
23324901347
23324905437
23324911662
23324916118
23324922343
23324928447
23324932536
23324937663
23324943400
23324948588
23324953959
23324959208
23324963298
23324971049
23324974833
23324980754
23324986918
23324991618
23324995829
23325000956
23325006816
23325013591
23325017863
23325023173
23325029521
23325034037
23325041422
23325045756
23325051737
23325059733
23325065775
23325069865
23325077189
23325082377
23325087992
23325092814
23325099406
23325104350
23325109660
23325117045
23325122660
23325128458
23325132487
23325139445
23325142924
23325149882
23325156107
23325163126
23325168925
23325173258
23325177958
23325183817
23325188578
23325195719
23325201212
23325210062
23325215799
23325218180
23325226908
23325233011
23325238077
23325241495
23325249613
23325253946
23325262857
23325267069
23325272806
23325278299
23325283792
23325288675
23325294168
23325299295
23325304239
23325310709
23325315287
23325319620
23325325357
23325331034
23325335367
23325340982
23325348734
23325353372
23325359110
23325363870
23325369119
23325374552
23325379801
23325384256
23325389261
23325396646
23325400369
23325407083
23325410501
23325416971
23325421671
23325426248
23325432596
23325437662
23325442178
23325446024
23325453470
23325459146
23325464090
23325468240
23325475748
23325480386
23325488138
23325491678
23325498941
23325504190
23325509744
23325514444
23325518716
23325525247
23325532815
23325538125
23325540445
23325548867
23325554544
23325558694
23325564004
23325569986
23325574441
23325581643
23325587259
23325591714
23325596353
23325601968
23325608682
23325613870
23325621438
23325626382
23325631448
23325636941
23325641274
23325647683
23325652261
23325658242
23325662698
23325670571
23325677102
23325681680
23325687051
23325693215
23325698281
23325703469
23325709878
23325715554
23325723061
23325728371
23325733376
23325738198
23325745156
23325749856
23325756020
23325760659
23325767068
23325774270
23325778054
23325784951
23325791299
23325798256
23325804299
23325808571
23325815957
23325822548
23325828469
23325833413
23325841591
23325847329
23325853493
23325858132
23325863991
23325870461
23325874916
23325880349
23325885659
23325891335
23325896157
23325902809
23325911293
23325917214
23325922890
23325928322
23325933876
23325939125
23325943703
23325948464
23325953835
23325960182
23325965492
23325970802
23325977150
23325982094
23325987160
23325991615
23325995400
23326002541
23326008705
23326013222
23326017311
23326024513
23326028358
23326034645
23326039894
23326044716
23326050636
23326056496
23326060158
23326065834
23326070595
23326076881
23326081764
23326087013
23326091774
23326099830
23326104652
23326109230
23326116981
23326121254
23326127845
23326131691
23326138893
23326146217
23326151466
23326157142
23326163551
23326168556
23326173683
23326180275
23326185157
23326191505
23326197731
23326202552
23326208534
23326213905
23326220680
23326225807
23326231178
23326237159
23326241920
23326250587
23326255714
23326261573
23326267921
23326273475
23326278297
23326281776
23326288734
23326294898
23326300880
23326306861
23326312232
23326317664
23326322242
23326328956
23326333472
23326339515
23326346534
23326353004
23326357398
23326363563
23326369300
23326374061
23326379371
23326384559
23326390296
23326400001
23326406043
23326411658
23326417212
23326424354
23326431189
23326436744
23326443580
23326448157
23326457496
23326462500
23326468543
23326474768
23326479895
23326484229
23326489905
23326496680
23326501868
23326507239
23326512610
23326515906
23326522132
23326527075
23326531226
23326536109
23326545081
23326551184
23326556861
23326560462
23326566931
23326570227
23326577185
23326582190
23326588171
23326593237
23326598242
23326602637
23326607947
23326613989
23326618933
23326623145
23326629736
23326634192
23326640601
23326644934
23326650854
23326656409
23326660559
23326666540
23326672339
23326678992
23326682287
23326689367
23326694372
23326699133
23326703833
23326709692
23326715368
23326721350
23326726660
23326732824
23326737341
23326742529
23326746862
23326752661
23326758764
23326766088
23326770910
23326776953
23326782751
23326786718
23326793127
23326797033
23326803015
23326810400
23326816259
23326820410
23326825781
23326831030
23326835668
23326840490
23326846838
23326851782
23326858740
23326863989
23326869421
23326874304
23326878576
23326885412
23326889379
23326896886
23326905248
23326910253
23326914465
23326921850
23326926427
23326932836
23326938634
23326943090
23326948400
23326955663
23326961095
23326967321
23326973730
23326979650
23326987401
23326989599
23326999364
23327006261
23327014623
23327019567
23327025853
23327031652
23327037572
23327043615
23327049657
23327054662
23327061742
23327067357
23327072179
23327076940
23327082372
23327086644
23327092321
23327096715
23327104283
23327108922
23327113500
23327119176
23327125218
23327130223
23327136693
23327141637
23327148473
23327155004
23327159276
23327166234
23327169408
23327175877
23327181065
23327185643
23327191075
23327197972
23327203465
23327207921
23327212498
23327218358
23327222752
23327228612
23327236058
23327243565
23327247166
23327252293
23327256627
23327262608
23327267064
23327272069
23327276097
23327282994
23327289464
23327293370
23327298802
23327303685
23327307774
23327313695
23327319981
23327326146
23327330479
23327336400
23327340733
23327346470
23327352024
23327353917
23327361973
23327368626
23327373326
23327376805
23327384190
23327389927
23327396153
23327401524
23327406346
23327412205
23327418675
23327423863
23327429295
23327433933
23327439488
23327445469
23327450047
23327454319
23327461765
23327466282
23327471958
23327476597
23327482761
23327487156
23327492893
23327497532
23327503147
23327509556
23327514805
23327520237
23327525608
23327530125
23327535129
23327541538
23327547398
23327553440
23327559543
23327565464
23327569980
23327576267
23327581211
23327587681
23327594333
23327601597
23327606601
23327611301
23327617466
23327621189
23327627842
23327633030
23327637119
23327642429
23327648166
23327653537
23327657993
23327663486
23327668735
23327674350
23327679416
23327684482
23327690158
23327695285
23327701267
23327706577
23327711948
23327716342
23327721958
23327726413
23327734775
23327739536
23327743442
23327750583
23327754672
23327760166
23327765598
23327771579
23327775424
23327781589
23327787631
23327793369
23327798618
23327803317
23327809543
23327815463
23327821506
23327829013
23327833896
23327839267
23327844028
23327848239
23327856052
23327860385
23327865634
23327874118
23327878940
23327883395
23327890475
23327894015
23327900058
23327905429
23327911044
23327918002
23327923922
23327929232
23327934848
23327941012
23327945712
23327952609
23327956881
23327963595
23327968234
23327976229
23327982516
23327988192
23327993319
23327999606
23328005038
23328010287
23328015048
23328022250
23328027621
23328034457
23328039279
23328045077
23328050936
23328056002
23328060641
23328068087
23328074069
23328079195
23328085726
23328090548
23328096774
23328102023
23328108797
23328115145
23328120211
23328127596
23328134493
23328141268
23328147616
23328154879
23328164767
23328173983
23328181246
23328185885
23328198641
23328207186
23328212923
23328223421
23328232637
23328240633
23328247957
23328255220
23328263338
23328271028
23328278109
23328285494
23328294100
23328298189
23328306429
23328312593
23328320528
23328326143
23328333223
23328342195
23328348787
23328354463
23328362825
23328368623
23328375887
23328384615
23328390962
23328398164
23328408846
23328416353
23328421968
23328430818
23328435457
23328441804
23328451814
23328457368
23328467500
23328472200
23328484956
23328492341
23328498933
23328505220
23328512483
23328518342
23328527253
23328533357
23328540254
23328549836
23328557954
23328565278
23328568574
23328578157
23328586396
23328591645
23328597810
23328605317
23328613862
23328620698
23328630280
23328635530
23328642487
23328649323
23328658601
23328664887
23328671052
23328678803
23328684663
23328694611
23328701936
23328707795
23328716279
23328721467
23328730866
23328735261
23328740998
23328751008
23328757600
23328765412
23328773957
23328779938
23328786774
23328793183
23328803254
23328808930
23328818757
23328823212
23328833893
23328840790
23328847260
23328854096
23328861359
23328867951
23328874054
23328880341
23328889313
23328895539
23328906037
23328911408
23328919525
23328926666
23328935394
23328942108
23328946503
23328956818
23328963898
23328971100
23328979889
23328985565
23328993500
23329000214
23329006989
23329014435
23329022369
23329030731
23329037567
23329049042
23329057403
23329065094
23329074066
23329079498
23329088043
23329097137
23329104095
23329112091
23329121490
23329129852
23329138458
23329145111
23329151764
23329159881
23329166046
23329173675
23329178863
23329185150
23329194122
23329200958
23329209320
23329214996
23329219329
23329227264
23329231292
23329239288
23329242706
23329249847
23329254974
23329261016
23329265777
23329271026
23329275420
23329279388
23329286590
23329294524
23329299041
23329303008
23329310027
23329314239
23329321319
23329324859
23329332366
23329336455
23329343536
23329349212
23329355620
23329360869
23329367095
23329372161
23329376494
23329382842
23329391143
23329396453
23329402617
23329407927
23329413848
23329419585
23329424773
23329429595
23329436797
23329444060
23329449675
23329455413
23329460723
23329466277
23329471038
23329475493
23329483306
23329488616
23329495207
23329501067
23329506194
23329511565
23329516936
23329523650
23329529021
23329534026
23329539641
23329547392
23329552825
23329560942
23329568449
23329575407
23329582671
23329588286
23329595427
23329604765
23329612273
23329618559
23329629301
23329634306
23329641753
23329650175
23329658476
23329664458
23329672270
23329680082
23329688261
23329694182
23329703703
23329709684
23329719450
23329726713
23329733305
23329740934
23329748503
23329756926
23329764128
23329771025
23329779325
23329786650
23329790556
23329802580
23329809110
23329819242
23329823942
23329835966
23329843412
23329849149
23329858732
23329868559
23329875578
23329884733
23329893705
23329901456
23329905180
23329915250
23329923673
23329930997
23329936063
23329944974
23329952054
23329955350
23329965970
23329972379
23329983915
23329988981
23329995756
23330004422
23330011136
23330021878
23330026822
23330036771
23330043546
23330051480
23330058622
23330067044
23330073697
23330081571
23330084989
23330094632
23330102872
23330109830
23330117215
23330124600
23330133084
23330136014
23330148831
23330154508
23330162808
23330169705
23330179044
23330186734
23330195523
23330203213
23330211758
23330220059
23330227689
23330234952
23330243375
23330252103
23330260831
23330268155
23330275784
23330283413
23330291897
23330300381
23330307827
23330315030
23330322415
23330331082
23330334805
23330346157
23330355435
23330364834
23330370938
23330382229
23330387478
23330394741
23330404202
23330414028
23330421169
23330429226
23330437283
23330444546
23330450649
23330460476
23330467922
23330475369
23330485500
23330492031
23330500271
23330508083
23330515408
23330525417
23330535000
23330542324
23330547695
23330557644
23330565700
23330571926
23330581753
23330590603
23330594509
23330605495
23330611660
23330621181
23330628933
23330639125
23330646572
23330653957
23330662075
23330670986
23330674648
23330686977
23330694423
23330700710
23330708705
23330718593
23330726467
23330732692
23330742153
23330751064
23330759548
23330768459
23330776454
23330786281
23330794887
23330802150
23330809901
23330816310
23330824367
23330834010
23330841090
23330848598
23330856654
23330863002
23330868678
23330876979
23330882472
23330888698
23330894923
23330902614
23330906276
23330912867
23330918239
23330924891
23330929530
23330936122
23330940760
23330945338
23330953089
23330957484
23330964198
23330970240
23330974940
23330980921
23330986781
23330992213
23330998561
23331002711
23331009730
23331014857
23331020655
23331026393
23331031458
23331038111
23331044947
23331050074
23331056605
23331063624
23331067591
23331074915
23331081202
23331088160
23331094202
23331102686
23331109522
23331116114
23331125880
23331131678
23331139735
23331146937
23331155115
23331161768
23331167933
23331178187
23331183375
23331190272
23331199305
23331208033
23331214686
23331222193
23331225428
23331235193
23331244654
23331252283
23331257837
23331266687
23331273279
23331279871
23331288294
23331295923
23331303797
23331310571
23331319361
23331326563
23331332117
23331342310
23331347254
23331356226
23331363550
23331369165
23331376855
23331384180
23331392358
23331402307
23331408716
23331415491
23331423181
23331430933
23331438013
23331444238
23331452295
23331460962
23331468652
23331473901
23331480249
23331489648
23331498559
23331506189
23331520715
23331524804
23331534997
23331541406
23331551171
23331557519
23331566308
23331573754
23331581445
23331591455
23331598168
23331608239
23331617089
23331631005
23331638696
23331646508
23331654321
23331659325
23331672204
23331681359
23331688866
23331698937
23331704797
23331713952
23331720483
23331728722
23331738427
23331742150
23331752221
23331760827
23331767785
23331775841
23331779625
23331791161
23331797936
23331804833
23331813256
23331821679
23331829125
23331835778
23331844384
23331853722
23331857628
23331868920
23331876122
23331891014
23331897118
23331907311
23331912682
23331923546
23331931542
23331937828
23331948265
23331956932
23331965050
23331972923
23331979759
23331988182
23331996910
23332005333
23332011986
23332021385
23332028160
23332035606
23332041893
23332048729
23332055076
23332065330
23332071068
23332079246
23332083519
23332092979
23332100364
23332106407
23332115379
23332120201
23332127891
23332134117
23332143943
23332150901
23332157066
23332166587
23332174034
23332180442
23332186668
23332193138
23332200889
23332209312
23332214927
23332221580
23332231712
23332239036
23332244834
23332253074
23332257957
23332266624
23332274253
23332281272
23332289817
23332295554
23332303550
23332311423
23332319602
23332326133
23332332236
23332339683
23332347190
23332353843
23332360923
23332370627
23332378135
23332383628
23332392417
23332399741
23332406577
23332413718
23332422690
23332430930
23332451194
23332458823
23332466757
23332472617
23332477866
23332485251
23332492514
23332500754
23332507773
23332516928
23332524924
23332530295
23332541098
23332546591
23332556845
23332562338
23332570090
23332581076
23332588583
23332600119
23332608176
23332618796
23332625021
23332631369
23332642233
23332648825
23332655905
23332661276
23332672018
23332679037
23332685202
23332691549
23332696859
23332706259
23332713888
23332721701
23332730001
23332733419
23332742819
23332751974
23332758627
23332766378
23332774435
23332781942
23332789083
23332797689
23332808553
23332815634
23332824423
23332832113
23332839987
23332846212
23332854696
23332862508
23332865926
23332877462
23332887777
23332896078
23332901205
23332908651
23332919576
23332925802
23332935567
23332943380
23332951558
23332969198
23332975972
23332986287
23332993245
23333000875
23333008748
23333016683
23333024434
23333031209
23333038961
23333047322
23333057515
23333065877
23333069173
23333078511
23333083882
23333092610
23333099629
23333105794
23333114461
23333120503
23333131673
23333137227
23333145711
23333152791
23333159505
23333166524
23333174031
23333177266
23333189900
23333193623
23333203938
23333212422
23333218587
23333225606
23333231770
23333239094
23333248128
23333254719
23333262166
23333271992
23333279255
23333285908
23333291523
23333298848
23333308491
23333315327
23333322224
23333328938
23333337239
23333346211
23333353657
23333360432
23333367817
23333375996
23333383259
23333390400
23333396687
23333404316
23333412495
23333420307
23333425495
23333432026
23333441975
23333452229
23333464130
23333469257
23333479633
23333488361
23333499409
23333508503
23333515583
23333525349
23333531269
23333542560
23333552021
23333558430
23333566425
23333576191
23333582721
23333588703
23333596515
23333602741
23333608905
23333615558
23333621112
23333628315
23333634906
23333645526
23333652179
23333656940
23333667804
23333673297
23333682025
23333686359
23333693927
23333702289
23333712055
23333717548
23333724262
23333730365
23333737018
23333744281
23333751361
23333756793
23333765582
23333774249
23333780963
23333788592
23333794269
23333804645
23333809833
23333816669
23333825824
23333835712
23333843402
23333851825
23333855792
23333865802
23333872638
23333881732
23333887103
23333895160
23333901690
23333908160
23333917437
23333923236
23333933673
23333938555
23333945208
23333954974
23333960406
23333969073
23333975665
23333983966
23333990985
23333996783
23334005694
23334014178
23334020159
23334027545
23334036395
23334043719
23334048663
23334058611
23334065874
23334072955
23334079119
23334087664
23334094866
23334102251
23334109209
23334117388
23334123736
23334133196
23334140581
23334150896
23334158526
23334163714
23334172564
23334179888
23334186236
23334193682
23334200274
23334208696
23334217302
23334223711
23334231523
23334237749
23334247087
23334252458
23334260637
23334267900
23334274126
23334284258
23334291033
23334299516
23334307817
23334315874
23334323137
23334329790
23334336137
23334343218
23334351885
23334358537
23334365190
23334377702
23334384294
23334392717
23334400774
23334407793
23334416398
23334425188
23334430864
23334437944
23334449907
23334458085
23334464677
23334470842
23334479753
23334486406
23334493181
23334498979
23334506791
23334515886
23334522660
23334527238
23334536882
23334540849
23334549882
23334555619
23334561601
23334567948
23334575456
23334583390
23334591325
23334598649
23334604020
23334614762
23334624040
23334632096
23334639115
23334646989
23334655473
23334664201
23334667313
23334678605
23334684403
23334693986
23334702286
23334710831
23334718156
23334725419
23334731705
23334737931
23334743241
23334747941
23334755692
23334759781
23334765091
23334770646
23334777726
23334783646
23334789566
23334792923
23334799576
23334804886
23334810196
23334814469
23334821732
23334827103
23334831986
23334836380
23334842484
23334848343
23334852249
23334858780
23334863236
23334868790
23334874222
23334879959
23334885514
23334890518
23334895828
23334901871
23334907791
23334915054
23334920731
23334927261
23334932694
23334939468
23334944717
23334951065
23334955948
23334963150
23334969925
23334975662
23334980240
23334986526
23334993240
23334998917
23335004471
23335012710
23335017898
23335024185
23335030166
23335036636
23335042984
23335048050
23335056167
23335063797
23335070327
23335077591
23335085159
23335092727
23335104080
23335108535
23335121902
23335127334
23335140090
23335146316
23335158157
23335167190
23335174758
23335183486
23335192825
23335199966
23335208572
23335216140
23335224502
23335232681
23335235915
23335245132
23335250137
23335258804
23335268020
23335274673
23335280349
23335289199
23335295425
23335302322
23335308669
23335313796
23335322829
23335330825
23335338759
23335344680
23335352920
23335359633
23335366774
23335373977
23335380202
23335387343
23335394362
23335402114
23335409438
23335414687
23335420668
23335428481
23335434829
23335439650
23335449538
23335454238
23335465102
23335472365
23335477858
23335486769
23335494093
23335497389
23335508986
23335515761
23335522536
23335531203
23335539259
23335544325
23335553297
23335559767
23335564650
23335572951
23335579237
23335587904
23335594374
23335605727
23335613051
23335617995
23335627089
23335631422
23335641005
23335647535
23335653639
23335661085
23335669081
23335676649
23335681776
