31590155701
31590161682
31590166687
31590172058
31590177673
31590183533
31590188477
31590194397
31590201172
31590206482
31590210815
31590217773
31590223205
31590228088
31590234009
31590238098
31590244385
31590251587
31590256958
31590263244
31590269226
31590275696
31590282409
31590290283
31590296386
31590303589
31590309204
31590315857
31590322693
31590329651
31590338195
31590342895
31590350647
31590355468
31590362548
31590367370
31590374816
31590381713
31590388366
31590394897
31590401061
31590407470
31590413513
31590419311
31590426635
31590433959
31590439086
31590447692
31590451843
31590460021
31590466735
31590473754
31590480834
31590487548
31590495910
31590501952
31590510131
31590517028
31590524047
31590531493
31590538451
31590544555
31590549743
31590558410
31590565185
31590572020
31590580749
31590586425
31590594176
31590599791
31590607604
31590613219
31590622619
31590630126
31590637389
31590642882
31590649413
31590656737
31590663085
31590669676
31590677977
31590686156
31590691344
31590698668
31590705809
31590712645
31590718016
31590725768
31590731688
31590740233
31590746825
31590754454
31590762083
31590768797
31590776305
31590784056
31590790831
31590796690
31590804625
31590808775
31590818053
31590826414
31590833433
31590840758
31590845946
31590854918
31590860594
31590867125
31590876524
31590883299
31590890989
31590899656
31590909117
31590914488
31590925474
31590933531
31590941893
31590950254
31590959898
31590967283
31590974913
31590982420
31590989988
31590998899
31591005918
31591009764
31591019712
31591025694
31591032346
31591038755
31591047178
31591055784
31591060728
31591068662
31591075742
31591082090
31591089475
31591094907
31591102476
31591110776
31591117795
31591124631
31591131162
31591137632
31591145017
31591153074
31591160825
31591166013
31591174314
31591181272
31591187925
31591193296
31591203306
31591209897
31591217771
31591222165
31591232969
31591240415
31591247922
31591255063
31591262265
31591271237
31591278256
31591286069
31591290280
31591300900
31591308774
31591316831
31591325498
31591332944
31591341306
31591349118
31591356564
31591364133
31591370969
31591377560
31591384885
31591392941
31591398373
31591406186
31591411679
31591419736
31591426572
31591433896
31591441098
31591447812
31591452756
31591463131
31591469906
31591477597
31591486081
31591491330
31591499936
31591505368
31591514828
31591520688
31591529538
31591538754
31591544979
31591552792
31591559994
31591568539
31591575375
31591585385
31591595211
31591603207
31591614315
31591623226
31591632687
31591641232
31591649288
31591658260
31591668209
31591675167
31591681881
31591689510
31591697872
31591706417
31591712826
31591720821
31591728023
31591735226
31591743343
31591750606
31591758236
31591764095
31591773067
31591779476
31591787044
31591794246
31591802303
31591811275
31591820613
31591827816
31591834835
31591843257
31591850643
31591858089
31591865047
31591873775
31591882076
31591890254
31591896968
31591903133
31591914363
31591924373
31591930965
31591942195
31591950069
31591958308
31591965938
31591974178
31591982845
31591991328
31591997859
31592003108
31592009334
31592017268
31592025569
31592033687
31592040034
31592047786
31592054133
31592061397
31592069148
31592076899
31592083857
31592090754
31592097834
31592104304
31592112300
31592120845
31592128657
31592137507
31592144770
31592153132
31592161616
31592170466
31592177790
31592186152
31592193904
31592204035
31592211848
31592220454
31592226008
31592232050
31592239253
31592245722
31592251337
31592260004
31592263911
31592274348
31592280207
31592286250
31592292902
31592298945
31592308161
31592317927
31592326044
31592333002
31592341425
31592350886
31592359797
31592368036
31592375544
31592383051
31592391047
31592398005
31592404902
31592413263
31592419794
31592428034
31592435419
31592441339
31592448175
31592455316
31592460993
31592466730
31592472467
31592479364
31592485163
31592491510
31592497919
31592503778
31592510675
31592515985
31592522089
31592527704
31592534357
31592541925
31592547235
31592552545
31592558405
31592563348
31592569757
31592574762
31592581781
31592587884
31592593072
31592598444
31592602716
31592609003
31592615594
31592620904
31592626459
31592629999
31592636041
31592642389
31592647333
31592653863
31592659295
31592664911
31592670282
31592675531
31592682306
31592687799
31592693597
31592698724
31592704950
31592710077
31592715509
31592721612
31592728082
31592734674
31592739556
31592745538
31592750665
31592759027
31592767205
31592771966
31592780694
31592786920
31592791924
31592800836
31592806756
31592810906
31592819024
31592826409
31592832208
31592837457
31592844109
31592849480
31592854302
31592861321
31592864983
31592871758
31592878594
31592883965
31592889580
31592895135
31592900323
31592905755
31592911492
31592917168
31592921746
31592929192
31592935845
31592941155
31592946221
31592951592
31592957024
31592964104
31592970452
31592974602
31592981194
31592987298
31592994133
31592999016
31593004815
31593010552
31593016594
31593023491
31593029229
31593034966
31593039299
31593046257
31593051140
31593056877
31593063103
31593067559
31593074394
31593079827
31593085015
31593091057
31593097099
31593102959
31593110161
31593115105
31593120049
31593126396
31593131950
31593136528
31593143364
31593148003
31593154045
31593158440
31593164116
31593170158
31593176567
31593182426
31593187859
31593194023
31593199455
31593205498
31593211357
31593216301
31593222343
31593229668
31593233269
31593240166
31593247368
31593254997
31593260490
31593266655
31593272941
31593278251
31593283806
31593290825
31593295829
31593302421
31593306022
31593313224
31593319999
31593325676
31593330619
31593337394
31593342338
31593348381
31593353508
31593359977
31593364494
31593371574
31593376945
31593382316
31593388359
31593392692
31593399711
31593405265
31593411002
31593417228
31593422050
31593427543
31593433585
31593438468
31593444999
31593449027
31593456351
31593461478
31593467399
31593473075
31593479057
31593484244
31593490348
31593494498
31593500846
31593505851
31593513053
31593520499
31593526114
31593530814
31593537101
31593541556
31593547843
31593553458
31593559684
31593566153
31593571341
31593576041
31593582084
31593586966
31593593070
31593599295
31593605460
31593610831
31593615897
31593621085
31593627677
31593633231
31593639273
31593645072
31593649405
31593655387
31593661368
31593666312
31593672660
31593677481
31593683280
31593689322
31593694937
31593702872
31593712027
31593717215
31593723868
31593729910
31593735342
31593740653
31593748221
31593753409
31593759085
31593764700
31593770804
31593777396
31593782828
31593789297
31593795096
31593799795
31593806143
31593811453
31593816397
31593822317
31593827505
31593833487
31593838064
31593844168
31593849966
31593855276
31593861380
31593866751
31593872976
31593878592
31593886099
31593889700
31593899710
31593906424
31593912039
31593918081
31593922537
31593928335
31593934561
31593939077
31593943594
31593951895
31593958181
31593963613
31593968374
31593973745
31593979544
31593985891
31593993093
31593997915
31594003469
31594009756
31594015005
31594020010
31594026296
31594031667
31594037893
31594044180
31594050100
31594054617
31594060293
31594066091
31594070303
31594076101
31594082510
31594088430
31594091421
31594098196
31594103506
31594108449
31594111806
31594119985
31594125112
31594130483
31594134939
31594140310
31594145620
31594149709
31594156850
31594162404
31594167531
31594172963
31594178029
31594183034
31594187856
31594193471
31594199575
31594204946
31594212209
31594219289
31594225148
31594233388
31594239553
31594244802
31594250722
31594255422
31594260366
31594272634
31594284963
31594294545
31594309133
31594318227
31594327992
31594338551
31594350087
31594365468
31594377736
31594395009
31594409535
31594425038
31594438161
31594453236
31594466908
31594476613
31594490590
31594505482
31594516529
31594528492
31594544056
31594560231
31594574330
31594585255
31594596913
31594609608
31594620594
31594631580
31594643238
31594657703
31594669666
31594683033
31594695057
31594707691
31594717151
31594727039
31594737293
31594748646
31594763233
31594773060
31594784168
31594793384
31594803150
31594813343
31594822559
31594831104
31594839038
31594847400
31594854724
31594861988
31594869861
31594877857
31594884937
31594890857
31594896228
31594901965
31594907642
31594913440
31594920154
31594927478
31594933765
31594939136
31594943652
31594951160
31594956470
31594962512
31594969714
31594976550
31594982104
31594987842
31594992725
31594998279
31595004504
31595010974
31595017200
31595023181
31595029468
31595034289
31595041125
31595045703
31595050586
31595056689
31595062121
31595067553
31595071643
31595077990
31595083728
31595089038
31595094531
31595099597
31595105944
31595111254
31595116870
31595124072
31595128466
31595132495
31595139636
31595144519
31595149645
31595154284
31595160815
31595167529
31595172228
31595177966
31595182177
31595187914
31595191943
31595199938
31595205615
31595210864
31595215563
31595220568
31595225939
31595230944
31595236926
31595243517
31595249377
31595253954
31595259142
31595264574
31595269579
31595272692
31595281237
31595286669
31595292406
31595298693
31595303698
31595310656
31595316210
31595322375
31595328051
31595332079
31595337267
31595342699
31595348559
31595353319
31595359423
31595362352
31595369677
31595375170
31595380053
31595385546
31595390917
31595395128
31595401598
31595407396
31595411730
31595418199
31595422960
31595428575
31595431383
31595438341
31595444872
31595450792
31595456957
31595464037
31595472582
31595478685
31595485399
31595490709
31595496813
31595500658
31595508653
31595513963
31595519579
31595527574
31595532762
31595540819
31595546495
31595552782
31595558153
31595564012
31595569261
31595575182
31595581712
31595586534
31595592332
31595598497
31595604967
31595609239
31595616807
31595621751
31595627550
31595633531
31595637925
31595644578
31595650926
31595656175
31595661790
31595667650
31595673143
31595679307
31595686570
31595691941
31595697923
31595702134
31595709397
31595715501
31595720811
31595725511
31595729539
31595736192
31595741990
31595750047
31595755174
31595762132
31595768052
31595774583
31595780198
31595786118
31595792893
31595799363
31595805283
31595810777
31595816575
31595821885
31595827378
31595832749
31595839219
31595844590
31595848618
31595855759
31595862656
31595868333
31595874070
31595880479
31595885544
31595890610
31595896714
31595902024
31595907700
31595912888
31595919663
31595926072
31595933213
31595941758
31595948533
31595954270
31595959519
31595966477
31595971909
31595977402
31595983323
31595988694
31595995407
31596001694
31596007126
31596015610
31596020188
31596025315
31596031845
31596037583
31596044297
31596048813
31596055039
31596059616
31596067185
31596070969
31596077622
31596080734
31596089279
31596094650
31596100632
31596105942
31596111801
31596117233
31596121567
31596127670
31596132065
31596140244
31596145309
31596151779
31596157394
31596162826
31596168442
31596173813
31596180160
31596187790
31596194687
31596203781
31596211227
31596217697
31596226425
31596233017
31596242904
31596252426
31596260177
31596267746
31596274643
31596280563
31596286361
31596292160
31596296737
31596303207
31596310165
31596315414
31596320480
31596324508
31596331039
31596335556
31596342086
31596346847
31596352462
31596357345
31596362350
31596368331
31596374313
31596379989
31596383773
31596390121
31596394210
31596401107
31596405685
31596412093
31596417587
31596422836
31596427902
31596433212
31596438644
31596442550
31596448470
31596454574
31596460494
31596464095
31596472518
31596478255
31596483810
31596489791
31596496749
31596501754
31596507613
31596512984
31596518416
31596523299
31596528853
31596535628
31596542159
31596548201
31596554000
31596558089
31596563399
31596569259
31596575118
31596580855
31596586226
31596591231
31596596602
31596601668
31596606917
31596612166
31596617232
31596623763
31596628401
31596633284
31596637496
31596643904
31596649642
31596654891
31596660933
31596665328
31596670516
31596674849
31596681502
31596687056
31596692732
31596698164
31596703047
31596708418
31596713789
31596719649
31596723738
31596730147
31596735030
31596741499
31596747176
31596752303
31596756636
31596761702
31596767256
31596773176
31596779402
31596784529
31596789961
31596794112
31596801008
31596805952
31596812178
31596818220
31596822432
31596828474
31596833845
31596838179
31596842268
31596848372
31596852827
31596859297
31596863936
31596869612
31596875715
31596880720
31596886763
31596892683
31596897566
31596902998
31596908064
31596913984
31596919172
31596922346
31596929304
31596934492
31596939924
31596945112
31596950117
31596955244
31596960066
31596967573
31596973371
31596981001
31596984052
31596994978
31597001569
31597006818
31597012129
31597016340
31597023969
31597029340
31597034956
31597040998
31597047407
31597053571
31597058332
31597065351
31597071210
31597076154
31597081647
31597086469
31597091352
31597097822
31597104291
31597108442
31597113996
31597118024
31597123945
31597130292
31597134992
31597140485
31597146222
31597153547
31597158246
31597164472
31597171064
31597176618
31597181867
31597187238
31597192548
31597198041
31597204450
31597210309
31597215680
31597220258
31597226239
31597230451
31597236798
31597240949
31597246808
31597251386
31597258405
31597264264
31597270001
31597275617
31597280255
31597287091
31597292706
31597298077
31597305280
31597309857
31597316632
31597323163
31597328290
31597331281
31597340009
31597345929
31597349774
31597356122
31597360333
31597366864
31597371014
31597377362
31597383282
31597388592
31597394269
31597399274
31597404217
31597409466
31597414410
31597421063
31597427289
31597431805
31597437115
31597442730
31597447674
31597451031
31597459271
31597464337
31597469830
31597476544
31597482342
31597491009
31597497296
31597504315
31597510540
31597515484
31597521710
31597527020
31597532696
31597539166
31597546673
31597553631
31597559735
31597565594
31597571026
31597577313
31597583172
31597588848
31597593243
31597599285
31597603619
31597610699
31597616497
31597621685
31597627605
31597633709
31597639507
31597644024
31597650494
31597654888
31597661968
31597668621
31597673626
31597680157
31597685406
31597689983
31597696453
31597702617
31597708050
31597713604
31597720135
31597725750
31597731975
31597736797
31597743389
31597749004
31597753154
31597759563
31597765728
31597771709
31597777752
31597784526
31597790081
31597796123
31597802410
31597808452
31597814434
31597820110
31597825847
31597831768
31597835796
31597841716
31597848308
31597853130
31597858928
31597863567
31597871013
31597876506
31597882549
31597887615
31597894389
31597901164
31597905925
31597912029
31597917094
31597923015
31597929240
31597934612
31597939861
31597945720
31597953349
31597958903
31597967143
31597972514
31597977031
31597985454
31597990214
31597996074
31598002299
31598008403
31598014201
31598020305
31598024577
31598032206
31598037272
31598044352
31598047343
31598053630
31598057658
31598064250
31598069621
31598074992
31598081828
31598088054
31598094401
31598100688
31598106120
31598111552
31598116923
31598123515
31598127543
31598132487
31598137126
31598143229
31598147868
31598153727
31598159098
31598164836
31598171366
31598177348
31598182597
31598189188
31598194499
31598199503
31598205973
31598211832
31598217631
31598223673
31598230021
31598235148
31598241068
31598245768
31598251810
31598258890
31598264811
31598269816
31598276102
31598281962
31598287272
31598292826
31598299845
31598306254
31598311320
31598316874
31598322794
31598327982
31598333231
31598339884
31598345438
31598351420
31598356424
31598361795
31598367899
31598373270
31598378946
31598383280
31598391520
31598396097
31598401895
31598408426
31598414652
31598419351
31598425638
31598430704
31598438211
31598444010
31598449930
31598458048
31598463419
31598469278
31598475992
31598481302
31598486185
31598497537
31598503397
31598509988
31598514566
31598520731
31598525430
31598531778
31598536783
31598542520
31598548502
31598553934
31598560098
31598565530
31598570535
31598576334
31598582986
31598587015
31598593790
31598598123
31598604288
31598608743
31598614725
31598621560
31598626809
31598632608
31598637979
31598643350
31598648477
31598653238
31598661416
31598667154
31598671365
31598677041
31598681436
31598688638
31598693826
31598699868
31598705117
31598710733
31598716287
31598720498
31598727761
31598730996
31598738809
31598744058
31598750222
31598756509
31598760781
31598766458
31598772744
31598778298
31598785500
31598789834
31598796304
31598801186
31598807168
31598811684
31598817117
31598823708
31598827981
31598834145
31598840310
31598845437
31598850808
31598856301
31598862954
31598867165
31598874062
31598878274
31598883889
31598888100
31598895974
31598902077
31598905984
31598912697
31598917031
31598923623
31598928505
31598935402
31598941079
31598951272
31598957009
31598962136
31598967995
31598974221
31598979409
31598985390
31598991188
31598997231
31599002175
31599009438
31599014565
31599020973
31599025612
31599033425
31599038674
31599044167
31599048866
31599054177
31599059792
31599065529
31599072243
31599076149
31599082619
31599088295
31599093788
31599099770
31599106484
31599112221
31599117531
31599120583
31599127602
31599134010
31599139442
31599144875
31599150917
31599156593
31599161232
31599167641
31599171974
31599178749
31599181862
31599190651
31599195473
31599200783
31599206520
31599211769
31599217567
31599222999
31599229408
31599234352
31599242103
31599249244
31599253151
31599259010
31599264381
31599271278
31599276649
31599282020
31599287391
31599292457
31599297828
31599303321
31599309120
31599314064
31599322120
31599327430
31599332557
31599336891
31599341834
31599347145
31599353675
31599359718
31599363868
31599369789
31599373939
31599379981
31599385169
31599390235
31599396156
31599401283
31599405860
31599410804
31599416358
31599420142
31599427039
31599431129
31599437598
31599442237
31599449317
31599455970
31599465430
31599471290
31599480811
31599486182
31599492774
31599499183
31599504859
31599510291
31599515418
31599522498
31599527747
31599535010
31599540320
31599545752
31599552039
31599557532
31599562659
31599568518
31599574561
31599580298
31599587439
31599593177
31599599402
31599604346
31599609900
31599615027
31599620825
31599626013
31599630469
31599637549
31599642737
31599648657
31599654273
31599659705
31599665442
31599670752
31599676123
31599682166
31599688941
31599694678
31599699927
31599704443
31599710547
31599714880
31599722449
31599728613
31599733984
31599738989
31599744177
31599750159
31599755591
31599760901
31599768591
31599773779
31599780005
31599783728
31599790625
31599794409
31599800329
31599807654
31599813391
31599819067
31599824255
31599829748
31599835363
31599840551
31599847448
31599852819
31599858313
31599863562
31599868811
31599874426
31599879553
31599884863
31599892065
31599895056
31599902136
31599908667
31599912573
31599919042
31599925207
31599930761
31599936376
31599941503
31599947119
31599952734
31599958349
31599964697
31599971899
31599978002
31599984289
31599990453
31599997106
31600003759
31600008276
31600015356
31600020788
31600026159
31600032079
31600038305
31600045507
31600049535
31600056371
31600062597
31600068822
31600074743
31600079992
31600084508
31600091527
31600097326
31600103429
31600108922
31600113317
31600120946
31600126378
31600131688
31600136876
31600142064
31600147680
31600153600
31600158971
31600164403
31600170568
31600177282
31600182470
31600188146
31600193456
31600199926
31600205114
31600209508
31600216954
31600222081
31600228551
31600233312
31600238744
31600244237
31600249608
31600255712
31600261693
31600266271
31600271947
31600277989
31600282628
31600288915
31600293309
31600300450
31600307042
31600311375
31600317357
31600322911
31600329015
31600333409
31600341344
31600346898
31600351231
31600358189
31600362523
31600369054
31600374241
31600379491
31600384495
31600389989
31600396702
31600402318
31600406895
31600411290
31600417882
31600424534
31600429783
31600435093
31600440709
31600446568
31600450840
31600458043
31600463047
31600468602
31600473606
31600481236
31600488438
31600494114
31600504124
31600509861
31600514927
31600520359
31600525608
31600531040
31600538914
31600549839
31600554539
31600561802
31600567539
31600572910
31600578526
31600584080
31600590794
31600596348
31600601536
31600607395
31600612339
31600616978
31600622959
31600627720
31600635471
31600638584
31600646458
31600651890
31600657078
31600662510
31600668369
31600675083
31600679416
31600685703
31600690281
31600696628
31600701145
31600708225
31600714145
31600719700
31600725132
31600730259
31600736179
31600741611
31600748142
31600753574
31600760105
31600764255
31600769382
31600776218
31600780429
31600787937
31600793308
31600798618
31600804294
31600809848
31600815341
31600819553
31600826755
31600832248
31600837558
31600843418
31600849033
31600854587
31600858920
31600864963
31600871982
31600877231
31600882785
31600886447
31600893100
31600897678
31600905246
31600911044
31600916415
31600921848
31600927524
31600932407
31600937900
31600944125
31600949924
31600955600
31600961520
31600967746
31600973544
31600979709
31600985019
31600991916
31600998569
31601005221
31601010043
31601017978
31601023959
31601030124
31601036410
31601042148
31601048983
31601055331
31601061862
31601070773
31601077121
31601082736
31601087374
31601093234
31601097445
31601101535
31601108676
31601113742
31601119662
31601124606
31601129428
31601134921
31601140963
31601146761
31601152560
31601157687
31601163607
31601168002
31601172091
31601178317
31601184115
31601190035
31601195040
31601200289
31601206210
31601209872
31601215853
31601220736
31601227572
31601231783
31601237887
31601241915
31601248263
31601251314
31601257845
31601262911
31601268221
31601275118
31601281038
31601286898
31601291292
31601298189
31601305269
31601311068
31601315584
31601321627
31601327059
31601329866
31601338167
31601343172
31601349031
31601355318
31601359896
31601366732
31601372042
31601377291
31601383394
31601389254
31601394686
31601398836
31601404756
31601411043
31601415987
31601421419
31601426790
31601433077
31601437349
31601444734
31601447847
31601455538
31601461153
31601466890
31601471773
31601477449
31601482881
31601489961
31601495760
31601501009
31601507234
31601514314
31601521089
31601526155
31601532014
31601538057
31601542635
31601548982
31601558626
31601564485
31601570527
31601576082
31601581453
31601587312
31601594270
31601599336
31601605012
31601610322
31601616121
31601621919
31601626558
31601633271
31601639131
31601644441
31601648835
31601653596
31601659089
31601663850
31601668916
31601674653
31601680757
31601684907
31601691377
31601695344
31601701631
31601707063
31601712251
31601717622
31601722810
31601729463
31601735749
31601741914
31601747773
31601753083
31601758332
31601764008
31601769196
31601775178
31601779206
31601783418
31601790070
31601796174
31601801911
31601806977
31601811982
31601817170
31601822175
31601827363
31601833894
31601840180
31601844147
31601850007
31601854157
31601860383
31601863190
31601870881
31601876191
31601881562
31601887543
31601892792
31601897309
31601902497
31601907563
31601913056
31601920197
31601926056
31601931122
31601935761
31601940583
31601946320
31601952851
31601957611
31601962983
31601968476
31601972687
31601978241
31601984101
31601990509
31601996674
31602007355
31602013214
31602019562
31602026886
31602032868
31602039459
31602044892
31602050812
31602055267
31602063629
31602070038
31602077667
31602083160
31602087494
31602093048
31602099457
31602105194
31602110138
31602116547
31602119965
31602126862
31602133209
31602139191
31602144318
31602149689
31602155975
31602161957
31602167328
31602172027
31602178619
31602183136
31602190033
31602193390
31602200714
31602206634
31602212005
31602218475
31602222320
31602228546
31602233978
31602240875
31602245514
31602251251
31602257171
31602261993
31602268280
31602272613
31602277069
31602284149
31602290069
31602295318
31602300872
31602306243
31602312469
31602317962
31602323821
31602328155
31602334136
31602339874
31602345062
31602351165
31602356719
31602361358
31602367828
31602372344
31602378936
31602384185
31602389434
31602394927
31602400420
31602407684
31602412627
31602418243
31602423797
31602428863
31602434722
31602440520
31602446258
31602453277
31602458648
31602464263
31602469268
31602474212
31602479461
31602484893
31602491607
31602497649
31602502593
31602509063
31602514861
31602521453
31602527068
31602533110
31602540435
31602546233
31602551848
31602557341
31602562773
31602567961
31602573272
31602579863
31602586272
31602592070
31602598662
31602604338
31602608733
31602614775
31602619292
31602625762
31602628813
31602636565
31602642912
31602648345
31602654265
31602659697
31602665312
31602671172
31602675932
31602681609
31602687651
31602691924
31602699187
31602702483
31602709502
31602715666
31602721037
31602726530
31602731963
31602739714
31602744353
31602750029
31602755705
31602760649
31602765105
31602772063
31602776945
31602783781
31602789641
31602793913
31602800200
31602804045
31602810209
31602815458
31602820646
31602824858
31602831694
31602835966
31602843168
31602848173
31602852934
31602857878
31602864469
31602870573
31602874174
31602880339
31602884489
31602890104
31602896025
31602901945
31602908171
31602913786
31602919157
31602923002
31602929777
31602933622
31602941007
31602946134
31602952970
31602958402
31602963407
31602966276
31602972746
31602978788
31602985258
31602991361
31602996732
31603002653
31603007047
31603014249
31603020536
31603026456
31603031950
31603038053
31603044584
31603051359
31603058073
31603064420
31603068937
31603074918
31603079496
31603087552
31603092924
31603099759
31603106473
31603111905
31603118558
31603124112
31603129483
31603135099
31603141019
31603147733
31603150968
31603158109
31603164029
31603169706
31603175504
31603180509
31603187284
31603193326
31603199857
31603205472
31603210843
31603215604
31603222440
31603228055
31603233853
31603240811
31603245389
31603251431
31603257108
31603263211
31603269620
31603276212
31603281949
31603287442
31603292203
31603299344
31603305325
31603310452
31603316678
31603321622
31603327237
31603334378
31603341031
31603345975
31603351407
31603355923
31603361966
31603368435
31603374051
31603380459
31603386441
31603391202
31603396267
31603402432
31603409390
31603414700
31603420498
31603426236
31603430935
31603437527
31603442593
31603448574
31603454739
31603459927
31603464566
31603470486
31603476651
31603481900
31603489285
31603493618
31603499356
31603502896
31603510220
31603519009
31603524075
31603531948
31603537686
31603543057
31603548306
31603552395
31603560146
31603568752
31603577541
31603582607
31603588345
31603595547
31603600124
31603607265
31603612392
31603617641
31603624172
31603629055
31603635036
31603641079
31603646389
31603652370
31603656338
31603661526
31603667568
31603673061
31603678371
31603684353
31603690944
31603697353
31603701442
31603708034
31603714504
31603721218
31603725368
31603731228
31603736293
31603743373
31603750637
31603756008
31603762783
31603767116
31603773952
31603779384
31603786464
31603792446
31603797756
31603803859
31603810085
31603816799
31603822719
31603829311
31603835231
31603842250
31603848354
31603853175
31603860561
31603865627
31603871303
31603876674
31603882045
31603887477
31603894313
31603900722
31603906459
31603912257
31603918300
31603923610
31603930873
31603935817
31603943019
31603947780
31603951930
31603958400
31603963283
31603968593
31603975673
31603983058
31603988795
31603992091
31603999110
31604006556
31604012477
31604017360
31604023036
31604028712
31604033595
31604039210
31604045253
31604050990
31604058009
31604061915
31604067897
31604072779
31604077723
31604083155
31604089381
31604096034
31604100184
31604105555
31604110987
31604116725
31604121852
31604127528
31604134059
31604139185
31604144068
31604149378
31604154627
31604160304
31604165431
31604172389
31604177760
31604182459
31604188807
31604194178
31604197962
31604204066
31604210352
31604215968
31604220423
31604226832
31604232203
31604238734
31604244349
31604250391
31604256495
31604261805
31604266688
31604271692
31604276819
31604282923
31604289576
31604293970
31604299402
31604304590
31604309778
31604315088
31604319422
31604325037
31604331629
31604336878
31604341944
31604347071
31604352137
31604357264
31604362818
31604369043
31604373621
31604378870
31604383814
31604389856
31604395166
31604398218
31604405237
31604411096
31604416529
31604422510
31604426172
31604432398
31604436121
31604442224
31604447839
31604453882
31604457056
31604463342
31604467676
31604474817
31604481165
31604487268
31604493433
31604499658
31604506067
31604512842
31604518091
31604524621
31604530420
31604536279
31604542139
31604548242
31604554223
31604559167
31604565027
31604571924
31604578760
31604583581
31604589929
31604594568
31604600854
31604607751
31604613305
31604619531
31604625329
31604632165
31604638269
31604643029
31604649194
31604653894
31604660852
31604667749
31604673059
31604677819
31604683190
31604689355
31604693383
31604701989
31604706933
31604711999
31604718713
31604723657
31604729211
31604735558
31604740075
31604747338
31604752221
31604757104
31604766198
31604771935
31604777917
31604783227
31604787743
31604794396
31604798486
31604804284
31604810021
31604814599
31604822045
31604825768
31604831383
31604835473
31604842675
31604848290
31604852013
31604858361
31604862389
31604867516
31604871544
31604878075
31604884057
31604889184
31604894066
31604899193
31604903771
31604909020
31604914635
31604919152
31604926354
31604931603
31604936547
31604941918
31604946984
31604951622
31604958824
31604965355
31604971947
31604977562
31604983361
31604989525
31604995201
31605001854
31605007042
31605013329
31605018212
31605023277
31605028893
31605036705
31605043480
31605048485
31605053185
31605058067
31605063744
31605068687
31605074852
31605080956
31605085594
31605091881
31605095848
31605102318
31605106773
31605113609
31605117882
31605124535
31605129600
31605134727
31605140221
31605145164
31605151085
31605157066
31605162681
31605166832
31605172508
31605176597
31605183006
31605187217
31605193748
31605199302
31605204735
31605209984
31605215049
31605220604
31605224327
31605231651
31605237388
31605243553
31605248436
31605253990
31605258812
31605263938
31605269248
31605274436
31605280235
31605286094
31605290916
31605296409
31605301231
31605306602
31605312583
31605317832
31605323570
31605328941
31605333824
31605338706
31605343772
31605348960
31605354636
31605360496
31605365867
31605371055
31605376365
31605380882
31605386741
31605391807
31605396812
31605402671
31605408347
31605413352
31605418906
31605422752
31605428855
31605435264
31605440757
31605446799
31605451865
31605456565
31605462119
31605466880
31605474448
31605481101
31605486838
31605493186
31605498618
31605503501
31605508933
31605514365
31605519065
31605526694
31605530356
31605538169
31605544333
31605549277
31605555564
31605562216
31605567954
31605572226
31605577841
31605582175
31605588339
31605591147
31605598044
31605605002
31605609091
31605614035
31605619101
31605624899
31605630271
31605635275
31605641501
31605646872
31605651083
31605657431
31605661581
31605667380
31605673300
31605678427
31605684775
31605688803
31605696188
31605700705
31605708029
31605711630
31605719626
31605724692
31605730002
31605735800
31605741232
31605747153
31605753073
31605758261
31605763876
31605769369
31605773703
31605780172
31605785727
31605790732
31605794333
31605801291
31605807211
31605813314
31605819235
31605823996
31605830709
31605836508
31605842306
31605849081
31605853964
31605860067
31605866720
31605871969
31605875143
31605882467
31605888021
31605893392
31605898397
31605903280
31605908773
31605914144
31605919393
31605924703
31605931600
31605936300
31605942159
31605945211
31605952779
31605956991
31605964071
31605969381
31605975118
31605982381
31605988668
31605994161
31605999410
31606006002
31606012105
31606018453
31606023458
31606029317
31606034383
31606039327
31606045675
31606052938
31606057149
31606062948
31606068319
31606073812
31606078451
31606083944
31606089803
31606095235
31606099996
31606104940
31606111165
31606115255
31606121602
31606127401
31606132955
31606139058
31606143941
31606148824
31606153890
31606159566
31606165120
31606171163
31606176595
31606181966
31606188191
31606194783
31606200521
31606206197
31606212178
31606218770
31606223592
31606227925
31606234090
31606239461
31606244588
31606250874
31606256429
31606261006
31606266438
31606272359
31606276448
31606283406
31606288289
31606294881
31606298299
31606304097
31606309407
31606314595
31606320759
31606326436
31606331257
31606336690
31606341450
31606345540
31606352009
31606356770
31606362691
31606369893
31606373860
31606379170
31606384175
31606390156
31606395283
31606399861
31606406331
31606411580
31606415608
31606421711
31606426045
31606432392
31606437947
31606443867
31606449055
31606453877
31606460224
31606463948
31606469990
31606476155
31606484211
31606492451
31606497151
31606503742
31606508808
31606514179
31606520161
31606525837
31606533100
31606539082
31606544819
31606552509
31606557087
31606565388
31606571064
31606576679
31606581623
31606587055
31606592426
31606597553
31606604084
31606609882
31606615925
31606621479
31606625873
31606632282
31606638813
31606642780
31606649128
31606654987
31606660541
31606665973
31606672321
31606677570
31606682636
31606689045
31606695514
31606700763
31606707050
31606715900
31606721576
31606727680
31606732807
31606738971
31606744037
31606750385
31606755451
31606761066
31606767108
31606771747
31606778156
31606784076
31606790729
31606796894
31606805560
31606811664
31606817584
31606823383
31606829242
31606834979
31606840961
31606846698
31606851520
31606856158
31606864703
31606870685
31606875446
31606881854
31606888385
31606894916
31606901446
31606907733
31606914203
31606920123
31606925616
31606930499
31606937640
31606942096
31606948688
31606955523
31606961505
31606968646
31606975604
31606981891
31606988299
31606993121
31607001056
31607005816
31607012286
31607019793
31607026629
31607031878
31607038104
31607043719
31607048785
31607054461
31607059649
31607065325
31607071612
31607076922
31607082049
31607086566
31607093463
31607099322
31607106158
31607111834
31607117816
31607123248
31607127642
31607134478
31607140765
31607147662
31607152544
31607158648
31607165850
31607171465
31607176043
31607181719
31607188921
31607193865
31607200152
31607206194
31607211565
31607217119
31607222307
31607228045
31607234514
31607238604
31607243975
31607249712
31607253924
31607259844
31607264055
31607271624
31607278216
31607283526
31607288653
31607293596
31607298662
31607303667
31607308672
31607315203
31607320452
31607326677
31607331804
31607334551
31607341997
31607345049
31607353105
31607358599
31607364458
31607369280
31607374712
31607379473
31607384844
31607389910
31607396318
31607402422
31607407610
31607412370
31607417619
31607422746
31607428179
31607433733
31607438860
31607444719
31607449419
31607454790
31607459795
31607467058
31607474260
31607479509
31607485368
31607493303
31607498003
31607503923
31607508501
31607515947
31607521013
31607526323
31607533037
31607538469
31607545427
31607552568
31607558488
31607564775
31607570634
31607576127
31607580278
31607585832
31607590898
31607597245
31607603593
31607611528
31607618486
31607623552
31607628862
31607635209
31607641252
31607646012
31607651384
31607657365
31607662675
31607669084
31607674516
31607679704
31607684709
31607689897
31607696183
31607703202
31607707658
31607713822
31607720414
31607724137
31607731156
31607735429
31607742509
31607748185
31607754166
31607758744
31607764176
31607768937
31607776017
31607780595
31607787247
31607791825
31607798112
31607804764
31607809708
31607816239
31607821427
31607827225
31607832902
31607837296
31607842545
31607849808
31607855301
31607860856
31607865616
31607870987
31607878068
31607884415
31607890885
31607894974
31607900773
31607906510
31607911820
31607917191
31607921952
31607930863
31607937332
31607943619
31607949173
31607955216
31607961685
31607968338
31607974259
31607979813
31607985855
31607990677
31607999832
31608004898
31608011307
31608018448
31608023148
31608029373
31608033829
31608041580
31608047257
31608052506
31608058121
31608064102
31608069473
31608076309
31608082474
31608088577
31608093887
31608099869
31608105118
31608109817
31608115250
31608121780
31608127457
31608132767
31608138626
31608143509
31608149978
31608154983
31608159439
31608165420
31608172195
31608177566
31608180984
31608187942
31608194107
31608199417
31608205337
31608211319
31608215957
31608221634
31608227310
31608233108
31608238296
31608242691
31608249832
31608255874
31608261428
31608266616
31608271804
31608278152
31608284072
31608289138
31608293655
31608300308
31608306594
31608311904
31608318374
31608324111
31608329238
31608333938
31608340652
31608346816
31608351943
31608357131
31608362685
31608369033
31608375625
31608380813
31608386245
31608391311
31608397658
31608402053
31608409255
31608415542
31608420974
31608425979
31608431167
31608437087
31608442763
31608448256
31608453444
31608457839
31608463637
31608468276
31608472365
31608476943
31608481154
31608485061
31608490371
31608496047
31608501784
31608505080
31608511428
31608515395
31608519057
31608523268
31608527236
31608532180
31608536818
31608541457
31608545607
31608549697
31608553847
31608556899
31608561415
31608566115
31608570449
31608574172
31608578444
31608582961
31608587355
31608591323
31608597121
31608601271
31608604262
31608608840
31608613112
31608617507
31608621596
31608627699
31608632399
31608636122
31608640883
31608644484
31608648756
31608654372
31608659254
31608663649
31608667494
31608671767
31608676466
31608679945
31608684218
31608688490
31608693312
31608696852
31608701979
31608706129
31608711745
31608717177
31608721205
31608725111
31608729750
31608733229
31608738661
31608742933
31608746290
31608751417
31608755751
31608760145
31608765089
31608769545
31608773939
31608778639
31608782118
31608786635
31608790846
31608795607
31608800062
31608803114
31608810682
31608815565
31608819227
31608824476
31608831800
31608836561
31608840589
31608845106
31608848585
31608852735
31608857740
31608863172
31608870802
31608874586
31608878919
31608883680
31608888014
31608892835
31608897596
31608902235
31608907972
31608912428
31608917005
31608921583
31608925855
31608932020
31608937757
31608941175
31608946912
31608950941
31608955640
31608958936
31608964124
31608970167
31608975050
31608980299
31608984632
31608990003
31608994276
31608997938
31609004102
31609010572
31609015089
31609020399
31609025098
31609028821
31609033887
31609038343
31609046644
31609051343
31609057569
31609062330
31609066785
31609071485
31609076551
31609080701
31609086377
31609090589
31609097364
31609100354
31609106885
31609109693
31609116040
31609120130
31609126294
31609129590
31609136121
31609139234
31609146253
31609151319
31609156140
31609160718
31609165479
31609171765
31609177320
31609181714
31609186902
31609190930
31609196912
31609200940
31609204968
31609212659
31609219006
31609223096
31609229443
31609247998
31609251660
31609260754
31609267346
31609271741
31609278210
31609283643
31609290845
31609294324
31609303601
31609310254
31609319470
31609326977
31609334424
31609339367
31609346448
31609352063
31609357190
31609362256
31609367993
31609371350
31609379284
31609386731
31609391980
31609398083
31609405041
31609409375
31609414196
31609418530
31609423779
31609428967
31609433117
31609438732
31609445263
31609449658
31609454907
31609458935
31609464062
31609469250
31609473034
31609477856
31609483959
31609490124
31609495617
31609500683
31609504772
31609507946
31609515270
31609521069
31609526257
31609532726
31609537243
31609540539
31609548107
31609553722
31609559032
31609563671
31609568676
31609575512
31609580517
31609585094
31609590404
31609594372
31609601147
31609605236
31609610302
31609616222
31609621837
31609625927
31609631054
31609636486
31609642345
31609646679
31609649791
31609657177
31609662853
31609668651
31609673778
31609679271
31609684398
31609690929
31609695385
31609700939
31609708812
31609715465
31609719982
31609726146
31609730663
31609736156
31609741954
31609748302
31609753490
31609759716
31609765941
31609772533
31609777172
31609784923
31609791820
31609799816
31609807323
31609814037
31609820628
31609826915
31609832774
31609840465
31609846873
31609851695
31609862682
31609867747
31609878917
31609885387
31609894359
31609903514
31609910350
31609918529
31609923533
31609933299
31609942759
31609951182
31609957713
31609964549
31609971385
31609978953
31609985972
31609992564
31610001658
31610012034
31610018748
31610030894
31610036021
31610048533
31610054087
31610063914
31610072398
31610080821
31610086009
31610091929
31610103282
31610110545
31610117747
31610126109
31610132700
31610139780
31610145579
31610156748
31610161753
31610169382
31610175791
31610181895
31610191172
31610196238
31610203501
31610212595
31610215403
31610226145
31610231516
31610241770
31610249033
31610256968
31610263498
31610266489
31610275950
31610282847
31610291636
31610300119
31610307627
31610314585
31610319712
31610328806
31610335398
31610342783
31610349558
31610354563
31610364755
31610372995
31610380075
31610388315
31610395883
31610402292
31610407480
31610416025
31610422556
31610430185
31610437387
31610443124
31610452280
31610458932
31610465646
31610474802
31610479806
31610486459
31610493417
31610502878
31610510873
31610518808
31610526254
31610531381
31610539194
31610546213
31610549264
31610559152
31610566842
31610575265
31610582528
31610589608
31610596200
31610601876
31610610116
31610616830
31610619882
31610632089
31610637399
31610646066
31610655831
31610662240
31610668893
31610674081
31610683419
31610690988
31610697396
31610704110
31610709420
31610718758
31610727731
31610735360
31610742074
31610745126
31610755624
31610760812
31610769051
31610775826
31610784188
31610796456
31610805184
31610816964
31610827096
31610836312
31610843575
31610849923
31610857857
31610865120
31610870675
31610881173
31610888680
31610900277
31610910958
31610919686
31610927559
31610934883
31610943062
31610950325
31610958382
31610964485
31610972542
31610979256
31610984139
31610990975
31611001961
31611008186
31611016365
31611022102
31611028023
31611034309
31611041084
31611049446
31611056831
31611066109
31611070503
31611087288
31611094063
31611100777
31611107796
31611115852
31611123421
31611133369
31611140632
31611143440
31611152900
31611160103
31611167549
31611174019
31611182014
31611189216
31611194770
31611203498
31611216865
31611224494
31611230842
31611236946
31611245185
31611249397
31611259101
31611267585
31611275337
31611282661
31611287910
31611297248
31611304328
31611311103
31611317878
31611323005
31611331367
31611339362
31611347663
31611353889
31611360541
31611366401
31611372932
31611380073
31611386115
31611392707
31611402045
31611407294
31611422919
31611430976
31611440070
31611444465
31611453559
31611459479
31611468146
31611474555
31611479682
31611491523
31611496772
31611503608
31611511359
31611519721
31611526618
31611529425
31611542243
31611548285
31611557990
31611562934
31611572577
31611577033
31611585944
31611592474
31611595343
31611606818
31611615424
31611625067
31611629401
31611638434
31611645575
31611656134
31611663580
31611670172
31611679327
31611689886
31611698920
31611705450
31611711859
31611718207
31611724676
31611731634
31611737066
31611746405
31611754828
31611764776
31611772833
31611779547
31611785833
31611788397
31611798712
31611805304
31611812689
31611819586
31611827398
31611833013
31611839727
31611847540
31611850347
31611859442
31611864080
31611872869
31611879461
31611888128
31611894903
31611901251
31611908086
31611915167
31611921636
31611929449
31611936956
31611944463
31611952398
31611958990
31611966009
31611972600
31611979925
31611985540
31611994329
31611997259
31612009344
31612014593
31612023870
31612031377
31612037847
31612044561
31612049810
31612060369
31612065069
31612072881
31612083257
31612086797
31612096440
31612104131
31612110845
31612117559
31612125798
31612132390
31612137578
31612148076
31612157170
31612164800
31612171575
31612174809
31612187200
31612192632
31612200078
31612206853
31612215215
31612223698
31612232793
31612239934
31612248540
31612255559
31612264165
31612273259
31612280095
31612289860
31612297734
31612301030
31612312565
31612321049
31612328740
31612335881
31612344548
31612351994
31612357975
31612366459
31612373967
31612382695
31612389470
31612394658
31612404057
31612408696
31612417057
31612423649
31612429142
31612437382
31612445683
31612453739
31612460453
31612469547
31612476200
31612481388
31612490482
31612497013
31612499943
31612511356
31612521122
31612530338
31612535892
31612544010
31612550846
31612557011
31612567264
31612574650
31612582096
31612589115
31612598087
31612604984
31612610416
31612620243
31612627628
31612630863
31612644291
31612650272
31612658878
31612667057
31612673587
31612681888
31612684879
31612693424
31612700443
31612706546
31612714786
31612717777
31612728641
31612734317
31612746097
31612750492
31612759220
31612766055
31612771488
31612779300
31612786258
31612793460
31612802982
31612810184
31612816776
31612824405
31612830631
31612837588
31612844119
31612850772
31612858157
31612865543
31612873843
31612883182
31612889773
31612895206
31612903018
31612909671
31612917727
31612924624
31612929873
31612939639
31612947940
31612953677
31612960696
31612965823
31612976260
31612980655
31612989993
31612997073
31613002139
31613013491
31613023196
31613028811
31613035342
31613043399
31613050051
31613055422
31613064822
31613072085
31613078188
31613090273
31613098147
31613104678
31613110049
31613117068
31613123599
31613128786
31613138064
31613145327
31613153262
31613161135
31613169436
31613176028
31613181338
31613191286
31613195620
31613204958
31613211733
31613216860
31613224550
31613233584
31613243471
31613250612
31613253847
31613263369
31613271120
31613277468
31613284121
31613289431
31613300295
31613308962
31613316896
31613321413
31613330141
31613336672
31613341860
31613350710
31613357118
31613365236
31613373781
31613379213
31613388124
31613395815
31613402773
31613410524
31613417726
31613425661
31613435365
31613441469
31613449342
31613461549
31613468385
31613471498
31613481447
31613488832
31613496889
31613503847
31613510316
31613519166
31613528322
31613540162
31613543214
31613555665
31613561219
31613567628
31613575929
31613582277
31613588868
31613594056
31613602662
31613609742
31613616090
31613622499
31613627503
31613635804
31613642640
31613651551
31613660035
31613666932
31613675721
31613679139
31613692384
31613695924
31613709046
31613715272
31613723512
31613732362
31613741090
31613747498
31613755128
31613761658
31613768983
31613774842
31613783448
31613786378
31613797364
31613802918
31613812867
31613820252
31613826233
31613833069
31613838135
31613847596
31613855103
31613862671
31613871888
31613879822
31613886658
31613893982
31613900147
31613907044
31613914734
31613921570
31613928894
31613935913
31613943848
31613952820
31613959412
31613964722
31613974182
31613978760
31613986328
31613995545
31614001099
31614008118
31614017334
31614025513
31614032349
31614037720
31614047241
31614054810
31614060913
31614067749
31614073120
31614083374
31614091614
31614098877
31614105713
31614113891
31614120910
31614126159
31614134277
31614141113
31614149902
31614157165
31614163391
31614172241
31614180542
31614188232
31614195556
31614204589
31614214111
31614217407
31614228332
31614237853
31614245544
31614250793
31614261352
31614268676
31614278014
31614285156
31614290954
31614301696
31614310912
31614318969
31614328551
31614341064
31614350280
31614357055
31614370055
31614379211
31614388793
31614396056
31614402831
31614409423
31614415832
31614421996
31614428466
31614434630
31614440123
31614445861
31614451049
31614455993
31614460326
31614465087
31614470336
31614474852
31614480284
31614486022
31614491088
31614494933
31614501219
31614505675
31614510924
31614515319
31614520629
31614525145
31614531859
31614536437
31614542296
31614546935
31614552367
31614556700
31614562560
31614568480
31614575377
31614579588
31614585753
31614589964
31614595213
31614600707
31614605162
31614611449
31614617674
31614623351
31614628600
31614633299
31614637083
31614644163
31614647398
31614653868
31614658751
31614666380
31614669859
31614676024
31614680418
31614687254
31614693175
31614698912
31614704100
31614709898
31614714720
31614719969
31614724424
31614730284
31614736265
31614741331
31614746763
31614753233
31614759886
31614763365
31614772642
31614776915
31614785765
31614790342
31614800718
31614808042
31614815367
31614822630
31614830381
31614837522
31614847532
31614855039
31614861021
31614870970
31614878843
31614886411
31614892881
31614899778
31614906675
31614910886
31614920469
31614927427
31614933652
31614940488
31614948667
31614957944
31614964353
31614970640
31614978513
31614986631
31614992612
31615000120
31615007566
31615018308
31615024900
31615036680
31615041623
31615049741
31615056516
31615064634
31615071286
31615076474
31615088254
31615094541
31615105344
31615113156
31615119687
31615128415
31615133359
31615142270
31615146359
31615153867
31615163571
31615170957
31615176999
31615181821
31615189511
31615195615
31615203549
31615210080
31615218747
31615226804
31615231747
31615240842
31615244931
31615253476
31615259579
31615264584
31615272214
31615279050
31615285824
31615294430
31615304074
31615310299
31615315487
31615323483
31615330502
31615337094
31615343747
31615350399
31615357235
31615365597
31615374508
31615381283
31615388851
31615395932
31615401058
31615409115
31615416195
31615424496
31615432247
31615437802
31615446713
31615454159
31615457577
31615467648
31615472897
31615482235
31615490048
31615496151
31615505550
31615509274
31615518795
31615526424
31615534420
31615541378
31615548092
31615554684
31615562069
31615567928
31615577877
31615581295
31615590816
31615598263
31615605526
31615612362
31615621273
31615628353
31615633480
31615641414
31615648800
31615657772
31615664363
31615669735
31615679805
31615684200
31615694088
31615700740
31615708065
31615716976
31615726131
31615733333
31615740291
31615743282
31615752925
31615761348
31615769649
31615776546
31615784114
31615791805
31615797054
31615808223
31615813350
31615821651
31615828365
31615835994
31615842830
31615848140
31615856013
31615865108
31615877742
31615883723
31615887019
31615899898
31615906062
31615916072
31615923579
31615930964
31615942988
31615946589
31615956416
31615963923
31615970881
31615977778
31615986201
31615993891
31615999690
31616010859
31616018428
31616026728
31616032649
31616039546
31616045832
31616051081
31616059626
31616064082
31616070918
31616081721
31616089289
31616094904
31616099421
31616108210
31616112360
31616121333
31616128291
31616133601
31616143000
31616150751
31616157892
31616164423
31616172724
31616179438
31616184565
31616193415
31616200434
31616207209
31616214899
31616224054
31616230158
31616236750
31616244989
31616251825
31616257135
31616264948
31616271662
31616279901
31616289301
31616296564
31616303461
31616309076
31616316706
31616323419
31616330011
31616338129
31616345514
31616353021
31616360590
31616369196
31616376337
31616382318
31616390131
31616396783
31616404901
31616411859
31616416925
31616425775
31616434015
31616440668
31616449579
31616452692
31616462579
31616469903
31616477289
31616484064
31616490655
31616498163
31616506463
31616515619
31616522271
31616531244
31616538324
31616543451
31616552362
31616557245
31616564996
31616573663
31616579522
31616589166
31616596917
31616606195
31616613336
31616623529
31616630914
31616639031
31616646600
31616652337
31616661187
31616668450
31616677667
31616685235
31616690728
31616699395
31616707818
31616716363
31616726067
31616736016
31616743645
31616749200
31616757622
31616763055
31616773003
31616780633
31616786431
31616796624
31616805840
31616817681
31616824212
31616832634
31616838921
31616844109
31616852898
31616860039
31616865960
31616874688
31616888237
31616896050
31616901970
31616910332
31616916924
31616923149
31616928276
31616937187
31616944817
31616951592
31616957878
31616963616
31616970940
31616977776
31616983513
31616992119
31616994926
31617005669
31617013481
31617019707
31617026176
31617032280
31617040764
31617043571
31617052116
31617059257
31617066215
31617075310
31617083122
31617089714
31617092888
31617104728
31617109977
31617117668
31617123954
31617132255
31617139640
31617145561
31617155571
31617160148
31617169426
31617176994
31617184318
31617194816
31617203178
31617210441
31617217826
31617223930
31617229667
31617238700
31617245902
31617253593
31617260124
31617268729
31617273917
31617282096
31617289176
31617296500
31617303947
31617310355
31617316520
31617324027
31617331351
31617338981
31617347526
31617356193
31617362601
31617367850
31617375785
31617382621
31617389945
31617396659
31617404410
31617410636
31617419059
31617428824
31617435599
31617442252
31617449637
31617457206
31617464041
31617470938
31617477103
31617486685
31617492606
31617501944
31617508414
31617515921
31617522940
31617528006
31617537283
31617543997
31617547293
31617558219
31617566397
31617574637
31617581534
31617589468
31617596182
31617601797
31617609976
31617617422
31617624197
31617631399
31617637625
31617648489
31617655325
31617663565
31617671194
31617675101
31617686880
31617694571
31617700308
31617712454
31617715994
31617725760
31617733328
31617740408
31617747610
31617758047
31617766653
31617773306
31617782705
31617791860
31617802847
31617807424
31617815542
31617821646
31617830129
31617837148
31617843374
31617854788
31617863638
31617871145
31617874929
31617883413
31617889211
31617895437
31617900442
31617906057
31617911062
31617917043
31617923696
31617929555
31617932424
31617939931
31617942861
31617951955
31617958120
31617963064
31617967763
31617971181
31617976797
31617981130
31617986318
31617989004
31617997732
31618002797
31618006154
31618012563
31618015432
31618022268
31618027028
31618032216
31618036794
31618040944
31618044606
31618048818
31618053395
31618059072
31618064077
31618067800
31618073232
31618077199
31618082082
31618086049
31618091237
31618095754
31618101125
31618105336
31618110890
31618115224
31618119496
31618124501
31618129933
31618135060
31618140981
31618145314
31618150319
31618155934
31618159779
31618165151
31618170644
31618174489
31618181020
31618185109
31618189626
31618195119
31618199757
31618203725
31618209584
31618214833
31618221425
31618225148
31618230824
31618235402
31618242177
31618246754
31618252980
31618259205
31618265980
31618270863
31618276356
31618281544
31618286610
31618290516
31618295643
31618301320
31618307362
31618312001
31618319752
31618324269
31618330922
31618335743
31618342762
31618346180
31618353688
31618357106
31618364918
31618368397
31618375233
31618380360
31618386341
31618391529
31618397633
31618401783
31618406361
31618411671
31618416920
31618421314
31618425465
31618431935
31618437489
31618441517
31618448353
31618452564
31618458607
31618462757
31618466419
31618474415
31618479176
31618485035
31618492542
31618497730
31618503956
31618510303
31618517261
31618525013
31618530994
31618535145
31618540882
31618546375
31618551502
31618556995
31618561085
31618568104
31618571888
31618579029
31618584217
31618588611
31618594410
31618599598
31618604114
31618611011
31618616871
31618621814
31618626392
31618631946
31618636524
31618642139
31618646534
31618653125
31618661792
31618667469
31618672534
31618679248
31618684192
31618688098
31618695056
31618701038
31618707569
31618714466
31618719531
31618724170
31618730701
31618735401
31618741809
31618746204
31618750598
31618757861
31618764209
31618769092
31618774768
31618780078
31618785266
31618790210
31618797168
31618801562
31618809375
31618816516
31618820544
31618828357
31618833484
31618840503
31618846667
31618851916
31618858447
31618863635
31618869006
31618875049
31618879321
31618888049
31618893603
31618900989
31618907702
31618913440
31618919909
31618925464
31618930468
31618936572
31618942187
31618947985
31618952502
31618958483
31618965319
31618970019
31618975207
31618979846
31618985339
31618989611
31618996081
31619000292
31619006213
31619010852
31619016650
31619022204
31619027453
31619031725
31619034960
31619045092
31619051135
31619055529
31619058764
31619066760
31619070239
31619077563
31619082934
31619089037
31619097582
31619102282
31619109301
31619114123
31619120837
31619122912
31619130968
31619136400
31619143786
31619150683
31619156542
31619161730
31619166796
31619173510
31619179430
31619184496
31619191149
31619197680
31619203600
31619210131
31619214220
31619221788
31619227282
31619233446
31619238878
31619243334
31619250780
31619255968
31619261949
31619263903
31619273119
31619276537
31619283678
31619287157
31619295397
31619301622
31619307726
31619312853
31619317919
31619322557
31619329088
31619335741
31619338121
31619346971
31619353563
31619358507
31619364183
31619369554
31619374376
31619380846
31619386400
31619392503
31619398546
31619405626
31619411180
31619419115
31619425279
31619429430
31619437608
31619447130
31619450731
31619461900
31619468370
31619481248
31619486680
31619495836
31619502916
31619508043
31619515123
31619522142
31619530870
31619540757
31619545091
31619561448
31619568711
31619575669
31619583970
31619593492
31619596726
31619608079
31619616746
31619623765
31619630357
31619636887
31619645799
31619650987
31619659959
31619666795
31619669724
31619681138
31619686387
31619696580
31619703782
31619709702
31619716538
31619721665
31619731980
31619739304
31619744736
31619756516
31619765549
31619772019
31619778367
31619786362
31619793992
31619800339
31619807053
31619813706
31619820847
31619829636
31619838059
31619844773
31619852158
31619858811
31619864304
31619873520
31619881333
31619888718
31619897446
31619900864
31619910324
31619918259
31619928391
31619936264
31619944138
31619951889
31619960373
31619968002
31619973618
31619983261
31619990036
31620000351
31620007614
31620016830
31620024338
31620030197
31620041672
31620048385
31620056564
31620064316
31620073532
31620080734
31620086593
31620094589
31620102340
31620109115
31620117965
31620125900
31620133651
31620140426
31620149215
31620156112
31620161483
31620170455
31620177841
31620183639
31620193344
31620196884
31620206100
31620213729
31620220382
31620227157
31620233566
31620243453
31620248946
31620255660
31620263229
31620273177
31620279891
31620285201
31620292709
31620299544
31620308883
31620315597
31620321944
31620331161
31620337264
31620348556
31620355880
31620363997
31620371749
31620379012
31620389022
31620395247
31620405318
31620414718
31620422469
31620429305
31620432357
31620442366
31620450240
31620456893
31620463973
31620470442
31620481246
31620489180
31620498702
31620503157
31620511641
31620515486
31620523604
31620530318
31620535201
31620545393
31620554244
31620560957
31620566878
31620574812
31620580428
31620585005
31620595259
31620599470
31620607954
31620617354
31620625593
31620634871
31620638411
31620650496
31620659651
31620666670
31620675032
31620681379
31620689375
31620695173
31620706038
31620714277
31620722273
31620729780
31620732954
31620743940
31620752241
31620760542
31620767683
31620771162
31620782087
31620787458
31620797224
31620801740
31620810224
31620816755
31620825300
31620831465
31620840070
31620848005
31620854841
31620858564
31620868208
31620875654
31620883222
31620890241
31620895551
31620905378
31620913801
31620921918
31620928510
31620936262
31620943159
31620948224
31620955243
31620962201
31620968183
31620977033
31620986310
31620992536
31620999067
31621007184
31621014264
31621019391
31621027753
31621034711
31621042401
31621050519
31621056134
31621065656
31621074567
31621082501
31621090070
31621099164
31621107892
31621118146
31621125775
31621131574
31621140790
31621147992
31621155133
31621161664
31621166730
31621177289
31621184491
31621190106
31621199933
31621209332
31621216595
31621221539
31621229779
31621236798
31621245465
31621252850
31621259198
31621268658
31621278668
31621290326
31621296063
31621307232
31621313946
31621319806
31621327679
31621334637
31621342999
31621351544
31621354901
31621371197
31621379315
31621387310
31621393414
31621401043
31621408001
31621414471
31621422833
31621430462
31621438824
31621441631
31621450665
31621457623
31621464336
31621470867
31621476543
31621486187
31621491497
31621500652
31621507610
31621514141
31621520733
31621525982
31621536358
31621541546
31621550396
31621559063
31621567974
31621574627
31621580181
31621589092
31621596172
31621605083
31621611675
31621616985
31621626873
31621634746
31621640361
31621649089
31621652446
31621662212
31621670146
31621677165
31621684001
31621691631
31621699626
31621704997
31621714275
