31942954602
31942958936
31942962964
31942967053
31942971387
31942975354
31942979444
31942984021
31942988110
31942991651
31942995984
31943000684
31943004956
31943009107
31943013928
31943018506
31943022656
31943027051
31943031384
31943035535
31943039807
31943044934
31943049268
31943052869
31943057019
31943062390
31943067456
31943072339
31943077100
31943081860
31943086682
31943091565
31943096875
31943102673
31943108899
31943113598
31943117993
31943124280
31943131116
31943137829
31943144238
31943149792
31943156628
31943161877
31943169812
31943176342
31943181591
31943189099
31943196423
31943203625
31943209790
31943217297
31943223034
31943230908
31943237255
31943245312
31943253186
31943263622
31943271557
31943277538
31943284130
31943291332
31943297558
31943306042
31943314221
31943320629
31943328503
31943334301
31943344311
31943352184
31943358532
31943365246
31943373058
31943379528
31943388500
31943396496
31943403820
31943412182
31943417797
31943425670
31943433422
31943439953
31943447643
31943454052
31943461986
31943469188
31943474865
31943481212
31943488475
31943496166
31943503856
31943511486
31943518749
31943524547
31943531383
31943539196
31943545665
31943553722
31943561107
31943567577
31943573070
31943580882
31943586009
31943594432
31943601573
31943607921
31943616039
31943623790
31943629955
31943635020
31943645396
31943652476
31943660228
31943666331
31943672069
31943680858
31943687633
31943695628
31943703685
31943709422
31943717784
31943724254
31943732127
31943738109
31943747325
31943754161
31943761912
31943767527
31943775706
31943782847
31943789927
31943798350
31943805857
31943811961
31943819895
31943827342
31943834117
31943841441
31943850474
31943856333
31943864329
31943872691
31943878672
31943887095
31943895762
31943902598
31943913157
31943922129
31943929514
31943936106
31943944224
31943950388
31943959238
31943966990
31943974680
31943980723
31943988230
31943994639
31944001536
31944010752
31944017100
31944025339
31944031016
31944039133
31944047922
31944058054
31944064035
31944072519
31944079844
31944088633
31944095530
31944105234
31944112070
31944119333
31944127451
31944135935
31944142710
31944151377
31944158151
31944167307
31944175119
31944183542
31944190988
31944199045
31944205881
31944214243
31944223215
31944230417
31944237070
31944245309
31944251596
31944259836
31944265756
31944274789
31944282846
31944290109
31944296701
31944305551
31944312570
31944321542
31944330270
31944337472
31944346322
31944352792
31944359628
31944367257
31944376596
31944385202
31944393502
31944401071
31944409433
31944416329
31944424935
31944431344
31944439157
31944448434
31944456002
31944463204
31944470468
31944478402
31944485726
31944493966
31944503549
31944510323
31944519601
31944526681
31944533456
31944543282
31944549142
31944557137
31944567818
31944575265
31944582772
31944589913
31944597664
31944605294
31944614022
31944622628
31944629586
31944639473
31944647225
31944655648
31944663704
31944670174
31944679818
31944686043
31944694832
31944701912
31944709053
31944715889
31944722908
31944735543
31944742684
31944750069
31944757271
31944764656
31944772835
31944780220
31944787178
31944796883
31944804634
31944811348
31944819710
31944825813
31944832771
31944840340
31944850044
31944857979
31944864448
31944870247
31944876717
31944884102
31944890694
31944899055
31944906074
31944913215
31944919502
31944926094
31944934089
31944941292
31944948982
31944957710
31944965278
31944971931
31944980049
31944985359
31944995002
31945004646
31945012336
31945018257
31945027595
31945034553
31945043769
31945052680
31945059822
31945067451
31945074897
31945079780
31945087898
31945096137
31945102912
31945111640
31945119025
31945124030
31945132514
31945140327
31945148688
31945156196
31945163764
31945170295
31945178962
31945186774
31945193244
31945200751
31945207587
31945213691
31945221137
31945227424
31945233283
31945239875
31945244819
31945252936
31945258063
31945264594
31945272345
31945278937
31945284430
31945290961
31945296149
31945302191
31945308905
31945315314
31945321356
31945326605
31945333136
31945338385
31945344000
31945349921
31945357733
31945362494
31945368720
31945374701
31945379889
31945385382
31945390021
31945398627
31945404059
31945409125
31945415228
31945421759
31945427252
31945431586
31945437201
31945443915
31945450140
31945455267
31945459540
31945464850
31945471258
31945478338
31945483038
31945489020
31945493841
31945499151
31945505255
31945509772
31945515814
31945520514
31945526739
31945530768
31945536993
31945543036
31945548590
31945553717
31945558722
31945564825
31945569464
31945573492
31945580328
31945585394
31945590277
31945596563
31945601019
31945607000
31945612799
31945618658
31945623846
31945630133
31945636236
31945641607
31945646429
31945652288
31945657049
31945663397
31945669073
31945675726
31945679937
31945686224
31945692022
31945696966
31945701971
31945708257
31945712835
31945719671
31945724004
31945729498
31945735479
31945741216
31945749029
31945753057
31945758977
31945764226
31945770635
31945775335
31945780584
31945786687
31945793157
31945797857
31945802556
31945809575
31945814336
31945819951
31945825933
31945831060
31945835271
31945843145
31945848394
31945852971
31945858526
31945864019
31945870488
31945876226
31945880864
31945886052
31945892583
31945896917
31945903813
31945909795
31945914373
31945920171
31945925481
31945929814
31945937139
31945942693
31945947454
31945953130
31945959722
31945964604
31945970220
31945975652
31945981450
31945986394
31945992925
31945998418
31946003423
31946008672
31946015813
31946021245
31946027104
31946031377
31946036870
31946042668
31946048711
31946053654
31946059819
31946064458
31946070439
31946075749
31946082097
31946087407
31946093938
31946098271
31946103886
31946110173
31946115666
31946120427
31946124943
31946131230
31946137761
31946143376
31946148259
31946153325
31946159977
31946165104
31946171147
31946176274
31946182072
31946187870
31946192692
31946198124
31946203129
31946208500
31946214482
31946219914
31946226261
31946231144
31946236943
31946242985
31946249455
31946255253
31946263127
31946271732
31946279484
31946286808
31946293034
31946298588
31946306767
31946311771
31946317692
31946324100
31946330570
31946335880
31946341129
31946347233
31946352604
31946359684
31946365543
31946371647
31946377018
31946382511
31946387516
31946392216
31946399235
31946404117
31946410709
31946415836
31946422855
31946429386
31946433414
31946440616
31946445743
31946451114
31946457401
31946462772
31946468998
31946475650
31946480106
31946486515
31946493778
31946498294
31946504703
31946509342
31946515262
31946521549
31946526981
31946531925
31946539127
31946545719
31946552310
31946556888
31946562503
31946568790
31946574283
31946580875
31946587344
31946592716
31946598209
31946604678
31946608768
31946615298
31946622012
31946627322
31946632754
31946638370
31946644229
31946649844
31946655948
31946660342
31946667422
31946673343
31946678409
31946684085
31946690738
31946699100
31946703860
31946711551
31946718448
31946724612
31946729983
31946735598
31946741946
31946747561
31946752871
31946759829
31946765445
31946770633
31946776614
31946782412
31946788577
31946793704
31946798465
31946804934
31946809939
31946816287
31946822512
31946828799
31946833926
31946840335
31946845461
31946850955
31946856082
31946862307
31946867556
31946872927
31946879336
31946884097
31946890444
31946894350
31946900881
31946906008
31946912417
31946917178
31946921816
31946929629
31946933962
31946940249
31946945010
31946951296
31946956423
31946962588
31946968752
31946974489
31946979372
31946986025
31946992251
31946997133
31947003176
31947009524
31947015566
31947020754
31947026552
31947031435
31947037722
31947043703
31947048403
31947052858
31947058413
31947065859
31947070986
31947076174
31947082155
31947086916
31947092897
31947099062
31947103945
31947110536
31947115297
31947121584
31947126650
31947131227
31947136476
31947143007
31947150148
31947154787
31947160829
31947165041
31947171205
31947177553
31947181703
31947189333
31947194582
31947201234
31947206728
31947214235
31947219972
31947225710
31947232729
31947238039
31947244997
31947249147
31947256288
31947261049
31947266542
31947274476
31947279970
31947286439
31947291139
31947297120
31947303224
31947307618
31947313356
31947320070
31947324403
31947330568
31947336915
31947343629
31947348451
31947354554
31947359254
31947365297
31947372499
31947377809
31947383302
31947389711
31947394899
31947400087
31947406739
31947413148
31947419435
31947424806
31947431336
31947436585
31947442628
31947447633
31947453004
31947459779
31947464295
31947470216
31947475099
31947481202
31947487733
31947493775
31947498841
31947504884
31947510011
31947516175
31947521546
31947528199
31947534241
31947539307
31947543824
31947550416
31947555848
31947560731
31947566346
31947573243
31947577454
31947584107
31947588257
31947593995
31947600525
31947607178
31947612427
31947617432
31947623658
31947628296
31947634583
31947639588
31947644654
31947651734
31947657349
31947663575
31947667786
31947673584
31947677918
31947685425
31947690552
31947696411
31947701416
31947707398
31947711914
31947718872
31947724854
31947731079
31947737671
31947744873
31947749939
31947757752
31947764465
31947769837
31947775147
31947781250
31947786621
31947792603
31947799255
31947803406
31947809937
31947815491
31947821350
31947826660
31947834228
31947843628
31947849121
31947854309
31947859924
31947866333
31947870666
31947877197
31947883117
31947887695
31947893493
31947899780
31947905212
31947911926
31947917114
31947922851
31947928039
31947933838
31947938842
31947946228
31947950988
31947956970
31947961670
31947966858
31947972778
31947979614
31947983703
31947991821
31947996643
31948003173
31948007690
31948014282
31948018859
31948025329
31948029968
31948036559
31948041015
31948047607
31948052368
31948058471
31948063415
31948070007
31948077026
31948082824
31948088073
31948093871
31948099059
31948104675
31948109679
31948115905
31948122070
31948129516
31948134093
31948140502
31948146361
31948151549
31948156921
31948163146
31948168029
31948175109
31948179992
31948184569
31948190490
31948196227
31948200683
31948207824
31948213317
31948218139
31948223571
31948228270
31948233580
31948239684
31948244750
31948258910
31948269103
31948274352
31948280883
31948285582
31948290648
31948296630
31948303527
31948309569
31948315734
31948322142
31948328734
31948335326
31948340087
31948346373
31948351622
31948356078
31948363463
31948369505
31948374388
31948379088
31948386900
31948392271
31948398680
31948404662
31948409056
31948416747
31948420958
31948426939
31948433897
31948438109
31948444334
31948449278
31948455504
31948460570
31948466551
31948471373
31948477354
31948482603
31948488280
31948493162
31948499266
31948504698
31948510801
31948516111
31948521422
31948526671
31948532713
31948537535
31948544004
31948549315
31948555845
31948560911
31948566343
31948571348
31948576414
31948582579
31948586912
31948593260
31948599729
31948605039
31948609983
31948615537
31948621702
31948626097
31948632749
31948637571
31948643797
31948648741
31948655332
31948660154
31948666013
31948672666
31948677549
31948683653
31948688596
31948694151
31948699033
31948704893
31948711057
31948715391
31948721677
31948726133
31948733213
31948739072
31948745420
31948752134
31948758970
31948766599
31948772520
31948782102
31948789121
31948794797
31948801206
31948808835
31948815671
31948820798
31948826780
31948833982
31948841001
31948849241
31948853452
31948860715
31948864927
31948872495
31948877927
31948882688
31948891782
31948897214
31948902402
31948908139
31948912839
31948918454
31948925412
31948931027
31948935666
31948941281
31948945310
31948950986
31948956418
31948960507
31948966367
31948972470
31948978146
31948982846
31948988400
31948995053
31949000424
31949006406
31949011960
31949017514
31949022275
31949029050
31949033749
31949039365
31949045285
31949050351
31949055905
31949060300
31949066952
31949071713
31949077206
31949083371
31949087826
31949094052
31949099057
31949104977
31949111996
31949116513
31949122677
31949128476
31949133603
31949139340
31949145199
31949152157
31949157956
31949163205
31949168576
31949174984
31949180722
31949185482
31949191098
31949198422
31949203549
31949209469
31949214047
31949221554
31949225765
31949232418
31949237850
31949242916
31949249874
31949255489
31949262142
31949267452
31949275387
31949281796
31949287777
31949304684
31949310299
31949317684
31949322872
31949329159
31949335140
31949341000
31949345455
31949351375
31949356563
31949363460
31949368526
31949373592
31949380794
31949385738
31949390804
31949396419
31949402767
31949407161
31949413692
31949419185
31949425472
31949430294
31949436336
31949442623
31949448604
31949453853
31949459346
31949464351
31949470272
31949476619
31949481563
31949486629
31949493404
31949498043
31949503597
31949510616
31949515987
31949521724
31949526912
31949532161
31949538509
31949544612
31949549190
31949554927
31949561580
31949567012
31949572505
31949578670
31949583308
31949589351
31949595027
31949599483
31949606929
31949612605
31949617854
31949622981
31949629207
31949634761
31949640559
31949645015
31949652095
31949657466
31949661983
31949668574
31949673640
31949679439
31949684504
31949691951
31949697139
31949702571
31949709285
31949713679
31949719783
31949726863
31949731746
31949738459
31949743892
31949750911
31949755976
31949767695
31949774592
31949781001
31949788569
31949794917
31949799372
31949805537
31949809809
31949816828
31949823298
31949829890
31949834895
31949839411
31949846308
31949851985
31949858027
31949862788
31949867854
31949874201
31949879328
31949884455
31949891413
31949896235
31949902644
31949908564
31949913142
31949918574
31949924494
31949930537
31949936701
31949941584
31949947871
31949953120
31949958246
31949964960
31949971064
31949975764
31949981257
31949987299
31949993342
31949997492
31950002924
31950010614
31950015864
31950020746
31950027094
31950032587
31950037714
31950042536
31950049189
31950055292
31950059687
31950066400
31950071833
31950077082
31950082697
31950089044
31950094965
31950099420
31950104853
31950111933
31950116876
31950121942
31950128168
31950132684
31950138788
31950143549
31950149469
31950155573
31950161005
31950166071
31950172357
31950178644
31950183527
31950189447
31950195551
31950201471
31950206232
31950211114
31950217828
31950222650
31950228815
31950233881
31950239313
31950245538
31950252923
31950259027
31950264093
31950268121
31950276544
31950282281
31950288263
31950294244
31950302057
31950307672
31950312860
31950317743
31950324151
31950329828
31950334710
31950342584
31950347223
31950352288
31950358392
31950365228
31950370538
31950375726
31950380914
31950387994
31950392938
31950398004
31950404046
31950409234
31950415704
31950420709
31950427606
31950432366
31950437982
31950444879
31950450066
31950454400
31950461541
31950467095
31950472039
31950478082
31950483453
31950489495
31950495904
31950500665
31950506951
31950511651
31950516228
31950523980
31950529290
31950534295
31950539727
31950544976
31950550896
31950557732
31950562554
31950567742
31950574090
31950578850
31950583733
31950590142
31950595513
31950603447
31950608452
31950613274
31950619317
31950624932
31950629509
31950636223
31950642388
31950647637
31950653008
31950659111
31950662896
31950669426
31950675835
31950680291
31950687004
31950693169
31950698479
31950703728
31950710015
31950717766
31950721611
31950729119
31950733330
31950739372
31950743767
31950748528
31950754082
31950761162
31950766655
31950772270
31950776543
31950780815
31950787956
31950791618
31950799065
31950806084
31950815727
31950823723
31950829094
31950835197
31950841240
31950846855
31950851982
31950857841
31950864372
31950869743
31950875603
31950880241
31950884880
31950892570
31950897453
31950903068
31950909050
31950915092
31950920097
31950925041
31950932243
31950938041
31950942680
31950948967
31950953422
31950959526
31950965446
31950971000
31950975822
31950982231
31950986991
31950993156
31950999870
31951004997
31951011222
31951016715
31951021964
31951028129
31951032340
31951038627
31951045402
31951050590
31951055656
31951061088
31951066581
31951073356
31951079093
31951084586
31951090507
31951095939
31951102164
31951107841
31951115592
31951120231
31951126151
31951130424
31951136161
31951142692
31951146964
31951153556
31951158011
31951163688
31951168815
31951175345
31951180228
31951186210
31951192679
31951197989
31951203849
31951208182
31951213981
31951220206
31951224357
31951230033
31951235221
31951241446
31951247428
31951254020
31951259757
31951264151
31951270316
31951282279
31951288443
31951297476
31951304434
31951309500
31951315299
31951320914
31951328238
31951333243
31951338919
31951345328
31951350333
31951356802
31951362174
31951369132
31951375113
31951381339
31951387137
31951393484
31951399710
31951406485
31951411246
31951416678
31951423025
31951428274
31951434134
31951440359
31951446951
31951452933
31951458975
31951463247
31951470328
31951476004
31951482840
31951488821
31951494253
31951500479
31951504568
31951511282
31951517691
31951522635
31951529165
31951534170
31951539297
31951546621
31951553274
31951559195
31951564505
31951570547
31951575796
31951580923
31951585928
31951592275
31951599233
31951604849
31951609426
31951615286
31951620962
31951627676
31951632925
31951639700
31951645925
31951650747
31951657583
31951662283
31951668630
31951674734
31951679983
31951686025
31951691091
31951696889
31951703359
31951708791
31951715261
31951719961
31951726064
31951732046
31951735891
31951743459
31951748830
31951760671
31951767324
31951773855
31951782033
31951786855
31951793142
31951800893
31951806447
31951811025
31951818044
31951822194
31951829030
31951834768
31951841054
31951847402
31951853749
31951860158
31951865895
31951872060
31951876760
31951882497
31951888417
31951895192
31951899220
31951905263
31951912404
31951918080
31951923634
31951927907
31951935048
31951939809
31951945729
31951950185
31951956105
31951963185
31951969838
31951975331
31951981435
31951987294
31951992238
31951998402
31952003651
31952010731
31952016835
31952022023
31952026784
31952033864
31952040150
31952046132
31952051076
31952056813
31952062550
31952067067
31952073414
31952080067
31952085255
31952090565
31952097157
31952101796
31952107899
31952113026
31952119862
31952125416
31952131276
31952136586
31952142384
31952147328
31952154164
31952160023
31952165638
31952171559
31952176197
31952182789
31952189259
31952197071
31952201954
31952207813
31952213185
31952220631
31952228382
31952234242
31952239857
31952245655
31952252979
31952258045
31952263111
31952268421
31952273975
31952281055
31952286793
31952291798
31952297962
31952303089
31952309315
31952314136
31952319813
31952325794
31952330433
31952336475
31952341846
31952348926
31952354114
31952358082
31952365223
31952371265
31952376514
31952382374
31952387562
31952392750
31952399280
31952405323
31952410083
31952416675
31952421680
31952426807
31952432972
31952437854
31952444507
31952449939
31952455616
31952461841
31952467029
31952473621
31952478626
31952485034
31952490589
31952495166
31952500659
31952506641
31952513049
31952517505
31952523975
31952531116
31952538745
31952543384
31952550037
31952554614
31952562183
31952567065
31952572437
31952579028
31952585254
31952590808
31952596057
31952602222
31952607165
31952613696
31952620288
31952624744
31952630542
31952636890
31952641406
31952647510
31952653979
31952658740
31952664233
31952670886
31952675769
31952681201
31952687304
31952693408
31952699695
31952704760
31952710315
31952715564
31952721728
31952726611
31952731921
31952747119
31952755847
31952761767
31952768725
31952773242
31952779528
31952786364
31952791125
31952797106
31952803149
31952808154
31952814807
31952820178
31952825732
31952831103
31952836047
31952842333
31952847216
31952853686
31952859484
31952865771
31952870226
31952876940
31952882189
31952886340
31952893847
31952899950
31952905260
31952910693
31952917162
31952921313
31952927477
31952932299
31952938097
31952944994
31952950365
31952956652
31952960680
31952967211
31952972094
31952978075
31952985155
31952989916
31952996386
31953002245
31953007067
31953011644
31953017748
31953024584
31953029833
31953035082
31953040575
31953046740
31953052294
31953056627
31953062364
31953069872
31953075487
31953079943
31953086046
31953091417
31953096788
31953106493
31953111437
31953118089
31953122301
31953128649
31953133409
31953138780
31953143663
31953150865
31953156114
31953161729
31953166856
31953171251
31953177660
31953184190
31953189684
31953195055
31953200548
31953210496
31953214708
31953221544
31953227464
31953233507
31953238328
31953244249
31953248887
31953257005
31953262315
31953270372
31953276841
31953284044
31953289659
31953294908
31953299485
31953306077
31953312059
31953318223
31953322435
31953328416
31953335008
31953339463
31953346910
31953352281
31953357896
31953363877
31953369004
31953375108
31953380174
31953385728
31953391038
31953396165
31953402879
31953409043
31953413926
31953418992
31953425279
31953430345
31953437058
31953442246
31953447862
31953454453
31953460252
31953465501
31953470994
31953476060
31953481797
31953488389
31953493516
31953499436
31953504563
31953509324
31953516587
31953520554
31953527817
31953532944
31953538132
31953544663
31953549851
31953555283
31953560593
31953566575
31953573166
31953577866
31953583970
31953589036
31953594773
31953601243
31953605698
31953612107
31953617112
31953622788
31953627671
31953633591
31953639756
31953644699
31953652024
31953657090
31953662888
31953668442
31953673752
31953678757
31953684616
31953691696
31953697678
31953703354
31953708420
31953713608
31953719772
31953724228
31953731125
31953737534
31953747543
31953754135
31953759384
31953766037
31953772202
31953777145
31953783859
31953791367
31953797226
31953801681
31953809616
31953815170
31953820541
31953826095
31953832504
31953836716
31953843979
31953848556
31953855026
31953861313
31953865890
31953871750
31953878769
31953883957
31953889816
31953894943
31953900070
31953906601
31953912521
31953917770
31953922409
31953928756
31953933212
31953939804
31953944992
31953951217
31953957504
31953962326
31953968795
31953973251
31953979598
31953985336
31953989791
31953997054
31954002609
31954007430
31954012863
31954017989
31954023910
31954030563
31954035751
31954041793
31954046432
31954053024
31954059554
31954063705
31954070480
31954079147
31954083968
31954089461
31954095504
31954101974
31954107589
31954112838
31954118697
31954124862
31954129806
31954135665
31954140731
31954147567
31954152938
31954158980
31954163924
31954169661
31954175826
31954180159
31954186934
31954193648
31954198531
31954203475
31954208541
31954214644
31954219527
31954226119
31954232344
31954237166
31954243453
31954248763
31954253218
31954258773
31954265486
31954270552
31954276717
31954285445
31954292464
31954308699
31954314803
31954323103
31954328047
31954334090
31954338545
31954344099
31954352217
31954357832
31954363570
31954369734
31954375716
31954379927
31954387617
31954393599
31954399458
31954403792
31954410689
31954415755
31954418806
31954426985
31954432539
31954437483
31954443526
31954448530
31954455488
31954459395
31954467573
31954472639
31954478682
31954484602
31954489241
31954496138
31954501020
31954507673
31954513350
31954518415
31954524092
31954528669
31954534346
31954538862
31954547529
31954552473
31954558699
31954563032
31954569197
31954574079
31954581159
31954586592
31954592207
31954598432
31954603010
31954609113
31954614362
31954620344
31954626936
31954631757
31954637861
31954642194
31954648298
31954653303
31954659467
31954665571
31954670332
31954676374
31954681928
31954686445
31954691450
31954697248
31954704206
31954709455
31954714399
31954720075
31954724958
31954731611
31954736005
31954741987
31954749311
31954754560
31954760419
31954765241
31954769819
31954775861
31954780988
31954797284
31954803693
31954811811
31954818586
31954823774
31954829450
31954834577
31954840863
31954846479
31954851972
31954857343
31954861432
31954868756
31954874311
31954878644
31954883893
31954888410
31954894940
31954900739
31954905072
31954911176
31954915875
31954919660
31954926801
31954932477
31954938275
31954944501
31954949933
31954954755
31954960675
31954964948
31954969281
31954976544
31954981122
31954987408
31954994549
31955000531
31955006879
31955011029
31955017743
31955024274
31955031476
31955037762
31955044293
31955048810
31955054608
31955060772
31955067242
31955072308
31955077191
31955083722
31955088238
31955095074
31955100506
31955105633
31955112042
31955116742
31955121930
31955128277
31955133465
31955139508
31955145977
31955151409
31955156658
31955161358
31955167584
31955173321
31955180401
31955185467
31955191143
31955196148
31955201214
31955207379
31955212811
31955219952
31955225201
31955229900
31955236004
31955241070
31955247173
31955252544
31955257671
31955264812
31955270550
31955275494
31955281353
31955287884
31955296307
31955303265
31955309368
31955316631
31955321941
31955328167
31955333294
31955338299
31955345318
31955351848
31955356731
31955362835
31955367595
31955374126
31955382610
31955388042
31955394085
31955399273
31955405010
31955411602
31955415935
31955422405
31955427043
31955435772
31955441509
31955448101
31955453533
31955459026
31955465740
31955472026
31955476604
31955482768
31955487712
31955494548
31955500285
31955505351
31955510845
31955517253
31955522746
31955527995
31955533611
31955539043
31955545024
31955550090
31955555156
31955561809
31955567302
31955572185
31955577190
31955583415
31955587810
31955592509
31955600749
31955605693
31955611552
31955617168
31955621623
31955626872
31955632365
31955638347
31955644389
31955649333
31955655436
31955661845
31955667705
31955672404
31955680522
31955685466
31955691569
31955695964
31955701884
31955706950
31955711345
31955716899
31955723307
31955728312
31955734416
31955739360
31955745158
31955750895
31955756449
31955762492
31955767436
31955773356
31955778056
31955782572
31955788554
31955792887
31955800089
31955805766
31955813700
31955819315
31955826273
31955832987
31955838603
31955844340
31955848795
31955855448
31955860453
31955867350
31955872233
31955877604
31955883890
31955888529
31955894083
31955898234
31955903910
31955909037
31955915323
31955920206
31955925760
31955931742
31955937662
31955942118
31955946818
31955952433
31955959452
31955965311
31955970255
31955974955
31955980997
31955985209
31955991251
31955996012
31956001749
31956006510
31956012857
31956017679
31956023661
31956028421
31956034891
31956041971
31956046732
31956052469
31956056558
31956062418
31956067423
31956071634
31956079264
31956084818
31956089517
31956094766
31956099466
31956104837
31956109720
31956115579
31956122476
31956127603
31956132059
31956138834
31956142618
31956149210
31956153360
31956159708
31956165323
31956170023
31956175027
31956179727
31956184793
31956190958
31956195413
31956201761
31956206644
31956212320
31956217142
31956223367
31956228311
31956233560
31956238565
31956244851
31956251565
31956256997
31956261392
31956266824
31956271280
31956278421
31956284402
31956289163
31956294229
31956300210
31956304300
31956311563
31956317910
31956323953
31956331887
31956337075
31956343179
31956348001
31956354043
31956358926
31956365762
31956370339
31956375833
31956381814
31956385598
31956391641
31956395425
31956403848
31956408791
31956415139
31956419717
31956425210
31956431069
31956436135
31956443398
31956449075
31956454324
31956458962
31956465066
31956470132
31956475686
31956480630
31956486611
31956491494
31956497964
31956502663
31956508645
31956513344
31956518532
31956525796
31956530434
31956536355
31956541115
31956546914
31956551308
31956557351
31956563637
31956568276
31956574379
31956579506
31956584389
31956589516
31956595559
31956600441
31956607033
31956613259
31956617104
31956622353
31956628212
31956632912
31956637368
31956644814
31956649636
31956655739
31956659706
31956665688
31956669899
31956676003
31956682045
31956687721
31956692909
31956696633
31956703529
31956708107
31956714150
31956718544
31956725136
31956729469
31956735390
31956739540
31956745644
31956751076
31956755592
31956761940
31956768471
31956773598
31956780128
31956785072
31956791298
31956796852
31956803688
31956809669
31956814796
31956821937
31956827614
31956833900
31956840187
31956847755
31956852455
31956858803
31956863929
31956869606
31956875526
31956879860
31956885963
31956890846
31956898414
31956904152
31956910804
31956916786
31956921608
31956928443
31956933570
31956939552
31956945411
31956949806
31956955665
31956960182
31956966468
31956972755
31956977516
31956983253
31956989173
31956995521
31956999793
31957007118
31957011817
31957017982
31957022376
31957028541
31957033607
31957040015
31957046607
31957052283
31957058936
31957064002
31957069862
31957074378
31957081397
31957086585
31957092200
31957097022
31957103187
31957108619
31957113135
31957119056
31957124549
31957130836
31957136146
31957141211
31957146094
31957151343
31957156226
31957160010
31957167884
31957173438
31957178199
31957182959
31957188880
31957193274
31957199256
31957204322
31957212439
31957217566
31957222327
31957227088
31957230750
31957238074
31957242835
31957250159
31957255286
31957260840
31957265357
31957269812
31957275855
31957280188
31957287024
31957292822
31957299109
31957303320
31957309302
31957313635
31957320105
31957328589
31957335486
31957341223
31957347632
31957353247
31957358191
31957362524
31957369360
31957375464
31957380530
31957386450
31957392859
31957398596
31957405188
31957410437
31957415869
31957422034
31957426733
31957431494
31957436316
31957442358
31957447607
31957453894
31957459204
31957464270
31957469091
31957472815
31957481115
31957486120
31957492285
31957497778
31957502111
31957507299
31957512854
31957517187
31957522680
31957529394
31957535498
31957540380
31957546850
31957551489
31957558142
31957562475
31957568579
31957572973
31957579992
31957584631
31957591284
31957597204
31957605261
31957610632
31957620153
31957625402
31957631750
31957636633
31957643163
31957648229
31957654150
31957659338
31957665624
31957671239
31957677648
31957683263
31957688085
31957696081
31957701208
31957707860
31957714635
31957719396
31957724828
31957731298
31957736730
31957743200
31957749303
31957754613
31957759130
31957765233
31957770910
31957777257
31957782811
31957787084
31957793798
31957798680
31957804723
31957809056
31957817174
31957823644
31957829808
31957836461
31957842809
31957848668
31957855504
31957860997
31957868566
31957873937
31957881200
31957885411
31957892735
31957898229
31957903600
31957909886
31957914952
31957921300
31957925572
31957931493
31957938207
31957944005
31957948582
31957955663
31957961705
31957967381
31957972996
31957977513
31957984349
31957991429
31957995885
31958002049
31958007359
31958013341
31958018040
31958023961
31958031041
31958037022
31958043370
31958048008
31958053746
31958059483
31958065892
31958072300
31958078038
31958083531
31958088047
31958094700
31958101109
31958106175
31958111851
31958116307
31958123570
31958129002
31958133885
31958140415
31958146946
31958152134
31958158055
31958163120
31958169895
31958176182
31958182102
31958188328
31958193943
31958200169
31958206333
31958210545
31958217503
31958221592
31958227757
31958234165
31958239841
31958245640
31958250278
31958256382
31958262241
31958267796
31958272068
31958279087
31958286106
31958293186
31958300022
31958305881
31958313328
31958318943
31958323948
31958329014
31958336948
31958343784
31958349399
31958354526
31958359836
31958366367
31958370762
31958377292
31958382846
31958388706
31958394016
31958398777
31958404087
31958412021
31958418796
31958424472
31958429599
31958435642
31958441135
31958447605
31958453586
31958458530
31958463291
31958469577
31958476047
31958481174
31958485324
31958491611
31958497714
31958503391
31958509128
31958515842
31958521823
31958526462
31958532077
31958536838
31958544833
31958550021
31958555209
31958561740
31958566623
31958572421
31958576999
31958582553
31958589694
31958594638
31958602878
31958609469
31958616183
31958621127
31958626620
31958633151
31958639621
31958645358
31958650668
31958655734
31958662021
31958666293
31958673251
31958679171
31958683932
31958690280
31958694857
31958699740
31958705600
31958713534
31958719516
31958725680
31958730990
31958735812
31958741488
31958747897
31958754611
31958759249
31958765414
31958769930
31958776156
31958782015
31958787264
31958795077
31958803927
31958817721
31958828158
31958834383
31958842379
31958847811
31958854891
31958861544
31958867037
31958872835
31958880221
31958886568
31958892000
31958898714
31958904146
31958909640
31958915987
31958922579
31958929049
31958935396
31958941073
31958946016
31958950472
31958956698
31958962984
31958969149
31958975924
31958981600
31958987703
31958992037
31958998079
31959004976
31959009066
31959015963
31959021089
31959027010
31959031343
31959037386
31959042269
31959048311
31959053316
31959059725
31959064852
31959071016
31959076326
31959081026
31959087618
31959092561
31959098604
31959102632
31959108553
31959113985
31959118257
31959123750
31959129854
31959136140
31959141634
31959146577
31959151887
31959156648
31959161592
31959168794
31959174592
31959180208
31959185518
31959189790
31959196138
31959203340
31959208284
31959214631
31959219697
31959226838
31959232576
31959238862
31959245027
31959250703
31959256379
31959261628
31959268647
31959274629
31959279939
31959285920
31959291352
31959297517
31959303376
31959310456
31959315644
31959323884
31959330842
31959336701
31959343537
31959348725
31959355622
31959360444
31959367219
31959372346
31959378327
31959385163
31959389680
31959395844
31959402314
31959406831
31959414277
31959419648
31959425752
31959432587
31959437592
31959443146
31959448579
31959454926
31959459443
31959464936
31959471345
31959476838
31959482575
31959489228
31959494050
31959498444
31959504853
31959510041
31959516450
31959520905
31959526703
31959531952
31959536347
31959541413
31959547150
31959554780
31959559357
31959564911
31959569977
31959574982
31959580597
31959585846
31959594147
31959601899
31959608551
31959613129
31959618622
31959624237
31959628815
31959634674
31959641510
31959647003
31959652008
31959657746
31959663422
31959670563
31959676361
31959683624
31959688324
31959694122
31959698517
31959708222
31959714447
31959718475
31959724823
31959730988
31959737762
31959743500
31959749481
31959755096
31959760834
31959765289
31959773041
31959777557
31959783844
31959789764
31959795502
31959803131
31959808380
31959814239
31959821563
31959826202
31959832123
31959837433
31959842865
31959848968
31959854461
31959860565
31959866241
31959870880
31959877594
31959885223
31959893707
31959899383
31959908294
31959915557
31959921966
31959929351
31959935394
31959940338
31959945098
31959952178
31959957916
31959962982
31959969573
31959974212
31959981963
31959987274
31959992461
31959998443
31960004668
31960009490
31960015655
31960020232
31960026824
31960032989
31960038116
31960043853
31960049529
31960053558
31960060699
31960066741
31960071502
31960077178
31960084075
31960089812
31960094634
31960101165
31960107146
31960112639
31960118194
31960124358
31960129180
31960135589
31960140899
31960147551
31960151641
31960157805
31960161528
31960168303
31960174224
31960180083
31960183989
31960188872
31960195037
31960200042
31960206084
31960211821
31960217437
31960223418
31960229644
31960235442
31960241423
31960247588
31960252898
31960257170
31960261809
31960267180
31960272917
31960280669
31960289824
31960296538
31960303801
31960308623
31960314116
31960320952
31960331267
31960335905
31960343047
31960347136
31960354460
31960360319
31960366972
31960371062
31960376982
31960383147
31960386931
31960395109
31960401213
31960405913
31960411894
31960417021
31960423247
31960427946
31960434294
31960439726
31960444731
31960451140
31960456450
31960462797
31960468473
31960474882
31960479460
31960484098
31960489286
31960494474
31960501982
31960507597
31960512541
31960518461
31960523588
31960528837
31960536650
31960541654
31960546781
31960552580
31960557279
31960563322
31960569975
31960575651
31960582182
31960588163
31960593351
31960599149
31960605131
31960611478
31960617582
31960623624
31960629911
31960634428
31960640714
31960647672
31960653654
31960659269
31960666715
31960671476
31960678068
31960682462
31960690519
31960696805
31960703336
31960709501
31960715665
31960721647
31960727445
31960733732
31960740812
31960746183
31960751066
31960759671
31960766690
31960771451
31960777677
31960782010
31960789518
31960795621
31960800931
31960806180
31960812345
31960818387
31960822599
31960828092
31960832547
31960840421
31960845670
31960850553
31960855741
31960861722
31960866422
31960871060
31960877591
31960883572
31960888883
31960895169
31960899747
31960905118
31960909879
31960915555
31960921719
31960926236
31960932339
31960937344
31960943265
31960949307
31960953946
31960960843
31960966031
31960971951
31960976773
31960982266
31960987393
31960991727
31960997769
31961003934
31961010464
31961015896
31961022427
31961027005
31961033047
31961038113
31961044522
31961050930
31961055752
31961062222
31961067898
31961073697
31961078335
31961086087
31961091030
31961095364
31961101284
31961106167
31961110989
31961117031
31961123135
31961128811
31961133328
31961138882
31961142056
31961145657
31961148770
31961155911
31961159390
31961163845
31961167935
31961172390
31961176479
31961180996
31961185696
31961189724
31961193386
31961197903
31961200649
31961205837
31961208950
31961214932
31961227261
31961231838
31961235256
31961240322
31961244595
31961248989
31961253933
31961258266
31961262478
31961266994
31961275234
31961279079
31961283596
31961287685
31961290920
31961296291
31961299953
31961306057
31961309170
31961313442
31961318325
31961322292
31961326748
31961330898
31961335048
31961339260
31961342922
31961348354
31961353542
31961358425
31961364101
31961370205
31961373439
31961378200
31961381923
31961386318
31961389980
31961395290
31961400112
31961407802
31961411891
31961418056
31961423427
31961427455
31961431911
31961436794
31961440517
31961445278
31961449611
31961453456
31961458705
31961462978
31961468227
31961472011
31961476161
31961480861
31961484340
31961488490
31961493984
31961498134
31961502223
31961507411
31961511195
31961515285
31961520473
31961524867
31961528590
31961533595
31961537257
31961542506
31961546718
31961550563
31961555263
31961558681
31961564967
31961568996
31961573146
31961577479
31961581569
31961586207
31961591456
31961596644
31961600429
31961605189
31961611903
31961617152
31961622401
31961630458
31961636073
31961640956
31961645106
31961651088
31961655482
31961660304
31961666835
31961670314
31961676722
31961681239
31961685389
31961689723
31961693446
31961698634
31961702357
31961707728
31961711756
31961715968
31961721583
31961725489
31961731410
31961736354
31961740687
31961747218
31961752467
31961757716
31961762843
31961767603
31961772486
31961777491
31961782862
31961788538
31961793726
31961798182
31961803919
31961809412
31961815577
31961821070
31961826197
31961832423
31961836268
31961841456
31961847193
31961852869
31961857447
31961861597
31961866785
31961871729
31961875452
31961882899
31961889063
31961893336
31961897547
31961903589
31961907984
31961913721
31961918726
31961924219
31961929163
31961934046
31961938929
31961942957
31961948023
31961953699
31961959620
31961964685
31961968470
31961972254
31961977503
31961985437
31961990747
31961994715
31961999414
31962004419
31962009607
31962014002
31962020166
31962024500
31962029566
31962034876
31962039881
31962043970
31962051172
31962054956
31962063196
31962070947
31962077661
31962083337
31962087854
31962092493
31962100794
31962105859
31962111292
31962117029
31962122400
31962127405
31962132959
31962138696
31962143335
31962148035
31962154016
31962158899
31962162988
31962168298
31962174219
31962180688
31962185571
31962191919
31962195642
31962202722
31962206628
31962214135
31962220117
31962224450
31962229394
31962234643
31962239892
31962246789
31962251916
31962259362
31962264123
31962269799
31962273645
31962280847
31962285424
31962293054
31962297998
31962302636
31962310388
31962314843
31962319909
31962326501
31962331689
31962338281
31962343652
31962348901
31962354150
31962359704
31962366235
31962371789
31962376794
31962383141
31962388085
31962394311
31962399438
31962404137
31962408654
31962413293
31962420739
31962425622
31962432458
31962437157
31962441430
31962446862
31962451562
31962458764
31962464135
31962469079
31962474145
31962479149
31962484582
31962489342
31962495324
31962500146
31962510644
31962516320
31962522301
31962527550
31962532250
31962538964
31962547265
31962554467
31962562523
31962570824
31962577782
31962586449
31962596520
31962604332
31962610436
31962624230
31962631737
31962638268
31962646141
31962651695
31962659386
31962667198
31962673729
31962683861
31962689598
31962697533
31962704552
31962713402
31962720482
31962729576
31962734886
31962746422
31962751121
31962761803
31962769798
31962775413
31962784630
31962793114
31962801964
31962807091
31962815208
31962823570
31962831016
31962841087
31962847618
31962852684
31962860374
31962867942
31962874290
31962883018
31962888145
31962895835
31962903770
31962912864
31962919883
31962926109
31962933067
31962940879
31962948631
31962955284
31962961692
31962969932
31962979026
31962984153
31962994590
31963002586
31963009116
31963015464
31963022239
31963029746
31963037864
31963043967
31963054038
31963061362
31963067161
31963074912
31963082236
31963088889
31963093223
31963102805
31963110923
31963116904
31963126243
31963134665
31963141135
31963145530
31963154563
31963162375
31963167929
31963176352
31963180869
31963190146
31963198203
31963205527
31963211875
31963219443
31963227561
31963235312
31963241477
31963247885
31963255576
31963264792
31963272360
31963278098
31963287009
31963294394
31963300681
31963307516
31963313193
31963321616
31963330405
31963337179
31963346213
31963351645
31963360007
31963365500
31963374045
31963378744
31963389670
31963396506
31963401022
31963414816
31963422384
31963430258
31963435324
31963443991
31963452108
31963458334
31963464621
31963471395
31963479757
31963489096
31963497946
31963509909
31963518148
31963528524
31963539266
31963546346
31963553427
31963564108
31963572347
31963578329
31963587057
31963598226
31963604818
31963613485
31963620382
31963631063
31963640462
31963647420
31963654806
31963662313
31963670064
31963677022
31963683309
31963691182
31963696615
31963703512
31963713888
31963719198
31963726949
31963736348
31963744832
31963753072
31963760335
31963766927
31963776143
31963786946
31963793965
31963801900
31963809835
31963816426
31963822530
31963826436
31963835713
31963842854
31963849507
31963857564
31963864888
31963872640
31963877095
31963885640
31963893025
31963898763
31963906880
31963913777
31963920064
31963926778
31963933919
31963941304
31963947713
31963956258
31963962483
31963967915
31963976826
31963985188
31963994587
31964001668
31964010335
31964014851
31964024434
31964032185
31964038533
31964045185
31964052693
31964061177
31964069355
31964075947
31964082112
31964089375
31964098225
31964105183
31964111347
31964117695
31964126118
31964131855
31964140278
31964146443
31964155354
31964162678
31964169026
31964175861
31964183674
31964191792
31964198994
31964209064
31964215168
31964224018
31964230854
31964235432
31964244099
31964251911
31964257587
31964265827
31964272907
31964281757
31964290180
31964296467
31964300922
31964309955
31964317768
31964324726
31964331501
31964338886
31964349933
31964357074
31964362445
31964371112
31964378009
31964383503
31964392475
31964400592
31964410541
31964418842
31964428913
31964437213
31964445270
31964451679
31964456989
31964465167
31964469440
31964476825
31964485919
31964493915
31964499286
31964506793
31964512653
31964519427
31964526263
31964531512
31964538837
31964545489
31964553424
31964560626
31964565265
31964572162
31964579242
31964586566
31964593097
31964598285
31964604510
31964612445
31964622393
31964628070
31964637835
31964645099
31964653216
31964660846
31964669818
31964676959
31964683367
31964692279
31964702044
31964707720
31964717547
31964724444
31964729449
31964737872
31964747027
31964754656
31964763812
31964770403
31964778643
31964785418
31964790850
31964799517
31964808123
31964813494
31964821184
31964830645
31964839312
31964846148
31964854815
31964862078
31964867632
31964875628
31964883013
31964889177
31964893694
31964903032
31964911394
31964920733
31964926409
31964935076
31964941423
31964948198
31964954058
31964962603
31964969133
31964980913
31964985918
31964995378
31965003496
31965008928
31965017656
31965022356
31965031511
31965039263
31965044206
31965055376
31965063921
31965069109
31965076921
31965085344
31965093279
31965098405
31965107072
31965113908
31965122575
31965130754
31965137468
31965146196
31965153703
31965159318
31965167192
31965175859
31965181901
31965190812
31965198869
31965206682
31965214189
31965222429
31965229203
31965235978
31965244340
31965249589
31965257646
31965264604
31965274064
31965289628
31965298051
31965306047
31965313432
31965323808
31965328935
31965335221
31965344254
31965352128
31965357438
31965365006
31965374467
31965381608
31965387040
31965395036
31965399308
31965413163
31965420182
31965429642
31965435502
31965442094
31965454362
31965460160
31965468033
31965471940
31965483536
31965487687
31965495865
31965502762
31965510025
31965519181
31965524735
31965531632
31965541092
31965549637
31965553910
31965562455
31965573990
31965581681
31965589249
31965596268
31965603043
31965608719
31965618790
31965625260
31965632950
31965640030
31965645218
31965652481
31965660660
31965668228
31965675125
31965686234
31965692459
31965698318
31965705826
31965710953
31965718338
31965726517
31965735428
31965742508
31965752029
31965759903
31965765213
31965773208
31965779861
31965788223
31965794632
31965800186
31965807815
31965820388
31965828201
31965835037
31965841629
31965846267
31965856582
31965864456
31965872146
31965878799
31965883438
31965893142
31965901321
31965906814
31965917739
31965924026
31965932632
31965942031
31965948867
31965959121
31965967117
31965971999
31965981277
31965988845
31965996291
31966002639
31966007156
31966017104
31966022536
31966029922
31966039138
31966047378
31966052566
31966060317
31966067336
31966075698
31966081679
31966087111
31966094619
31966101455
31966111281
31966118667
31966124221
31966131850
31966140334
31966146498
31966155226
31966165236
31966171157
31966180312
31966193251
31966199965
31966208205
31966215529
31966224684
31966234267
31966243422
31966248305
31966259657
31966267775
31966277235
31966283888
31966293532
31966300734
31966305617
31966316420
31966324782
31966333571
31966344557
31966350477
31966358351
31966362807
31966371290
31966378615
31966385206
31966391249
31966395949
31966406263
31966414869
31966422560
31966430616
31966437574
31966444166
31966451307
31966456800
31966465406
31966473402
31966484083
31966491163
31966496473
31966504652
31966510755
31966519544
31966524244
31966533582
31966541822
31966546522
31966556410
31966564466
31966573377
31966577833
31966587232
31966592908
31966600782
31966606031
31966613905
31966624036
31966631361
31966636854
31966644971
31966651685
31966657239
31966665723
31966672071
31966680616
31966685438
31966698804
31966703443
31966710462
31966718030
31966724622
31966733289
31966737867
31966747266
31966754529
31966760755
31966769544
31966776441
31966782788
31966787366
31966798963
31966806836
31966813855
31966820569
31966828504
31966837781
31966845288
31966849622
31966858106
31966865857
31966871960
31966879102
31966887830
31966894849
31966900281
31966909070
31966915845
31966924206
31966928662
31966938244
31966946179
31966951367
31966960400
31966964917
31966976330
31966984631
31966992383
31967001111
31967008923
31967017834
31967025402
31967034863
31967040295
31967049511
31967058911
31967069470
31967077465
31967083569
31967094250
31967107372
31967113781
31967123303
31967129528
31967139843
31967147778
31967153271
31967161572
31967169018
31967175243
31967181835
31967189404
31967196911
31967202892
31967212048
31967219616
31967225719
31967232128
31967240063
31967247509
31967252758
31967260876
31967265392
31967273876
31967282360
31967291393
31967296947
31967305004
31967311657
31967318309
31967325145
31967334911
31967337597
31967350780
31967359142
31967364452
31967372753
31967379589
31967388622
31967393077
31967400524
31967408702
31967416454
31967425792
31967432567
31967438182
31967445995
31967454784
31967460765
31967468639
31967474010
31967482372
31967488475
31967497752
31967507091
31967513682
31967518504
31967527598
31967535716
31967542430
31967554942
31967564280
31967573192
31967578258
31967589549
31967596934
31967602549
31967610789
31967618052
31967626170
31967632762
31967642772
31967650706
31967657847
31967666148
31967672740
31967678111
31967685618
31967692698
31967701182
31967707469
31967716624
31967721324
31967731577
31967738963
31967745188
31967751719
31967758677
31967766245
31967773753
31967779917
31967789683
31967797129
31967805430
31967809519
31967817881
31967822764
31967830210
31967835642
31967841624
31967850596
31967857798
31967866587
31967871836
31967879709
31967885264
31967891245
31967896555
31967904306
31967910410
31967921335
31967929148
31967934641
31967941721
31967946787
31967954966
31967964426
31967973398
31967991770
31968000559
31968007334
31968011972
31968017710
31968025461
31968031320
31968040415
31968043955
31968052499
31968058603
31968064279
31968070810
31968077158
31968084177
31968089731
31968097665
31968104990
31968113718
31968120309
31968126657
31968130563
31968140146
31968145212
31968151315
31968159189
31968167306
31968172799
31968179330
31968186044
31968191537
31968195932
31968201852
31968208139
31968217660
31968222909
31968229989
31968236276
31968242929
31968247811
31968252206
31968258676
31968268014
31968274118
31968281137
31968286935
31968294869
31968301156
31968307565
31968314401
31968324166
31968331796
31968338509
31968343636
31968350289
31968357369
31968362740
31968369149
31968377877
31968386849
31968393014
31968399972
31968407357
31968414986
31968421395
31968427437
31968435006
31968442818
31968450081
31968456002
31968462655
31968468697
31968475960
31968482125
31968493905
31968501900
31968510384
31968520699
31968530404
31968535530
31968545662
31968552681
31968557564
31968566963
31968574654
31968583260
31968590340
31968595528
31968603279
31968610481
31968618782
31968625984
31968632820
31968641304
31968647713
31968656197
31968661812
31968671150
31968678719
31968683479
31968692085
31968700935
31968709541
31968719063
31968731575
31968742500
31968750618
31968762031
31968771065
31968780281
31968793281
31968800239
31968807686
31968814338
31968824470
31968831550
31968838203
31968844734
31968854927
31968861152
31968867561
31968873970
31968879096
31968883369
31968889778
31968894966
31968900581
31968906318
31968910835
31968915717
31968920966
31968924751
31968930183
31968934760
31968941230
31968946052
31968950507
31968956306
31968963508
31968966499
31968970832
31968976264
31968982856
31968989082
31968995063
31968998481
31969003242
31969010566
31969015693
31969022040
31969027656
31969034308
31969038154
31969043220
31969048835
31969053901
31969059211
31969066596
31969071662
31969076362
31969081977
31969086554
31969091559
31969097480
31969102851
31969109565
31969116034
31969121100
31969126532
31969131537
31969137152
31969141181
31969148261
31969154975
31969160773
31969165534
31969171393
31969176581
31969182135
31969187934
31969194220
31969200629
31969204901
31969210883
31969216376
31969221381
31969226874
31969231757
31969237799
31969243292
31969249152
31969255255
31969261115
31969266180
31969271674
31969276129
31969284369
31969291205
31969297125
31969302679
31969308417
31969314459
31969321417
31969324896
31969336554
31969343023
31969350348
31969355292
31969360480
31969365790
31969371405
31969377752
31969382574
31969389654
31969393255
31969400213
31969404181
31969411261
31969415777
31969421209
31969425909
31969433294
31969439032
31969444464
31969447515
31969454962
31969459112
31969465765
31969469915
31969477300
31969482488
31969488226
31969493597
31969499334
31969505193
31969512701
31969517217
31969523748
31969527410
31969534612
31969539922
31969545721
31969552618
31969557745
31969563116
31969568731
31969579534
31969584478
31969590520
31969596075
31969602361
31969608526
31969617559
31969623113
31969630865
31969636602
31969644048
31969651250
31969656621
31969666143
31969672979
31969681402
31969685857
31969693975
31969704351
31969709661
31969717962
31969722539
31969730901
31969738713
31969744756
31969753484
31969758000
31969768865
31969773809
31969783208
31969790898
31969798345
31969806401
31969813603
31969821233
31969826848
31969836675
31969844670
31969853520
31969859196
31969867070
31969875493
31969881169
31969889470
31969895024
31969902714
31969908940
31969919316
31969927739
31969934331
31969941716
31969949162
31969957280
31969962956
31969971684
31969976201
31969984868
31969995610
31970001408
31970007939
31970015995
31970021428
31970029606
31970038639
31970044682
31970053410
31970061466
31970073124
31970081181
31970091007
31970098698
31970106999
31970113590
31970122196
31970129582
31970139042
31970146244
31970153751
31970161381
31970166935
31970175053
31970180851
31970188480
31970195743
31970201298
31970209293
31970213749
31970220646
31970228031
31970234684
31970240421
31970247745
31970254032
31970262211
31970268253
31970273014
31970279789
31970286808
31970294071
31970300357
31970305729
31970312442
31970320987
31970327762
31970334964
31970341861
31970347110
31970354984
31970360721
31970367984
31970374027
31970380924
31970388736
31970396304
31970402164
31970411319
31970416568
31970424442
31970430972
31970439395
31970445682
31970452762
31970461673
31970468082
31970476627
31970483768
31970488956
31970496768
31970505923
31970511600
31970521060
31970530704
31970537967
31970542788
31970550113
31970556643
31970564761
31970572696
31970579104
31970583926
31970595462
31970603457
31970609378
31970618045
31970627627
31970635257
31970644778
31970651858
31970656619
31970667971
31970676455
31970683962
31970690737
31970700137
31970706240
31970714663
31970720767
31970730410
31970735232
31970744448
31970752810
31970761172
31970768984
31970775942
31970782168
31970786562
31970796572
31970804262
31970811037
31970820132
31970826296
31970831789
31970841921
31970847902
31970854555
31970862856
31970868166
31970876284
31970883852
31970893801
31970900209
31970905642
31970913515
31970922487
31970928225
31970935915
31970946840
31970951479
31970961244
31970971193
31970979311
31970990846
31970999513
31971008974
31971017763
31971023439
31971032228
31971039369
31971050295
31971057130
31971066225
31971073366
31971078676
31971085451
31971091615
31971099733
31971103822
31971116090
31971123231
31971130311
31971137941
31971144655
31971150636
31971157777
31971162965
31971172242
31971178163
31971189576
31971195985
31971202516
31971207093
31971216737
31971224855
31971231507
31971237855
31971242616
31971253907
31971262330
31971267518
31971276673
31971283448
31971288880
31971299195
31971303956
31971312867
31971321229
31971330201
31971337952
31971343324
31971352052
31971359803
31971366151
31971373902
31971381409
31971387025
31971395020
31971405640
31971410279
31971420045
31971426758
31971434388
31971440308
31971448548
31971454896
31971462098
31971471314
31971479310
31971487122
31971493409
31971497864
31971507386
31971515503
31971520630
31971530213
31971538330
31971548401
31971556519
31971561157
31971572022
31971579041
31971590271
31971596008
31971605713
31971614197
31971621521
31971630554
31971635925
31971643921
31971649414
31971658142
31971662781
31971670593
31971678650
31971686218
31971695007
31971702087
31971707580
31971715515
31971722168
31971730957
31971738098
31971744507
31971751343
31971765197
31971770385
31971779052
31971786682
31971793518
31971800109
31971808471
31971813049
31971821594
31971829040
31971838806
31971848815
31971856140
31971860961
31971870910
31971880493
31971888610
31971896606
31971901977
31971912292
31971923950
31971931274
31971936523
31971945800
31971952697
31971960265
31971965758
31971973876
31971981017
31971990417
31971997741
31972003295
31972009826
31972017028
31972024413
31972030883
31972038573
31972045653
31972055114
31972061217
31972068725
31972075316
31972083312
31972091307
31972098754
31972107238
31972115111
31972124694
31972132079
31972137694
31972145262
31972152037
31972158751
31972167052
31972172423
31972180235
31972188963
31972197447
31972203856
31972212645
31972217101
31972226927
31972232420
31972239195
31972248351
31972252867
31972260496
31972269408
31972276915
31972285338
31972290892
31972298338
31972306090
31972312193
31972320677
31972323363
31972337767
31972345457
31972353453
31972359373
31972367369
31972373777
31972380919
31972388304
31972396116
31972401548
31972412046
31972416990
31972426390
31972434324
31972441099
31972447386
31972455076
31972463133
31972468565
31972475889
31972486082
31972491392
31972498899
31972509031
31972515562
31972521787
31972526304
31972534788
31972544920
31972552671
31972562009
31972570066
31972576902
31972581602
31972590085
31972599119
31972606504
31972612974
31972620054
31972627378
31972638059
31972645627
31972654355
31972658750
31972666868
31972674802
31972682126
31972690000
31972694699
31972709958
31972720395
31972728391
31972732907
31972742795
31972749204
31972757443
31972769162
31972774777
31972789975
31972798032
31972806699
31972814877
31972821957
31972830075
31972837155
31972845029
31972847897
31972857907
31972864682
31972872555
31972876096
31972883176
31972888303
31972892880
31972900082
31972904904
31972910824
31972915219
31972921078
31972925107
31972929074
31972934018
31972939816
31972945736
31972949338
31972953793
31972959042
31972963131
31972966427
31972972409
31972975949
31972979977
31972985104
31972989254
31972993649
31972997921
31973001583
31973007992
31973012326
31973018063
31973021786
31973027157
31973031796
31973035824
31973041622
31973045712
31973051266
31973055538
31973059994
31973063961
31973068844
31973074398
31973080563
31973084957
31973092281
31973095089
31973100338
31973106075
31973110165
31973116268
31973121395
31973125546
31973130978
31973136532
31973140316
31973144466
31973149654
31973153622
31973160274
31973164425
31973171688
31973176083
31973180904
31973186581
31973191036
31973195553
31973199581
31973207210
31973212520
31973217220
31973222347
31973226742
31973230953
31973235836
31973241268
31973246578
31973251583
31973257015
31973261776
31973266964
31973271907
31973276790
31973281246
31973286373
31973292598
31973299739
31973307308
31973316524
31973322200
31973329036
31973334285
31973339962
31973343685
31973350887
31973355892
31973360164
31973366878
31973372371
31973376155
31973380855
31973386165
31973392024
31973397090
31973402461
31973407039
31973410823
31973416255
31973421443
31973425716
31973430171
31973434688
31973444698
31973448970
31973453609
31973458125
31973462764
31973467036
31973472652
31973477962
31973483272
31973488704
31973493709
31973498836
31973502925
31973509395
31973513789
31973521419
31973526668
31973533198
31973537471
31973542842
31973547419
31973552180
31973559688
31973565608
31973569880
31973574397
31973580134
31973585017
31973590083
31973595454
31973601496
31973606929
31973611933
31973616511
31973621089
31973626887
31973632441
31973638423
31973643000
31973647883
31973654048
31973657527
31973663996
31973669001
31973675227
31973681086
31973687739
31973692133
31973698847
31973704035
31973710444
31973715205
31973721430
31973726557
31973731440
31973736567
31973742426
31973747431
31973754877
31973759394
31973764948
31973770380
31973775568
31973779108
31973788508
31973795832
31973803461
31973811213
31973821833
31973827570
31973832758
31973839899
31973847956
31973855341
31973865351
31973871576
31973879023
31973886347
31973893976
31973900446
31973907343
31973915583
31973922602
31973929926
31973937433
31973946100
31973953607
31973959772
31973965936
31973970331
31973982721
31973990106
31973995416
31974003595
31974007929
31974014764
31974020746
31974028375
31974034601
31974040826
31974047906
31974055963
31974062311
31974069330
31974074029
31974083246
31974090082
31974095270
31974099298
31974112298
31974120660
31974125604
31974132867
31974138849
31974146783
31974150750
31974159112
31974166314
31974172357
31974180780
31974189691
31974196038
31974200250
31974210626
31974214898
31974225457
31974233087
31974239190
31974248284
31974255609
31974264459
31974271234
31974276910
31974285272
31974291924
31974300286
31974305901
31974315911
31974322686
31974329949
31974338311
31974344659
