31622835915
31622840981
31622845803
31622850136
31622855080
31622859108
31622863442
31622868019
31622871926
31622876503
31622879433
31622883583
31622888222
31622893044
31622898049
31622902077
31622906593
31622911476
31622916054
31622920937
31622925514
31622930275
31622935341
31622939980
31622944191
31622949135
31622954994
31622959938
31622965492
31622970863
31622975624
31622981056
31622987770
31622995521
31623000282
31623006447
31623012062
31623017921
31623026588
31623032875
31623038917
31623046730
31623050331
31623060035
31623066139
31623073097
31623079933
31623085548
31623094154
31623100013
31623106788
31623112465
31623121070
31623127357
31623134254
31623140174
31623147193
31623153785
31623160743
31623167640
31623174598
31623181251
31623187660
31623194618
31623201698
31623208534
31623214454
31623222755
31623229347
31623236305
31623242530
31623248939
31623256141
31623263648
31623270911
31623277198
31623286292
31623291602
31623298804
31623305091
31623311866
31623318275
31623324195
31623330665
31623336646
31623343299
31623349524
31623355506
31623363807
31623369239
31623377723
31623384375
31623390784
31623398780
31623406104
31623412513
31623420630
31623427222
31623433448
31623440772
31623449073
31623456031
31623462928
31623469580
31623475196
31623480811
31623489050
31623495581
31623502478
31623509741
31623516699
31623523596
31623530676
31623537878
31623541724
31623551428
31623558630
31623565222
31623569006
31623578040
31623584082
31623590552
31623598059
31623605444
31623612524
31623618323
31623625830
31623631689
31623639868
31623643591
31623655371
31623661535
31623668432
31623674414
31623681250
31623686926
31623692785
31623702185
31623709204
31623715612
31623721716
31623728125
31623735266
31623741064
31623749243
31623755041
31623763037
31623768530
31623777258
31623781225
31623790869
31623798986
31623806494
31623813329
31623818945
31623828832
31623835607
31623842138
31623849706
31623855810
31623864660
31623870702
31623879797
31623884008
31623894079
31623898656
31623910070
31623918554
31623925939
31623931371
31623937780
31623946813
31623953100
31623958837
31623965978
31623970922
31623978612
31623983434
31623992955
31623999059
31624006322
31624014196
31624021642
31624029027
31624035314
31624041600
31624049718
31624056798
31624063939
31624070775
31624075841
31624082799
31624089208
31624096349
31624103429
31624108861
31624117772
31624124852
31624132115
31624139928
31624145848
31624155919
31624162633
31624170323
31624178746
31624184300
31624192296
31624199559
31624206822
31624213414
31624222203
31624228978
31624238194
31624244969
31624252415
31624258824
31624268651
31624276280
31624284520
31624292393
31624299717
31624307164
31624314915
31624322667
31624331150
31624338658
31624345738
31624353794
31624360386
31624370579
31624378575
31624386997
31624396031
31624402378
31624411045
31624417698
31624425999
31624433750
31624443089
31624451511
31624459446
31624466343
31624473850
31624480625
31624488193
31624497227
31624505588
31624513096
31624519138
31624528477
31624536045
31624543247
31624550754
31624559482
31624568699
31624576816
31624583896
31624592380
31624599949
31624607639
31624615451
31624624301
31624632541
31624639133
31624646457
31624653293
31624661960
31624667819
31624679843
31624688327
31624694553
31624702548
31624710849
31624717807
31624724704
31624734226
31624740634
31624750583
31624757907
31624764804
31624770419
31624779697
31624788425
31624795322
31624802341
31624809421
31624815707
31624823337
31624829623
31624838351
31624845126
31624851352
31624858615
31624865817
31624872836
31624879977
31624886447
31624893771
31624900546
31624907626
31624914035
31624920871
31624928561
31624935153
31624943820
31624950839
31624958956
31624967013
31624973666
31624982089
31624987643
31624997225
31625007540
31625016818
31625023470
31625031405
31625039156
31625046481
31625054598
31625061983
31625069796
31625075716
31625085116
31625092135
31625098727
31625105257
31625112643
31625118258
31625126681
31625133944
31625140780
31625150240
31625155855
31625161348
31625168306
31625173128
31625180513
31625186068
31625191683
31625199068
31625204866
31625210360
31625217195
31625223726
31625231295
31625237520
31625243807
31625251253
31625256746
31625264864
31625270296
31625278780
31625286958
31625293184
31625300203
31625303621
31625311189
31625316011
31625322786
31625328462
31625333772
31625340242
31625345613
31625350679
31625356111
31625362520
31625366426
31625373262
31625377718
31625382844
31625388704
31625394441
31625398958
31625405855
31625410371
31625415620
31625422029
31625427339
31625432954
31625438508
31625444185
31625449434
31625454683
31625460054
31625465608
31625470979
31625476777
31625482637
31625487947
31625493623
31625498567
31625503022
31625510347
31625513581
31625520967
31625527253
31625532441
31625535676
31625542451
31625548982
31625554414
31625559785
31625564973
31625571443
31625575532
31625582002
31625587861
31625592744
31625598664
31625604768
31625609101
31625615571
31625620149
31625627168
31625630524
31625637605
31625643342
31625649323
31625655183
31625660188
31625665681
31625671296
31625677094
31625681428
31625688264
31625691376
31625699250
31625704621
31625708405
31625714448
31625720063
31625727326
31625732514
31625737702
31625743195
31625748627
31625753266
31625759614
31625765229
31625774872
31625780243
31625785920
31625792023
31625798310
31625804169
31625810822
31625820404
31625825836
31625831818
31625837494
31625842743
31625848480
31625852936
31625858795
31625864044
31625869782
31625875092
31625879608
31625885712
31625890228
31625898163
31625901520
31625908356
31625913849
31625919220
31625924408
31625929596
31625935638
31625940949
31625946381
31625952118
31625957794
31625961884
31625968231
31625973968
31625979034
31625983673
31625990509
31625996002
31626001434
31626004486
31626011627
31626017792
31626023590
31626029632
31626035064
31626039642
31626044891
31626050995
31626056854
31626062347
31626068206
31626073028
31626077423
31626084198
31626088592
31626094513
31626098907
31626106231
31626111175
31626117584
31626121917
31626127288
31626132476
31626138031
31626144378
31626149078
31626156951
31626161712
31626167022
31626173126
31626178863
31626184295
31626188384
31626195159
31626200958
31626207977
31626212615
31626218169
31626223846
31626230438
31626235564
31626240508
31626245757
31626251250
31626256744
31626263580
31626268951
31626274810
31626283477
31626288177
31626295440
31626302520
31626307891
31626315093
31626320403
31626328887
31626336028
31626340484
31626346892
31626352691
31626358245
31626364043
31626370208
31626376372
31626380767
31626387053
31626391448
31626397673
31626402190
31626409148
31626414153
31626419524
31626424834
31626430327
31626436003
31626441252
31626446746
31626452117
31626457671
31626462981
31626468840
31626474761
31626479521
31626485442
31626490752
31626496611
31626502165
31626506560
31626511870
31626518218
31626523650
31626527007
31626534392
31626537566
31626544768
31626551054
31626556609
31626559660
31626566801
31626573210
31626578520
31626584074
31626589690
31626596220
31626601225
31626606413
31626610930
31626617338
31626622587
31626627653
31626633269
31626638945
31626645109
31626651457
31626655912
31626660368
31626666227
31626673246
31626679594
31626684416
31626690214
31626695524
31626699675
31626706572
31626712370
31626717985
31626723539
31626728605
31626733549
31626738920
31626744657
31626748930
31626755400
31626761259
31626766569
31626773954
31626777677
31626783415
31626789884
31626794462
31626802763
31626808500
31626815458
31626820036
31626827177
31626831876
31626839384
31626847196
31626854276
31626859464
31626863981
31626870267
31626874784
31626881010
31626885099
31626892179
31626898160
31626903531
31626908719
31626914152
31626920255
31626926420
31626932767
31626937162
31626943143
31626947782
31626954313
31626958707
31626964566
31626969144
31626976041
31626979398
31626986417
31626991605
31626998014
31627003324
31627008573
31627013761
31627019132
31627024686
31627030118
31627035855
31627041104
31627046964
31627053006
31627058011
31627063748
31627068997
31627073026
31627078885
31627084744
31627090848
31627097501
31627103116
31627108548
31627113797
31627118192
31627123441
31627128995
31627135037
31627141751
31627145718
31627152432
31627156399
31627163419
31627167813
31627173611
31627178128
31627185879
31627189175
31627195950
31627201138
31627207730
31627213528
31627219510
31627224637
31627230374
31627236172
31627240445
31627247586
31627253384
31627258999
31627264920
31627268948
31627275052
31627279995
31627285244
31627288479
31627296963
31627302639
31627307278
31627314175
31627321072
31627326687
31627333157
31627339260
31627346707
31627352139
31627358792
31627364041
31627371304
31627376736
31627381741
31627387051
31627392605
31627398403
31627403835
31627409268
31627414578
31627420803
31627426601
31627431301
31627437099
31627442959
31627447475
31627453579
31627458218
31627464687
31627469021
31627475246
31627480617
31627485927
31627491665
31627496975
31627503689
31627507900
31627513698
31627519558
31627524685
31627530544
31627536709
31627541164
31627548061
31627553493
31627558803
31627564663
31627570095
31627575588
31627581081
31627586635
31627592189
31627597805
31627603603
31627608608
31627614284
31627620265
31627624782
31627631557
31627636623
31627642299
31627645656
31627653591
31627657985
31627663600
31627670070
31627676479
31627680873
31627685146
31627691554
31627697292
31627702236
31627708156
31627714076
31627720363
31627725124
31627730556
31627734828
31627741359
31627747523
31627752650
31627758083
31627763820
31627769984
31627774135
31627780788
31627783534
31627791469
31627797511
31627801417
31627808497
31627812770
31627817958
31627824306
31627830897
31627838710
31627844752
31627852687
31627860988
31627870021
31627874415
31627883448
31627889186
31627893031
31627898829
31627904200
31627908717
31627914210
31627920314
31627924342
31627930140
31627934596
31627940943
31627945826
31627951869
31627957606
31627962489
31627967372
31627972437
31627977198
31627982264
31627988307
31627993800
31627998988
31628004359
31628010401
31628013209
31628019251
31628023341
31628032252
31628037379
31628042628
31628046961
31628052210
31628056788
31628062342
31628068934
31628073145
31628078699
31628082850
31628089014
31628093165
31628098780
31628102930
31628108973
31628113795
31628118799
31628124170
31628129114
31628134852
31628139734
31628144434
31628150110
31628156153
31628161524
31628166163
31628171412
31628176294
31628180323
31628186548
31628190821
31628197412
31628200464
31628206690
31628210718
31628217432
31628220301
31628228418
31628232996
31628237879
31628242945
31628247827
31628253687
31628257349
31628263269
31628269068
31628274194
31628279505
31628284754
31628288782
31628293909
31628297998
31628304041
31628308252
31628315698
31628322412
31628329187
31628335168
31628344263
31628350915
31628357873
31628362085
31628373193
31628379297
31628387964
31628394922
31628400232
31628405237
31628410058
31628416101
31628421960
31628426904
31628432580
31628439477
31628444726
31628449975
31628455102
31628460229
31628465844
31628470971
31628476953
31628481408
31628488000
31628490991
31628498864
31628502282
31628508996
31628515466
31628521325
31628526269
31628531579
31628537133
31628542687
31628548242
31628553674
31628560449
31628564416
31628571679
31628576257
31628582604
31628587182
31628593469
31628597863
31628603906
31628609521
31628615014
31628620202
31628625268
31628631615
31628635461
31628641808
31628648278
31628653710
31628657006
31628663720
31628670006
31628675133
31628680016
31628685998
31628691796
31628696129
31628702965
31628705712
31628712792
31628719018
31628724816
31628731347
31628735741
31628741539
31628747826
31628753014
31628757958
31628763268
31628769310
31628774865
31628781517
31628785790
31628791283
31628795616
31628804222
31628809594
31628813500
31628820030
31628825463
31628830284
31628835289
31628844567
31628849205
31628855370
31628861168
31628866905
31628872521
31628878258
31628884300
31628895531
31628900597
31628907677
31628913536
31628918968
31628924400
31628930321
31628936729
31628940697
31628947044
31628952782
31628957603
31628963463
31628969078
31628975548
31628980797
31628983909
31628990806
31628995872
31629002342
31629005455
31629013817
31629019371
31629024376
31629029991
31629033836
31629039818
31629044822
31629049827
31629055381
31629061485
31629065757
31629071922
31629076194
31629082237
31629085105
31629092979
31629098533
31629103599
31629108665
31629113548
31629118248
31629123191
31629128501
31629134666
31629140220
31629144370
31629149681
31629155174
31629160179
31629164634
31629170982
31629175865
31629182151
31629187949
31629193198
31629200340
31629204490
31629211997
31629216819
31629222434
31629228049
31629233726
31629240440
31629246116
31629251548
31629257774
31629261802
31629268272
31629274802
31629279807
31629285239
31629290732
31629296897
31629301353
31629307273
31629312949
31629318137
31629320945
31629329612
31629334922
31629341086
31629346946
31629352988
31629358847
31629363974
31629370627
31629378501
31629384055
31629388510
31629394187
31629399863
31629405966
31629412863
31629419028
31629424521
31629430136
31629434775
31629440451
31629445761
31629451438
31629456320
31629462119
31629467490
31629472128
31629478354
31629482749
31629488425
31629492880
31629500266
31629506064
31629511557
31629517294
31629522543
31629527670
31629532919
31629537924
31629543478
31629548910
31629554343
31629560629
31629564841
31629571799
31629576376
31629583029
31629587363
31629593222
31629597738
31629603964
31629608542
31629614523
31629620871
31629626120
31629631369
31629636740
31629641989
31629647421
31629653097
31629658407
31629664328
31629669760
31629676535
31629680685
31629686422
31629692282
31629698507
31629702902
31629708700
31629713156
31629720419
31629725546
31629730734
31629736105
31629741293
31629746969
31629752828
31629757650
31629762045
31629769186
31629772176
31629780477
31629785848
31629793783
31629799093
31629805074
31629810445
31629814901
31629820028
31629828390
31629832784
31629839193
31629844930
31629850057
31629855978
31629859884
31629867086
31629873128
31629879232
31629887044
31629893026
31629898397
31629903890
31629910848
31629917562
31629923787
31629929891
31629935994
31629941243
31629946553
31629952413
31629958272
31629963826
31629969259
31629974385
31629979879
31629985677
31629991353
31629997152
31630002950
31630008321
31630014241
31630018819
31630024617
31630029195
31630034932
31630039937
31630046529
31630051839
31630057210
31630062459
31630065572
31630072225
31630077351
31630084371
31630089681
31630095357
31630100789
31630106221
31630111958
31630115987
31630123006
31630129170
31630135457
31630139912
31630146199
31630150777
31630157063
31630162312
31630168416
31630171467
31630178303
31630183674
31630190266
31630196675
31630202473
31630208027
31630213826
31630219990
31630226338
31630231953
31630237080
31630243855
31630249287
31630254841
31630260823
31630266621
31630271748
31630278035
31630283589
31630288655
31630295674
31630301472
31630307576
31630312397
31630318135
31630323933
31630329243
31630335285
31630340351
31630345539
31630352131
31630355915
31630361653
31630367329
31630373737
31630379170
31630384480
31630390400
31630396320
31630402363
31630408344
31630415607
31630419941
31630427082
31630432880
31630437763
31630442707
31630450092
31630455036
31630462665
31630466083
31630472919
31630477314
31630483906
31630489521
31630494770
31630499897
31630505207
31630510761
31630516315
31630522724
31630528400
31630533588
31630539753
31630545429
31630549884
31630556720
31630561176
31630567768
31630572712
31630579547
31630585834
31630594318
31630601093
31630604755
31630612262
31630618305
31630624042
31630630084
31630639118
31630645221
31630650043
31630657794
31630663654
31630669452
31630675678
31630682819
31630687885
31630693988
31630699970
31630704730
31630711505
31630716693
31630723163
31630728900
31630734637
31630741473
31630745868
31630751483
31630758990
31630764422
31630769183
31630774127
31630780536
31630784930
31630790729
31630795001
31630801776
31630806659
31630812152
31630818316
31630823504
31630827838
31630833148
31630838946
31630844378
31630850970
31630854937
31630861712
31630865619
31630871234
31630877032
31630882525
31630888324
31630893756
31630898333
31630904437
31630910845
31630916094
31630921771
31630928057
31630934405
31630940569
31630948443
31630951861
31630959185
31630966082
31630975237
31630981036
31630987750
31630994708
31631000201
31631004290
31631010821
31631015459
31631022356
31631027605
31631032915
31631037920
31631043291
31631049822
31631055254
31631060381
31631065691
31631070757
31631076006
31631082232
31631086321
31631092486
31631098528
31631104082
31631108416
31631114519
31631118853
31631125811
31631131670
31631137102
31631142962
31631146868
31631153582
31631159441
31631164629
31631168962
31631175798
31631182146
31631187334
31631192888
31631196978
31631203874
31631208208
31631215593
31631220781
31631226091
31631231157
31631237016
31631243364
31631249040
31631254778
31631260820
31631266680
31631272356
31631277666
31631282915
31631288713
31631295305
31631301469
31631307390
31631312944
31631318254
31631324113
31631329546
31631334917
31631340410
31631346574
31631352312
31631358110
31631362688
31631369646
31631373247
31631381364
31631387102
31631392595
31631397233
31631401689
31631408220
31631413774
31631419206
31631424821
31631429887
31631435869
31631442827
31631449174
31631453569
31631460527
31631466691
31631473222
31631478227
31631483293
31631488053
31631495195
31631501725
31631507768
31631513139
31631518327
31631524980
31631529069
31631535722
31631541337
31631547257
31631551835
31631557694
31631562150
31631568314
31631573014
31631579362
31631583939
31631590165
31631596391
31631601823
31631604997
31631611710
31631618241
31631623673
31631628861
31631634537
31631639725
31631644974
31631650773
31631656205
31631661088
31631666337
31631673478
31631677506
31631684037
31631688126
31631694657
31631699235
31631705460
31631709977
31631717057
31631721390
31631727616
31631732071
31631744095
31631749283
31631754715
31631760453
31631766251
31631771988
31631777481
31631782364
31631788956
31631794510
31631800125
31631804337
31631812027
31631817215
31631822342
31631827652
31631832962
31631840653
31631846085
31631852127
31631857437
31631862076
31631866165
31631874344
31631881302
31631885025
31631891251
31631897110
31631901810
31631907181
31631912552
31631916885
31631923416
31631928726
31631933426
31631939407
31631944168
31631950516
31631958267
31631962784
31631970596
31631975235
31631980179
31631989761
31631995987
31632001541
31632007766
31632012649
31632019119
31632024368
31632029190
31632035659
31632040970
31632045059
31632052566
31632059219
31632062820
31632068801
31632074234
31632078994
31632084182
31632090530
31632096756
31632101394
31632106094
31632112503
31632117507
31632122207
31632128494
31632134414
31632138687
31632144668
31632150039
31632156448
31632161575
31632168105
31632172805
31632178237
31632183730
31632190078
31632193862
31632201369
31632206802
31632212112
31632218398
31632223647
31632228835
31632235671
31632239944
31632245132
31632250320
31632255935
31632261245
31632265761
31632273635
31632278152
31632283095
31632290053
31632294570
31632300979
31632306655
31632310683
31632317153
31632322341
31632327590
31632333510
31632338698
31632343703
31632350478
31632354018
31632359694
31632363295
31632370131
31632375869
31632382155
31632388503
31632393996
31632399245
31632405348
31632411574
31632418288
31632422621
31632428176
31632434218
31632439833
31632446852
31632452956
31632459242
31632463027
31632469069
31632473708
31632479628
31632484023
31632491530
31632496535
31632502516
31632509047
31632513014
31632518446
31632525404
31632530958
31632536146
31632541945
31632547072
31632551771
31632556654
31632562636
31632567335
31632574110
31632577894
31632583693
31632589003
31632596022
31632601088
31632606764
31632612806
31632618116
31632622755
31632628431
31632632826
31632638624
31632644911
31632650770
31632656813
31632662245
31632668531
31632675001
31632680128
31632684645
31632690138
31632695204
31632700880
31632706373
31632713453
31632718092
31632723890
31632728346
31632733778
31632738661
31632745313
31632750257
31632756117
31632760694
31632764723
31632772413
31632778455
31632784010
31632787977
31632793897
31632798597
31632803785
31632809034
31632816663
31632821790
31632826856
31632832227
31632836500
31632845167
31632851758
31632857679
31632863294
31632870069
31632875745
31632880567
31632885206
31632894910
31632901929
31632910230
31632915174
31632922742
31632927686
31632932996
31632938733
31632944837
31632950635
31632953260
31632961133
31632966687
31632970349
31632977246
31632982617
31632987744
31632992749
31632999036
31633004529
31633009900
31633016065
31633020276
31633025525
31633030164
31633037000
31633041516
31633046399
31633051587
31633056409
31633063672
31633070264
31633075391
31633080090
31633086133
31633091321
31633096448
31633104077
31633107983
31633113293
31633118542
31633123181
31633129651
31633134839
31633139600
31633145642
31633150342
31633156018
31633158826
31633166638
31633171948
31633178052
31633182568
31633188000
31633192761
31633199109
31633205334
31633210766
31633216443
31633219311
31633225903
31633231579
31633236950
31633243481
31633248303
31633253491
31633259533
31633264965
31633269543
31633276501
31633281201
31633286816
31633293225
31633299023
31633305859
31633312084
31633317089
31633323010
31633328259
31633333813
31633340038
31633346691
31633352184
31633357128
31633363415
31633368481
31633373791
31633378857
31633385204
31633392895
31633395580
31633402966
31633407299
31633412609
31633420544
31633425793
31633431286
31633436535
31633440990
31633448620
31633455089
31633458690
31633464428
31633470592
31633475414
31633481518
31633487255
31633493664
31633500744
31633506115
31633510875
31633516185
31633521007
31633527843
31633532177
31633537792
31633544384
31633549266
31633555797
31633561840
31633567577
31633574596
31633579906
31633585521
31633591442
31633595714
31633602306
31633608898
31633611949
31633618419
31633622692
31633627452
31633634654
31633641857
31633645397
31633650585
31633654247
31633662059
31633668163
31633672130
31633679881
31633686107
31633690196
31633695934
31633701488
31633707164
31633713023
31633717662
31633722911
31633729137
31633734508
31633739940
31633745860
31633753673
31633758861
31633764171
31633771007
31633776561
31633781505
31633791087
31633797496
31633802195
31633809520
31633814952
31633820689
31633828257
31633832347
31633839793
31633847483
31633854319
31633861521
31633869761
31633877146
31633884410
31633891062
31633896372
31633901499
31633906260
31633912608
31633919932
31633924754
31633930125
31633935069
31633942088
31633946665
31633952586
31633957163
31633963572
31633967905
31633975718
31633981394
31633986338
31633991526
31633997263
31634001597
31634007212
31634013255
31634018565
31634025584
31634029734
31634035288
31634040354
31634046274
31634051096
31634055674
31634061838
31634067026
31634071665
31634078196
31634081675
31634090403
31634095713
31634100596
31634106699
31634112009
31634117014
31634122507
31634126291
31634134653
31634140024
31634144053
31634150827
31634155649
31634163217
31634169748
31634175119
31634179819
31634185129
31634189890
31634195932
31634202341
31634206735
31634213144
31634218393
31634224985
31634229074
31634237436
31634243723
31634250070
31634255441
31634261850
31634269663
31634276498
31634282236
31634286996
31634293771
31634297983
31634304697
31634310129
31634316110
31634322031
31634327463
31634332407
31634337228
31634342721
31634348459
31634354867
31634359567
31634365793
31634371713
31634377145
31634383310
31634389840
31634393930
31634401681
31634407174
31634412301
31634420297
31634426889
31634430795
31634436898
31634441903
31634448251
31634452401
31634459359
31634464852
31634470956
31634477182
31634482186
31634489083
31634494149
31634499826
31634505685
31634511544
31634516488
31634521798
31634527657
31634534615
31634541024
31634546212
31634552071
31634558480
31634564156
31634570748
31634575692
31634581612
31634587167
31634591561
31634597237
31634602486
31634608102
31634614083
31634618905
31634626046
31634631173
31634637520
31634643746
31634649972
31634655343
31634660042
31634665658
31634670601
31634676339
31634685311
31634690682
31634697091
31634703316
31634709725
31634714608
31634720650
31634727547
31634732674
31634739693
31634745186
31634752999
31634757698
31634764046
31634769600
31634776253
31634781990
31634787606
31634792244
31634797310
31634804634
31634810005
31634815193
31634821968
31634826363
31634832161
31634837166
31634844063
31634848824
31634854195
31634860176
31634866707
31634872017
31634877632
31634884224
31634889595
31634895088
31634900825
31634906563
31634912666
31634919014
31634924995
31634928657
31634935799
31634941231
31634946297
31634952522
31634956672
31634963692
31634970283
31634974617
31634981880
31634987983
31634993293
31634999763
31635005317
31635010811
31635017830
31635023140
31635029182
31635034675
31635042732
31635048408
31635053230
31635059333
31635064643
31635070808
31635076972
31635082038
31635088386
31635092658
31635100410
31635105476
31635110786
31635116096
31635122321
31635127326
31635133552
31635137824
31635144477
31635149848
31635156440
31635162116
31635167060
31635174384
31635181098
31635187751
31635193977
31635197944
31635205451
31635210883
31635217475
31635224128
31635229377
31635235236
31635240974
31635245551
31635251411
31635255927
31635262702
31635268561
31635273932
31635279548
31635284797
31635289618
31635294990
31635300544
31635306708
31635312629
31635318061
31635324042
31635327948
31635334479
31635340339
31635345710
31635351508
31635356757
31635361151
31635367072
31635371588
31635377692
31635382331
31635390265
31635395636
31635400885
31635406928
31635412177
31635416815
31635422309
31635428168
31635433417
31635438544
31635444708
31635451239
31635455817
31635461737
31635466132
31635472357
31635477728
31635482977
31635489386
31635494574
31635499884
31635505621
31635511359
31635517889
31635522406
31635528754
31635533880
31635539252
31635544379
31635549383
31635555426
31635561163
31635565619
31635571844
31635576178
31635582403
31635589300
31635595404
31635601080
31635605230
31635610785
31635617071
31635622198
31635625250
31635633184
31635638006
31635643072
31635648870
31635654669
31635660467
31635665350
31635672979
31635680364
31635686346
31635692694
31635698309
31635704412
31635711187
31635716436
31635720281
31635726934
31635733648
31635739141
31635745245
31635751165
31635757208
31635763128
31635769170
31635773565
31635779729
31635784185
31635790166
31635794744
31635802557
31635807745
31635813055
31635818304
31635823797
31635828985
31635834234
31635840764
31635846136
31635851873
31635855901
31635861883
31635867193
31635873540
31635877508
31635884404
31635888921
31635894536
31635899053
31635905706
31635910222
31635916997
31635922246
31635927800
31635933843
31635939092
31635944341
31635949712
31635955144
31635960637
31635966191
31635971807
31635977239
31635982915
31635988896
31635993352
31635999333
31636003789
31636010564
31636016789
31636020879
31636025884
31636032597
31636037480
31636042546
31636048283
31636054326
31636060490
31636065007
31636070622
31636077153
31636082402
31636087529
31636093327
31636098088
31636103642
31636109441
31636114384
31636119511
31636126164
31636131962
31636137883
31636142155
31636148503
31636153508
31636158696
31636163762
31636169499
31636176152
31636179997
31636186467
31636191044
31636198369
31636203312
31636209782
31636217778
31636224064
31636228886
31636234745
31636240788
31636245610
31636253849
31636258976
31636265080
31636269535
31636276432
31636280827
31636286747
31636291264
31636298832
31636304081
31636309391
31636315434
31636320805
31636325688
31636331059
31636336430
31636341984
31636348026
31636354008
31636359501
31636363407
31636369328
31636375004
31636381413
31636385563
31636391483
31636398136
31636403385
31636408756
31636414066
31636420231
31636424198
31636430973
31636435612
31636441898
31636448246
31636453678
31636459110
31636464603
31636469852
31636475284
31636480777
31636486332
31636491947
31636497440
31636503360
31636508915
31636514530
31636519107
31636526371
31636531437
31636536563
31636542057
31636547306
31636553958
31636558231
31636564518
31636568912
31636575077
31636581607
31636586734
31636591861
31636597476
31636602725
31636607059
31636613346
31636617740
31636625247
31636630557
31636635806
31636642093
31636646121
31636652286
31636656619
31636663760
31636670352
31636675479
31636681155
31636686771
31636691287
31636696902
31636703189
31636709842
31636715762
31636721805
31636726687
31636732669
31636738711
31636744937
31636750552
31636756961
31636761661
31636769534
31636774600
31636781924
31636786563
31636793216
31636797549
31636804385
31636809573
31636816043
31636821109
31636826419
31636832705
31636838382
31636843508
31636848452
31636853457
31636858767
31636863040
31636867984
31636873538
31636880068
31636885501
31636889773
31636895510
31636899661
31636906069
31636910952
31636916689
31636921999
31636926882
31636929751
31636936465
31636941409
31636946352
31636951907
31636957583
31636964053
31636967898
31636974123
31636978640
31636984377
31636988406
31636994448
31636998904
31637005007
31637009035
31637015383
31637020327
31637025271
31637030886
31637035952
31637041384
31637046328
31637050417
31637055300
31637060671
31637065554
31637070986
31637076906
31637081362
31637086855
31637093691
31637099306
31637104067
31637109316
31637114626
31637120790
31637125795
31637132509
31637137758
31637141664
31637148806
31637154787
31637160768
31637166078
31637171083
31637175966
31637180849
31637183718
31637192262
31637197634
31637203005
31637207338
31637212648
31637218691
31637224855
31637233644
31637239992
31637245424
31637252260
31637258913
31637263673
31637271181
31637283571
31637288515
31637293886
31637298891
31637304872
31637307985
31637315675
31637321962
31637327333
31637332948
31637338319
31637342958
31637348512
31637355043
31637359071
31637365724
31637370485
31637378663
31637384645
31637390260
31637396180
31637401857
31637406739
31637412599
31637417482
31637423219
31637428407
31637434205
31637440065
31637444581
31637451112
31637456910
31637462586
31637468812
31637474122
31637480104
31637485780
31637491700
31637495057
31637501954
31637508485
31637513307
31637518189
31637524049
31637529359
31637535035
31637540833
31637546143
31637551087
31637557923
31637563416
31637568177
31637573792
31637579469
31637584046
31637590699
31637595643
31637600831
31637606141
31637611329
31637617249
31637622681
31637627808
31637634705
31637640259
31637645630
31637650818
31637656373
31637661988
31637667420
31637671753
31637679810
31637683045
31637691529
31637696045
31637701111
31637707215
31637711670
31637717957
31637726868
31637732788
31637738709
31637743958
31637750611
31637755554
31637761963
31637766480
31637773377
31637779785
31637785645
31637791687
31637797791
31637803162
31637808594
31637815064
31637819092
31637825684
31637830139
31637836060
31637840515
31637846985
31637851318
31637858398
31637864014
31637869568
31637874817
31637880005
31637885925
31637891174
31637897095
31637901184
31637908081
31637912292
31637919067
31637923645
31637929443
31637935242
31637940246
31637946777
31637951660
31637956238
31637962097
31637968933
31637974060
31637979126
31637984497
31637989868
31637995239
31638001831
31638006042
31638012268
31638017761
31638023864
31638028320
31638034668
31638039245
31638045654
31638052185
31638057678
31638062683
31638067993
31638075073
31638079345
31638085754
31638091247
31638096618
31638102111
31638108520
31638113281
31638119018
31638124694
31638128967
31638137450
31638142577
31638147826
31638153136
31638157043
31638163329
31638169677
31638174804
31638179870
31638185607
31638190734
31638195800
31638202026
31638206054
31638213500
31638219848
31638225280
31638230224
31638235351
31638241942
31638246947
31638253600
31638259704
31638268737
31638274291
31638279540
31638285827
31638292052
31638297606
31638304320
31638310424
31638315490
31638321837
31638326476
31638333556
31638338683
31638344420
31638349730
31638354918
31638358031
31638364989
31638371031
31638376341
31638382140
31638387389
31638393004
31638398497
31638404601
31638408812
31638415526
31638421202
31638426634
31638432311
31638437315
31638441710
31638448241
31638452757
31638458922
31638465453
31638470641
31638476195
31638481810
31638486876
31638492308
31638497374
31638503050
31638509947
31638514342
31638520628
31638527281
31638532591
31638537901
31638543333
31638548765
31638554197
31638560728
31638564757
31638570921
31638575255
31638580992
31638587217
31638592833
31638598387
31638603636
31638610106
31638614256
31638621031
31638625608
31638631590
31638637327
31638642576
31638647886
31638653196
31638658628
31638663938
31638669615
31638675657
31638682554
31638686765
31638693540
31638698057
31638704588
31638709959
31638715330
31638720762
31638726133
31638731443
31638736753
31638742490
31638747984
31638753965
31638759885
31638765195
31638772031
31638777647
31638782713
31638789121
31638794736
31638800474
31638804868
31638811826
31638817869
31638823972
31638827268
31638835142
31638843137
31638846982
31638853574
31638859495
31638865171
31638869626
31638875608
31638880124
31638887754
31638891172
31638897947
31638903745
31638909116
31638913816
31638920591
31638925901
31638931516
31638936521
31638942380
31638947263
31638953122
31638958005
31638963986
31638970700
31638975156
31638981137
31638986264
31638992002
31638997678
31639003049
31639008298
31639015439
31639020139
31639025571
31639031491
31639035642
31639042111
31639047849
31639054501
31639059140
31639065671
31639071103
31639076352
31639081418
31639086728
31639091794
31639099423
31639104489
31639109677
31639114865
31639120419
31639126706
31639131039
31639138241
31639142697
31639149167
31639154721
31639158688
31639165219
31639169552
31639175717
31639180233
31639186947
31639192318
31639197384
31639203671
31639207577
31639214352
31639221066
31639226132
31639229184
31639237240
31639241329
31639246395
31639253109
31639259091
31639265133
31639270382
31639275570
31639280697
31639286556
31639293514
31639297421
31639304257
31639310421
31639316219
31639322079
31639326840
31639333065
31639339230
31639346310
31639352352
31639357540
31639364071
31639368649
31639375240
31639380733
31639386227
31639391598
31639396908
31639402340
31639407589
31639413204
31639418575
31639424434
31639430111
31639435848
31639439815
31639446590
31639452511
31639457821
31639461971
31639469600
31639474300
31639480770
31639485347
31639491695
31639496273
31639502559
31639507625
31639515499
31639519893
31639525203
31639531002
31639536434
31639542110
31639546199
31639553340
31639559017
31639563777
31639569759
31639575923
31639580501
31639586910
31639591548
31639598018
31639603267
31639608699
31639614192
31639619441
31639624812
31639630061
31639635860
31639641292
31639647212
31639653072
31639657893
31639663631
31639668636
31639674556
31639680110
31639684505
31639691035
31639695613
31639701778
31639707027
31639713374
31639717891
31639723567
31639731074
31639735530
31639741939
31639747066
31639752192
31639757625
31639763667
31639769404
31639775081
31639780452
31639785151
31639792292
31639797725
31639802974
31639809443
31639814082
31639820735
31639826289
31639832759
31639839656
31639847773
31639852107
31639858454
31639864253
31639870539
31639876338
31639882563
31639888484
31639895197
31639900385
31639905879
31639910944
31639916193
31639921320
31639926630
31639933283
31639937312
31639944148
31639948725
31639954951
31639959589
31639965876
31639970332
31639976557
31639981135
31639987238
31639991938
31639998347
31640003535
31640009333
31640016596
31640022028
31640026972
31640032465
31640038080
31640043879
31640049738
31640053827
31640060297
31640066095
31640071222
31640077143
31640082636
31640087214
31640093805
31640098993
31640104364
31640110468
31640115961
31640121271
31640128046
31640133722
31640139215
31640144709
31640151117
31640156427
31640161188
31640166071
31640169123
31640175592
31640181085
31640187921
31640193170
31640196832
31640203607
31640209284
31640213678
31640219049
31640225092
31640229303
31640235712
31640239984
31640245660
31640249689
31640255609
31640261652
31640267023
31640272272
31640277338
31640283502
31640287408
31640293878
31640298089
31640303644
31640310358
31640315668
31640318780
31640325372
31640330682
31640338739
31640345209
31640352777
31640359796
31640366754
31640372491
31640378106
31640384210
31640390313
31640397027
31640402276
31640409112
31640415338
31640420587
31640423638
31640431817
31640437249
31640442681
31640448358
31640453790
31640459588
31640465570
31640472589
31640481561
31640486932
31640492791
31640498712
31640504144
31640508904
31640516534
31640521356
31640528680
31640532342
31640541192
31640547234
31640553216
31640556939
31640566888
31640573785
31640579034
31640585015
31640591057
31640596062
31640602105
31640607415
31640613701
31640616936
31640625298
31640631096
31640636834
31640642632
31640646660
31640655022
31640660759
31640666375
31640671319
31640676445
31640685051
31640689263
31640695305
31640699700
31640705498
31640710686
31640715325
31640720330
31640725762
31640731987
31640736748
31640741448
31640746819
31640751519
31640756462
31640762200
31640767510
31640772637
31640778435
31640782280
31640787041
31640790947
31640798943
31640804436
31640809319
31640814690
31640819695
31640825188
31640830254
31640835014
31640840691
31640846733
31640853142
31640859428
31640866142
31640871941
31640878044
31640883964
31640889336
31640895134
31640902824
31640906731
31640915092
31640921257
31640925346
31640928947
31640932548
31640937126
31640941459
31640945549
31640948967
31640955742
31640959282
31640962883
31640967155
31640971183
31640975639
31640978874
31640983757
31640988639
31640992607
31640996574
31641000297
31641004325
31641008354
31641012687
31641017265
31641020988
31641025077
31641028678
31641031852
31641036247
31641039543
31641044120
31641049186
31641053520
31641055961
31641061698
31641064018
31641069328
31641071830
31641077995
31641082939
31641087211
31641090446
31641094962
31641100028
31641104728
31641108634
31641113090
31641118766
31641121940
31641126823
31641130058
31641135062
31641138175
31641143485
31641147453
31641152579
31641156058
31641160575
31641164054
31641168388
31641173209
31641178153
31641181998
31641186942
31641192008
31641196097
31641199821
31641204215
31641209098
31641213431
31641218802
31641222465
31641227164
31641230765
31641235587
31641239371
31641245963
31641250907
31641255179
31641259574
31641263663
31641268241
31641274222
31641279166
31641283072
31641288565
31641294181
31641298819
31641303641
31641307853
31641312491
31641318961
31641325064
31641330069
31641334586
31641338126
31641342826
31641346793
31641350516
31641356131
31641360282
31641365897
31641368582
31641374625
31641379691
31641384696
31641388236
31641392264
31641396903
31641401480
31641406241
31641409903
31641415823
31641420218
31641423880
31641426932
31641432913
31641435599
31641441702
31641444266
31641452017
31641456473
31641460135
31641464774
31641469229
31641471854
31641477896
31641482901
31641489188
31641493948
31641499319
31641503409
31641507376
31641513174
31641516592
31641523245
31641528433
31641534231
31641538260
31641542959
31641546927
31641552420
31641555227
31641563040
31641568594
31641572439
31641577322
31641582571
31641588003
31641591970
31641595083
31641602896
31641608267
31641612112
31641618582
31641622671
31641629080
31641632681
31641637625
31641644522
31641650747
31641655325
31641660757
31641665090
31641669912
31641673879
31641681204
31641685293
31641692251
31641695608
31641701589
31641706838
31641710684
31641715078
31641721487
31641728017
31641732656
31641739858
31641744375
31641749624
31641756948
31641761709
31641768484
31641773672
31641780508
31641785390
31641789724
31641795766
31641800405
31641807058
31641813466
31641818532
31641822439
31641827627
31641832692
31641837331
31641842519
31641847341
31641850454
31641857656
31641862722
31641867971
31641873159
31641877309
31641881948
31641887990
31641892690
31641898305
31641903127
31641909230
31641913625
31641920522
31641924062
31641931081
31641934194
31641940480
31641945790
31641951650
31641958730
31641963735
31641967519
31641974599
31641980031
31641987904
31641992970
31641998280
31642003224
31642010060
31642015736
31642022511
31642028127
31642036183
31642041066
31642047047
31642052113
31642057790
31642064687
31642069691
31642075429
31642078847
31642086903
31642092763
31642096974
31642101552
31642106801
31642110890
31642116444
31642122365
31642126515
31642133046
31642139149
31642143605
31642149708
31642155629
31642159047
31642165638
31642171009
31642179310
31642184376
31642189503
31642194203
31642201588
31642206959
31642214588
31642220387
31642226307
31642234181
31642241139
31642247425
31642254139
31642260182
31642267506
31642273976
31642279164
31642290150
31642298878
31642304859
31642311146
31642317799
31642323780
31642331593
31642338123
31642341114
31642355579
31642365833
31642373890
31642377430
31642390125
31642395618
31642403187
31642410145
31642417896
31642428150
31642434864
31642445179
31642452991
31642456836
31642468067
31642475147
31642482349
31642489368
31642492176
31642505481
31642511097
31642519947
31642524219
31642532703
31642539600
31642544910
31642552051
31642558582
31642566516
31642575794
31642582935
31642589099
31642596179
31642601245
31642609424
31642615711
31642622302
31642629993
31642639270
31642646289
31642654224
31642660449
31642665149
31642674487
31642681201
31642688159
31642694263
31642697192
31642708117
31642713794
31642721179
31642728137
31642737414
31642743213
31642750964
31642756884
31642763415
31642773974
31642783374
31642789172
31642796984
31642804248
31642810473
31642819689
31642826647
31642833300
31642837756
31642846362
31642856188
31642864916
31642870654
31642878405
31642885485
31642892199
31642895129
31642905077
31642912585
31642920886
31642928027
31642936083
31642942736
31642948107
31642958117
31642962511
31642970202
31642976733
31642983568
31642995592
31643000475
31643010119
31643017626
31643026171
31643033373
31643039721
31643050585
31643056139
31643063952
31643071398
31643080309
31643087145
31643092150
31643100084
31643106737
31643109606
31643120775
31643128099
31643133592
31643143236
31643148973
31643155626
31643161119
31643169237
31643175951
31643184740
31643191271
31643196459
31643205126
31643212083
31643221971
31643228868
31643232469
31643243822
31643252061
31643256944
31643265062
31643270494
31643282884
31643291063
31643297655
31643304674
31643311876
31643320176
31643326402
31643335801
31643342943
31643348619
31643359178
31643367540
31643374192
31643378343
31643387559
31643394029
31643397081
31643406175
31643412889
31643420518
31643428330
31643436570
31643442613
31643447557
31643456468
31643462510
31643469346
31643475816
31643480637
31643491868
31643496262
31643505296
31643512071
31643518601
31643524155
31643531052
31643536851
31643544968
31643547715
31643560715
31643566880
31643575303
31643579758
31643588364
31643595444
31643600571
31643609910
31643614853
31643623581
31643632737
31643638535
31643648240
31643657273
31643662339
31643669297
31643674485
31643683884
31643691452
31643697495
31643707016
31643714829
31643721848
31643727036
31643734909
31643741989
31643745285
31643756211
31643764755
31643773483
31643781357
31643788986
31643795700
31643798996
31643808395
31643815048
31643823410
31643829941
31643835190
31643845077
31643849899
31643858627
31643865097
31643870346
31643880295
31643886703
31643894333
31643901230
31643906845
31643916427
31643924545
31643931503
31643938095
31643946518
31643956039
31643959884
31643972274
31643977951
31643986068
31643993637
31644002426
31644009811
31644015182
31644023361
31644030746
31644039169
31644046554
31644052352
31644061324
31644068588
31644077499
31644084762
31644090377
31644100204
31644108871
31644116866
31644124496
31644135482
31644143233
31644147262
31644159469
31644165450
31644173324
31644181502
31644190291
31644197371
31644202682
31644211654
31644220260
31644227950
31644237410
31644244979
31644251449
31644258040
31644264510
31644269271
31644281173
31644288558
31644296798
31644302901
31644309432
31644315596
31644320479
31644329024
31644335066
31644337874
31644350020
31644355208
31644362532
31644369124
31644375960
31644384383
31644387129
31644397139
31644404219
31644411665
31644420271
31644429182
31644435652
31644440840
31644449080
31644455550
31644462324
31644471175
31644478316
31644486555
31644494673
31644498030
31644508589
31644514265
31644523359
31644530134
31644537581
31644544233
31644549482
31644559675
31644567854
31644574690
31644581526
31644586897
31644595930
31644603804
31644610823
31644617659
31644624311
31644631636
31644639997
31644648237
31644655012
31644661848
31644668440
31644673750
31644682356
31644688947
31644691938
31644705122
31644710798
31644719831
31644724287
31644732648
31644739851
31644744916
31644752851
31644759992
31644767988
31644775190
31644780927
31644789655
31644796613
31644804304
31644811017
31644816327
31644823835
31644832197
31644840009
31644849103
31644857160
31644863874
31644868573
31644876081
31644882672
31644887921
31644899091
31644903546
31644914044
31644921857
31644929853
31644936444
31644944013
31644949201
31644955976
31644961652
31644970685
31644979657
31644987714
31644994367
31645002484
31645009686
31645015363
31645025739
31645032941
31645040936
31645048749
31645054730
31645063641
31645073102
31645082867
31645089642
31645095196
31645104474
31645112530
31645116498
31645127728
31645137066
31645146161
31645153973
31645160748
31645168499
31645176373
31645182965
31645192730
31645200177
31645203778
31645214215
31645222271
31645229595
31645235577
31645243206
31645249493
31645254315
31645262676
31645269146
31645272137
31645286968
31645293438
31645300091
31645308147
31645313519
31645320293
31645325481
31645334942
31645342632
31645350384
31645357647
31645364971
31645371380
31645378277
31645385662
31645392315
31645395305
31645405132
31645412517
31645422039
31645428692
31645435528
31645444194
31645447429
31645456279
31645462932
31645471477
31645477947
31645483135
31645492351
31645500774
31645507122
31645516582
31645520122
31645531291
31645537029
31645546123
31645554241
31645563945
31645571452
31645574748
31645585063
31645590190
31645598552
31645605571
31645613506
31645620280
31645625652
31645633525
31645640605
31645649516
31645656413
31645661540
31645671428
31645677043
31645684978
31645691691
31645697062
31645708232
31645716289
31645722697
31645729472
31645735270
31645743327
31645750102
31645758281
31645765117
31645770304
31645779155
31645786113
31645795268
31645801921
31645807231
31645816325
31645823588
31645829264
31645836283
31645841532
31645855570
31645861186
31645868144
31645874674
31645883219
31645889994
31645895609
31645903849
31645910685
31645919047
31645929179
31645939127
31645946268
31645952738
31645961649
31645968546
31645974650
31645983561
31645990458
31645998087
31646005533
31646014811
31646022379
31646027628
31646038431
31646045939
31646052103
31646057474
31646063944
31646071756
31646077799
31646085123
31646091227
31646095743
31646105142
31646111490
31646117472
31646123148
31646130655
31646137979
31646140909
31646149515
31646155924
31646162576
31646168985
31646176248
31646183389
31646188455
31646200723
31646206400
31646215372
31646222208
31646225259
31646234720
31646242227
31646249002
31646256143
31646261453
31646271890
31646277566
31646286111
31646292703
31646301309
31646308450
31646313516
31646322244
31646326822
31646336953
31646343728
31646350015
31646358438
31646366067
31646373391
31646380471
31646383462
31646393167
31646399942
31646408120
31646417398
31646421060
31646430276
31646437844
31646445107
31646451638
31646458108
31646466409
31646471475
31646480813
31646490273
31646496499
31646502786
31646505715
31646515542
31646522805
31646529946
31646536843
31646543923
31646551858
31646561013
31646567788
31646572487
31646581582
31646588357
31646593850
31646601601
31646608376
31646616005
31646625222
31646628579
31646637490
31646644509
31646651406
31646657631
31646664284
31646670693
31646678261
31646687294
31646694619
31646697975
31646708290
31646715859
31646723549
31646730324
31646736733
31646743691
31646751137
31646758583
31646765602
31646773232
31646779945
31646788796
31646795937
31646803993
31646811501
31646818398
31646824623
31646836647
31646845253
31646850746
31646859840
31646863319
31646876625
31646883827
31646893959
31646903114
31646913490
31646922279
31646925941
31646937111
31646942848
31646952064
31646959571
31646968605
31646975807
31646981849
31646990089
31646998024
31647005958
31647012733
31647020179
31647027076
31647031593
31647041908
31647048683
31647057166
31647065772
31647071449
31647080604
31647088538
31647096290
31647102943
31647105811
31647118079
31647123084
31647130775
31647137550
31647147498
31647154090
31647159339
31647168799
31647173072
31647182776
31647189307
31647195716
31647203528
31647211036
31647219458
31647226111
31647232520
31647239112
31647246680
31647253394
31647260047
31647267554
31647277014
31647283911
31647290137
31647296851
31647303626
31647311927
31647318335
31647324439
31647331092
31647339148
31647346961
31647355933
31647362586
31647365637
31647374609
31647382361
31647389258
31647395422
31647402808
31647409644
31647415015
31647423560
31647430212
31647436377
31647444861
31647449499
31647458227
31647465063
31647472571
31647480505
31647490027
31647494421
31647502295
31647507727
31647513830
31647520727
31647527136
31647531836
31647543066
31647550268
31647555883
31647562109
31647571691
31647578588
31647586828
31647593115
31647598669
31647610388
31647616125
31647623876
31647629980
31647632543
31647642980
31647647741
31647655126
31647660986
31647663671
31647679968
31647686315
31647694799
31647702367
31647709386
31647716833
31647722326
31647730199
31647737218
31647744665
31647751867
31647761938
31647768835
31647771459
31647780675
31647787572
31647795873
31647801732
31647807165
31647822423
31647831701
31647836034
31647843480
31647849340
31647853856
31647861242
31647868016
31647873449
31647881749
31647889440
31647896398
31647900914
31647907506
31647913854
31647920812
31647926793
31647931676
31647938939
31647944676
31647953526
31647959752
31647962193
31647971959
31647976292
31647982518
31647988927
31647996861
31648003575
31648008763
31648017918
31648022313
31648028477
31648033971
31648041234
31648047154
31648051854
31648060033
31648070103
31648077489
31648084508
31648090794
31648097081
31648103917
31648109410
31648115574
31648118199
31648130894
31648138951
31648146153
31648153294
31648159886
31648165867
31648172642
31648179356
31648185215
31648192295
31648199253
31648208409
31648214756
31648219517
31648227146
31648233372
31648239720
31648245701
31648252537
31648258335
31648268894
31648272434
31648281834
31648289646
31648295139
31648301060
31648308628
31648314487
31648319126
31648329563
31648334995
31648343113
31648349460
31648356785
31648365574
31648373997
31648380405
31648385410
31648397434
31648403110
31648410495
31648416599
31648419162
31648428501
31648435032
31648440647
31648448948
31648451572
31648462131
31648467258
31648474521
31648480381
31648488986
31648495517
31648501804
31648509860
31648518283
31648528659
31648534458
31648545444
31648551547
31648556796
31648565952
31648570346
31648579501
31648587436
31648595126
31648601962
31648612216
31648618564
31648621249
31648630893
31648637607
31648642551
31648648654
31648653537
31648663058
31648668368
31648677218
31648682651
31648689242
31648696628
31648702670
31648708163
31648711886
31648721652
31648727389
31648735141
31648740207
31648745639
31648754123
31648760348
31648764987
31648772433
31648775241
31648786898
31648791964
31648800875
31648804843
31648813265
31648819552
31648824313
31648831515
31648837435
31648840060
31648855196
31648862765
31648869235
31648873934
31648882540
31648888644
31648891268
31648899935
31648906466
31648914400
31648920748
31648927462
31648933993
31648938692
31648947970
31648951876
31648959383
31648965670
31648970186
31648982210
31648989718
31648996126
31649002230
31649009371
31649015596
31649020479
31649029146
31649035860
31649038729
31649049532
31649056429
31649062960
31649069857
31649075411
31649081942
31649088350
31649094698
31649101290
31649106600
31649115816
31649123445
31649129976
31649134859
31649143099
31649149873
31649155733
31649161714
31649166353
31649177461
31649183015
31649192110
31649199617
31649205415
31649212007
31649220613
31649229219
31649232393
31649241853
31649248994
31649256196
31649261934
31649269075
31649275361
31649279878
31649286470
31649292817
31649300569
31649308320
31649319185
31649325593
31649331025
31649340913
31649348970
31649357148
31649363618
31649372163
31649378999
31649385530
31649393952
31649403352
31649411103
31649418489
31649424836
31649435029
31649439485
31649448335
31649458588
31649461884
31649472321
31649477326
31649484711
31649490754
31649498200
31649505097
31649509980
31649519685
31649526887
31649534882
31649541535
31649549653
31649557343
31649563080
31649574616
31649580903
31649591889
31649596955
31649606415
31649613495
31649619355
31649627655
31649634797
31649642914
31649650544
31649656037
31649669159
31649676850
31649684601
31649691193
31649700287
31649710602
31649714081
31649725006
31649733185
31649742340
31649749848
31649753143
31649764862
31649770599
31649780975
31649788177
31649796417
31649805939
31649809357
31649820465
31649825897
31649835358
31649843109
31649850006
31649856598
31649859588
31649876617
31649882110
31649891266
31649897857
31649905731
31649913788
31649917205
31649926971
31649934356
31649941619
31649948516
31649956451
31649963714
31649969940
31649978118
31649984893
31649993255
31649999969
31650005340
31650013519
31650020294
31650023223
31650037078
31650044830
31650051666
31650059173
31650065276
31650072051
31650077422
31650085967
31650093475
31650100799
31650108184
31650117522
31650124175
31650129546
31650139983
31650144561
31650154143
31650161223
31650166411
31650176909
31650181792
31650191558
31650198272
31650201201
31650211455
31650220855
31650228545
31650235625
31650243132
31650251006
31650260161
31650269561
31650274565
31650280730
31650289153
31650297942
31650306914
31650315398
31650324248
31650335478
31650339629
31650350005
31650354460
31650362456
31650368132
31650374052
31650380339
31650388579
31650397917
31650402861
31650410368
31650418425
31650426420
31650433623
31650443632
31650451018
31650456633
31650466887
31650474577
31650482695
31650488798
31650495878
31650502165
31650509916
31650515104
31650524138
31650527067
31650538786
31650544462
31650553312
31650560209
31650569792
31650589079
31650592497
31650604154
31650610014
31650619718
31650627104
31650636991
31650644438
31650651396
31650658476
31650661405
31650670927
31650678495
31650686552
31650693693
31650700651
31650707365
31650714628
31650721281
31650727811
31650735563
31650742094
31650749479
31650757352
31650764249
31650771695
31650778348
31650787626
31650794401
31650798917
31650808255
31650814969
31650820279
31650831266
31650836148
31650845609
31650853788
31650862271
31650871915
31650879727
31650887174
31650892850
31650903531
31650908536
31650918057
31650924649
31650929898
31650940091
31650944486
31650952237
31650959256
31650964200
31650974942
31650982632
31650990445
31650997037
31651002286
31651010831
31651018155
31651025540
31651032315
31651038785
31651046170
31651054654
31651061062
31651067776
31651073269
31651081875
31651089200
31651095242
31651103909
31651106961
31651120572
31651128445
31651139004
31651146695
31651154934
31651161648
31651164578
31651174465
31651181973
31651189358
31651198879
31651209927
31651214871
31651224941
31651232998
31651238674
31651245998
31651253140
31651261379
31651269375
31651277676
31651283779
31651288601
31651296169
31651302334
31651310451
31651316616
31651321865
31651331509
31651338405
31651345852
31651352382
31651357204
31651366726
31651373501
31651378689
31651387233
31651389980
31651404567
31651410244
31651417385
31651424038
31651432888
31651439724
31651444912
31651453151
31651460048
31651462978
31651479640
31651482997
31651494899
31651500087
31651508083
31651515163
31651521327
31651528713
31651536586
31651544277
31651551540
31651559047
31651565822
31651573329
31651580836
31651587917
31651590907
31651600185
31651607936
31651614284
31651623500
31651631190
31651638270
31651643641
31651652247
31651658900
31651666224
31651673427
31651678554
31651688868
31651696620
31651703700
31651710475
31651716273
31651728785
31651734462
31651743190
31651751246
31651761012
31651769190
31651772303
31651781825
31651789271
31651797267
31651803797
31651806666
31651816859
31651824061
31651831629
31651839076
31651848231
31651854945
31651861292
31651873194
31651879115
31651889613
31651898035
31651904932
31651913355
31651922205
31651930018
31651936121
31651945093
31651952357
31651955897
31651966761
31651974939
31651982020
31651992090
31651999842
31652006434
31652012110
31652019861
31652026880
31652030848
31652042505
31652050257
31652060999
31652069361
31652073084
31652085596
31652091028
31652100061
31652107263
31652116480
31652124048
31652130701
31652142481
31652150354
31652157739
31652163538
31652169824
31652175989
31652182581
31652188928
31652194665
31652202356
31652210596
31652213586
31652223474
31652227991
31652234582
31652240808
31652249719
31652256311
31652262048
31652271448
31652278955
31652286340
31652292993
31652300439
31652306543
31652311425
31652319543
31652325769
31652333703
31652340600
31652346643
31652355798
31652363671
31652369470
31652376306
31652383019
31652392541
31652397729
31652404504
31652414514
31652417993
31652428430
31652435937
31652441491
31652450707
31652453698
31652463281
31652470788
31652478600
31652485986
31652493432
31652500146
31652505334
31652512658
31652519677
31652529931
31652546532
31652555932
31652563500
31652570397
31652578148
31652587304
31652594628
31652600731
31652612633
31652618248
31652626610
31652634484
31652643151
31652649865
31652654930
31652663842
31652671959
31652678002
31652685082
31652690453
31652701378
31652709740
31652716515
31652723351
31652726402
31652736717
31652744164
31652750511
31652757103
31652762169
31652775719
31652781334
31652789024
31652795616
31652803001
31652809959
31652817406
31652824242
31652831077
31652837852
31652845665
31652851890
31652860435
31652867393
31652876060
31652882896
31652888389
31652897178
31652904197
31652907310
31652918724
31652929039
31652938682
31652947837
31652958885
31652967857
31652974998
31652988670
31652998130
31653007652
31653017539
31653027976
31653035423
31653041892
31653048484
31653055198
31653060630
31653065635
31653071555
31653075950
31653080894
31653085410
31653090232
31653094688
31653099326
31653103721
31653108787
31653113975
31653119529
31653124595
31653129172
31653133628
31653139426
31653144736
31653150718
31653154685
31653159873
31653164756
31653170127
31653175315
31653179343
31653182578
31653190146
31653196616
31653201743
31653206504
31653209922
31653213095
31653219809
31653222617
31653231650
31653236777
31653242331
31653246787
31653250693
31653254965
31653260642
31653264731
31653270713
31653275046
31653281211
31653285910
31653291342
31653295615
31653300376
31653304465
31653309287
31653315024
31653320456
31653324667
31653329978
31653333701
31653338828
31653344016
31653348837
31653356223
31653360739
31653366232
31653370016
31653375021
31653378012
31653384848
31653388205
31653397177
31653401266
31653407980
31653412985
31653421164
31653424887
31653430807
31653434714
31653443991
31653447958
31653452658
31653457297
31653461386
31653464499
31653472555
31653476034
31653487387
31653493490
31653498861
31653503012
31653510519
31653519064
31653526998
31653534384
31653544210
31653550253
31653562094
31653569540
31653578817
31653582113
31653592916
31653601766
31653613058
31653622396
31653630453
31653637289
31653647726
31653660726
31653681844
31653700704
31653705221
31653722860
31653733358
31653742757
31653751424
31653760274
31653767659
31653775594
31653781514
31653787435
31653793355
31653798238
31653802083
31653805867
31653810445
31653814473
31653818746
31653824178
31653829183
31653833516
31653838033
31653842000
31653846334
31653851033
31653853536
31653862630
31653868001
31653873189
31653877522
