86978285147
86978291739
86978297659
86978304800
86978310660
86978317618
86978324331
86978331961
86978338614
86978344961
86978348623
86978357901
86978364309
86978370230
86978378164
86978383658
86978390921
86978398123
86978403555
86978411123
86978417349
86978422903
86978430044
86978437735
86978444326
86978450979
86978457937
86978464285
86978471914
86978477896
86978486135
86978492361
86978498159
86978506033
86978510610
86978519643
86978523061
86978531789
86978538137
86978544302
86978551748
86978556631
86978564748
86978572134
86978579397
86978587453
86978594228
86978601125
86978606496
86978615529
86978622243
86978629629
86978638418
86978645192
86978651296
86978658254
86978668264
86978674733
86978680532
86978685476
86978694509
86978700795
86978708364
86978715688
86978722707
86978729848
86978737966
86978745412
86978752919
86978759938
86978767995
86978773122
86978781789
86978788197
86978795461
86978801686
86978809316
86978818471
86978824208
86978831471
86978836476
86978845631
86978851674
86978859181
86978866078
86978874257
86978879567
86978886891
86978893239
86978901539
86978908192
86978915028
86978923512
86978930226
86978937489
86978943104
86978950367
86978957387
86978964467
86978973134
86978978444
86978986866
86978993397
86978999623
86979006520
86979013722
86979022206
86979030384
86979039418
86979045826
86979053639
86979061329
86979068470
86979077809
86979081654
86979090809
86979096851
86979104481
86979111500
86979118336
86979127796
86979133167
86979140308
86979145741
86979154835
86979160328
86979169239
86979175892
86979183521
86979189564
86979197620
86979206104
86979211841
86979219532
86979226551
86979236622
86979242542
86979249988
86979255542
86979263843
86979269397
86979279041
86979282642
86979293384
86979301014
86979307422
86979315540
86979322010
86979329761
86979336353
86979345447
86979353504
86979362232
86979369129
86979377307
86979382923
86979392200
86979401538
86979407947
86979416309
86979423694
86979431384
86979439807
86979446826
86979454822
86979463794
86979472949
86979480884
86979486926
86979494311
86979502063
86979510730
86979516833
86979528308
86979536120
86979545764
86979553454
86979561328
86979568469
86979577563
86979584338
86979593127
86979602771
86979608996
86979619433
86979626757
86979633898
86979643237
86979650134
86979660388
86979668505
86979676074
86979682360
86979692004
86979698107
86979706957
86979716418
86979724535
86979732226
86979739733
86979746325
86979756213
86979762804
86979773791
86979779955
86979790026
86979796496
86979804980
86979813524
86979820605
86979828783
86979837328
86979846300
86979854235
86979860338
86979868761
86979877794
86979884691
86979893663
86979900072
86979908739
86979917528
86979924364
86979931688
86979938280
86979944811
86979956468
86979963610
86979972154
86979978441
86979987657
86979994859
86980003710
86980010851
86980020311
86980028612
86980037035
86980044420
86980052660
86980060045
86980067979
86980076768
86980085496
86980092027
86980099046
86980107835
86980115465
86980122178
86980130845
86980138597
86980147203
86980154039
86980164232
86980168748
86980178880
86980188523
86980195481
86980205186
86980213792
86980222093
86980228257
86980237657
86980244493
86980255235
86980262803
86980271409
86980278062
86980286607
86980292649
86980299241
86980307725
86980316392
86980322678
86980329575
86980337144
86980344895
86980353013
86980360398
86980367661
86980375107
86980382310
86980388779
86980396409
86980404832
86980412827
86980419236
86980427659
86980435105
86980442490
86980450608
86980459702
86980467820
86980476242
86980482041
86980489121
86980496506
86980506455
86980512986
86980519699
86980527268
86980535263
86980543320
86980551071
86980559494
86980567673
86980572983
86980582932
86980591354
86980596787
86980606003
86980615341
86980621994
86980631027
86980639755
86980646957
86980654160
86980660446
86980670639
86980679550
86980687546
86980696396
86980703537
86980711471
86980718063
86980723617
86980732528
86980739364
86980745407
86980758041
86980767135
86980780990
86980792648
86980803329
86980812912
86980819747
86980827316
86980835250
86980842452
86980848434
86980856796
86980862777
86980869918
86980876205
86980884384
86980891769
86980896957
86980905563
86980910873
86980917709
86980923568
86980932723
86980940963
86980947677
86980953292
86980959396
86980966903
86980974471
86980981002
86980988265
86980992904
86981000472
86981004928
86981011947
86981019576
86981025313
86981032332
86981039107
86981044845
86981050155
86981055831
86981062667
86981068770
86981075911
86981082930
86981089766
86981096419
86981103011
86981109603
86981116561
86981123702
86981130171
86981137068
86981143111
86981148482
86981153975
86981160628
86981167769
86981174422
86981180953
86981188155
86981195296
86981203291
86981210677
86981219710
86981227034
86981232649
86981241072
86981245772
86981255171
86981260847
86981268111
86981275069
86981281477
86981289595
86981295576
86981303511
86981310286
86981316878
86981323774
86981329756
86981336653
86981343123
86981349775
86981359785
86981364729
86981373213
86981379438
86981385298
86981393538
86981399397
86981407453
86981414106
86981420942
86981428205
86981433760
86981441023
86981448652
86981455122
86981461530
86981467573
86981474531
86981482465
86981486921
86981494734
86981499433
86981507734
86981515546
86981521955
86981529157
86981534162
86981542219
86981548322
86981556867
86981562910
86981569440
86981577070
86981585432
86981591291
86981597822
86981604291
86981611921
86981616681
86981623884
86981630781
86981635419
86981644147
86981652387
86981656965
86981664228
86981671674
86981679242
86981685224
86981691266
86981697736
86981705243
86981712384
86981719464
86981725690
86981732709
86981739423
86981746991
86981751630
86981759442
86981768476
86981775311
86981782880
86981790875
86981795941
86981803021
86981810162
86981817426
86981824139
86981831158
86981838605
86981846539
86981853802
86981861615
86981865460
86981874860
86981881329
86981887982
86981894330
86981905255
86981912335
86981917218
86981923932
86981930401
86981938336
86981945599
86981951764
86981958600
86981966290
86981972638
86981978802
86981986126
86981993267
86982000714
86982006573
86982013531
86982019573
86982026959
86982034954
86982041180
86982047589
86982053692
86982061260
86982067669
86982074932
86982081707
86982086407
86982095440
86982101788
86982108746
86982115154
86982121380
86982128155
86982136639
86982144451
86982150310
86982158062
86982163616
86982170147
86982177227
86982185100
86982191631
86982199138
86982206402
86982213787
86982220257
86982226421
86982233989
86982239299
86982247844
86982255047
86982261211
86982267742
86982272319
86982281902
86982287761
86982295208
86982301677
86982307964
86982314617
86982319988
86982328411
86982335002
86982341594
86982349162
86982355754
86982363262
86982370708
86982377483
86982385722
86982392314
86982398784
86982405315
86982410442
86982419841
86982426372
86982433513
86982439555
86982446025
86982452373
86982457378
86982466655
86982471843
86982481486
86982487651
86982495463
86982502482
86982508830
86982514995
86982522807
86982527812
86982535746
86982541789
86982548991
86982555522
86982563395
86982569926
86982575541
86982582194
86982588542
86982594645
86982601725
86982608866
86982614604
86982621806
86982627299
86982632914
86982639750
86982646220
86982653727
86982661784
86982667643
86982674784
86982679484
86982686869
86982694804
86982700053
86982708109
86982712809
86982719889
86982724528
86982732340
86982739054
86982746134
86982752909
86982758951
86982765299
86982771464
86982777384
86982782694
86982790751
86982797159
86982804056
86982809672
86982816752
86982822916
86982828959
86982838053
86982844156
86982850931
86982856546
86982863810
86982868204
86982874979
86982883524
86982888407
86982896219
86982901651
86982907022
86982913187
86982920328
86982927225
86982934244
86982940958
86982945535
86982953165
86982959390
86982966532
86982973245
86982980081
86982985880
86982992166
86982998392
86983004312
86983010904
86983017252
86983023843
86983036600
86983043253
86983049539
86983056070
86983064249
86983071207
86983077066
86983082681
86983089334
86983095498
86983101663
86983109414
86983115762
86983123941
86983126993
86983135598
86983141092
86983147683
86983154763
86983160806
86983168252
86983173013
86983182351
86983189798
86983194986
86983204446
86983211648
86983218484
86983226724
86983231729
86983240212
86983246560
86983253152
86983261025
86983266091
86983275247
86983281350
86983286477
86983295632
86983302468
86983309121
86983317239
86983323403
86983330605
86983338357
86983345254
86983352517
86983358376
86983365029
86983374001
86983382424
86983387795
86983394875
86983401467
86983408547
86983413308
86983422646
86983430398
86983435708
86983442910
86983448159
86983456582
86983463356
86983469704
86983478737
86983483620
86983492409
86983500649
86983505287
86983513344
86983520180
86983527199
86983534401
86983541481
86983548256
86983555763
86983562416
86983568886
86983574135
86983581398
86983587563
86983593910
86983601723
86983610512
86983616615
86983622841
86983629250
86983637062
86983643166
86983650673
86983658424
86983665687
86983672401
86983679237
86983686012
86983690529
86983697365
86983704689
86983711281
86983719093
86983725258
86983732338
86983738075
86983744850
86983752723
86983759742
86983768226
86983774147
86983781227
86983785865
86983793434
86983800575
86983807289
86983814674
86983823402
86983829627
86983836219
86983842811
86983850074
86983856422
86983863014
86983872230
86983876869
86983886085
86983891639
86983898231
86983907142
86983914161
86983920387
86983927222
86983931922
86983940711
86983947364
86983954383
86983961158
86983966346
86983975074
86983983985
86983990638
86983998450
86984005103
86984012427
86984017127
86984024268
86984033667
86984039893
86984045264
86984053931
86984058814
86984067969
86984074622
86984082984
86984089270
86984096900
86984103003
86984109229
86984115760
86984123328
86984130469
86984136084
86984142920
86984150488
86984157019
86984164465
86984171729
86984178198
86984184180
86984192053
86984198096
86984205603
86984212927
86984218665
86984224585
86984230994
86984237158
86984242529
86984248816
86984255652
86984260535
86984268530
86984274817
86984281897
86984287390
86984294287
86984300268
86984306250
86984314001
86984320410
86984327673
86984332312
86984340612
86984347265
86984354956
86984363317
86984370520
86984377295
86984383276
86984389746
86984396337
86984401403
86984410070
86984417883
86984423925
86984430517
86984436804
86984443456
86984448461
86984456274
86984462438
86984469702
86984475805
86984481786
86984486181
86984492895
86984501867
86984506689
86984513158
86984520300
86984526281
86984532934
86984539587
86984546422
86984553258
86984559057
86984565465
86984572118
86984578283
86984583654
86984589635
86984597021
86984604955
86984611547
86984617711
86984623876
86984629247
86984636449
86984644017
86984651647
86984658361
86984663915
86984670812
86984678014
86984682653
86984691320
86984696935
86984704869
86984711705
86984718663
86984724645
86984730748
86984739354
86984744725
86984752416
86984758519
86984765782
86984771886
86984778355
86984786839
86984792821
86984800084
86984806126
86984811559
86984818883
86984823643
86984831090
86984838902
86984844945
86984849705
86984856236
86984860814
86984869420
86984875218
86984882176
86984889256
86984895665
86984901402
86984908482
86984915562
86984922032
86984930333
86984936070
86984942906
86984949803
86984955967
86984962071
86984968418
86984976292
86984979893
86984988560
86984994664
86985001622
86985007115
86985013951
86985020909
86985027439
86985035069
86985042332
86985049839
86985057713
86985062595
86985073032
86985079807
86985086094
86985093418
86985099583
86985108128
86985115025
86985120640
86985128941
86985136936
86985143345
86985149876
86985155064
86985164829
86985169651
86985178257
86985185093
86985190708
86985199192
86985208286
86985213291
86985221409
86985228611
86985235630
86985241550
86985248142
86985256748
86985262729
86985269626
86985276889
86985283176
86985289768
86985297458
86985304477
86985309116
86985316074
86985323337
86985328525
86985337680
86985344760
86985351901
86985358554
86985366367
86985371555
86985377353
86985384494
86985392368
86985397189
86985406467
86985413364
86985420749
86985427463
86985435641
86985442721
86985449130
86985455661
86985462497
86985467319
86985475986
86985483066
86985489230
86985496737
86985503085
86985510409
86985517367
86985522189
86985532138
86985538668
86985546054
86985553561
86985558383
86985566989
86985574008
86985580844
86985586520
86985592929
86985600619
86985607638
86985615328
86985622592
86985628939
86985636141
86985640902
86985648531
86985655245
86985662203
86985669650
86985674349
86985682711
86985689791
86985695712
86985702242
86985707369
86985715365
86985723238
86985729830
86985736178
86985741061
86985749483
86985756380
86985763338
86985771944
86985777987
86985785738
86985789522
86985798861
86985806612
86985813143
86985820955
86985824190
86985833651
86985840975
86985847078
86985854036
86985858858
86985867891
86985875765
86985881258
86985889742
86985895357
86985902986
86985909395
86985915682
86985923372
86985929048
86985935884
86985944368
86985949129
86985957979
86985964266
86985972200
86985978059
86985983431
86985992098
86985998567
86986005098
86986013277
86986018037
86986025850
86986032259
86986039766
86986045991
86986053682
86986059236
86986065950
86986073945
86986082002
86986086763
86986095247
86986102388
86986109468
86986115754
86986121125
86986130952
86986136873
86986144075
86986150911
86986157014
86986166169
86986172273
86986179658
86986186677
86986192170
86986200166
86986206513
86986213716
86986220796
86986226045
86986234895
86986241853
86986247956
86986256440
86986262849
86986270722
86986277802
86986283479
86986291596
86986298371
86986305878
86986311494
86986320405
86986326508
86986331574
86986339692
86986345673
86986353425
86986360016
86986366791
86986374848
86986380524
86986387482
86986395356
86986401825
86986410676
86986417328
86986422760
86986430390
86986436554
86986443146
86986447785
86986458161
86986464447
86986471527
86986477753
86986483124
86986491425
86986499970
86986507111
86986513825
86986518952
86986527924
86986534699
86986541840
86986549896
86986554779
86986562775
86986567780
86986574799
86986582184
86986587677
86986593781
86986600616
86986607025
86986613312
86986619965
86986626068
86986632355
86986637054
86986644073
86986651398
86986658111
86986664398
86986670502
86986678863
86986682037
86986691437
86986699554
86986706146
86986712311
86986717193
86986723419
86986729583
86986737884
86986743560
86986751129
86986756134
86986763519
86986769256
86986776458
86986783233
86986791351
86986798065
86986803375
86986812103
86986820587
86986825469
86986835235
86986841155
86986848907
86986857757
86986864288
86986872039
86986880401
86986885284
86986893890
86986899871
86986906890
86986913726
86986920318
86986927032
86986934417
86986942229
86986950957
86986957488
86986964873
86986973296
86986979400
86986986175
86986991607
86987000213
86987006377
86987014007
86987019866
86987027800
86987034758
86987041228
86987047515
86987055022
86987061309
86987069854
86987075286
86987081572
86987089141
86987094023
86987102385
86987111235
86987117461
86987124480
86987130705
86987137663
86987144255
86987150847
86987160124
86987165434
86987174223
86987180571
86987187224
86987195036
86987199370
86987208220
86987214568
86987219755
86987228300
86987235503
86987241423
86987248991
86987255705
86987263334
86987268034
86987277434
86987282011
86987288908
86987297087
86987303312
86987310026
86987315214
86987322966
86987328154
86987335234
86987341642
86987349150
86987355131
86987361052
86987367338
86987373503
86987379728
86987386076
86987394316
86987399870
86987407621
86987413114
86987419767
86987425504
86987432340
86987439298
86987446012
86987452726
86987459989
86987467130
86987473539
86987480192
86987490263
86987494779
86987503751
86987509611
86987515775
86987522916
86987529386
86987538053
86987543729
86987550565
86987558256
86987565519
86987572660
86987579801
86987586332
86987594388
86987601163
86987607206
86987614591
86987619840
86987628812
86987636380
86987641324
86987649930
86987657071
86987663541
86987670621
86987678189
86987685697
86987692716
86987700284
86987704679
86987713895
86987720792
86987726285
86987735196
86987741483
86987747647
86987754971
86987760281
86987768094
86987773831
86987782376
86987788724
86987793546
86987800931
86987807339
86987814297
86987820218
86987826260
86987833218
86987840909
86987848355
86987855191
86987861722
86987868313
86987873501
86987881436
86987887784
86987894742
86987902859
86987907620
86987916104
86987923245
86987929409
86987936856
86987944424
86987949917
86987956143
86987963223
86987969570
86987975064
86987984341
86987992337
86987998745
86988005337
86988012356
86988017849
86988024746
86988031643
86988038113
86988044399
86988053494
86988059292
86988066250
86988073086
86988079128
86988087002
86988091946
86988100063
86988106411
86988113857
86988120144
86988126797
86988135036
86988140407
86988148037
86988154384
86988160549
86988168606
86988173610
86988181850
86988187099
86988195705
86988201503
86988209316
86988215175
86988221340
86988230251
86988236477
86988243496
86988250759
86988256008
86988264064
86988271144
86988276149
86988285243
86988292079
86988298366
86988306606
86988312404
86988320094
86988326381
86988333156
86988341518
86988347255
86988354213
86988363185
86988368556
86988376857
86988381801
86988389003
86988396815
86988401576
86988410487
86988416103
86988423854
86988430141
86988436000
86988444179
86988450221
86988457362
86988465297
86988470057
86988478480
86988484401
86988491664
86988498073
86988504603
86988512904
86988518397
86988527003
86988534144
86988539759
86988547877
86988554225
86988562953
86988567591
86988574610
86988581568
86988590480
86988597621
86988603907
86988609034
86988617884
86988623499
86988631983
86988638331
86988644312
86988652125
86988658045
86988665125
86988671961
86988680628
86988689051
86988695887
86988702113
86988708948
86988715113
86988721522
86988726588
86988735194
86988742823
86988749293
86988756067
86988760950
86988770533
86988777857
86988784083
86988791407
86988798975
86988804529
86988810572
86988818079
86988825892
86988833094
86988839197
86988845240
86988852503
86988860926
86988866419
86988874964
86988883264
86988890344
86988896509
86988903284
86988910730
86988917688
86988924646
86988931116
86988938745
86988945642
86988951685
86988958826
86988965173
86988971399
86988978845
86988985681
86988993005
86988999597
86989006067
86989013879
86989019495
86989027185
86989035058
86989041101
86989049341
86989055444
86989063379
86989069299
86989076013
86989083520
86989090417
86989097436
86989104211
86989110864
86989118249
86989124292
86989131311
86989137780
86989145166
86989153466
86989159997
86989166955
86989174523
86989179223
86989186669
86989191308
86989201806
86989207299
86989215844
86989222619
86989229455
86989235253
86989240807
86989249902
86989256188
86989262475
86989268823
86989274133
86989282922
86989288659
86989295800
86989303124
86989309899
86989315881
86989322900
86989328149
86989336877
86989343468
86989350365
86989355431
86989364525
86989370812
86989378563
86989385582
86989393029
86989399987
86989405846
86989412926
86989417687
86989424584
86989433373
86989439721
86989445031
86989452294
86989457848
86989464073
86989470848
86989478417
86989485558
86989492272
86989498863
86989505882
86989513207
86989517906
86989527550
86989533959
86989541832
86989553978
86989563622
86989573936
86989588402
86989600731
86989610252
86989617332
86989623680
86989631187
86989638756
86989646019
86989653587
86989660301
86989666221
86989673057
86989679039
86989686607
86989693748
86989700401
86989707237
86989713707
86989718834
86989725120
86989732322
86989738731
86989745811
86989752403
86989758445
86989764488
86989771263
86989779380
86989786094
86989792808
86989797141
86989803855
86989810020
86989816184
86989824302
86989831382
86989838096
86989842918
86989850608
86989855491
86989862998
86989869956
86989877525
86989883262
86989890037
86989896506
86989902488
86989908530
86989915488
86989923728
86989929893
86989936667
86989942100
86989949180
86989954612
86989961387
86989969138
86989976157
86989983542
86989990867
86989997825
86990004660
86990009421
86990018821
86990024741
86990033469
86990041343
86990046042
86990055136
86990059958
86990068259
86990075034
86990083151
86990088339
86990094016
86990101279
86990110922
86990117941
86990125205
86990132163
86990138449
86990145712
86990152426
86990161154
86990167380
86990174826
86990180563
86990186850
86990195517
86990202780
86990209799
86990217245
86990224020
86990229880
86990237387
86990245199
86990251303
86990257101
86990266073
86990272116
86990278341
86990284445
86990291525
86990298971
86990305075
86990311300
86990318808
86990324484
86990333334
86990339132
86990346762
86990354147
86990358969
86990366293
86990373861
86990378500
86990387655
86990394369
86990401144
86990408041
86990414327
86990421896
86990426779
86990436422
86990441976
86990449850
86990455221
86990462179
86990470541
86990477743
86990485006
86990491781
86990497091
86990505392
86990511922
86990519002
86990527425
86990533712
86990540853
86990546407
86990555440
86990559896
86990567281
86990575338
86990581807
86990587301
86990594014
86990600972
86990610311
86990617330
86990624959
86990630941
86990637654
86990644551
86990649678
86990658528
86990666036
86990670980
86990679463
86990685140
86990692098
86990699788
86990704244
86990713826
86990718831
86990726949
86990734578
86990741414
86990748860
86990754292
86990762593
86990766988
86990776265
86990782063
86990788350
86990794881
86990803120
86990809956
86990816975
86990821675
86990830281
86990837666
86990843953
86990852559
86990859150
86990865925
86990871052
86990879231
86990885884
86990892842
86990900105
86990906453
86990914692
86990919880
86990926533
86990932698
86990937947
86990944172
86990952778
86990958515
86990965596
86990973469
86990980976
86990985798
86990995625
86991002827
86991009846
86991018147
86991023213
86991030232
86991037251
86991043659
86991050800
86991058491
86991063923
86991071857
86991078449
86991086323
86991091206
86991101948
86991109638
86991114460
86991123615
86991131122
86991137897
86991144855
86991149738
86991158344
86991164081
86991171345
86991178547
86991185810
86991193134
86991197895
86991205646
86991217670
86991229633
86991238483
86991245258
86991252399
86991259052
86991263813
86991273761
86991279743
86991286823
86991294269
86991299030
86991306842
86991313678
86991320514
86991328327
86991335956
86991341205
86991348224
86991355731
86991362140
86991370624
86991377948
86991385516
86991392963
86991398395
86991404620
86991411395
86991417560
86991426349
86991431720
86991438190
86991445086
86991452960
86991457721
86991466327
86991474261
86991481280
86991486041
86991493060
86991501666
86991508197
86991515460
86991521869
86991528094
86991534625
86991541095
86991548114
86991554705
86991561846
86991565509
86991574603
86991580401
86991587115
86991592242
86991599505
86991607501
86991612383
86991619158
86991625201
86991631609
86991636126
86991644671
86991650408
86991657427
86991665423
86991671709
86991676592
86991682635
86991690264
86991695574
86991703997
86991711993
86991718096
86991724871
86991729571
86991736590
86991742876
86991751116
86991756975
86991763750
86991769304
86991776384
86991784197
86991790667
86991797380
86991804827
86991810137
86991816851
86991822283
86991829973
86991836199
86991843218
86991850176
86991856218
86991860918
86991868730
86991874163
86991881059
86991887041
86991894182
86991901201
86991907732
86991913591
86991918230
86991925920
86991932085
86991938982
86991945573
86991951616
86991958818
86991965105
86991971330
86991976518
86991984575
86991990434
86991997087
86992002824
86992009416
86992015825
86992022233
86992029375
86992037065
86992042314
86992048906
86992054094
86992059892
86992066728
86992072892
86992079973
86992087602
86992095598
86992102678
86992110307
86992115312
86992124955
86992130693
86992139238
86992145768
86992153215
86992160173
86992167131
86992172746
86992180680
86992185685
86992193254
86992201493
86992207719
86992213944
86992220414
86992228043
86992233720
86992240617
86992248551
86992254533
86992263810
86992269364
86992278703
86992285172
86992290116
86992298844
86992302140
86992311783
86992319047
86992326005
86992333451
86992338700
86992345475
86992354508
86992359208
86992367203
86992373246
86992380326
86992386002
86992393204
86992402604
86992408463
86992416214
86992423172
86992428971
86992435807
86992441239
86992450028
86992456009
86992463578
86992470413
86992476761
86992483963
86992488968
86992497879
86992505264
86992510941
86992518753
86992525162
86992532120
86992538284
86992544388
86992552689
86992558487
86992565567
86992572586
86992578751
86992586746
86992591507
86992599319
86992605911
86992613113
86992620499
86992625564
86992635879
86992642654
86992649002
86992656265
86992661148
86992670120
86992676101
86992685440
86992691726
86992698562
86992705032
86992711746
86992720047
86992727066
86992733230
86992740798
86992747390
86992754653
86992761733
86992768569
86992776382
86992781997
86992788955
86992795364
86992802078
86992808669
86992816543
86992823806
86992830276
86992837539
86992844192
86992848953
86992857131
86992863174
86992871780
86992878616
86992883315
86992891372
86992897292
86992904250
86992911452
86992917983
86992924880
86992931106
86992938186
86992945693
86992953444
86992960647
86992968154
86992975722
86992982314
86992988601
86992995131
86993002944
86993010207
86993014663
86993023207
86993029372
86993034621
86993042372
86993049391
86993056655
86993063552
86993070204
86993078505
86993084059
86993091322
86993099257
86993105422
86993112990
86993119032
86993126296
86993132582
86993139052
86993148634
86993154250
86993161208
86993167616
86993174391
86993182631
86993188307
86993196181
86993202650
86993209486
86993217604
86993223524
86993230543
86993237440
86993242567
86993251112
86993256727
86993265089
86993272535
86993280043
86993287550
86993292860
86993300489
86993307875
86993314100
86993320265
86993325941
86993334425
86993341444
86993348036
86993356275
86993362684
86993369947
86993376417
86993383192
86993389723
86993397291
86993404188
86993409559
86993416944
86993424879
86993430372
86993438795
86993446241
86993452406
86993457532
86993464124
86993473463
86993480543
86993486463
86993493238
86993499219
86993505323
86993510450
86993519666
86993526746
86993533765
86993541883
86993550489
86993557935
86993564832
86993570264
86993579053
86993585645
86993592298
86993600415
86993607495
86993614515
86993622449
86993628369
86993636731
86993643201
86993650098
86993657056
86993664075
86993671643
86993677381
86993683972
86993690198
86993696485
86993706372
86993711926
86993719434
86993725659
86993732129
86993740002
86993746289
86993753918
86993759167
86993766431
86993773633
86993779736
86993787732
86993791089
86993801221
86993808240
86993815259
86993821484
86993826428
86993835644
86993842053
86993850720
86993856335
86993863781
86993869458
86993876049
86993884777
86993892773
86993897412
86993905041
86993913342
86993919934
86993925671
86993932812
86993941418
86993947644
86993954663
86993961010
86993967480
86993974011
86993981030
86993988903
86993994335
86994001354
86994010082
86994015514
86994023205
86994028942
86994038097
86994044750
86994049999
86994057690
86994064159
86994071178
86994078381
86994083568
86994091808
86994098888
86994104870
86994112133
86994118847
86994127331
86994133678
86994140941
86994146007
86994152843
86994161083
86994167980
86994175365
86994180980
86994188060
86994194835
86994201610
86994209667
86994216808
86994223095
86994230236
86994237438
86994243785
86994251476
86994258007
86994265331
86994272716
86994278514
86994284435
86994291149
86994297679
86994304027
86994312877
86994317699
86994325328
86994331187
86994338145
86994345531
86994352306
86994359630
86994365550
86994372508
86994379161
86994386058
86994394298
86994400157
86994407908
86994414500
86994421580
86994427989
86994435374
86994442210
86994448253
86994454783
86994462596
86994468699
86994476085
86994482676
86994488780
86994495860
86994502513
86994510813
86994516246
86994523509
86994530406
86994537242
86994545787
86994551585
86994559397
86994566294
86994572398
86994579295
86994588267
86994595774
86994601878
86994607005
86994616160
86994622141
86994628245
86994634837
86994642832
86994649180
86994654002
86994661509
86994668406
86994676340
86994682993
86994689524
86994696848
86994703623
86994710520
86994717173
86994723459
86994732004
86994737009
86994744272
86994751352
86994758188
86994764475
86994770823
86994778269
86994783030
86994792002
86994797800
86994804880
86994811899
86994819467
86994825144
86994832895
86994839426
86994846079
86994850962
86994860666
86994867746
86994874094
86994882273
86994887827
86994894602
86994900278
86994907297
86994914438
86994921579
86994928415
86994935373
86994940927
86994949899
86994954599
86994963754
86994968576
86994977060
86994984262
86994989206
86994997323
86995004648
86995013254
86995019784
86995025339
86995033334
86995039071
86995046029
86995054635
86995062204
86995067941
86995075998
86995082895
86995090158
86995099313
86995110482
86995119821
86995130441
86995139474
86995149056
86995158822
86995169991
86995178353
86995189462
86995195870
86995208016
86995217355
86995226205
86995239144
86995249398
86995256844
86995264474
86995269173
86995276986
86995284005
86995291512
86995296456
86995304818
86995311043
86995316475
86995324715
86995333321
86995340767
86995347054
86995353524
86995361031
86995367257
86995375557
86995383004
86995387703
86995395150
86995402901
86995409310
86995416817
86995423470
86995430123
86995438179
86995444588
86995450997
86995457649
86995463875
86995472786
86995480171
86995487007
86995492256
86995500313
86995507454
86995514839
86995522286
86995528572
86995536018
86995540901
86995551460
86995561409
86995571114
86995581673
86995589241
86995599312
86995607246
86995614082
86995623298
86995631294
86995638618
86995644111
86995650459
86995658210
86995664375
86995671699
86995680183
86995687019
86995694892
86995701545
86995707344
86995714119
86995721748
86995729499
86995736030
86995744941
86995750312
86995759468
86995765876
86995771858
86995777107
86995785407
86995791755
86995799201
86995805671
86995813117
86995816352
86995826728
86995832221
86995839545
86995847175
86995853461
86995859016
86995865363
86995870429
86995877753
86995886115
86995892951
86995899421
86995904243
86995911750
86995916511
86995924079
86995928962
86995938178
86995943427
86995951423
86995958197
86995965217
86995969611
86995978461
86995984320
86995991339
86996000006
86996006964
86996013922
86996021308
86996027899
86996035407
86996043219
86996048834
86996053839
86996062445
86996068549
86996075873
86996083075
86996089850
86996096381
86996102850
86996109625
86996116583
86996122809
86996128119
86996137518
86996143805
86996151068
86996156317
86996163641
86996170782
86996177435
86996185736
86996191839
86996197516
86996204962
86996210821
86996216803
86996224249
86996230536
86996238165
86996245001
86996251410
86996257940
86996264593
86996271551
86996276922
86996286383
86996292120
86996299444
86996304693
86996313970
86996320074
86996327215
86996334661
86996339849
86996347174
86996354864
86996360418
86996366583
86996373846
86996379522
86996388555
86996395208
86996401983
86996407781
86996414129
86996421148
86996429021
86996436407
86996440801
86996448064
86996455389
86996462286
86996468450
86996475408
86996482183
86996489141
86996495367
86996500371
86996509160
86996515081
86996522161
86996528142
86996535528
86996542669
86996549077
86996555974
86996562505
86996569951
86996575200
86996584539
86996589971
86996597539
86996602666
86996609807
86996616765
86996623296
86996630925
86996637456
86996643987
86996651738
86996657231
86996664800
86996670354
86996676396
86996685613
86996691777
86996698308
86996704594
86996711125
86996718816
86996725346
86996732976
86996740056
86996745793
86996752019
86996759465
86996766179
86996772649
86996779118
86996785832
86996793095
86996798039
86996805180
86996810246
86996819707
86996826787
86996834111
86996840519
86996847233
86996853093
86996859745
86996866642
86996871525
86996880131
86996885502
86996894291
86996900212
86996907475
86996913700
86996920231
86996927189
86996933903
86996940434
86996946964
86996953800
86996958866
86996967289
86996974552
86996983524
86996990727
86996997379
86997002812
86997009220
86997015507
86997022465
86997031559
86997038334
86997043888
86997049503
86997056766
86997062809
86997070194
86997078068
86997084415
86997091495
86997096744
86997105228
86997111393
86997118595
86997124027
86997131351
86997137638
86997144046
86997151371
86997157840
86997164371
86997169498
86997178959
86997185001
86997192325
86997197696
86997204959
86997211185
86997217594
86997225223
86997232242
86997238956
86997244266
86997252445
86997259708
86997265201
86997272220
86997279910
86997286929
86997293338
86997299686
86997306400
86997312808
86997319644
86997328128
86997334476
86997340274
86997347964
86997355655
86997361941
86997368289
86997375796
86997382388
86997388125
86997394839
86997402896
86997408267
86997415591
86997421878
86997429202
86997436648
86997443179
86997449283
86997455935
86997462222
86997470095
86997476626
86997483645
86997491153
86997497561
86997504153
86997508548
86997531314
86997536746
86997543460
86997552432
86997558718
86997566165
86997569766
86997579653
86997587283
86997593874
86997599307
86997605715
86997612612
86997619021
86997626528
86997631472
86997639773
86997644533
86997652468
86997657229
86997664431
86997669436
86997678530
86997681887
86997690676
86997697024
86997702334
86997707400
86997714907
86997721316
86997729372
86997735048
86997742067
86997747561
86997754396
86997760012
86997765322
86997771669
86997778872
86997785952
86997792543
86997796633
86997803835
86997810366
86997817079
86997821596
86997830690
86997836061
86997842165
86997848512
86997854982
86997861879
86997868410
86997875612
86997881044
86997888735
86997894411
86997901369
86997904543
86997913393
86997919984
86997927553
86997934511
86997940858
86997946901
86997953004
86997957399
86997964296
86997973024
86997978090
86997985475
86997992250
86998000123
86998008424
86998015870
86998021242
86998028627
86998035585
86998042115
86998048890
86998053956
86998061891
86998067018
86998077211
86998084352
86998091188
86998096986
86998104676
86998111634
86998118348
86998124940
86998130067
86998137452
86998145326
86998151002
86998157350
86998164308
86998172120
86998179078
86998184998
86998191529
86998198670
86998203858
86998211549
86998216615
86998226014
86998229737
86998239198
86998244630
86998251893
86998259034
86998265687
86998274110
86998278931
86998286011
86998290894
86998300294
86998305726
86998313172
86998320191
86998326844
86998333924
86998340455
86998347535
86998352539
86998359375
86998366211
86998374207
86998379395
86998388977
86998394959
86998402405
86998407532
86998414856
86998421631
86998428162
86998435791
86998442322
86998448487
86998454956
86998461792
86998466919
86998476013
86998482178
86998489502
86998495545
86998502075
86998506897
86998515991
86998521545
86998528076
86998535583
86998540527
86998547913
86998555481
86998561462
86998567810
86998575256
86998583618
86998590149
86998596435
86998603882
86998609070
86998615722
86998624756
86998631286
86998638488
86998643310
86998650451
86998657287
86998664428
86998671142
86998678650
86998685852
86998690795
86998699890
86998705749
86998713195
86998719238
86998726806
86998733703
86998740051
86998746887
86998753417
86998759094
86998766113
86998775451
86998778808
86998788146
86998794860
86998800781
86998806335
86998813964
86998822326
86998828857
86998834350
86998841064
86998848449
86998854064
86998862304
86998869567
86998877318
86998882506
86998890319
86998895751
86998903136
86998910216
86998917113
86998925048
86998928832
86998938048
86998945800
86998957396
86998967467
86998976867
86998993529
86999002928
86999010253
86999018309
86999023436
86999034606
86999042418
86999049010
86999056578
86999063353
86999070494
86999076781
86999083312
86999091063
86999098021
86999104857
86999110960
86999118346
86999122862
86999130309
86999138731
86999145262
86999153075
86999158201
86999167235
86999174315
86999180052
86999184935
86999194761
86999199827
86999206724
86999213560
86999218870
86999223753
86999230711
86999234129
86999244810
86999252256
86999258665
86999264036
86999270140
86999276182
86999282591
86999290525
86999297056
86999302854
86999309080
86999315550
86999321897
86999327879
86999334410
86999341978
86999347227
86999355589
86999361692
86999367185
86999372007
86999380003
86999385008
86999393125
86999399717
86999406614
86999409666
86999418150
86999423521
86999430662
86999433713
86999443845
86999447141
86999456052
86999461668
86999467161
86999473997
86999479490
86999485898
86999493040
86999498899
86999505857
86999511472
86999518613
86999523740
86999530637
86999538389
86999544797
86999550596
86999557370
86999565854
86999573178
86999578855
86999586545
86999593991
86999601804
86999608090
86999614316
86999619260
86999627500
86999632932
86999642148
86999648740
86999655820
86999662351
86999668881
86999676633
86999682187
86999689816
86999695065
86999703305
86999708554
86999717343
86999722592
86999730405
86999735348
86999744504
86999748105
86999758359
86999763547
86999770810
86999777463
86999784115
86999792721
86999797604
86999805905
86999810788
86999818661
86999823727
86999831601
86999838559
86999845944
86999851071
86999858700
86999866330
86999872799
86999879269
86999883908
86999893429
86999897213
86999905636
86999912350
86999919491
86999924313
86999931637
86999940182
86999947140
86999953304
86999959713
86999967709
86999971310
86999980892
86999984249
86999994259
87000001217
87000008175
87000014278
87000021053
87000027157
87000033871
87000044063
87000047420
87000056454
87000062923
87000070248
87000075497
87000082516
87000089779
87000096615
87000104183
87000109127
87000116512
87000121578
87000130672
87000133968
87000143734
87000151424
87000157283
87000164180
87000170650
87000177608
87000184383
87000190547
87000195613
87000204952
87000208431
87000217952
87000223628
87000231075
87000238216
87000244869
87000250850
87000257747
87000264522
87000269527
87000278072
87000284236
87000291866
87000298457
87000305476
87000312068
87000318477
87000324397
87000331233
87000340144
87000345454
87000352351
87000359920
87000365535
87000371394
87000378596
87000385432
87000392817
87000400508
87000407466
87000413997
87000420772
87000428950
87000436213
87000442256
87000449153
87000454829
87000461116
87000467829
87000473994
87000479365
87000486445
87000493830
87000499263
87000506343
87000511592
87000518611
87000524226
87000531062
87000537959
87000544734
87000551081
87000557734
87000565791
87000570979
87000579707
87000583186
87000593134
87000600703
87000607172
87000613276
87000619868
87000626520
87000634028
87000641535
87000645197
87000653498
87000659601
87000666865
87000672480
87000681452
87000689326
87000694147
87000702814
87000705988
87000715571
87000720881
87000727900
87000737482
87000742548
87000749506
87000754389
87000761774
87000766779
87000775568
87000783075
87000788874
87000796259
87000803522
87000809137
87000815607
87000823541
87000828546
87000837885
87000841669
87000851129
87000857355
87000862970
87000870111
87000877435
87000882562
87000891840
87000897516
87000904291
87000912469
87000915948
87000926019
87000933343
87000939447
87000947137
87000952814
87000959894
87000965326
87000971246
87000978021
87000983148
87000990716
87000998102
87001004815
87001013727
87001021234
87001026788
87001034417
87001041131
87001047784
87001054620
87001060846
87001065789
87001074823
87001078179
87001089105
87001096490
87001102166
87001109613
87001116021
87001121514
87001128106
87001136590
87001141595
87001149529
87001154595
87001163751
87001169732
87001176995
87001183770
87001190301
87001197198
87001203728
87001210320
87001215508
87001223809
87001227044
87001237786
87001241204
87001250359
87001255608
87001263909
87001270684
87001277215
87001285332
87001290154
87001298211
87001303216
87001312005
87001317498
87001323357
87001332634
87001339287
87001346306
87001352715
87001358330
87001364800
87001371697
87001376885
87001386895
87001393059
87001398735
87001404656
87001412041
87001418694
87001425041
87001433342
87001439812
87001445671
87001450615
87001459221
87001464287
87001473381
87001480217
87001488091
87001493828
87001500237
87001507744
87001513298
87001521294
87001526482
87001533806
87001539055
87001548271
87001554314
87001561455
87001568291
87001574760
87001581657
87001587944
87001595024
87001600090
87001608452
87001613151
87001620475
87001627189
87001635246
87001641227
87001648368
87001655082
87001661552
87001668327
87001674797
87001681938
87001689628
87001695304
87001702873
87001708305
87001714652
87001721855
87001729484
87001736137
87001743034
87001749687
87001755912
87001761283
87001769462
87001774772
87001784232
87001789054
87001796256
87001803214
87001809806
87001816764
87001823417
87001830192
87001835075
87001842582
87001849662
87001855338
87001860282
87001869559
87001873405
87001882316
87001888297
87001895499
87001901664
87001908805
87001916190
87001921195
87001930289
87001935111
87001942862
87001949698
87001955436
87001962821
87001968497
87001978141
87001984854
87001991141
87001996329
87002006095
87002012931
87002018729
87002023734
87002032034
87002038199
87002045462
87002048575
87002057486
87002060599
87002069937
87002075919
87002083182
87002089041
87002095999
87002101248
87002108328
87002113577
87002120535
87002125479
87002132864
87002138968
87002145926
87002152457
87002158804
87002164480
87002171377
87002177176
87002184683
87002192434
87002197683
87002206839
87002214163
87002219717
87002227896
87002234427
87002240896
87002245962
87002253592
87002258474
87002267263
87002276174
87002283743
87002289724
87002296194
87002303213
87002309622
87002314993
87002321890
87002331472
87002334890
87002343862
87002350515
87002356313
87002363455
87002370718
87002376882
87002383657
87002390859
87002397573
87002403921
87002408987
87002417104
87002423696
87002431509
87002439199
87002444631
87002451528
87002458059
87002464651
87002471303
87002478017
87002483022
87002491872
87002495412
87002504995
87002510915
87002518056
87002525869
87002532644
87002540700
87002545827
87002555349
87002561635
87002567495
87002574086
87002581411
87002587758
87002594777
87002599904
87002606862
87002612538
87002619618
87002626576
87002632192
87002639455
87002648061
87002657216
87002664052
87002673879
87002682729
87002691701
87002700612
87002709523
87002716237
87002726552
87002735646
87002743642
87002752675
87002761830
87002769887
87002777699
87002785267
87002792958
87002800892
87002811024
87002818104
87002827626
87002838063
87002844960
87002851673
87002857167
87002864186
87002869801
87002877552
87002884693
87002891285
87002897633
87002902821
87002910023
87002916371
87002923634
87002929798
87002936451
87002942982
87002949329
87002955372
87002960194
87002968617
87002974110
87002982838
87002989674
87002994434
87003001759
87003006885
87003017445
87003023243
87003028919
87003035023
87003042225
87003049366
87003055897
87003064441
87003070789
87003077686
87003082813
87003091175
87003096668
87003103931
87003111072
87003118763
87003124012
87003131153
87003137439
87003144153
87003151355
87003158252
87003166553
87003173328
87003179554
87003185718
87003193042
87003198230
87003205188
87003212818
87003219409
87003226917
87003232166
87003240039
87003245044
87003253223
87003259753
87003267566
87003272815
87003279773
87003285693
87003292468
87003299304
87003304431
87003313281
87003318103
87003326831
87003332568
87003338367
87003344775
87003351733
87003360217
87003366809
87003372851
87003379443
87003386218
87003392810
87003398913
87003403735
87003413318
87003419970
87003425952
87003434558
87003441027
87003445300
87003452685
87003460192
87003466906
87003474292
87003479296
87003487475
87003490832
87003501147
87003505175
87003515002
87003521899
87003528491
87003533434
87003539965
87003547289
87003554553
87003561083
87003566027
87003574572
87003581347
87003587145
87003593188
87003600695
87003606432
87003615649
87003621935
87003628649
87003634508
87003641222
87003648180
87003653246
87003662951
87003669481
87003676745
87003681566
87003688830
87003695543
87003702196
87003709704
87003716478
87003722826
87003727953
87003736803
87003743212
87003750475
87003756151
87003763536
87003770922
87003777330
87003784532
87003789293
87003795946
87003803697
87003809984
87003817674
87003823351
87003830126
87003837389
87003843126
87003850511
87003856981
87003863390
87003870165
87003876695
87003883836
87003888719
87003897264
87003904283
87003910081
87003917284
87003924669
87003930467
87003937120
87003942186
87003949632
87003958116
87003963426
87003970323
87003975511
87003984788
87003988084
87003996995
87004003343
87004010728
87004016160
87004023912
87004030687
87004037217
87004043870
87004050584
87004060350
87004063768
87004073533
87004078477
87004085862
87004091050
87004098313
87004106431
87004113084
87004120286
87004125169
87004133470
87004138413
87004146714
87004153245
87004160996
87004167466
87004173814
87004180100
87004186631
87004193650
87004200669
87004207200
87004212266
87004220933
87004224351
87004233018
87004239121
87004246323
87004254868
87004261338
87004267197
87004273667
87004280564
87004285447
87004293625
87004298935
87004308213
87004313645
87004320542
87004327927
87004334336
87004339707
87004346115
87004354905
87004360031
87004368637
87004371933
87004381333
87004384629
87004394760
87004401901
87004408615
87004415512
87004422165
87004429184
87004436020
87004442673
87004447739
87004458054
87004461472
87004470993
87004476486
87004483688
87004489792
87004497238
87004503464
87004510178
87004517258
87004522324
87004530502
87004535385
87004543625
87004550155
87004558273
87004564071
87004571518
87004578415
87004584884
87004592514
87004597152
87004606491
87004610153
87004618942
87004626266
87004631942
87004637985
87004645126
87004652694
87004659713
87004666366
87004672775
87004678817
87004686508
87004693038
87004698043
87004707504
87004714034
87004721298
87004726058
87004733199
87004740035
87004746627
87004754928
87004759750
87004767257
87004774764
87004780685
87004787704
87004793380
87004799667
87004807296
87004813705
87004820846
87004827499
87004833968
87004840926
87004845992
87004855514
87004860885
87004868819
87004874312
87004881576
87004886153
87004893477
87004902205
87004908675
87004914656
87004921859
87004930587
87004937178
87004943038
87004948104
87004957320
87004960921
87004969588
87004974349
87004983443
87004986678
87004994246
87004999129
87005007918
87005013594
87005020613
87005026839
87005033797
87005038680
87005045699
87005052474
87005059981
87005065596
87005072493
87005077498
87005084395
87005089522
87005096541
87005104109
87005110457
87005116438
87005124312
87005131331
87005140181
87005147627
87005152449
87005161543
87005167158
87005173567
87005180891
87005188032
87005194502
87005199568
87005208906
87005215498
87005222700
87005227949
87005235273
87005242109
87005248762
87005255293
87005262129
87005268843
87005276350
87005282087
87005289594
87005295271
87005301985
87005309248
87005317121
87005323469
87005328779
87005335249
87005341779
87005348554
87005356855
87005362592
87005369978
87005376020
87005381879
87005387434
87005394819
87005402021
87005408979
87005416303
87005422590
87005429731
87005434919
87005441999
87005447248
87005457502
87005462873
87005469831
87005475751
87005483075
87005488263
87005497480
87005504621
87005509504
87005517072
87005524396
87005529950
87005536908
87005542585
87005550031
87005557477
87005563825
87005570966
87005578595
87005583722
87005593244
87005599774
87005605634
87005611676
87005618634
87005624982
87005630475
87005636334
87005643414
87005650372
87005658002
87005662457
87005669598
87005675641
87005682660
87005689069
87005693829
87005700787
87005708234
87005715863
87005722394
87005729962
87005736066
87005743390
87005752423
87005757367
87005765240
87005770245
87005779034
87005786053
87005791790
87005799298
87005806683
87005812970
87005820355
87005825848
87005832562
87005838543
87005845135
87005853680
87005859539
87005867352
87005873577
87005879315
87005886517
87005892742
87005900189
87005907330
87005914105
87005920574
87005926800
87005933453
87005940960
87005948040
87005955730
87005961590
87005969097
87005975140
87005982098
87005988323
87005995464
87006002544
87006009441
87006014934
87006021770
87006028240
87006035137
87006042034
87006048504
87006055889
87006061016
87006069561
87006074566
87006082500
87006087688
87006096843
87006103313
87006110881
87006117168
87006124797
87006131206
87006137188
87006143718
87006151409
87006156597
87006164165
87006171306
87006177654
87006185100
87006189678
87006197429
87006202556
87006212871
87006216350
87006224590
87006229656
87006239177
87006243816
87006251018
87006258159
87006266460
87006272685
87006279704
87006287944
87006291423
87006301128
87006307780
87006314006
87006317729
87006327251
87006330485
87006339824
87006342998
87006352336
87006355632
87006365458
87006371196
87006378276
87006383464
87006390544
87006393840
87006402568
87006408915
87006416423
87006421916
87006428813
87006433451
87006440470
87006446513
87006454020
87006462260
87006468913
87006475627
87006480693
87006489298
87006495951
87006504862
87006512370
87006517436
87006525797
87006530619
87006538371
87006544718
87006551981
87006556559
87006565775
87006572428
87006579081
87006584391
87006590983
87006597880
87006604410
87006613016
87006618693
87006626200
87006630839
87006639811
87006644877
87006652140
87006659830
87006666544
87006673014
87006677836
87006686442
87006691385
87006699076
87006706034
87006715128
87006721903
87006728312
87006734110
87006740885
87006746622
87006753214
87006760599
87006768228
87006774332
87006779093
87006787699
87006793924
87006800882
87006808084
87006814798
87006820352
87006828226
87006834696
87006841104
87006848550
87006855142
87006863199
87006868875
87006876016
87006881082
87006888345
87006895425
87006901529
87006908548
87006915018
87006922098
87006927103
87006935831
87006942117
87006947976
87006955118
87006962564
87006967813
87006975137
87006981912
87006988321
87006995279
87007001992
87007010171
87007017434
87007023050
87007029397
87007036599
87007042153
87007049417
87007056497
87007063821
87007071389
87007076394
87007083718
87007088784
87007096780
87007101907
87007112222
87007118508
87007124185
87007131692
87007138223
87007144570
87007151101
87007158974
87007163796
87007171487
87007176553
87007184060
87007189004
87007197488
87007203652
87007211159
87007219216
87007225747
87007231667
87007238137
87007244912
87007250039
87007258828
87007265114
87007270791
87007277504
87007284707
87007292275
87007298745
87007305642
87007312416
87007318642
87007323647
87007332192
87007338295
87007343972
87007350746
87007358559
87007365212
87007371804
87007378090
87007384682
87007391213
87007397682
87007405373
87007410622
87007418862
87007423927
87007431923
87007435280
87007444252
87007451027
87007460182
87007465614
87007472084
87007478981
87007485451
87007491859
87007500221
87007506203
87007512367
87007519691
87007525795
87007533119
87007539711
87007546181
87007553139
87007559547
87007566322
87007571388
87007579567
87007584877
87007592689
87007598976
87007606239
87007612098
87007619300
87007625831
87007632545
87007639930
87007644996
87007653602
87007658546
87007667091
87007670509
87007680152
87007684974
87007691993
87007698829
87007706519
87007714027
87007720741
87007729347
87007733009
87007742713
87007750526
87007756568
87007763282
87007770911
87007774146
87007782935
87007786170
87007795570
87007802344
87007809791
87007814735
87007821754
87007828406
87007834754
87007839759
87007846839
87007854163
87007860694
87007868201
87007875220
87007882789
87007888770
87007896094
87007903540
87007911353
87007918494
87007924903
87007930396
87007936988
87007943946
87007948889
87007957312
87007964331
87007971717
87007976599
87007983801
87007991004
87007997412
87008004736
87008011389
87008017981
87008023291
87008031592
87008036658
87008044470
87008051062
87008058875
87008065588
87008072058
87008078650
87008085120
87008091772
87008098730
87008104834
87008109900
87008118506
87008125281
87008132666
87008138159
87008145849
87008151098
87008158362
87008165381
87008171972
87008178442
87008185034
87008192968
87008198095
87008206213
87008212988
87008218725
87008225378
87008232763
87008237890
87008245092
87008252111
87008258886
87008265722
87008272314
87008278723
87008287145
87008292822
87008299413
87008306616
87008313757
87008320226
87008326025
87008332616
87008340612
87008345373
87008354711
87008359899
87008367284
87008374242
87008380041
87008386816
87008394140
87008400121
87008407629
87008415746
87008422399
87008427709
87008434301
87008440587
87008447912
87008455846
87008462621
87008468114
87008473851
87008480993
87008486425
87008493871
87008503026
87008508397
87008517247
87008523778
87008530980
87008536107
87008543370
87008549474
87008557042
87008563878
87008570531
87008579198
87008584142
87008593419
87008596715
87008606908
87008613255
87008619115
87008625035
87008632054
87008638463
87008643895
87008649693
87008658543
87008663976
87008670811
87008676366
87008683385
87008687352
87008694371
87008701695
87008709202
87008716038
87008722325
87008727391
87008733616
87008740147
87008746495
87008754002
87008760716
87008767552
87008773777
87008779759
87008784398
87008791050
87008797398
87008805394
87008811985
87008817479
87008822239
87008829991
87008834812
87008842869
87008847874
87008857579
87008863072
87008868504
87008873142
87008882054
87008885227
87008894261
87008901096
87008908787
87008913792
87008920933
87008927280
87008934361
87008941746
87008948582
87008956455
87008962864
87008971531
87008978428
87008986607
87008992344
87008998691
87009006138
87009013340
87009019749
87009026829
87009033237
87009039707
87009044834
87009055271
87009061496
87009068882
87009073581
87009080845
87009087803
87009094150
87009101902
87009108371
87009115207
87009121677
87009128208
87009133274
87009140781
87009148349
87009156223
87009162021
87009169162
87009175815
87009182407
87009187778
87009194431
87009201877
87009208469
87009216769
87009221835
87009230014
87009236301
87009243686
87009250034
87009257602
87009263705
87009270053
87009277194
87009282138
87009289889
87009294894
87009304843
87009308444
87009318393
87009323398
87009330722
87009335971
87009342929
87009350863
87009357638
87009364474
87009369540
87009376437
87009381503
87009390170
87009397921
87009405490
87009412326
87009418856
87009423800
87009430331
87009438388
87009443148
87009452914
87009459078
87009464816
87009470797
87009478060
87009484713
87009492220
87009497347
87009504794
87009511446
87009518038
87009526400
87009531344
87009538668
87009543795
87009553316
87009558199
87009565523
87009572848
87009579378
87009584750
87009593111
87009599886
87009605135
87009612337
87009617342
87009626131
87009631869
87009639437
87009643099
87009653109
87009658602
87009665865
87009671724
87009678255
87009685213
87009692110
87009700411
87009706514
87009712679
87009719027
87009726290
87009731844
87009739107
87009747042
87009753877
87009761507
87009767061
87009775850
87009784456
87009797151
87009808321
87009818391
87009833528
87009843965
87009849825
87009856783
87009863679
87009871797
87009877595
87009885896
87009892488
87009898042
87009902925
87009910798
87009915986
87009924653
87009931367
87009936982
87009942537
87009949556
87009955720
87009962739
87009969758
87009976411
87009983247
87009989595
87009996064
87010002412
87010007600
87010013948
87010022554
87010027375
87010034455
87010040620
87010045808
87010051972
87010058442
87010064973
87010072541
87010077729
87010085603
87010090424
87010097444
87010103730
87010109589
87010114289
87010124421
87010130708
87010137544
87010143159
87010149995
87010155976
87010162995
87010167817
87010175141
87010181855
87010188691
87010193146
87010200043
87010206757
87010212861
87010222321
87010227265
87010233613
87010239899
87010246735
87010252778
87010259186
87010264069
87010273102
87010278168
87010285248
87010289948
87010298127
87010302826
87010309662
87010314423
87010323456
87010330902
87010336396
87010342011
87010349030
87010354767
87010361664
87010368134
87010375519
87010382172
87010388397
87010394379
87010400543
87010404633
87010411652
87010419281
87010426117
87010432892
87010439117
87010445221
87010451447
87010458282
87010463165
87010472015
87010477203
87010484100
87010490265
87010496612
87010501251
87010509125
87010513763
87010523468
87010530243
87010535797
87010540375
87010548126
87010552704
87010561004
87010567962
87010575287
87010581146
87010588165
87010594635
87010601043
87010607635
87010612335
87010618316
87010627105
87010633819
87010640106
87010645355
87010651702
87010658172
87010664337
87010671539
87010678192
87010685272
87010690093
87010697295
87010701995
87010711150
87010716155
87010723418
87010731048
87010736541
87010742889
87010749847
87010755889
87010761199
87010767303
87010775054
87010781341
87010788299
87010793914
87010800933
87010807342
87010813628
87010820830
87010827239
87010833709
87010840056
87010847014
87010853301
87010859343
87010865691
87010873565
87010878630
87010886687
87010891387
87010897795
87010903960
87010911223
87010916167
87010924834
87010929961
87010938262
87010942961
87010950530
87010955229
87010962859
87010968962
87010976409
87010983183
87010988555
87010993926
87011001006
87011007292
87011014372
87011021635
87011028471
87011036040
87011042387
87011049345
87011056181
87011064482
87011067839
87011077727
87011083342
87011090605
87011097380
87011103667
87011110563
87011116667
87011123930
87011130522
87011136503
87011142729
87011149077
87011155058
87011162199
87011166899
87011176176
87011181364
87011189360
87011192595
87011201506
87011206266
87011213591
87011218473
87011226652
87011233244
87011240141
87011246427
87011251798
87011257963
87011264860
87011270841
87011278227
87011284086
87011291044
87011296903
87011303861
87011308256
87011315092
87011322294
87011329618
87011336332
87011341154
87011348051
87011354215
87011361051
87011365873
87011374540
87011380949
87011386991
87011393339
87011398710
87011405057
87011412748
87011417264
87011425748
87011430875
87011437345
87011443570
87011450895
87011455655
87011462857
87011467618
87011477506
87011484952
87011490323
87011495938
87011503019
87011508329
87011515409
87011522245
87011529508
87011536405
87011542508
87011547452
87011554227
87011559293
87011566495
87011572659
87011580106
87011588345
87011595181
87011602078
87011607144
87011616971
87011623563
87011631497
87011637479
87011644864
87011649564
87011656888
87011663480
87011670865
87011676175
87011683499
87011689175
87011696133
87011703091
87011709317
87011716031
87011722439
87011729031
87011735440
87011742215
87011748440
87011754422
87011760586
87011766201
87011772305
87011780484
87011785611
87011793484
87011798306
87011804715
87011811123
87011818875
87011825100
87011833279
87011839566
87011845181
87011852505
87011857998
87011864346
87011869778
87011874722
87011883755
87011889797
87011896816
87011903469
87011909695
87011916225
87011920986
87011927273
87011936367
87011942593
87011948818
87011954983
87011961269
87011966579
87011972988
87011981167
87011986355
87011993679
87011999965
87012006313
87012012600
87012018703
87012023342
87012032070
87012037014
87012044460
87012049038
87012056240
87012060878
87012068386
87012073024
87012083339
87012089992
87012096828
87012102016
87012108974
87012115261
87012121486
87012127773
87012134975
87012141872
87012148647
87012154445
87012160915
87012167140
87012172084
87012180690
87012186305
87012194911
87012201442
87012207423
87012214015
87012221462
87012225307
87012234401
87012241115
87012247096
87012253871
87012260280
87012266505
87012273463
87012281520
87012286952
87012295192
87012300258
87012306972
87012313441
87012319484
87012325099
87012332179
87012338954
87012345546
87012354091
87012361659
87012368129
87012376551
87012382838
87012389674
87012396388
87012402980
87012411158
87012415187
87012424952
87012431361
87012438380
87012446253
87012450770
87012460353
87012467921
87012474574
87012482630
87012488001
87012495631
87012501795
87012508753
87012518031
87012523707
87012531336
87012538172
87012544764
87012552882
87012558863
87012566553
87012572596
87012580164
87012585840
87012590906
87012599573
87012606653
87012613062
