87118740964
87118746640
87118753049
87118758970
87118764341
87118770322
87118775388
87118783567
87118790769
87118796567
87118804196
87118809323
87118816342
87118820066
87118829099
87118836545
87118842954
87118849057
87118857419
87118863889
87118871274
87118877805
87118884274
87118891782
87118898007
87118905026
87118912839
87118918759
87118927121
87118933163
87118940610
87118947079
87118954587
87118961484
87118967709
87118975094
87118981686
87118988217
87118996152
87119002682
87119010251
87119019162
87119027463
87119035580
87119041134
87119049130
87119056942
87119064389
87119069699
87119080136
87119087033
87119094296
87119100277
87119107907
87119116146
87119123776
87119130856
87119138546
87119143917
87119151058
87119159237
87119166500
87119172543
87119181576
87119188107
87119194027
87119199825
87119208736
87119216122
87119223751
87119231258
87119236507
87119243893
87119251278
87119258480
87119265621
87119273800
87119280086
87119286800
87119293697
87119300472
87119307308
87119315609
87119322750
87119330684
87119337581
87119343319
87119351009
87119359188
87119366390
87119373531
87119380977
87119387752
87119393978
87119401973
87119409481
87119416927
87119424556
87119432369
87119438899
87119444942
87119452571
87119458309
87119466487
87119474056
87119480892
87119487727
87119494807
87119501399
87119506404
87119514522
87119524898
87119530574
87119537288
87119545467
87119551814
87119557307
87119566096
87119572871
87119580562
87119587947
87119596004
87119603572
87119611079
87119619380
87119624873
87119635737
87119641475
87119648616
87119657344
87119663081
87119671748
87119679011
87119687739
87119693843
87119700618
87119709773
87119716548
87119724909
87119732722
87119740290
87119747676
87119754939
87119763239
87119771235
87119778803
87119786128
87119795893
87119803828
87119811518
87119819147
87119826044
87119831354
87119840632
87119848322
87119856257
87119864313
87119869868
87119877375
87119885309
87119891840
87119901179
87119908808
87119915217
87119923639
87119929804
87119937006
87119943415
87119953363
87119961664
87119969782
87119978083
87119984552
87119993463
87120001337
87120009088
87120016107
87120026850
87120032953
87120042047
87120052179
87120059625
87120069208
87120077020
87120087030
87120095758
87120102533
87120110651
87120118585
87120124689
87120133783
87120140558
87120149774
87120156061
87120166498
87120174798
87120184198
87120191461
87120199640
87120208185
87120216974
87120223810
87120232904
87120239862
87120249749
87120258416
87120267511
87120274041
87120282403
87120288385
87120297967
87120304315
87120311517
87120320428
87120328851
87120334832
87120344964
87120351495
87120360101
87120368707
87120376824
87120386468
87120393426
87120402459
87120408807
87120417168
87120423455
87120431695
87120440484
87120449029
87120455804
87120465752
87120475213
87120483513
87120490594
87120499322
87120507134
87120514275
87120523613
87120531487
87120537713
87120546013
87120556633
87120564263
87120572258
87120580010
87120588311
87120596245
87120602532
87120610894
87120619011
87120627556
87120635918
87120643730
87120650566
87120658440
87120665276
87120675285
87120683403
87120692619
87120701225
87120709038
87120715141
87120723076
87120731499
87120740654
87120750114
87120755669
87120764213
87120771110
87120778129
87120785637
87120792473
87120800224
87120807243
87120814934
87120822197
87120828727
87120836479
87120842827
87120851493
87120858818
87120865226
87120872001
87120880302
87120887077
87120895378
87120904106
87120912101
87120919242
87120927177
87120933097
87120941154
87120948844
87120958305
87120963737
87120972770
87120980766
87120987540
87120997611
87121005851
87121012931
87121022575
87121031730
87121037955
87121047294
87121054862
87121062369
87121071708
87121080131
87121085441
87121094230
87121102653
87121111503
87121120902
87121127738
87121135672
87121144461
87121152701
87121159476
87121165641
87121171866
87121175589
87121186331
87121192313
87121199942
87121206961
87121214224
87121220389
87121227469
87121234732
87121240958
87121247550
87121254691
87121261588
87121267752
87121273917
87121280386
87121287772
87121294669
87121302664
87121308646
87121314688
87121321341
87121327505
87121333487
87121341116
87121348563
87121355093
87121362417
87121368704
87121375357
87121382376
87121389273
87121397207
87121404165
87121410147
87121416739
87121423086
87121429190
87121436209
87121443106
87121448721
87121456350
87121464041
87121470144
87121476187
87121483450
87121489187
87121497366
87121503286
87121510000
87121516226
87121522329
87121529836
87121536184
87121543691
87121549856
87121553396
87121561514
87121568411
87121573476
87121581228
87121586599
87121593740
87121599538
87121607534
87121614126
87121621755
87121628591
87121635122
87121640920
87121646718
87121653738
87121658987
87121666799
87121675344
87121680349
87121686208
87121692678
87121700368
87121705556
87121712392
87121718313
87121725576
87121730703
87121737600
87121744069
87121751332
87121757558
87121763967
87121770375
87121778066
87121783681
87121790334
87121796437
87121801564
87121810048
87121816030
87121823476
87121830129
87121836537
87121842885
87121847463
87121855092
87121862599
87121868825
87121874745
87121881703
87121888661
87121895192
87121901906
87121907765
87121915883
87121921803
87121928944
87121932545
87121940785
87121947682
87121955067
87121961720
87121966725
87121976063
87121982777
87121989186
87121995350
87122001088
87122009388
87122015736
87122022267
87122028676
87122034962
87122042469
87122048207
87122056691
87122061695
87122069508
87122075367
87122083424
87122089100
87122094044
87122102406
87122108631
87122115956
87122121021
87122127247
87122132496
87122139515
87122146839
87122154774
87122161793
87122168018
87122174061
87122180836
87122186024
87122193775
87122200733
87122206593
87122213734
87122220020
87122226246
87122232532
87122239551
87122246754
87122254078
87122260731
87122266590
87122273182
87122278919
87122286732
87122293323
87122298511
87122307605
87122313892
87122319874
87122326587
87122331409
87122339649
87122344837
87122352283
87122358081
87122365161
87122371936
87122377613
87122385730
87122391101
87122397693
87122403064
87122410816
87122417774
87122424426
87122432300
87122437427
87122445484
87122450733
87122458179
87122464221
87122471118
87122478015
87122484607
87122490955
87122497668
87122504199
87122511218
87122517261
87122523791
87122531116
87122538196
87122544910
87122551440
87122558276
87122563708
87122570422
87122577319
87122583301
87122591235
87122595996
87122603686
87122610156
87122617175
87122623706
87122631518
87122637622
87122644580
87122651171
87122657275
87122662768
87122671801
87122675769
87122684863
87122690234
87122696643
87122704394
87122710314
87122717944
87122724963
87122730944
87122737963
87122743273
87122749926
87122755847
87122762194
87122771105
87122775439
87122782519
87122788744
87122794604
87122801745
87122809374
87122816882
87122822802
87122831286
87122837389
87122841967
87122849474
87122856371
87122863634
87122871020
87122876879
87122883410
87122887926
87122895495
87122902575
87122908800
87122913988
87122922411
87122928453
87122936022
87122942125
87122949327
87122957323
87122961107
87122969591
87122976244
87122982775
87122988207
87122995226
87123002306
87123008165
87123016527
87123022692
87123029344
87123036363
87123044054
87123049974
87123055467
87123063951
87123071703
87123077135
87123085558
87123091600
87123098619
87123105455
87123111497
87123117967
87123124376
87123132005
87123137132
87123145311
87123150621
87123158739
87123165819
87123172410
87123179246
87123185045
87123192918
87123199571
87123205735
87123210313
87123218004
87123224107
87123231248
87123237596
87123243333
87123251146
87123258531
87123264939
87123271775
87123279649
87123286424
87123292405
87123300035
87123305345
87123311753
87123319077
87123324571
87123332932
87123338181
87123345567
87123350327
87123359239
87123366868
87123374619
87123381638
87123387437
87123394578
87123398301
87123405747
87123411912
87123418442
87123425278
87123432481
87123438401
87123444932
87123450913
87123456284
87123463914
87123471299
87123477830
87123484604
87123489426
87123497239
87123502244
87123508957
87123516221
87123522263
87123528305
87123536179
87123542893
87123549729
87123556321
87123564316
87123571518
87123578232
87123584397
87123591233
87123597397
87123602646
87123609543
87123615952
87123623093
87123629563
87123635178
87123641709
87123646958
87123655563
87123663498
87123670151
87123674667
87123681931
87123686264
87123693954
87123701279
87123707382
87123715073
87123720200
87123728805
87123735947
87123748825
87123759079
87123769516
87123782028
87123796127
87123803329
87123810531
87123817062
87123823959
87123830734
87123836776
87123843368
87123849350
87123856002
87123861801
87123869369
87123876876
87123883834
87123889511
87123896347
87123902023
87123908309
87123914657
87123921249
87123929305
87123936019
87123942672
87123948959
87123955184
87123961532
87123969100
87123975509
87123981796
87123989059
87123995467
87124001571
87124007857
87124013473
87124022994
87124028426
87124034530
87124039901
87124046859
87124054793
87124059981
87124067977
87124073958
87124080489
87124087508
87124094893
87124101302
87124107955
87124114425
87124120528
87124128096
87124133651
87124142196
87124148177
87124154586
87124162825
87124168135
87124175032
87124181746
87124188094
87124194075
87124199874
87124207137
87124213301
87124218978
87124226363
87124233321
87124239241
87124245711
87124253951
87124261397
87124267989
87124274092
87124280013
87124286299
87124293562
87124300398
87124307356
87124312727
87124320784
87124327559
87124333540
87124339766
87124345320
87124353010
87124359602
87124365950
87124371260
87124378462
87124384993
87124391340
87124398237
87124405500
87124411665
87124416914
87124423750
87124428877
87124438276
87124445173
87124450300
87124458479
87124463667
87124470991
87124477339
87124485090
87124489790
87124497969
87124505720
87124511396
87124518354
87124523725
87124531416
87124538557
87124545332
87124551923
87124558820
87124565595
87124572981
87124580549
87124587324
87124593427
87124601179
87124607832
87124613508
87124621564
87124628522
87124634870
87124641096
87124649091
87124655683
87124662092
87124667646
87124675397
87124682538
87124688886
87124694074
87124700727
87124708661
87124713971
87124722394
87124728437
87124735517
87124742597
87124748944
87124755109
87124759870
87124767865
87124774152
87124781964
87124788434
87124794843
87124800946
87124806745
87124813947
87124821271
87124827924
87124835126
87124842572
87124848859
87124855206
87124861310
87124868085
87124874249
87124881757
87124887860
87124894513
87124900311
87124907696
87124913495
87124922284
87124928937
87124934857
87124941022
87124948468
87124954815
87124961590
87124969769
87124976361
87124982281
87124988751
87124996502
87125004925
87125011944
87125019635
87125024823
87125033001
87125038922
87125046246
87125053265
87125060650
87125066693
87125072308
87125080914
87125087689
87125093914
87125100201
87125105938
87125114178
87125119549
87125127545
87125133892
87125140606
87125148357
87125153851
87125162823
87125168621
87125177837
87125184124
87125191753
87125198528
87125205303
87125213238
87125219158
87125225750
87125232586
87125238750
87125244854
87125252239
87125258831
87125266216
87125273113
87125277935
87125285503
87125293438
87125298992
87125306194
87125312725
87125318950
87125326458
87125332439
87125339824
87125347454
87125354412
87125361064
87125367656
87125374858
87125381572
87125387554
87125395305
87125401531
87125408489
87125414653
87125420635
87125427226
87125434551
87125441936
87125449565
87125455547
87125462322
87125469402
87125475993
87125482280
87125487773
87125497173
87125503459
87125509929
87125515727
87125522380
87125530681
87125535869
87125545146
87125550517
87125556987
87125565043
87125571635
87125578776
87125585734
87125591899
87125600078
87125605204
87125612651
87125620280
87125625346
87125632975
87125640055
87125645793
87125650920
87125658122
87125664408
87125671305
87125678507
87125685832
87125692057
87125698283
87125704447
87125711161
87125716776
87125724772
87125732707
87125739237
87125745890
87125752299
87125758952
87125764689
87125771403
87125779154
87125786723
87125793070
87125798991
87125805216
87125811014
87125818461
87125825663
87125832377
87125838419
87125845011
87125851664
87125859049
87125865275
87125872660
87125879923
87125886515
87125891886
87125898417
87125905069
87125912272
87125919474
87125924967
87125933451
87125939859
87125945047
87125952494
87125960489
87125966165
87125971842
87125980387
87125986124
87125992349
87125996683
87126005533
87126012857
87126021463
87126028116
87126035013
87126042398
87126049112
87126055216
87126071329
87126078409
87126084879
87126091837
87126097513
87126105814
87126111978
87126119668
87126125467
87126134073
87126140176
87126147134
87126154336
87126160928
87126167032
87126173562
87126179849
87126186624
87126193887
87126201455
87126207254
87126213723
87126220376
87126226541
87126233010
87126240396
87126246255
87126251626
87126259133
87126266946
87126273782
87126280313
87126286965
87126295327
87126301858
87126308389
87126315652
87126322732
87126329080
87126335671
87126342263
87126349465
87126355386
87126359109
87126367043
87126373513
87126380715
87126387246
87126394570
87126401955
87126408547
87126414895
87126420144
87126427529
87126434914
87126441140
87126447304
87126454018
87126459817
87126466408
87126473916
87126479836
87126487648
87126493142
87126499245
87126504860
87126511757
87126519204
87126525551
87126532143
87126538796
87126545754
87126552162
87126558998
87126564858
87126572670
87126579750
87126585915
87126591957
87126597939
87126604103
87126610817
87126618202
87126625527
87126631447
87126637978
87126644692
87126650917
87126659462
87126665871
87126673805
87126680275
87126686501
87126694618
87126699745
87126706642
87126713417
87126721474
87126727943
87126734535
87126739296
87126747719
87126754555
87126761879
87126767311
87126775306
87126781166
87126787819
87126794410
87126800575
87126808021
87126814186
87126820839
87126827186
87126833534
87126840919
87126847145
87126853431
87126861000
87126867652
87126873817
87126881019
87126887916
87126893226
87126900978
87126907264
87126914893
87126921424
87126927467
87126934364
87126940528
87126947547
87126956031
87126961951
87126969642
87126974830
87126981055
87126987159
87126994544
87127001319
87127007239
87127015418
87127021522
87127027686
87127034583
87127039710
87127048987
87127054725
87127064063
87127068091
87127077674
87127084083
87127090613
87127097937
87127105079
87127110633
87127115699
87127123328
87127129493
87127136573
87127143531
87127149573
87127157447
87127162696
87127170264
87127175940
87127183203
87127191321
87127196997
87127204016
87127210303
87127216712
87127223425
87127228919
87127236609
87127242407
87127248328
87127254919
87127260779
87127267004
87127273047
87127280188
87127288123
87127295080
87127301184
87127306372
87127313208
87127318701
87127326208
87127331946
87127341040
87127346045
87127353308
87127359717
87127366003
87127372412
87127379553
87127386633
87127393103
87127399145
87127406408
87127412634
87127420385
87127425756
87127434668
87127441015
87127447668
87127453955
87127460546
87127466650
87127475561
87127482153
87127489050
87127495458
87127502050
87127508398
87127514868
87127522985
87127531408
87127539220
87127545324
87127553014
87127559545
87127567175
87127571874
87127581029
87127588415
87127595312
87127601476
87127606908
87127614721
87127622594
87127627904
87127634008
87127641637
87127646398
87127652440
87127659093
87127666478
87127672338
87127678380
87127687108
87127693395
87127699926
87127706823
87127712682
87127721410
87127727147
87127733556
87127740209
87127746373
87127753942
87127759618
87127766820
87127772740
87127779943
87127786046
87127792150
87127798985
87127806920
87127812962
87127818456
87127826451
87127830968
87127838719
87127846715
87127854771
87127862401
87127868504
87127874486
87127881383
87127887486
87127894627
87127899693
87127908421
87127913792
87127920140
87127926121
87127934239
87127940953
87127948277
87127955174
87127961766
87127968480
87127973912
87127981785
87127989354
87127996190
87128002598
87128009251
87128015904
87128021153
87128029454
87128037571
87128044773
87128052220
87128060032
87128066441
87128072239
87128078343
87128084263
87128091953
87128098789
87128104038
87128112095
87128119419
87128126133
87128132481
87128140965
87128147800
87128154392
87128160374
87128167088
87128171604
87128178867
87128186253
87128192417
87128197727
87128204929
87128210117
87128217625
87128221836
87128230625
87128237461
87128245151
87128251011
87128257663
87128263828
87128269016
87128277439
87128281467
87128291599
87128296726
87128303501
87128309726
87128316440
87128324497
87128328525
87128338291
87128343906
87128350498
87128357578
87128362888
87128369419
87128376010
87128385471
87128392063
87128398593
87128404575
87128412814
87128418247
87128423984
87128432407
87128438998
87128446201
87128452914
87128457980
87128465854
87128470859
87128480197
87128485995
87128492282
87128500033
87128504794
87128511996
87128519992
87128525241
87128533053
87128539279
87128545199
87128551242
87128557101
87128563693
87128570346
87128577060
87128584140
87128588595
87128596591
87128602877
87128610446
87128617587
87128624240
87128630770
87128635958
87128643405
87128649508
87128656588
87128663302
87128670321
87128677035
87128682284
87128689913
87128695529
87128702914
87128712557
87128718722
87128725375
87128731966
87128738009
87128743258
87128751498
87128756930
87128764620
87128771212
87128777499
87128784396
87128791476
87128799166
87128805941
87128813143
87128821505
87128827730
87128833162
87128839022
87128845858
87128853243
87128859041
87128866427
87128872957
87128880220
87128888155
87128895174
87128901522
87128910128
87128916780
87128922823
87128929354
87128933748
87128941011
87128948519
87128956697
87128961092
87128970003
87128973848
87128982149
87128988436
87128997652
87129003206
87129010835
87129017915
87129024873
87129032198
87129039034
87129045992
87129053316
87129059053
87129066255
87129073885
87129079927
87129086458
87129094087
87129100801
87129107393
87129112703
87129117830
87129125398
87129130769
87129139314
87129146516
87129152986
87129158662
87129164766
87129171846
87129176301
87129183748
87129192109
87129198030
87129203340
87129210420
87129217622
87129224092
87129231050
87129238618
87129246797
87129252656
87129259614
87129264741
87129272126
87129279756
87129287080
87129294160
87129300569
87129307710
87129313142
87129320710
87129327180
87129333711
87129340730
87129345490
87129352509
87129359284
87129366364
87129371430
87129377778
87129383454
87129392731
87129399872
87129406098
87129411774
87129419098
87129425568
87129432892
87129439789
87129445283
87129452790
87129460358
87129464997
87129472382
87129480256
87129486054
87129491791
87129500763
87129506318
87129512482
87129520172
87129525483
87129532868
87129539704
87129548126
87129554840
87129561920
87129569061
87129577118
87129583710
87129589386
87129598114
87129604523
87129609528
87129617645
87129623383
87129631500
87129637909
87129645599
87129652496
87129658539
87129666717
87129676544
87129683563
87129689361
87129696686
87129702179
87129708038
87129714508
87129721771
87129727447
87129735687
87129741730
87129748810
87129755401
87129761871
87129767303
87129775177
87129782379
87129788726
87129795196
87129799591
87129807342
87129813140
87129820282
87129825531
87129833160
87129839752
87129846160
87129852935
87129859344
87129866424
87129872039
87129877471
87129884490
87129890289
87129897796
87129904632
87129911956
87129918426
87129924651
87129931609
87129937591
87129944732
87129950469
87129958282
87129964507
87129970733
87129977325
87129983611
87129988799
87129996429
87130003570
87130009124
87130016082
87130022063
87130027740
87130034148
87130042083
87130047820
87130054107
87130061492
87130067962
87130074309
87130079558
87130087066
87130094268
87130100066
87130105315
87130112761
87130119170
87130125884
87130133269
87130140837
87130148162
87130152068
87130160979
87130166045
87130172270
87130179411
87130184599
87130192534
87130198393
87130205901
87130212187
87130218779
87130225310
87130233061
87130240935
87130247160
87130254790
87130260710
87130266569
87130273222
87130279631
87130285795
87130292876
87130300078
87130305937
87130313444
87130319609
87130326506
87130334623
87130339628
87130347380
87130352751
87130359770
87130365507
87130373381
87130380156
87130386808
87130392729
87130398954
87130406095
87130412809
87130418852
87130426115
87130432646
87130439970
87130446989
87130450773
87130459318
87130466520
87130471952
87130479887
87130487089
87130492094
87130498258
87130504545
87130511198
87130519071
87130525297
87130531400
87130537504
87130544462
87130551481
87130558012
87130564725
87130569730
87130578092
87130583341
87130590726
87130596586
87130604398
87130611051
87130618314
87130624845
87130629972
87130636564
87130641752
87130649381
87130655668
87130662687
87130670255
87130677030
87130683194
87130687772
87130694791
87130701444
87130708280
87130714139
87130721707
87130725431
87130734037
87130740811
87130747037
87130752225
87130759671
87130766141
87130772733
87130780362
87130786527
87130792569
87130796353
87130805447
87130812772
87130817532
87130825345
87130830594
87130838467
87130843716
87130851590
87130857449
87130863553
87130869839
87130875882
87130882962
87130889920
87130896939
87130904263
87130910855
87130918789
87130925442
87130932583
87130940274
87130947415
87130952847
87130959439
87130964871
87130972989
87130976773
87130985806
87130991970
87130999783
87131006741
87131012539
87131019619
87131026333
87131032864
87131039639
87131047879
87131054470
87131061123
87131067349
87131073391
87131079250
87131086086
87131092251
87131099392
87131106106
87131114285
87131120876
87131127895
87131134914
87131140652
87131146938
87131154690
87131160427
87131165493
87131173489
87131180752
87131186062
87131193508
87131200222
87131207485
87131213222
87131222378
87131229397
87131235683
87131242702
87131248073
87131256130
87131262233
87131268459
87131275661
87131283596
87131290004
87131297939
87131304897
87131311916
87131319057
87131325710
87131333278
87131340541
87131346034
87131353603
87131360866
87131367031
87131373805
87131379176
87131387782
87131393276
87131398891
87131407680
87131414150
87131420680
87131426234
87131433009
87131439052
87131446803
87131453517
87131460475
87131467067
87131473964
87131481715
87131487025
87131493312
87131500087
87131507106
87131514796
87131520106
87131528529
87131534755
87131541163
87131547938
87131553798
87131561061
87131566127
87131575648
87131582667
87131589564
87131596217
87131601710
87131609401
87131614711
87131622828
87131629115
87131635585
87131642176
87131648646
87131654200
87131662501
87131670802
87131677577
87131684290
87131689662
87131697657
87131702906
87131710719
87131718348
87131725306
87131731898
87131738184
87131744593
87131751185
87131757288
87131763209
87131771021
87131776514
87131783716
87131790064
87131796046
87131803370
87131810084
87131817286
87131823023
87131831141
87131836329
87131843226
87131848353
87131856897
87131864161
87131870630
87131878382
87131883631
87131890894
87131896631
87131904016
87131910608
87131917932
87131924280
87131931116
87131938928
87131945276
87131953394
87131960169
87131966394
87131973474
87131980188
87131986353
87131991480
87131999902
87132003748
87132012720
87132019556
87132025598
87132031885
87132038477
87132044458
87132050928
87132059656
87132066125
87132072473
87132079065
87132085901
87132092004
87132098718
87132105188
87132113061
87132118799
87132125696
87132131250
87132138086
87132144250
87132149926
87132156396
87132163903
87132170190
87132177087
87132183252
87132189477
87132195214
87132203576
87132209069
87132216333
87132222253
87132230615
87132237329
87132242883
87132250695
87132256616
87132264611
87132269860
87132276452
87132283227
87132290368
87132297265
87132302453
87132310204
87132317162
87132324120
87132330773
87132337792
87132343713
87132349389
87132358239
87132362817
87132370080
87132377648
87132385094
87132390954
87132397301
87132405053
87132410668
87132417138
87132423485
87132431115
87132437035
87132444909
87132451622
87132457665
87132463036
87132472191
87132477623
87132486351
87132490929
87132498497
87132505638
87132512596
87132518883
87132526390
87132534752
87132540550
87132547569
87132553673
87132559776
87132566734
87132573326
87132580773
87132588524
87132595116
87132600426
87132606346
87132613487
87132620506
87132628014
87132633934
87132640526
87132646996
87132653526
87132661034
87132666893
87132673790
87132679344
87132688133
87132694786
87132699852
87132708031
87132714866
87132722435
87132729027
87132735008
87132741539
87132747886
87132755211
87132761375
87132768577
87132773826
87132782981
87132788963
87132795555
87132802391
87132810020
87132817283
87132824546
87132830772
87132836936
87132843101
87132849204
87132856346
87132863792
87132869651
87132877525
87132882896
87132889243
87132896690
87132903709
87132910972
87132917503
87132924278
87132931052
87132937095
87132942649
87132950278
87132957420
87132963279
87132970786
87132977622
87132983848
87132990500
87132998008
87133005759
87133010581
87133018149
87133024314
87133031516
87133037497
87133045371
87133053000
87133058005
87133064841
87133071555
87133077658
87133085898
87133091391
87133097434
87133105857
87133111838
87133118186
87133125266
87133130942
87133138205
87133145346
87133151328
87133156821
87133164633
87133171286
87133177695
87133185507
87133191000
87133199179
87133205405
87133213095
87133217978
87133223898
87133230368
87133237143
87133244162
87133250815
87133257590
87133264181
87133270346
87133277060
87133285666
87133291098
87133296774
87133304037
87133310568
87133316916
87133323996
87133329001
87133336691
87133342062
87133349325
87133357748
87133363852
87133370688
87133378012
87133385214
87133391134
87133399435
87133405355
87133411764
87133418661
87133424093
87133431661
87133436849
87133444723
87133451803
87133458090
87133462728
87133470175
87133476461
87133483541
87133490011
87133497213
87133503133
87133510214
87133516378
87133522054
87133529440
87133535848
87133542257
87133548543
87133555074
87133561300
87133567770
87133574605
87133581991
87133588521
87133593587
87133599935
87133605184
87133613485
87133619649
87133627706
87133633809
87133639791
87133645284
87133651876
87133658529
87133665792
87133672750
87133677999
87133685811
87133692464
87133698568
87133705220
87133712361
87133720052
87133726399
87133733296
87133740254
87133746480
87133753194
87133759175
87133766499
87133771932
87133779866
87133786336
87133792806
87133796773
87133805257
87133811971
87133817830
87133823872
87133830586
87133837422
87133843098
87133850117
87133856038
87133863789
87133869527
87133876790
87133883748
87133890034
87133895222
87133902424
87133909810
87133916524
87133923237
87133929890
87133935444
87133942952
87133948872
87133954976
87133961934
87133967305
87133974812
87133982991
87133993367
87134003620
87134011982
87134023396
87134038166
87134048359
87134057331
87134063679
87134071919
87134079304
87134084553
87134092426
87134099201
87134106525
87134112446
87134118427
87134123676
87134133259
87134139118
87134145283
87134151325
87134157673
87134163837
87134171406
87134177448
87134184772
87134191486
87134196308
87134203815
87134211506
87134217609
87134225483
87134232685
87134239032
87134246051
87134250934
87134258991
87134264545
87134272724
87134278278
87134285480
87134292682
87134298908
87134307392
87134313739
87134321674
87134329364
87134335712
87134341632
87134348346
87134355182
87134361347
87134368915
87134374713
87134380878
87134386981
87134393512
87134400226
87134406818
87134415057
87134420245
87134427447
87134434222
87134440570
87134448749
87134478656
87134490924
87134496966
87134508807
87134517413
87134527484
87134537433
87134546466
87134555194
87134564349
87134573993
87134581561
87134591632
87134602679
87134608844
87134614581
87134621661
87134627154
87134634844
87134641680
87134648028
87134654131
87134659869
87134665728
87134672503
87134679278
87134684954
87134692522
87134698504
87134704668
87134711016
87134717669
87134724871
87134731219
87134738055
87134743487
87134750628
87134757708
87134764178
87134769121
87134775286
87134782366
87134792010
87134796343
87134804400
87134809954
87134816240
87134821123
87134827898
87134835772
87134842058
87134847918
87134853289
87134860613
87134867815
87134873186
87134882402
87134887346
87134894121
87134898760
87134906938
87134914507
87134930681
87134938310
87134942949
87134952287
87134958696
87134965227
87134974748
87134982378
87134991472
87135000993
87135006364
87135013261
87135022173
87135028947
87135035844
87135041521
87135049516
87135056108
87135063005
87135071306
87135076616
87135084367
87135092607
87135097307
87135105974
87135111345
87135118486
87135127458
87135132402
87135139360
87135145524
87135152299
87135158708
87135165117
87135171708
87135179277
87135187272
87135192460
87135199357
87135206437
87135212663
87135219377
87135228227
87135235368
87135243119
87135250871
87135258561
87135266618
87135272904
87135278581
87135286149
87135290910
87135298051
87135305131
87135312272
87135319840
87135325272
87135333817
87135340287
87135347062
87135353715
87135361039
87135369218
87135375443
87135381547
87135385270
87135393632
87135402360
87135408036
87135416092
87135421769
87135428971
87135432755
87135442276
87135449601
87135455155
87135462296
87135470047
87135475541
87135482560
87135489334
87135494828
87135502091
87135511124
87135517594
87135523453
87135530289
87135536637
87135541886
87135549820
87135557572
87135563614
87135571915
87135578568
87135584305
87135592362
87135598099
87135604385
87135612442
87135618851
87135625992
87135631729
87135638565
87135644058
87135650711
87135659500
87135665298
87135671524
87135677994
87135684768
87135691482
87135698807
87135705703
87135711380
87135718887
87135724930
87135732010
87135737991
87135745987
87135752884
87135760025
87135766067
87135773574
87135779190
87135784439
87135792617
87135800796
87135806594
87135813125
87135819351
87135826919
87135831741
87135838394
87135846145
87135854080
87135857803
87135865310
87135871291
87135877761
87135885757
87135892654
87135898818
87135906631
87135913222
87135917861
87135924697
87135931533
87135937698
87135944045
87135952102
87135958144
87135964553
87135971328
87135978164
87135984817
87135991958
87135998183
87136003554
87136011977
87136018508
87136024978
87136031691
87136038222
87136045119
87136052749
87136059218
87136064345
87136072341
87136076369
87136084548
87136094374
87136099562
87136106703
87136113417
87136119704
87136126662
87136134108
87136139723
87136160658
87136166518
87136174208
87136180861
87136188490
87136194289
87136202162
87136208022
87136212477
87136220900
87136228224
87136235182
87136242018
87136247511
87136254957
87136261183
87136268324
87136275404
87136282179
87136289198
87136296095
87136301344
87136306471
87136313673
87136319044
87136328505
87136334242
87136340956
87136347731
87136354567
87136360365
87136367933
87136374098
87136381605
87136386854
87136393324
87136399488
87136405775
87136412123
87136419325
87136426649
87136434278
87136440016
87136447035
87136452589
87136459059
87136467542
87136473341
87136479932
87136487318
87136492201
87136499586
87136504774
87136511915
87136519971
87136526685
87136532606
87136538770
87136544752
87136550733
87136556959
87136564527
87136571119
87136576246
87136583570
87136587232
87136596326
87136602918
87136610975
87136617139
87136622327
87136629468
87136636792
87136643201
87136649305
87136657117
87136664197
87136669995
87136676221
87136682080
87136688367
87136695935
87136701428
87136709180
87136716138
87136721936
87136729077
87136735120
87136741834
87136747144
87136753491
87136760144
87136767957
87136773633
87136780347
87136785657
87136793469
87136800366
87136806592
87136815625
87136821118
87136828076
87136833813
87136841931
87136848706
87136856152
87136862439
87136869153
87136876111
87136881238
87136889660
87136896252
87136902478
87136909741
87136914746
87136924267
87136929944
87136937268
87136945324
87136951489
87136958386
87136964550
87136972058
87136977673
87136986828
87136993603
87137000744
87137006603
87137013134
87137018200
87137024853
87137031323
87137036755
87137045849
87137052807
87137059765
87137065991
87137071301
87137078014
87137085094
87137092297
87137097546
87137105480
87137112377
87137118908
87137123486
87137131725
87137138927
87137144665
87137151928
87137158764
87137164684
87137169811
87137175793
87137184215
87137191356
87137195080
87137202709
87137208935
87137215099
87137221447
87137228344
87137234996
87137242748
87137248058
87137254833
87137261730
87137267650
87137273998
87137281139
87137288768
87137296154
87137301158
87137307811
87137314525
87137320873
87137328319
87137336009
87137341869
87137347911
87137354076
87137360484
87137367503
87137374950
87137380992
87137388866
87137395641
87137401988
87137409496
87137415599
87137421825
87137429759
87137436107
87137442332
87137450572
87137455943
87137464976
87137468944
87137476939
87137484874
87137491527
87137498179
87137503428
87137511546
87137520518
87137525645
87137533030
87137540110
87137545665
87137551158
87137558665
87137564708
87137573130
87137580149
87137586863
87137593333
87137598643
87137606272
87137613230
87137621043
87137626475
87137633372
87137641184
87137646311
87137653208
87137659068
87137668101
87137674693
87137679331
87137687266
87137692942
87137700022
87137706187
87137713938
87137717844
87137726450
87137733958
87137740122
87137746836
87137753977
87137760325
87137767100
87137773325
87137779612
87137787302
87137794748
87137802744
87137809763
87137815928
87137822947
87137829477
87137835703
87137842051
87137849619
87137856821
87137862009
87137870005
87137877207
87137883799
87137890451
87137896616
87137904734
87137911203
87137917795
87137924875
87137931772
87137937509
87137944956
87137952219
87137957590
87137964853
87137971750
87137978220
87137985422
87137990488
87137999460
87138005014
87138011301
87138016611
87138025766
87138030221
87138039499
87138047372
87138054452
87138060617
87138067819
87138074228
87138081125
87138088327
87138094858
87138101693
87138109018
87138115182
87138122751
87138129953
87138137033
87138144357
87138151620
87138158029
87138163400
87138170358
87138176767
87138183724
87138191598
87138196847
87138204904
87138210580
87138217599
87138222970
87138231332
87138239327
87138245797
87138251901
87138259164
87138264596
87138271371
87138278939
87138285470
87138291573
87138299020
87138306222
87138312386
87138317757
87138324776
87138332955
87138339120
87138346139
87138352364
87138358224
87138364693
87138370492
87138378731
87138386727
87138393258
87138399788
87138405770
87138411934
87138418648
87138426522
87138434822
87138441536
87138448433
87138456734
87138463509
87138469979
87138476631
87138484566
87138488472
87138497444
87138504158
87138511605
87138516976
87138525154
87138533211
87138537056
87138546639
87138552132
87138559029
87138564888
87138573250
87138579292
87138587349
87138593575
87138600410
87138607246
87138614876
87138622322
87138629280
87138636360
87138642036
87138649971
87138656624
87138663460
87138670540
87138675178
87138683906
87138688972
87138695076
87138700325
87138708442
87138715828
87138722847
87138729072
87138735237
87138741584
87138748115
87138754951
87138760078
87138767768
87138773201
87138781745
87138787788
87138793769
87138800666
87138806037
87138814399
87138820503
87138827949
87138833381
87138839607
87138844795
87138853645
87138860236
87138867316
87138873298
87138878608
87138886420
87138893012
87138899482
87138907905
87138914497
87138920112
87138924995
87138933051
87138940558
87138946723
87138953315
87138960883
87138966804
87138972968
87138979987
87138987433
87138992927
87138999457
87139006659
87139012580
87139018866
87139025946
87139030524
87139037848
87139046515
87139054145
87139060370
87139067023
87139073371
87139080085
87139085150
87139091742
87139098822
87139106879
87139113165
87139119147
87139123969
87139130744
87139137702
87139146246
87139152716
87139159430
87139165472
87139171942
87139179938
87139186102
87139193427
87139200812
87139207159
87139215643
87139219549
87139229742
87139236883
87139243414
87139249945
87139255011
87139261847
87139267645
87139276190
87139282904
87139289923
87139296881
87139303717
87139311407
87139317389
87139325079
87139329596
87139339239
87139346197
87139350836
87139357977
87139365423
87139371893
87139380133
87139386175
87139393499
87139399969
87139405889
87139411993
87139420110
87139426519
87139433477
87139439947
87139446111
87139451544
87139457525
87139465765
87139472051
87139479192
87139484319
87139490972
87139496099
87139504278
87139510931
87139517400
87139524724
87139530828
87139537664
87139543096
87139550359
87139555608
87139564031
87139568792
87139577764
87139581304
87139590764
87139597051
87139603826
87139610967
87139619024
87139624639
87139629827
87139636419
87139641668
87139649602
87139655584
87139662603
87139669255
87139676580
87139683660
87139688542
87139695439
87139702397
87139708684
87139714665
87139722722
87139728520
87139735112
87139741460
87139748418
87139754582
87139761113
87139767644
87139774968
87139781010
87139787602
87139793828
87139799016
87139805974
87139812566
87139820927
87139827580
87139834416
87139840886
87139847722
87139853520
87139862004
87139867924
87139875371
87139881657
87139888371
87139894902
87139901066
87139907780
87139916264
87139923283
87139929387
87139936100
87139940678
87139948796
87139954655
87139963261
87139967594
87139976994
87139983464
87139988529
87139994633
87140001713
87140009525
87140015568
87140022404
87140026676
87140035465
87140041630
87140050053
87140055912
87140061832
87140069401
87140076420
87140083439
87140089725
87140095097
87140102482
87140108463
87140115665
87140121952
87140128666
87140136417
87140143986
87140150944
87140156193
87140164188
87140170536
87140176883
87140182438
87140189762
87140196781
87140202823
87140210758
87140218143
87140223209
87140230594
87140239261
87140245426
87140252811
87140258914
87140265567
87140270206
87140277042
87140284305
87140291507
87140295658
87140304996
87140311710
87140316532
87140323673
87140330692
87140338504
87140344669
87140351077
87140357547
87140363834
87140369998
87140377322
87140383548
87140389590
87140397830
87140405215
87140412051
87140418460
87140427432
87140434817
87140438541
87140446963
87140453860
87140460879
87140467410
87140472842
87140479739
87140486941
87140494143
87140498599
87140507388
87140515078
87140522464
87140528750
87140536197
87140541079
87140546817
87140554995
87140562075
87140569583
87140576785
87140583193
87140591250
87140596438
87140603213
87140607119
87140616396
87140622500
87140628603
87140636538
87140643191
87140649600
87140655642
87140664248
87140671572
87140678286
87140684634
87140689883
87140697573
87140701723
87140711062
87140714968
87140724123
87140730349
87140736513
87140743532
87140749148
87140755434
87140762453
87140772097
87140778811
87140783938
87140790773
87140796816
87140804873
87140811220
87140820192
87140824709
87140831911
87140838015
87140844728
87140851198
87140857546
87140864504
87140871706
87140877748
87140882814
87140889894
87140895082
87140901003
87140910341
87140916750
87140922792
87140929140
87140935854
87140941957
87140947023
87140953798
87140961794
87140967470
87140975038
87140982118
87140988527
87140995363
87141003480
87141008852
87141016664
87141022768
87141028993
87141035097
87141042299
87141050172
87141056337
87141061769
87141070192
87141077821
87141084901
87141092286
87141098573
87141106080
87141111696
87141119569
87141125673
87141133973
87141141053
87141147767
87141155458
87141162660
87141169862
87141173890
87141182618
87141188783
87141196473
87141203614
87141211244
87141217896
87141223329
87141229981
87141237794
87141244569
87141250672
87141256837
87141263978
87141270753
87141277833
87141281800
87141290528
87141298280
87141304383
87141311341
87141318055
87141325135
87141331177
87141338318
87141345521
87141352845
87141359742
87141366517
87141373658
87141379090
87141386475
87141392762
87141399720
87141405945
87141411927
87141418641
87141424622
87141429932
87141438843
87141445313
87141451050
87141458618
87141462403
87141469483
87141476258
87141482788
87141489685
87141497071
87141503296
87141509827
87141515686
87141521301
87141529053
87141535767
87141542542
87141549255
87141555420
87141560669
87141566834
87141573669
87141581299
87141588562
87141595215
87141601440
87141608826
87141615173
87141621521
87141630188
87141635986
87141641907
87141650390
87141656494
87141662536
87141668030
87141675720
87141682373
87141687683
87141696655
87141702636
87141708923
87141715759
87141723022
87141730041
87141735412
87141742919
87141749572
87141755859
87141760192
87141767822
87141774841
87141781555
87141787536
87141794067
87141801086
87141806396
87141812988
87141819396
87141827514
87141833923
87141840575
87141847228
87141853698
87141859985
87141867370
87141874145
87141879821
87141888000
87141894225
87141903930
87141909972
87141917296
87141924804
87141931823
87141938476
87141944884
87141951476
87141958495
87141963988
87141972472
87141977660
87141985167
87141991637
87141998412
87142006224
87142013549
87142021605
87142025512
87142033385
87142039733
87142046141
87142053710
87142060179
87142067198
87142072447
87142080626
87142086363
87142093749
87142099486
87142107848
87142115111
87142121947
87142129637
87142134886
87142142821
87142149291
87142155272
87142161131
87142169737
87142175475
87142182738
87142188658
87142196043
87142202879
87142210753
87142216978
87142223875
87142230528
87142236815
87142242491
87142250670
87142257567
87142263670
87142270872
87142276976
87142284971
87142290403
87142298460
87142305662
87142312376
87142320066
87142326475
87142331968
87142338377
87142345518
87142351194
87142358274
87142365721
87142372068
87142379515
87142386961
87142393308
87142399717
87142409300
87142415708
87142422849
87142430601
87142436033
87142442259
87142448667
87142456724
87142464109
87142470945
87142476438
87142483335
87142490720
87142497190
87142504148
87142511228
87142517393
87142523923
87142530820
87142537778
87142547544
87142554136
87142560666
87142566709
87142572751
87142578000
87142585569
87142591123
87142599302
87142604367
87142611509
87142617917
87142624936
87142631284
87142637937
87142644284
87142650937
87142656858
87142662046
87142669309
87142675229
87142683042
87142686765
87142696530
87142703122
87142708249
87142716245
87142721921
87142729794
87142735410
87142742123
87142748349
87142755002
87142761411
87142768063
87142773740
87142781857
87142787778
87142792966
87142800534
87142806882
87142813107
87142818967
87142826535
87142833066
87142839535
87142847104
87142854794
87142860959
87142867306
87142876095
87142882809
87142889828
87142895871
87142907406
87142918026
87142928280
87142940976
87142952389
87142960018
87142966549
87142973263
87142979916
87142987911
87142994747
87143001827
87143008114
87143014767
87143021664
87143029659
87143036617
87143043087
87143049313
87143056332
87143062374
87143069210
87143074154
87143082882
87143089840
87143095638
87143104427
87143110409
87143116634
87143124142
87143132015
87143139034
87143145260
87143153072
87143158931
87143165462
87143173519
87143178402
87143187801
87143194881
87143199520
87143206478
87143213558
87143221431
87143228694
87143235286
87143241634
87143247859
87143255489
87143260433
87143267086
87143272579
87143281978
87143288570
87143295711
87143301692
87143307002
87143314571
87143322017
87143330440
87143336421
87143343807
87143349605
87143356319
87143362239
87143370601
87143376826
87143382808
87143388911
87143396541
87143402827
87143410029
87143416743
87143425715
87143431697
87143438167
87143444514
87143450984
87143457576
87143463923
87143472346
87143478511
87143485713
87143489558
87143497920
87143504634
87143511592
87143518061
87143524714
87143532283
87143536128
87143546138
87143553096
87143560542
87143567378
87143573664
87143580012
87143587092
87143593379
87143599604
87143606562
87143614680
87143620966
87143627253
87143634150
87143638911
87143643244
87143652766
87143659174
87143666438
87143673273
87143679743
87143685969
87143692072
87143699030
87143707514
87143713068
87143720331
87143724238
87143732355
87143736384
87143746515
87143753534
87143760248
87143765925
87143771235
87143778559
87143785029
87143791376
87143797602
87143803766
87143812006
87143817194
87143824762
87143831049
87143837702
87143843866
87143850885
87143857965
87143864679
87143870783
87143876154
87143884638
87143890741
87143896906
87143904108
87143910333
87143916315
87143923639
87143929620
87143935602
87143942926
87143950616
87143957208
87143963617
87143968317
87143976068
87143982355
87143989618
87143994928
87144002191
87144008722
87144015924
87144022149
87144028985
87144036249
87144043817
87144050592
87144056207
87144062005
87144068841
87144077325
87144081598
87144090631
87144097528
87144104425
87144111016
87144115899
87144123223
87144130975
87144138116
87144144342
87144150445
87144155572
87144163018
87144169000
87144174371
87144182000
87144187737
87144195306
87144202142
87144208672
87144216302
87144221856
87144229852
87144237359
87144244073
87144250726
87144255303
87144262810
87144271600
87144277459
87144282830
87144290887
87144294671
87144302605
87144310906
87144316460
87144323174
87144330376
87144338311
87144342278
87144351006
87144357659
87144365288
87144372796
87144377984
87144386956
87144392815
87144399285
87144405510
87144412957
87144418999
87144426506
87144432671
87144439507
87144445915
87144452751
87144458245
87144466667
87144473015
87144479424
87144485893
87144492424
87144499077
87144505119
87144512749
87144518608
87144526115
87144533318
87144539848
87144546745
87144553581
87144560722
87144567985
87144574821
87144581963
87144586662
87144593620
87144601250
87144608513
87144614311
87144620964
87144624992
87144632683
87144639396
87144646110
87144653557
87144658806
87144665764
87144672416
87144678276
87144684868
87144690422
87144698906
87144705070
87144710929
87144717338
87144724174
87144731010
87144738273
87144745292
87144751396
87144757316
87144764945
87144771354
87144782035
87144789176
87144796134
87144802055
87144807914
87144817497
87144822990
87144829765
87144836906
87144844840
87144852225
87144858268
87144864616
87144871513
87144877982
87144885551
87144890922
87144898185
87144906669
87144912772
87144917167
87144924125
87144932609
87144938346
87144946341
87144951590
87144960074
87144964164
87144972525
87144981009
87144986441
87144994437
87145001029
87145007682
87145015189
87145019828
87145027884
87145033622
87145040641
87145045767
87145053641
87145060172
87145066336
87145073477
87145079764
87145086112
87145092825
87145099783
87145105643
87145112296
87145120047
87145127066
87145132986
87145140006
87145146353
87145154166
87145160269
87145166861
87145173209
87145181387
87145186514
87145193472
87145200796
87145206106
87145211050
87145219595
87145225577
87145231741
87145239737
87145244986
87145252493
87145257742
87145264761
87145270437
87145278982
87145286184
87145291311
87145299368
87145306326
87145312368
87145317800
87145325186
87145330374
87145338735
87145345205
87145351614
87145358938
87145364981
87145372244
87145380178
87145386526
87145392385
87145398489
87145404775
87145412649
87145421133
87145427297
87145433401
87145438528
87145446157
87145452688
87145459890
87145466848
87145472341
87145479909
87145486928
87145493093
87145498525
87145506277
87145513540
87145520131
87145527334
87145534292
87145540639
87145547536
87145554738
87145560476
87145567861
87145573049
87145580190
87145586110
87145593129
87145597768
87145605825
87145612661
87145617849
87145626271
87145630971
87145638356
87145643422
87145652516
87145658681
87145665029
87145671926
87145680654
87145688954
87145698720
87145704457
87145711110
87145719777
87145725758
87145732289
87145738759
87145744679
87145750172
87145757130
87145765431
87145771596
87145778981
87145784657
87145791981
87145797352
87145802968
87145811635
87145818837
87145825490
87145831837
87145836842
87145843251
87145850819
87145856678
87145865468
87145870656
87145879506
87145885304
87145891346
87145898365
87145903859
87145911610
87145917286
87145924549
87145929920
87145937489
87145943836
87145950489
87145958302
87145964894
87145971546
87145976978
87145983570
87145988880
87145997486
87146004566
87146011097
87146017262
87146023792
87146030201
87146035145
87146042286
87146051258
87146058643
87146065235
87146071339
87146074940
87146083912
87146089588
87146096546
87146103992
87146111255
87146118091
87146121937
87146130054
87146137439
87146143360
87146151111
87146158924
87146165699
87146171192
87146178211
87146184314
87146192249
87146198413
87146204700
87146212207
87146217945
87146224842
87146230396
87146239978
87146247058
87146252490
87146259265
87146265857
87146272022
87146278919
87146287158
87146293567
87146301502
87146306934
87146313648
87146319324
87146326648
87146335315
87146342212
87146349048
87146354907
87146361621
87146367786
87146375232
87146380725
87146389941
87146396777
87146402759
87146408984
87146415820
87146422534
87146430407
87146436755
87146443896
87146450244
87146456347
87146462817
87146469592
87146476123
87146483325
87146490649
87146496630
87146503711
87146509814
87146516162
87146523669
87146531237
87146537341
87146543078
87146550402
87146557360
87146564013
87146569750
87146577014
87146583605
87146591540
87146598010
87146602587
87146610278
87146617297
87146624987
87146631579
87146637621
87146646288
87146652270
87146658861
87146666003
87146671191
87146678637
87146683825
87146691454
87146698412
87146704821
87146711840
87146719713
87146726854
87146732653
87146739245
87146745592
87146751940
87146759691
87146767138
87146772570
87146780321
87146786608
87146793138
87146799547
87146806444
87146813463
87146819750
87146825060
87146832079
87146840013
87146846117
87146852831
87146858263
87146866564
87146872728
87146879442
87146886522
87146893175
87146898668
87146905992
87146913316
87146919054
87146927904
87146934496
87146940782
87146946642
87146954576
87146961290
87146967943
87146975389
87146982652
87146989000
87146995958
87147001817
87147009630
87147015001
87147023424
87147027269
87147035631
87147041612
87147048814
87147055528
87147062242
87147068223
87147076158
87147082750
87147089280
87147094224
87147102220
87147108934
87147115220
87147120591
87147128831
87147134934
87147142015
87147149888
87147157212
87147163438
87147169847
87147175889
87147180345
87147188157
87147195603
87147202500
87147208482
87147213792
87147221543
87147228074
87147235276
87147242112
87147248948
87147257066
87147262315
87147269944
87147276475
87147283921
87147290696
87147298203
87147304795
87147309617
87147317490
87147323533
87147330796
87147336350
87147344346
87147351426
87147357590
87147364792
87147370163
87147377304
87147384385
87147391159
87147396836
87147403794
87147408982
87147417527
87147424546
87147429856
87147438584
87147444138
87147451218
87147457993
87147463730
87147469162
87147475876
87147483139
87147491135
87147497910
87147504013
87147508347
87147515183
87147521957
87147529465
87147536728
87147542587
87147548996
87147555283
87147562118
87147568344
87147576034
87147582077
87147588119
87147595627
87147602951
87147609237
87147615707
87147623153
87147630905
87147637802
87147642868
87147650619
87147656784
87147663437
87147671005
87147677658
87147686142
87147692306
87147700424
87147707565
87147715255
87147723129
87147729110
87147735336
87147744613
87147748519
87147757247
87147764205
87147770980
87147776840
87147784591
87147791061
87147798385
87147803878
87147809737
87147817977
87147824813
87147831527
87147839278
87147846053
87147852279
87147857772
87147864425
87147869918
87147877791
87147884444
87147890975
87147897689
87147904342
87147910262
87147918197
87147925155
87147932113
87147940047
87147948043
87147954451
87147961654
87147967269
87147975203
87147980880
87147989547
87147997237
87148003768
87148010909
87148016524
87148024398
87148029402
87148036544
87148044173
87148049910
87148055892
87148063216
87148069991
87148076705
87148082991
87148089583
87148095381
87148102095
87148107893
87148114546
87148123030
87148129805
87148138350
87148143782
87148150862
87148157454
87148164046
87148172529
87148179426
87148185530
87148193098
87148197920
87148204695
87148211653
87148219038
87148225142
87148231672
87148238081
87148244429
87148251143
87148258162
87148264265
87148271650
87148278303
87148284834
87148291059
87148297834
87148305342
87148311506
87148317243
87148324568
87148333113
87148337873
87148346479
87148352705
87148359419
87148367353
87148373518
87148377790
87148385969
87148392683
87148399641
87148408003
87148413252
87148421308
87148427900
87148434736
87148441145
87148448408
87148454999
87148460187
87148467084
87148472272
87148479475
87148486982
87148492841
87148501569
87148506574
87148514264
87148519575
87148527326
87148532758
87148540326
87148546491
87148553632
87148560407
87148566938
87148571332
87148579145
87148585614
87148593000
87148599347
87148605207
87148613080
87148620954
87148625592
87148632794
87148639691
87148646588
87148654035
87148660504
87148666120
87148672467
87148679486
87148687665
87148694135
87148699384
87148706586
87148712506
87148719098
87148726727
87148734662
87148741315
87148747601
87148754620
87148762982
87148767743
87148775006
87148782757
87148790570
87148797284
87148803692
87148810040
87148816083
87148821332
87148827862
87148835919
87148841107
87148848797
87148854962
87148862103
87148868634
87148874188
87148882611
87148887738
87148895794
87148901165
87148909344
87148915264
87148924053
87148930950
87148937847
87148944256
87148949566
87148957440
87148963848
87148970562
87148979351
87148985211
87148993511
87149000469
87149007793
87149016399
87149022686
87149030315
87149036785
87149043133
87149049480
87149055645
87149062298
87149067974
87149076092
87149082012
87149090130
87149096844
87149104839
87149112468
87149117962
87149125469
87149132305
87149138103
87149144634
87149151348
87149157512
87149165508
87149172527
87149178875
87149184917
87149191265
87149199077
87149204998
87149211284
87149220012
87149226360
87149232768
87149239482
87149246013
87149252483
87149259258
87149267314
87149273235
87149280559
87149287273
87149293193
87149299480
87149306438
87149313945
87149322673
87149329692
87149335796
87149341960
87149348491
87149354350
87149361247
87149370036
87149376872
87149383769
87149390910
87149396098
87149402385
87149410869
87149418071
87149424113
87149430339
87149438029
87149443400
87149451579
87149460490
87149466166
87149472697
87149479045
87149486125
87149492350
87149498576
87149503825
87149511698
87149518412
87149525431
87149531474
87149537882
87149544108
87149551920
87149558207
87149564860
87149571818
87149577738
87149585429
87149592082
87149599284
87149606974
87149611735
87149620707
87149625956
87149633585
87149641032
87149647562
87149653544
87149660136
87149667948
87149673929
87149681376
87149687418
87149695902
87149701761
87149708475
87149716288
87149722147
87149729532
87149735575
87149742533
87149749735
87149755838
87149763407
87149769999
87149776285
87149781412
87149787149
87149796793
87149801798
87149808206
87149814249
87149821085
87149827432
87149833658
87149840860
87149847635
87149854288
87149861185
87149867838
87149874185
87149880106
87149888284
87149896463
87149902628
87149910135
87149916788
87149923868
87149929971
87149935953
87149944437
87149951334
87149957803
87149964334
87149971231
87149977090
87149984781
87149992898
87149998880
87150005411
87150012491
87150019143
87150025247
87150031717
87150038614
87150045938
87150053140
87150059182
87150064798
87150070657
87150078836
87150085061
87150091104
87150098001
87150105325
87150111917
87150117715
87150125894
87150132424
87150139077
87150147012
87150153726
87150160317
87150165627
87150173623
87150181069
87150187600
87150194131
87150201516
87150208291
87150212136
87150221597
87150229958
87150235024
87150243142
87150248574
87150256203
87150259988
87150268838
87150275674
87150282021
87150290383
87150296181
87150303567
87150309304
87150317116
87150323037
87150329812
87150337319
87150342385
87150349953
87150355141
87150361184
87150369057
87150376442
87150382912
87150389382
87150395424
87150401650
87150408119
87150415444
87150422402
87150427895
87150435585
87150441689
87150447792
87150454140
87150461525
87150468544
87150473793
87150480812
87150487770
87150495033
87150500526
87150508278
87150515480
87150521767
87150528664
87150535500
87150541603
87150549904
87150556923
87150564064
87150570778
87150577553
87150583961
87150590431
87150597145
87150605263
87150611732
87150619056
87150625892
87150632057
87150639015
87150644203
87150651954
87150659034
87150665321
87150670631
87150679115
87150685890
87150692237
87150698341
87150705726
87150711830
87150717933
87150725624
87150732582
87150739173
87150746131
87150754493
87150762550
87150769874
87150776649
87150783180
87150790077
87150796180
87150804847
87150811256
87150816993
87150824561
87150828223
87150837684
87150844947
87150850745
87150858985
87150864966
87150871985
87150878272
87150884498
87150892188
87150901282
87150907020
87150914283
87150920447
87150927222
87150933997
87150941077
87150948584
87150954017
87150962256
87150968909
87150975745
87150983069
87150989600
87150996741
87151002967
87151009680
87151016516
87151022925
87151028052
87151036231
87151040259
87151050147
87151057227
87151063513
87151070715
87151077673
87151083472
87151090491
87151099402
87151103430
87151111914
87151119116
87151125281
87151130469
87151137732
87151144202
87151151587
87151159216
87151163733
87151173132
87151180212
87151185644
87151192969
87151199560
87151207190
87151214087
87151221350
87151227575
87151235205
87151242834
87151249670
87151256323
87151263830
87151268713
87151276403
87151284277
87151290014
87151295263
87151303076
87151306860
87151317175
87151324743
87151330663
87151338720
87151346166
87151352697
87151359045
87151366918
87151373937
87151379675
87151387670
87151394506
87151401342
87151407323
87151413549
87151420324
87151427526
87151434972
87151441686
87151449560
87151455358
87151463781
87151469335
87151477575
87151483556
87151488988
87151496496
87151502599
87151508886
87151514928
87151522497
87151529271
87151536107
87151543309
87151548497
87151556249
87151563024
87151569371
87151575719
87151583226
87151589208
87151596105
87151602696
87151608739
87151616918
87151623265
87151631261
87151637792
87151643834
87151648961
87151655919
87151662511
87151670384
87151677953
87151684056
87151690831
87151697179
87151703831
87151710179
87151717381
87151724828
87151730809
87151737584
87151744542
87151751378
87151757725
87151765355
87151773289
87151779637
87151787877
87151794224
87151801426
87151809239
87151815648
87151824070
87151830784
87151836888
87151841587
87151849156
87151855992
87151863621
87151870457
87151875889
87151883213
87151891392
87151896031
87151903965
87151910252
87151917637
87151923496
87151930638
87151935764
87151943150
87151950108
87151957859
87151963902
87151970615
87151978367
87151985020
87151992222
87151998997
87152006565
87152014317
87152019871
87152027988
87152035862
87152042881
87152049717
87152056919
87152063938
87152069309
87152077793
87152084263
87152090366
87152096103
87152103672
87152111118
87152116428
87152125156
87152131321
87152137485
87152143528
87152150974
87152158603
87152165195
87152173496
87152177219
87152186130
87152193027
87152201633
87152209445
87152213291
87152222019
87152227878
87152234226
87152240451
87152248020
87152255832
87152261630
87152268161
87152275119
87152281467
87152288364
87152295993
87152303561
87152308749
87152315829
87152321750
87152327731
87152335055
87152341586
87152348971
87152354037
87152360934
87152367648
87152373324
87152380710
87152389071
87152394259
87152402499
87152409335
87152416354
87152422152
87152427829
87152435641
87152444003
87152448947
87152457125
87152462252
87152470065
87152476046
87152482150
87152491000
87152496005
87152502658
87152508700
87152515719
87152522799
87152529391
87152535128
87152543185
87152549471
87152555758
87152562350
87152568758
87152575228
87152581942
87152587984
87152595248
87152602511
87152606356
87152615572
87152627474
87152636507
87152645907
87152655916
87152664644
87152675814
87152683382
87152691439
87152702608
87152712374
87152721651
87152731966
87152738924
87152749300
87152759554
87152770052
87152776522
87152782930
87152790254
87152796907
87152803682
87152810030
87152817354
87152825594
