86769571021
86769577490
86769582739
86769589697
86769595496
86769603064
86769607703
86769616431
86769622656
86769628149
86769637671
86769645178
86769651709
86769658362
86769665686
86769672766
86769680945
86769688086
86769695532
86769703222
86769708960
86769715674
86769723852
86769730261
86769738745
86769745337
86769752356
86769760046
86769763769
86769772924
86769780554
86769786169
86769793982
86769801733
86769806616
86769814184
86769820043
86769829016
86769835913
86769841833
86769849706
86769855017
86769864355
86769871862
86769878881
86769888098
86769894140
86769899877
86769905615
86769914404
86769922826
86769930456
86769936803
86769943151
86769951147
86769959569
86769964941
86769973547
86769979528
86769987707
86769994726
86770001989
86770009984
86770015905
86770024511
86770030431
86770039892
86770043981
86770052038
86770058751
86770065343
86770072973
86770080175
86770087011
86770093785
86770100743
86770105626
86770115575
86770121434
86770129491
86770136998
86770144445
86770152806
86770161046
86770168736
86770177464
86770182958
86770191502
86770198644
86770205846
86770215550
86770221715
86770229588
86770234105
86770245030
86770251317
86770258458
86770265843
86770274388
86770281529
86770290318
86770296055
86770304661
86770313328
86770319615
86770327488
86770333836
86770342320
86770349888
86770357762
86770366551
86770374058
86770381382
86770389744
86770395481
86770403843
86770411228
86770418736
86770427647
86770585789
86770596104
86770602817
86770613437
86770621921
86770631687
86770641514
86770647861
86770659092
86770666233
86770676670
86770686191
86770692234
86770701023
86770709995
86770717624
86770725437
86770735507
86770745822
86770753940
86770762180
86770770236
86770777927
86770786044
86770795749
86770802524
86770812167
86770820346
86770827121
86770837192
86770848300
86770857272
86770865329
86770874484
86770881869
86770891208
86770899997
86770908359
86770919162
86770925631
86770935702
86770942965
86770952243
86770959750
86770968600
86770978000
86770987460
86770993808
86771004855
86771007968
86771021640
86771031039
86771040438
86771050387
86771055636
86771066317
86771075106
86771083651
86771091525
86771098727
86771108736
86771118197
86771126925
86771134310
86771142733
86771150545
86771158907
86771167452
86771176607
86771184908
86771193331
86771202120
86771208956
86771219210
86771226900
86771236971
86771245089
86771253573
86771262178
86771270662
86771279146
86771288424
86771298433
86771304781
86771315462
86771322847
86771331148
86771336519
86771347627
86771353426
86771364168
86771372713
86771381502
86771389559
86771397920
86771407137
86771414705
86771425630
86771435335
86771444246
86771451265
86771460725
86771468599
86771477022
86771483980
86771491182
86771498018
86771505342
86771511323
86771518587
86771524751
86771532930
86771540925
86771548311
86771555208
86771562288
86771569490
86771579560
86771588716
86771599519
86771605744
86771610444
86771619233
86771627900
86771633027
86771641816
86771648713
86771656953
86771663728
86771670686
86771678376
86771686799
86771694367
86771703278
86771709931
86771718537
86771726960
86771733613
86771742036
86771748994
86771756806
86771764252
86771771821
86771781159
86771790131
86771797639
86771806305
86771812226
86771820099
86771825715
86771832978
86771841462
86771849640
86771855622
86771863190
86771869721
86771876801
86771885529
86771892060
86771897858
86771904572
86771909943
86771921234
86771926239
86771932587
86771939545
86771946564
86771952851
86771958100
86771965729
86771971710
86771977936
86771984039
86771991547
86771998261
86772003388
86772010407
86772015900
86772022980
86772029205
86772037506
86772043549
86772049530
86772055267
86772061737
86772068207
86772076019
86772082611
86772088470
86772097015
86772103424
86772109649
86772114715
86772121979
86772130829
86772135833
86772142914
86772147491
86772155059
86772160370
86772166290
86772173736
86772181610
86772187652
86772194305
86772200042
86772206695
86772214630
86772220733
86772227630
86772235076
86772241180
86772247466
86772253509
86772259002
86772265899
86772271758
86772277801
86772285735
86772292449
86772298553
86772304839
86772311736
86772319305
86772324432
86772332244
86772338287
86772344512
86772350799
86772357452
86772364348
86772369903
86772377044
86772384002
86772390044
86772395415
86772401763
86772407683
86772416717
86772422393
86772428496
86772436675
86772441985
86772447966
86772454375
86772462066
86772469146
86772474456
86772482451
86772487517
86772494841
86772499236
86772508391
86772514617
86772520598
86772527251
86772532866
86772540373
86772546416
86772553679
86772559111
86772566191
86772572478
86772578520
86772585906
86772590666
86772597990
86772605132
86772611967
86772617094
86772625029
86772630156
86772637846
86772642058
86772651030
86772657622
86772663481
86772669218
86772675932
86772683256
86772688811
86772696440
86772703154
86772710112
86772721037
86772730925
86772739042
86772751188
86772763395
86772774015
86772782072
86772788725
86772796659
86772803678
86772811552
86772817411
86772824491
86772830351
86772837492
86772843412
86772850797
86772857023
86772863981
86772870451
86772876432
86772883146
86772887357
86772894865
86772900297
86772908842
86772915495
86772921354
86772927396
86772932462
86772941251
86772946683
86772954374
86772958951
86772966459
86772973112
86772979154
86772984647
86772991666
86772998441
86773005521
86773011869
86773017423
86773023954
86773030607
86773037198
86773045011
86773050321
86773057035
86773064054
86773069730
86773076932
86773082791
86773091703
86773096646
86773103482
86773108365
86773115567
86773121854
86773127042
86773134000
86773140958
86773146634
86773154263
86773159879
86773167325
86773172757
86773179227
86773184964
86773193143
86773199918
86773205838
86773210721
86773217007
86773223599
86773231412
86773237759
86773243741
86773251065
86773257046
86773263211
86773269681
86773276150
86773282132
86773287869
86773295865
86773300686
86773307522
86773314297
86773320828
86773325223
86773332974
86773339932
86773345974
86773353054
86773359646
86773366970
86773371365
86773379483
86773385647
86773391751
86773399258
86773405667
86773412380
86773420498
86773427151
86773434658
86773439968
86773445889
86773452114
86773457791
86773463955
86773471829
86773479458
86773485806
86773491421
86773496975
86773504482
86773511806
86773519314
86773525600
86773530483
86773538235
86773542995
86773550014
86773556789
86773563930
86773568752
86773577602
86773584194
86773590298
86773595669
86773602321
86773609524
86773616420
86773623745
86773629970
86773636379
86773643032
86773649929
86773655971
86773663051
86773669033
86773674892
86773681667
86773689113
86773695766
86773702541
86773707851
86773715480
86773720546
86773727321
86773732448
86773738490
86773744472
86773752223
86773759181
86773765346
86773771571
86773778590
86773784633
86773790614
86773797206
86773804103
86773810268
86773816371
86773822658
86773829188
86773836818
86773843288
86773849391
86773857448
86773863429
86773869533
86773873317
86773880763
86773887904
86773894008
86773901576
86773907252
86773914515
86773919887
86773926051
86773933925
86773939479
86773946437
86773953029
86773956996
86773964686
86773971522
86773977992
86773985072
86773991969
86773998194
86774003627
86774010340
86774015589
86774022914
86774031153
86774037684
86774043727
86774050318
86774056910
86774060389
86774068446
86774076807
86774083643
86774089259
86774095484
86774101893
86774109034
86774115382
86774120692
86774128992
86774135889
86774142420
86774150111
86774157252
86774165064
86774171168
86774179224
86774185572
86774191858
86774198939
86774205469
86774211756
86774217676
86774226587
86774230921
86774240442
86774246729
86774253321
86774259729
86774265772
86774274195
86774280664
86774286768
86774292627
86774298914
86774307215
86774312647
86774318872
86774324365
86774332117
86774336695
86774345361
86774349878
86774357935
86774365503
86774370752
86774378137
86774382776
86774389612
86774396204
86774401880
86774407739
86774415735
86774421411
86774428125
86774436182
86774441553
86774448694
86774455652
86774462182
86774469079
86774474878
86774482507
86774487817
86774495324
86774502588
86774509363
86774515649
86774521814
86774527795
86774534326
86774540918
86774546777
86774554345
86774558130
86774567163
86774575097
86774581079
86774588525
86774597680
86774602990
86774610498
86774617028
86774623071
86774628015
86774635522
86774643029
86774649255
86774656274
86774663293
86774669701
86774675256
86774682214
86774690026
86774696069
86774703088
86774709618
86774715966
86774721581
86774728600
86774735863
86774742943
86774748254
86774754174
86774760949
86774768090
86774773949
86774779564
86774787377
86774794945
86774801537
86774807213
86774814110
86774821679
86774829308
86774836571
86774842858
86774849389
86774855370
86774860436
86774868004
86774873680
86774881920
86774888695
86774895531
86774902428
86774909447
86774916771
86774923607
86774931664
86774938194
86774945275
86774951744
86774959068
86774964989
86774970787
86774978478
86774985130
86774992210
86774998985
86775006676
86775012291
86775020164
86775026451
86775033348
86775040428
86775047081
86775053062
86775059349
86775064781
86775072349
86775078331
86775085350
86775091575
86775097740
86775103660
86775110435
86775117393
86775122459
86775129905
86775135154
86775142967
86775148704
86775154441
86775160240
86775170188
86775176536
86775182640
86775189476
86775194114
86775201805
86775207542
86775216514
86775223106
86775229698
86775235923
86775241966
86775249595
86775255943
86775263816
86775268089
86775276084
86775282615
86775289146
86775294639
86775301170
86775307883
86775314841
86775321433
86775326621
86775334678
86775338767
86775348044
86775354819
86775362327
86775368430
86775374778
86775381675
86775388267
86775393882
86775399436
86775406821
86775412803
86775420188
86775426291
86775432151
86775439963
86775444785
86775452597
86775459739
86775465659
86775471457
86775478842
86775482688
86775491172
86775498313
86775504965
86775511069
86775518210
86775523154
86775530966
86775536032
86775541342
86775548850
86775555686
86775561728
86775567893
86775574301
86775580588
86775586874
86775595786
86775601828
86775608359
86775615683
86775620871
86775627646
86775634665
86775641806
86775648886
86775655417
86775662192
86775667502
86775675619
86775683432
86775689535
86775695944
86775702536
86775710837
86775717428
86775723959
86775729879
86775735983
86775744162
86775749166
86775757101
86775763998
86775770468
86775777182
86775783895
86775789694
86775797445
86775803549
86775811483
86775816793
86775824850
86775830282
86775837301
86775842367
86775849874
86775853842
86775861837
86775870199
86775876974
86775883505
86775888021
86775894674
86775901144
86775907247
86775913717
86775922018
86775926046
86775933370
86775941793
86775948080
86775953145
86775959310
86775967672
86775972738
86775979146
86775986104
86775992147
86775997213
86776004720
86776014547
86776020040
86776026937
86776033651
86776039510
86776046163
86776051473
86776057332
86776065755
86776072164
86776078328
86776085469
86776090840
86776098409
86776102620
86776111836
86776118489
86776123555
86776130513
86776136556
86776145223
86776150777
86776158772
86776165669
86776171529
86776177449
86776183614
86776191304
86776196309
86776204549
86776209737
86776217549
86776223714
86776229634
86776236897
86776242451
86776251057
86776256489
86776261922
86776268635
86776275105
86776280415
86776288228
86776294941
86776300313
86776307332
86776313923
86776320698
86776327046
86776334431
86776340718
86776347187
86776352559
86776361775
86776368244
86776374348
86776380574
86776386067
86776392658
86776399189
86776407368
86776411152
86776418598
86776426411
86776431477
86776439472
86776445942
86776453693
86776459736
86776465778
86776472370
86776479450
86776485676
86776493183
86776499104
86776504292
86776512653
86776519611
86776526020
86776533283
86776540546
86776547504
86776554279
86776559589
86776564533
86776572223
86776581562
86776587055
86776594440
86776599506
86776606098
86776612384
86776619709
86776626239
86776634113
86776640094
86776646869
86776654010
86776659137
86776666339
86776671711
86776680194
86776686176
86776692768
86776698505
86776705951
86776711811
86776718646
86776726520
86776733173
86776738666
86776745014
86776751178
86776755695
86776763507
86776768939
86776776447
86776780658
86776788104
86776793170
86776800677
86776806781
86776813373
86776820270
86776827899
86776833697
86776838702
86776845538
86776852252
86776858417
86776867572
86776872516
86776879596
86776885760
86776892047
86776896624
86776904071
86776911151
86776918048
86776922809
86776932086
86776937213
86776943560
86776949969
86776956683
86776963885
86776970965
86776977130
86776982501
86776989520
86776994586
86777002398
86777006854
86777015154
86777021868
86777027728
86777033038
86777039507
86777047198
86777052630
86777059954
86777065997
86777072772
86777076617
86777084734
86777091631
86777098650
86777104571
86777111712
86777117510
86777123736
86777130511
86777135332
86777142596
86777148638
86777156634
86777163836
86777169939
86777176714
86777182024
86777188982
86777195757
86777203753
86777210589
86777217241
86777223894
86777228899
86777235552
86777242754
86777248796
86777255571
86777261736
86777267961
86777274919
86777282244
86777290666
86777296648
86777303911
86777309282
86777316118
86777321245
86777328020
86777334429
86777342180
86777348100
86777354143
86777361528
86777366350
86777374468
86777379961
86777387956
86777391740
86777401079
86777407548
86777412309
86777419817
86777425676
86777434343
86777439836
86777447343
86777453447
86777460039
86777466142
86777472795
86777479509
86777484575
86777491655
86777498491
86777505143
86777511247
86777517350
86777523454
86777532548
86777538957
86777543595
86777551652
86777557389
86777564897
86777572343
86777578691
86777585160
86777591264
86777597123
86777603654
86777609452
86777614762
86777623002
86777628617
86777635270
86777640336
86777648087
86777654923
86777659684
86777667619
86777674760
86777680497
86777687333
86777693925
86777699723
86777706925
86777713517
86777720658
86777726884
86777733536
86777740433
86777745743
86777753678
86777757767
86777766129
86777774369
86777780411
86777788102
86777794266
86777801285
86777807816
86777814530
86777820389
86777826127
86777833756
86777841385
86777846329
86777853714
86777859269
86777866410
86777871476
86777879105
86777884964
86777891556
86777899124
86777906143
86777912796
86777917984
86777925919
86777933975
86777938553
86777947037
86777954056
86777960465
86777965225
86777971939
86777977982
86777984451
86777992264
86777998917
86778004410
86778011368
86778015030
86778023453
86778028091
86778035904
86778044449
86778051651
86778058121
86778064590
86778070694
86778077408
86778083572
86778089187
86778096634
86778102188
86778109329
86778115493
86778121780
86778128128
86778135147
86778141922
86778149002
86778156814
86778162673
86778169021
86778174270
86778181228
86778187026
86778194168
86778201797
86778207046
86778215408
86778220230
86778227493
86778232925
86778241165
86778245254
86778252944
86778259536
86778266494
86778273879
86778279128
86778286941
86778292678
86778300491
86778306655
86778313247
86778318984
86778325210
86778332046
86778338576
86778344070
86778350112
86778356277
86778362807
86778368361
86778374343
86778383437
86778390212
86778397048
86778403335
86778409926
86778415358
86778421279
86778430312
86778436843
86778441420
86778447890
86778453994
86778460158
86778467482
86778473403
86778479323
86778486037
86778491164
86778498244
86778504347
86778510878
86778517958
86778523940
86778531874
86778537367
86778544386
86778551894
86778558608
86778565138
86778571669
86778577528
86778584303
86778590041
86778596999
86778602736
86778608534
86778617445
86778621229
86778630995
86778637709
86778642348
86778650221
86778657484
86778663710
86778671095
86778675795
86778683912
86778689345
86778697218
86778702406
86778710890
86778717604
86778724195
86778730665
86778735670
86778743422
86778750013
86778757032
86778763685
86778770033
86778778334
86778782301
86778790357
86778798597
86778804823
86778811415
86778818189
86778824232
86778830518
86778837110
86778843519
86778850050
86778855848
86778862806
86778868055
86778874464
86778881788
86778887525
86778895582
86778902784
86778909009
86778915540
86778922071
86778928236
86778935316
86778941480
86778948560
86778954664
86778961683
86778968274
86778974195
86778980970
86778987012
86778992017
86778998548
86779004102
86779011731
86779017530
86779023938
86779032117
86779038709
86779045545
86779051343
86779057325
86779064893
86779069837
86779078443
86779084973
86779090161
86779096814
86779104077
86779111463
86779117871
86779123670
86779130994
86779136670
86779142957
86779148084
86779155896
86779161145
86779167554
86779175122
86779182202
86779187817
86779193066
86779200879
86779207898
86779214978
86779221448
86779226514
86779234387
86779239087
86779247021
86779252331
86779258618
86779264233
86779271313
86779278576
86779285229
86779291943
86779298779
86779304760
86779311779
86779318127
86779324414
86779331494
86779337597
86779344372
86779349682
86779357067
86779363293
86779369335
86779376599
86779383740
86779388928
86779397351
86779401928
86779411083
86779415966
86779423535
86779429211
86779436352
86779441967
86779447155
86779456066
86779462414
86779467419
86779473644
86779479992
86779486401
86779493175
86779499950
86779505749
86779511791
86779518688
86779524853
86779530895
86779537548
86779544323
86779551464
86779557079
86779564220
86779570812
86779576915
86779582103
86779589428
86779596203
86779602245
86779608654
86779614635
86779620861
86779627636
86779634594
86779641002
86779647533
86779654674
86779662548
86779672069
86779679698
86779690807
86779697277
86779710338
86779718212
86779727794
86779737132
86779746288
86779755748
86779765880
86779774303
86779781932
86779792857
86779800975
86779810496
86779820323
86779827281
86779833751
86779838878
86779846385
86779851451
86779858714
86779863719
86779870311
86779877147
86779883189
86779890452
86779896922
86779903453
86779908213
86779916087
86779923106
86779929881
86779937205
86779941905
86779949717
86779956614
86779962474
86779968455
86779975657
86779983042
86779989207
86779995005
86780001048
86780007578
86780015147
86780022593
86780028086
86780035288
86780042735
86780047678
86780056223
86780061289
86780069163
86780074839
86780082163
86780087473
86780094614
86780102061
86780108225
86780117380
86780124644
86780134470
86780146860
86780153086
86780159250
86780165598
86780174082
86780180430
86780186716
86780192087
86780198496
86780205149
86780212961
86780218027
86780224924
86780229319
86780237009
86780243723
86780249704
86780258310
86780263498
86780273325
86780283029
86780288889
86780297190
86780302316
86780309458
86780317148
86780322702
86780329721
86780334726
86780341928
86780348093
86780357126
86780363046
86780368356
86780375253
86780382333
86780388437
86780394174
86780400583
86780406930
86780411142
86780417673
86780421884
86780429208
86780437814
86780444345
86780449716
86780454904
86780460763
86780466195
86780472726
86780479806
86780486398
86780491891
86780497995
86780504770
86780510202
86780515268
86780521066
86780529000
86780535958
86780543771
86780548959
86780557016
86780564279
86780568978
86780578561
86780583627
86780590890
86780595651
86780602731
86780608956
86780615609
86780621224
86780629220
86780634774
86780641854
86780646859
86780653512
86780659615
86780665475
86780672189
86780679147
86780685860
86780692757
86780698983
86780704171
86780710702
86780718148
86780724312
86780730355
86780737557
86780744515
86780749825
86780756783
86780761422
86780771126
86780777474
86780783638
86780790230
86780797738
86780804573
86780809334
86780817452
86780824166
86780830330
86780836312
86780842293
86780849922
86780855599
86780863655
86780869515
86780876229
86780882393
86780888436
86780894356
86780898995
86780908638
86780913765
86780919808
86780926094
86780931954
86780938728
86780945137
86780951241
86780959785
86780965645
86780971931
86780979500
86780984505
86780992622
86780998238
86781005073
86781011604
86781018501
86781024299
86781031685
86781037788
86781043770
86781051216
86781059089
86781065742
86781072029
86781077217
86781083442
86781092109
86781098457
86781105903
86781112861
86781118782
86781126167
86781132576
86781138801
86781146064
86781149848
86781159675
86781166206
86781173408
86781180000
86781185676
86781193488
86781201118
86781207954
86781214362
86781219550
86781226386
86781232795
86781241035
86781247504
86781254096
86781260017
86781267097
86781273261
86781279060
86781288703
86781295112
86781301154
86781308723
86781313850
86781322394
86781328254
86781335883
86781341620
86781349616
86781354926
86781361091
86781368903
86781374946
86781381293
86781388862
86781393439
86781401007
86781405524
86781412177
86781418158
86781426581
86781430671
86781438178
86781444525
86781450446
86781456916
86781463996
86781469977
86781475653
86781483283
86781488349
86781495368
86781502448
86781508917
86781517401
86781522467
86781529669
86781534247
86781541632
86781546820
86781554327
86781559210
86781567755
86781574164
86781580633
86781586676
86781593207
86781599615
86781605597
86781613348
86781617316
86781625921
86781631598
86781637884
86781645453
86781651556
86781658697
86781664007
86781671270
86781674872
86781682501
86781689093
86781695501
86781701971
86781709539
86781716497
86781721868
86781728826
86781734014
86781741705
86781751165
86781756536
86781763494
86781769659
86781775884
86781783087
86781790289
86781794256
86781801946
86781809515
86781815618
86781821783
86781828314
86781835699
86781841863
86781849737
86781855779
86781862554
86781868902
86781875249
86781882391
86781887579
86781895757
86781903387
86781909673
86781914922
86781922613
86781928716
86781934820
86781942083
86781948614
86781954839
86781960882
86781967779
86781972966
86781981084
86781986577
86781994085
86782000676
86782007207
86782012822
86782019170
86782025823
86782032292
86782038884
86782044011
86782051946
86782057073
86782064824
86782071416
86782076238
86782083745
86782090825
86782097112
86782103337
86782109258
86782115544
86782121892
86782128850
86782135869
86782142888
86782149297
86782153447
86782160710
86782167607
86782173894
86782183537
86782188664
86782195256
86782201787
86782207158
86782213566
86782219914
86782225651
86782232609
86782238652
86782245732
86782250065
86782258000
86782264958
86782271245
86782278080
86782285161
86782292057
86782296757
86782304325
86782309758
86782317204
86782321720
86782330021
86782336308
86782342350
86782350346
86782355107
86782362858
86782368351
86782375920
86782382450
86782388737
86782395024
86782402043
86782408329
86782414127
86782422245
86782428959
86782435307
86782441044
86782447147
86782453922
86782459599
86782467960
86782473698
86782481205
86782485172
86782492680
86782499210
86782505436
86782514347
86782519413
86782525516
86782531986
86782537845
86782542789
86782550236
86782555912
86782563846
86782570926
86782577335
86782584110
86782589176
86782597293
86782602848
86782610782
86782618900
86782625309
86782631900
86782637577
86782644535
86782651737
86782657962
86782661991
86782671329
86782678897
86782685855
86782692935
86782697513
86782705875
86782710208
86782720096
86782727054
86782734622
86782742130
86782746646
86782755923
86782762454
86782768985
86782775333
86782780582
86782787540
86782793033
86782799441
86782805240
86782812808
86782819827
86782826053
86782834476
86782841617
86782848208
86782854617
86782860598
86782865909
86782871951
86782879153
86782886599
86782892581
86782898318
86782906314
86782909976
86782918154
86782926089
86782931338
86782940676
86782946902
86782953799
86782959597
86782966128
86782973696
86782980105
86782987002
86782992434
86783000430
86783007205
86783013796
86783020388
86783026858
86783033511
86783040224
86783047488
86783051577
86783058962
86783066653
86783072207
86783079897
86783086855
86783092776
86783098208
86783105532
86783112185
86783118838
86783125429
86783131960
86783137819
86783143068
86783151247
86783158083
86783164309
86783171511
86783178530
86783185061
86783190737
86783198366
86783202211
86783209902
86783217104
86783223757
86783230104
86783236086
86783242678
86783249269
86783254763
86783260927
86783268007
86783273561
86783282594
86783287966
86783294252
86783302248
86783308534
86783315798
86783321779
86783328066
86783334535
86783340761
86783346010
86783352663
86783361024
86783367494
86783375185
86783381349
86783387453
86783393251
86783400331
86783406984
86783411745
86783419618
86783425416
86783432191
86783438112
86783445131
86783452272
86783458925
86783465699
86783471925
86783477052
86783483155
86783490175
86783495485
86783504518
86783510011
86783517091
86783523378
86783530030
86783536134
86783543275
86783551087
86783556092
86783563111
86783569642
86783575440
86783580689
86783588563
86783596925
86783604005
86783610352
86783615601
86783623780
86783628541
86783636048
86783641419
86783648499
86783654237
86783661622
86783668214
86783674744
86783678773
86783687440
86783695679
86783701417
86783708741
86783715638
86783720765
86783727906
86783734315
86783740296
86783747620
86783754578
86783760743
86783767395
86783773804
86783779725
86783786255
86783793335
86783800415
86783806824
86783813904
86783819275
86783826294
86783832886
86783840637
86783845520
86783851807
86783859253
86783865784
86783871826
86783876953
86783884583
86783890503
86783898071
86783903442
86783911499
86783915283
86783923340
86783931519
86783937256
86783944214
86783950378
86783957092
86783961914
86783969727
86783975891
86783982849
86783988464
86783996033
86784001770
86784008179
86784011902
86784019592
86784027588
86784034607
86784040405
86784046936
86784053161
86784058593
86784067321
86784074646
86784079345
86784087890
86784093139
86784100097
86784104370
86784112365
86784119201
86784125244
86784133239
86784138549
86784145080
86784150695
86784158264
86784162170
86784172119
86784178222
86784184875
86784190673
86784197021
86784202514
86784208679
86784216613
86784223754
86784230224
86784237121
86784242736
86784250060
86784259338
86784264403
86784271178
86784277465
86784283385
86784289855
86784295898
86784301696
86784310180
86784313964
86784323974
86784329284
86784335387
86784341857
86784349669
86784356078
86784361449
86784369445
86784375731
86784381774
86784388121
86784395690
86784403258
86784407408
86784415160
86784421447
86784428771
86784435301
86784440734
86784449095
86784454283
86784462035
86784468443
86784474547
86784481139
86784486632
86784494933
86784501036
86784507628
86784515074
86784520140
86784525206
86784533446
86784541197
86784547667
86784552977
86784558897
86784565733
86784570433
86784578062
86784584532
86784591490
86784597044
86784603880
86784609190
86784616514
86784623655
86784630247
86784638060
86784643614
86784650938
86784655577
86784662230
86784668638
86784674864
86784681517
86784689207
86784693357
86784701353
86784707945
86784714415
86784721922
86784728392
86784734800
86784740354
86784748167
86784753416
86784760679
86784765989
86784772886
86784779234
86784785093
86784791990
86784798032
86784806760
86784812071
86784819578
86784826170
86784834287
86784840818
86784848020
86784854490
86784860838
86784867551
86784874937
86784882139
86784888914
86784894102
86784901975
86784907346
86784913633
86784919431
86784926450
86784934629
86784940854
86784947568
86784954221
86784961972
86784969480
86784975950
86784982419
86784987607
86784995542
86785000913
86785008603
86785016660
86785023496
86785030637
86785036557
86785042844
86785049436
86785057675
86785064450
86785070554
86785077878
86785082883
86785090634
86785097348
86785103635
86785110349
86785116879
86785122861
86785129392
86785136899
86785141232
86785149045
86785157162
86785162289
86785168515
86785174496
86785180539
86785187009
86785193967
86785199826
86785206479
86785213254
86785220822
86785227231
86785234250
86785241391
86785246212
86785254513
86785261349
86785268002
86785275937
86785281125
86785288693
86785296261
86785302487
86785309018
86785316403
86785322079
86785329037
86785334286
86785341915
86785347958
86785354305
86785360592
86785367977
86785373043
86785380306
86785387264
86785393429
86785400692
86785405880
86785412655
86785419674
86785425838
86785434017
86785439938
86785446774
86785451595
86785458614
86785465206
86785471310
86785478023
86785485470
86785492672
86785497372
86785505123
86785510860
86785518184
86785526973
86785533321
86785538814
86785545711
86785551876
86785558040
86785564327
86785570064
86785577449
86785584285
86785590511
86785596614
86785602718
86785608577
86785615779
86785624263
86785629817
86785636104
86785641536
86785648860
86785654476
86785660762
86785668086
86785674556
86785681148
86785687801
86785695369
86785700374
86785707149
86785713863
86785719966
86785727107
86785731807
86785739803
86785746577
86785752132
86785758113
86785765498
86785771602
86785777705
86785784785
86785789607
86785798396
86785803584
86785810725
86785818477
86785824702
86785830256
86785836726
86785843928
86785851130
86785857051
86785864375
86785869441
86785876338
86785882258
86785887324
86785894404
86785901057
86785907344
86785913752
86785919673
86785926203
86785932734
86785939326
86785944209
86785952326
86785959834
86785966059
86785971430
86785978755
86785984065
86785991511
86785998713
86786005244
86786012263
86786019404
86786025874
86786032282
86786038935
86786045588
86786053095
86786059809
86786066401
86786072199
86786077265
86786085566
86786092219
86786098871
86786105402
86786110346
86786118159
86786125361
86786131403
86786136713
86786145014
86786149225
86786156916
86786163141
86786169245
86786175898
86786181147
86786189081
86786194757
86786201960
86786208979
86786214655
86786219721
86786227228
86786233881
86786241449
86786248346
86786252985
86786260919
86786265985
86786274347
86786282648
86786288690
86786295648
86786302301
86786308527
86786313654
86786321344
86786325494
86786334894
86786340265
86786346979
86786353632
86786360528
86786367731
86786375055
86786382318
86786388483
86786395685
86786401544
86786406732
86786414239
86786420648
86786426812
86786433099
86786439813
86786446466
86786453668
86786459710
86786465142
86786472894
86786478143
86786485528
86786489068
86786497491
86786504571
86786510186
86786517999
86786524346
86786530328
86786536553
86786543267
86786548028
86786555840
86786561212
86786568109
86786573602
86786580865
86786586541
86786593499
86786600945
86786605523
86786612725
86786619195
86786625176
86786631585
86786638421
86786645745
86786651910
86786657342
86786664422
86786670220
86786677483
86786684624
86786691277
86786697381
86786703728
86786710747
86786717461
86786723870
86786728997
86786735283
86786740532
86786748589
86786753106
86786761589
86786768975
86786775872
86786781792
86786787224
86786794731
86786802117
86786808098
86786815239
86786822441
86786827324
86786833184
86786841118
86786848137
86786854851
86786860588
86786866631
86786872307
86786878471
86786885857
86786890495
86786897942
86786904961
86786911552
86786918510
86786925529
86786931633
86786939812
86786945915
86786952690
86786959282
86786965019
86786972404
86786979729
86786988273
86786997734
86787006462
86787013481
86787020317
86787026664
86787033195
86787041374
86787046745
86787053459
86787059745
86787066154
86787072929
86787078971
86787084770
86787092399
86787101188
86787105949
86787113517
86787118827
86787126518
86787134025
86787140068
86787146720
86787153373
86787160514
86787167716
86787173820
86787180534
86787187614
86787194938
86787199638
86787206840
86787211601
86787219535
86787225028
86787233085
86787239738
86787246024
86787251701
86787257804
86787265189
86787272941
86787279655
86787284171
86787292472
86787299430
86787305655
86787311637
86787318656
86787327445
86787332999
86787338309
86787345023
86787350943
86787358329
86787364432
86787371634
86787378104
86787384635
86787389701
86787396720
86787403617
86787410269
86787417044
86787423636
86787429312
86787436515
86787442740
86787448905
86787455496
86787462271
86787469718
86787475272
86787482840
86787489371
86787496573
86787503226
86787508719
86787517447
86787523001
86787529532
86787537222
86787543265
86787549246
86787556387
86787563101
86787570242
86787575491
86787583365
86787589712
86787593497
86787601004
86787607718
86787613943
86787621939
86787627798
86787635061
86787640310
86787646841
86787653250
86787660879
86787667532
86787674185
86787679922
86787687979
86787693594
86787698477
86787707693
86787714529
86787719534
86787727651
86787734121
86787739797
86787747244
86787753469
86787761648
86787766836
86787774099
86787779958
86787786428
86787794973
86787801504
86787806997
86787813223
86787818777
86787824880
86787831777
86787838552
86787844167
86787849844
86787858633
86787861013
86787870351
86787878164
86787883291
86787891103
86787896902
86787904531
86787910756
86787916799
86787923330
86787931386
86787936635
86787943654
86787951345
86787956594
86787962758
86787969655
86787976247
86787984243
86787990834
86787996999
86788001943
86788009206
86788013906
86788021596
86788026784
86788035085
86788040456
86788047109
86788052785
86788058705
86788063893
86788071279
86788078420
86788085133
86788091176
86788097218
86788103444
86788109486
86788116505
86788124074
86788130666
86788136891
86788144948
86788148671
86788156117
86788162282
86788168996
86788177052
86788181752
86788189442
86788195851
86788202443
86788206166
86788214528
86788222340
86788228932
86788234791
86788240712
86788246937
86788251393
86788260121
86788265736
86788272999
86788277821
86788285206
86788291188
86788298878
86788304737
86788311024
86788318470
86788325184
86788331959
86788336476
86788344349
86788350025
86788355885
86788362171
86788369618
86788375111
86788381519
86788387074
86788395557
86788399525
86788407398
86788415394
86788421925
86788429859
86788434925
86788441883
86788447498
86788454761
86788463306
86788469471
86788476002
86788482532
86788488636
86788493763
86788501148
86788508533
86788514759
86788521717
86788528125
86788534717
86788539783
86788547718
86788551746
86788560474
86788567859
86788572620
86788579578
86788585865
86788592639
86788598011
86788605091
86788611865
86788617786
86788625171
86788631702
86788638538
86788645435
86788652393
86788656848
86788666614
86788673450
86788680774
86788687793
86788692737
86788700977
86788708057
86788714526
86788720813
86788727344
86788733020
86788738757
86788746142
86788752856
86788759509
86788766589
86788773852
86788779773
86788787890
86788794299
86788799975
86788808459
86788816638
86788823596
86788830371
86788834521
86788842822
86788850268
86788856799
86788863025
86788868212
86788876025
86788883960
86788890551
86788897143
86788903918
86788910693
86788915881
86788922656
86788930163
86788936022
86788943347
86788949938
86788956164
86788961718
86788969409
86788977953
86788985156
86788991808
86788998339
86789004198
86789011340
86789017504
86789021716
86789031176
86789037524
86789044726
86789050829
86789056567
86789064806
86789071581
86789078051
86789086168
86789091356
86789097948
86789103319
86789111315
86789118578
86789125109
86789131273
86789138353
86789144091
86789150194
86789156420
86789164598
86789171129
86789177233
86789182482
86789189745
86789196825
86789202623
86789208361
86789216051
86789222704
86789228807
86789237047
86789242357
86789249376
86789256151
86789262315
86789269945
86789274522
86789281664
86789288194
86789294725
86789300523
86789308275
86789315416
86789321397
86789328600
86789335313
86789341295
86789347154
86789355882
86789363084
86789367845
86789375413
86789380540
86789387376
86789393419
86789401780
86789407762
86789414049
86789421739
86789426805
86789433946
86789441026
86789447435
86789453538
86789460191
86789468064
86789473802
86789480271
86789487840
86789494371
86789500535
86789507554
86789513597
86789520310
86789527024
86789532395
86789541245
86789546739
86789553575
86789560166
86789566819
86789573289
86789578965
86789585008
86789590745
86789599656
86789605271
86789611436
86789619187
86789627244
86789633591
86789639207
86789645371
86789650559
86789657761
86789665146
86789672166
86789679429
86789684434
86789691941
86789697190
86789704331
86789709641
86789716660
86789725388
86789730393
86789737839
86789744431
86789750657
86789756333
86789762741
86789770920
86789777146
86789783615
86789790207
86789795700
86789802170
86789808945
86789815659
86789823837
86789830246
86789837448
86789843430
86789848679
86789855087
86789861069
86789869858
86789876755
86789883041
86789889084
86789894394
86789902695
86789908615
86789915207
86789921738
86789928757
86789934677
86789940414
86789948166
86789955124
86789961166
86789968063
86789974167
86789981430
86789986801
86789995102
86789999374
86790007858
86790015609
86790021408
86790028122
86790035629
86790040756
86790049362
86790055465
86790063156
86790068222
86790075180
86790080856
86790087265
86790093612
86790101486
86790107284
86790114120
86790121078
86790126693
86790133102
86790141708
86790148300
86790153732
86790160018
86790167892
86790173263
86790180648
86790186446
86790193710
86790201095
86790206222
86790211349
86790218612
86790224715
86790230697
86790237350
86790243941
86790250167
86790256209
86790261275
86790267440
86790274032
86790278792
86790286849
86790292586
86790299422
86790304671
86790312606
86790316512
86790324080
86790332625
86790337569
86790343856
86790350020
86790357894
86790363814
86790370955
86790378463
86790385359
86790392684
86790398360
86790405745
86790411055
86790418257
86790426009
86790432417
86790439681
86790446089
86790452010
86790457808
86790465559
86790470076
86790480208
86790485884
86790492110
86790498640
86790504012
86790511824
86790518355
86790526167
86790532820
86790537703
86790545698
86790551131
86790558516
86790564253
86790572493
86790579024
86790584883
86790591414
86790598066
86790604597
86790610457
86790617903
86790624495
86790630537
86790638716
86790644392
86790651350
86790658979
86790665510
86790671431
86790678022
86790684431
86790689863
86790696089
86790701887
86790709516
86790716169
86790723310
86790730757
86790735578
86790742719
86790754011
86790761579
86790773664
86790780378
86790794294
86790803083
86790809553
86790817304
86790822370
86790831159
86790838361
86790843732
86790851606
86790857221
86790863019
86790870954
86790876935
86790884199
86790888837
86790896345
86790902082
86790909406
86790916547
86790922162
86790927411
86790934430
86790939862
86790946515
86790952436
86790959577
86790966046
86790972577
86790980634
86790986066
86790993268
86791000226
86791006452
86791012982
86791019879
86791026227
86791032941
86791039227
86791045880
86791053693
86791059674
86791066632
86791073407
86791079083
86791084821
86791090131
86791098737
86791102948
86791110883
86791117596
86791123700
86791131146
86791138653
86791145856
86791152386
86791158734
86791165082
86791171185
86791178509
86791186871
86791193097
86791200299
86791206891
86791213177
86791219830
86791225872
86791233624
86791239666
86791246197
86791252301
86791259442
86791266095
86791272747
86791279705
86791286541
86791292584
86791299664
86791305828
86791313030
86791317608
86791323590
86791331951
86791338482
86791344769
86791351360
86791358502
86791364361
86791370342
86791377361
86791383160
86791390057
86791397259
86791403301
86791408794
86791415630
86791424175
86791429241
86791436443
86791441570
86791448284
86791453716
86791460735
86791467815
86791474346
86791481914
86791487346
86791495586
86791500957
86791507427
86791515667
86791522258
86791528850
86791535686
86791541851
86791547161
86791554180
86791560894
86791568279
86791575908
86791582683
86791589885
86791595378
86791602703
86791608501
86791616558
86791623454
86791630229
86791637370
86791643840
86791651042
86791656963
86791664714
86791671672
86791677898
86791683574
86791691508
86791697002
86791703899
86791711101
86791717937
86791724162
86791730327
86791737407
86791742168
86791749187
86791756877
86791763530
86791769206
86791776652
86791782756
86791788859
86791795085
86791801616
86791808818
86791813823
86791821208
86791825785
86791833293
86791838176
86791845500
86791849955
86791858012
86791864421
86791871073
86791878215
86791885050
86791891703
86791899272
86791905924
86791912821
86791918009
86791926371
86791931681
86791940165
86791947367
86791953349
86791960551
86791967265
86791973551
86791979227
86791987406
86791995097
86792000468
86792007304
86792012064
86792018839
86792025919
86792033915
86792039408
86792046793
86792051127
86792059855
86792066019
86792072062
86792078653
86792083719
86792092753
86792098307
86792106058
86792112406
86792118509
86792123697
86792130533
86792138895
86792146463
86792153238
86792158792
86792164896
86792170145
86792178018
86792185831
86792190836
86792194437
86792202982
86792208902
86792214945
86792221842
86792230387
86792238382
86792242349
86792249857
86792256204
86792262430
86792269144
86792275736
86792283182
86792288431
86792295694
86792302469
86792308694
86792314920
86792319620
86792326761
86792334085
86792341348
86792347940
86792353006
86792359720
86792366434
86792371866
86792379678
86792383462
86792391397
86792399087
86792405801
86792413736
86792418924
86792428018
86792433511
86792440225
86792447183
86792454934
86792461282
86792465676
86792474221
86792482522
86792487161
86792493875
86792498818
86792506631
86792512734
86792521462
86792527810
86792534341
86792540017
86792546914
86792552651
86792558694
86792566995
86792573281
86792579812
86792586282
86792593056
86792599221
86792605569
86792613991
86792621072
86792625710
86792633889
86792639077
86792646706
86792651223
86792659829
86792666237
86792672219
86792678750
86792683388
86792689797
86792696816
86792703225
86792709450
86792717934
86792721596
86792729592
86792736184
86792742836
86792750466
86792755654
86792762123
86792768959
86792774025
86792780556
86792787209
86792793007
86792801125
86792805641
86792813210
86792819679
86792825966
86792832558
86792839089
86792845253
86792851601
86792858620
86792863869
86792870705
86792877480
86792883339
86792890114
86792896584
86792901710
86792908180
86792913551
86792920692
86792927711
86792932472
86792939247
86792946266
86792952858
86792957374
86792964943
86792969887
86792977333
86792983131
86792989235
86792994545
86793003212
86793011085
86793017799
86793022743
86793029152
86793036354
86793043129
86793050087
86793056556
86793062477
86793067359
86793076210
86793083839
86793089881
86793096900
86793102271
86793109291
86793116004
86793122962
86793129066
86793134437
86793142677
86793148719
86793154456
86793160743
86793167335
86793172340
86793180396
86793185950
86793194068
86793197974
86793206397
86793213966
86793220618
86793227759
86793234901
86793241736
86793247840
86793254615
86793262122
86793268714
86793276893
86793282386
86793288917
86793294776
86793302588
86793309119
86793314124
86793323462
86793328467
86793334693
86793341895
86793348975
86793353308
86793360938
86793368323
86793374793
86793381324
86793385901
86793392127
86793398657
86793404456
86793410193
86793418860
86793424475
86793430823
86793435828
86793443396
86793449683
86793456091
86793462683
86793469458
86793476294
86793480994
86793487341
86793493567
86793500342
86793506689
86793514197
86793519934
86793527319
86793533118
86793539465
86793543493
86793551489
86793559241
86793565832
86793572119
86793577490
86793584692
86793591223
86793597754
86793603918
86793610266
86793616552
86793623083
86793628820
86793633886
86793641638
86793649084
86793655310
86793661840
86793667944
86793676428
86793682592
86793689550
86793697180
86793703588
86793709814
86793714819
86793723181
86793729040
86793734533
86793740392
86793747778
86793753820
86793761022
86793768102
86793774267
86793777868
86793786657
86793793066
86793799779
86793805028
86793811132
86793817541
86793824010
86793829504
86793835851
86793843725
86793851049
86793857458
86793863866
86793870885
86793877294
86793883153
86793890477
86793896276
86793903539
86793909398
86793915563
86793922704
86793927648
86793937230
86793942662
86793949010
86793954381
86793962133
86793968663
86793974279
86793982884
86793989354
86793995458
86794000035
86794006810
86794013829
86794019750
86794025365
86794033116
86794039525
86794046849
86794052281
86794058080
86794065160
86794071629
86794078587
86794084752
86794092686
86794098729
86794104771
86794110997
86794117528
86794125828
86794132298
86794139439
86794144749
86794151219
86794156285
86794164464
86794172886
86794178502
86794185948
86794190892
86794197606
86794204380
86794209996
86794215733
86794225193
86794229283
86794237278
86794241063
86794249363
86794256443
86794261936
86794269139
86794275791
86794282444
86794288426
86794295201
86794301670
86794308201
86794315403
86794322056
86794328526
86794333653
86794341099
86794346287
86794353855
86794358006
86794367649
86794373814
86794380833
86794387180
86794392307
86794398594
86794405247
86794411899
86794418857
86794425083
86794431736
86794438755
86794445408
86794451694
86794458957
86794465061
86794471225
86794478855
86794485813
86794492222
86794498386
86794504612
86794510410
86794517917
86794524814
86794531040
86794534519
86794543003
86794551914
86794557773
86794563388
86794569797
86794576145
86794581699
86794590061
86794594577
86794603122
86794609836
86794615939
86794623813
86794630466
86794636325
86794643710
86794650363
86794657077
86794664157
86794669650
86794676425
86794683444
86794687656
86794697177
86794703647
86794710788
86794716586
86794721835
86794729281
86794733676
86794743442
86794749179
86794755221
86794762423
86794767062
86794774325
86794779208
86794788546
86794793979
86794799167
86794806369
86794811923
86794817355
86794825290
86794829989
86794838412
86794842196
86794851046
86794855929
86794861911
86794868563
86794875521
86794883578
86794889193
86794896273
86794901583
86794907931
86794913241
86794920809
86794928439
86794934847
86794940341
86794946444
86794953768
86794958712
86794966280
86794971774
86794979830
86794984408
86794992098
86794998019
86795005404
86795011690
86795016817
86795024935
86795030245
86795036654
86795043246
86795049227
86795054293
86795061373
86795068392
86795074679
86795081514
86795087679
86795094576
86795100313
86795108248
86795113253
86795122713
86795128878
86795133638
86795141756
86795147432
86795154329
86795160189
86795167757
86795174654
86795181917
86795187654
86795195345
86795201631
86795206941
86795216341
86795223177
86795228365
86795234956
86795241426
86795246858
86795254671
86795262056
86795266328
86795273286
86795278352
86795286592
86795290315
86795298372
86795305696
86795312227
86795317659
86795323762
86795330537
86795335542
86795343049
86795350068
86795356477
86795362153
86795371126
86795376130
86795382173
86795389070
86795394563
86795402009
86795407075
86795416108
86795421113
86795427888
86795435762
86795440522
86795448274
86795454988
86795461885
86795468904
86795473603
86795480928
86795485749
86795493806
86795499482
86795506806
86795513520
86795519990
86795525849
86795531831
86795539521
86795546784
86795553620
86795559602
86795566010
86795571076
86795578828
86795586518
86795593537
86795600007
86795606782
86795612519
86795617280
86795624177
86795630280
86795638215
86795644440
86795651154
86795657746
86795662629
86795670258
86795675812
86795683503
86795689423
86795695954
86795703095
86795709687
86795715973
86795720795
86795729340
86795734345
86795741364
86795747956
86795754364
86795759430
86795766693
86795773834
86795780243
86795786469
86795792877
86795800324
86795805267
86795813019
86795820160
86795827118
86795833649
86795838959
86795845978
86795852936
86795859772
86795865753
86795873016
86795878815
86795886139
86795891937
86795898407
86795905670
86795910431
86795918793
86795925506
86795931915
86795937530
86795945465
86795952972
86795959442
86795966705
86795972198
86795978668
86795985260
86795991729
86795999847
86796006073
86796012359
86796018646
86796026580
86796032440
86796039215
86796045440
86796050994
86796058258
86796064544
86796070648
86796077178
86796082305
86796089874
86796094024
86796101592
86796109283
86796115020
86796118560
86796126861
86796130035
86796136932
86796143646
86796149993
86796156646
86796162261
86796168182
86796174163
86796180144
86796186553
86796193206
86796198455
86796207122
86796212188
86796217376
86796223662
86796229949
86796236175
86796243133
86796249236
86796253447
86796259978
86796264190
86796270415
86796279265
86796284942
86796290679
86796296233
86796303740
86796308135
86796315581
86796320769
86796328154
86796333220
86796340239
86796345366
86796352385
86796356658
86796362456
86796369597
86796375640
86796382659
86796388701
86796394377
86796398772
86796405669
86796410613
86796419035
86796424712
86796430266
86796438139
86796444426
86796451506
86796458281
86796463286
86796469145
86796476836
86796483549
86796487883
86796494292
86796502592
86796508330
86796515654
86796519926
86796526945
86796532866
86796539091
86796544584
86796552031
86796557463
86796563810
86796569487
86796574980
86796581694
86796588224
86796595060
86796602018
86796608427
86796614286
86796619657
86796625395
86796631742
86796637419
86796643705
86796651457
86796657072
86796663908
86796670378
86796676359
86796681608
86796690458
86796693937
86796702299
86796708830
86796713957
86796719633
86796725858
86796733305
86796738126
86796745939
86796749418
86796757291
86796762785
86796768400
86796774808
86796780546
86796787321
86796793363
86796799711
86796804288
86796810636
86796816984
86796825895
86796830839
86796835966
86796843656
86796849332
86796856717
86796860257
86796868985
86796876798
86796880765
86796887906
86796892850
86796899442
86796907499
86796914029
86796920865
86796927945
86796933988
86796938993
86796945523
86796952481
86796958036
86796964994
86796970853
86796977445
86796980741
86796990201
86796996610
86797002408
86797008756
86797014310
86797020230
86797024320
86797031827
86797037076
86797042813
86797049039
86797054471
86797061551
86797067593
86797073697
86797077176
86797085171
86797091336
86797098904
86797105801
86797111844
86797118741
86797125516
86797131375
86797137906
86797143521
86797151150
86797156033
86797162564
86797169034
86797174771
86797181485
86797187649
86797193325
86797197720
86797205655
86797213955
86797219693
86797225857
86797231716
86797238125
86797243740
86797250454
86797257046
86797263699
86797267483
86797275051
86797280972
86797286221
86797292080
86797297451
86797305752
86797312649
86797317898
86797323696
86797330166
86797334927
86797341091
86797347195
86797354153
86797360012
86797367031
86797373257
86797378017
86797385464
86797391018
86797396938
86797403469
86797409695
86797415920
86797420498
86797427578
86797436306
86797444973
86797453457
86797461696
86797470119
86797478176
86797487331
86797496486
86797506008
86797513454
86797523220
86797530178
86797542202
86797547023
86797557155
86797568569
86797579311
86797586513
86797591823
86797598110
86797602687
86797609462
86797618434
86797624538
86797630092
86797635829
86797642543
86797647060
86797653651
86797661281
86797668605
86797673732
86797679164
86797685817
86797689906
86797698329
86797703883
86797711635
86797717799
86797723475
86797728786
86797735316
86797740443
86797747951
86797754725
86797761378
86797767360
86797773402
86797779078
86797785182
86797791285
86797796412
86797804286
86797807948
86797815516
86797822108
86797827418
86797832606
86797838771
86797846949
86797851893
86797858912
86797863307
86797871363
86797879603
86797889063
86797898219
86797907618
86797915919
86797922266
86797930811
86797936793
86797943446
86797951197
86797957789
86797964259
86797969447
86797977259
86797983790
86797990320
86797999659
86798006800
86798013514
86798020350
86798026392
86798031580
86798040308
86798046717
86798054834
86798059778
86798065760
86798072168
86798076563
86798083338
86798088465
86798096338
86798102686
86798108118
86798114099
86798120508
86798125940
86798131739
86798138452
86798145227
86798152185
86798156763
86798163416
86798171106
86798178247
86798186304
86798192896
86798198938
86798205469
86798211878
86798217066
86798224878
86798233850
86798239404
86798247278
86798252100
86798259668
86798264795
86798270532
86798277978
86798284753
86798290491
86798298059
86798303735
86798310205
86798316858
86798323450
86798331445
86798338525
86798345056
86798351953
86798358301
86798363733
86798371118
86798375634
86798384790
86798390588
86798396692
86798404504
86798409631
86798417993
86798422448
86798430688
86798436853
86798443505
86798449609
86798455590
86798463098
86798468225
86798475549
86798481286
86798489221
86798493554
86798501244
86798508264
86798514733
86798521264
86798527367
86798535485
86798540612
86798548302
86798555077
86798561547
86798569665
86798574731
86798581567
86798586144
86798592675
86798599450
86798604638
86798610619
86798618676
86798625573
86798631676
86798638390
86798643334
86798651513
86798658410
86798664879
86798672387
86798679223
86798686058
86798690758
86798697716
86798705040
86798711876
86798717736
86798725060
86798731530
86798737694
86798743737
86798749962
86798758324
86798764794
86798770531
86798775719
86798783287
86798789818
86798796471
86798803551
86798811607
86798816979
86798823875
86798830040
86798835716
86798844566
86798849266
86798857017
86798864586
86798870689
86798877464
86798882225
86798889122
86798896873
86798903770
86798907554
86798917259
86798923424
86798928123
86798935814
86798941185
86798949058
86798956077
86798962913
86798969810
86798975853
86798981956
86798988487
86798996299
86799001976
86799008140
86799014488
86799021446
86799026023
86799031883
86799039146
86799045433
86799050559
86799056663
86799063133
86799069480
86799074607
86799080161
86799085777
86799093833
86799097740
86799106407
86799114158
86799120078
86799127769
86799131675
86799140342
86799148215
86799153892
86799160911
86799166282
86799172446
86799179465
86799186606
86799193320
86799199973
86799206931
86799213706
86799219687
86799225730
86799234580
86799241172
86799247825
86799254050
86799259238
86799267112
86799274497
86799280539
86799287864
86799294455
86799300864
86799306174
86799312461
86799318869
86799326987
86799331443
86799339377
86799345969
86799352622
86799360190
86799366721
86799372763
86799380026
86799386801
86799391989
86799398642
86799404562
86799412497
86799419821
86799426413
86799431601
86799438010
86799445090
86799452231
86799458823
86799464072
86799471396
86799477316
86799484824
86799491232
86799497702
86799504721
86799510397
86799518759
86799521506
86799529928
86799536764
86799543112
86799548971
86799557089
86799564169
86799569479
86799576925
86799580709
86799588827
86799595907
86799602621
86799610128
86799615133
86799622335
86799628256
86799636312
86799640219
86799648580
86799656637
86799662130
86799668478
86799675253
86799682394
86799687338
86799693990
86799701009
86799707357
86799712850
86799720602
86799726766
86799733053
86799738851
86799744405
86799751669
86799758382
86799764669
86799770772
86799777547
86799782552
86799790548
86799796041
86799803243
86799810079
86799816488
86799822408
86799828756
86799835531
86799842489
86799849202
86799856283
86799862020
86799866719
86799874471
86799879659
86799885823
86799891439
86799898214
86799904134
86799911458
86799918721
86799925191
86799928853
86799936483
86799944844
86799951985
86799957662
86799964253
86799971517
86799976705
86799983235
86799990865
86799997640
86800003804
86800010640
86800016377
86800021993
86800029317
86800035237
86800042805
86800046529
86800055318
86800061787
86800067464
86800075642
86800080830
86800087849
86800094014
86800099812
86800106648
86800110798
86800118184
86800126301
86800133259
86800138691
86800144795
86800150410
86800157368
86800163044
86800170063
86800175862
86800183186
86800187397
86800193928
86800199787
86800206623
86800217244
86800227497
86800239399
86800247883
86800260090
86800272419
86800279560
86800287739
86800293415
86800301167
86800308796
86800316059
86800323383
86800329670
86800337238
86800343647
86800349628
86800356037
86800362263
86800369038
86800375385
86800382648
86800389789
86800395771
86800402424
86800408954
86800414020
86800423664
86800429767
86800435749
86800444294
86800450092
86800456806
86800464985
86800472065
86800478534
86800485126
86800491657
86800497028
86800503742
86800510334
86800516498
86800525287
86800530597
86800537799
86800545001
86800550983
86800555988
86800563434
86800570087
86800576496
86800582538
86800588764
86800595783
86800600848
86800607868
86800615253
86800621600
86800627155
86800634479
86800639728
86800646869
86800652789
86800660236
86800667743
86800674701
86800680865
86800685504
86800692340
86800697528
86800704425
86800710467
86800718097
86800725665
86800732074
86800737811
86800743915
86800751178
86800756305
86800764056
86800769610
86800777972
86800784198
86800790973
86800797320
86800803851
86800809893
86800816607
86800823260
86800829547
86800835955
86800841876
86800848345
86800855303
86800861346
86800870013
86800876116
86800883135
86800887408
86800895586
86800902911
86800909075
86800916521
86800923174
86800928973
86800933978
86800941851
86800949725
86800956744
86800963702
86800968828
86800975786
86800982439
86800989641
86800995318
86801003252
86801010699
86801017229
86801023638
86801029863
86801035540
86801041826
86801049517
86801056719
86801061785
86801068377
86801075151
86801080156
86801086443
86801092424
86801100481
86801106951
86801113115
86801119646
86801126177
86801131853
86801138567
86801146196
86801151750
86801157549
86801164079
86801170000
86801175127
86801182085
86801187578
86801195390
86801201982
86801208757
86801214983
86801221574
86801227739
86801233598
86801241533
86801249651
86801255937
86801261064
86801267107
86801273515
86801281084
86801287981
86801293657
86801300310
86801307145
86801313920
86801318010
86801326005
86801335466
86801340349
86801346879
86801353532
86801360124
86801365983
86801372148
86801378251
86801386918
86801393449
86801399858
86801406633
86801411332
86801419023
86801424272
86801432145
86801437882
86801445512
86801451737
86801458207
86801465043
86801471696
86801478227
86801485185
86801492143
86801498002
86801504350
86801509415
86801516923
86801523820
86801530778
86801537247
86801543351
86801549210
86801555802
86801562882
86801568314
86801576432
86801582780
86801589249
86801593949
86801600663
86801608292
86801614884
86801621049
86801628251
86801634842
86801641678
86801647965
86801654862
86801661393
86801668412
86801675553
86801681900
86801687699
86801695816
86801702286
86801710099
86801717179
86801722428
86801729752
86801736771
86801742874
86801749039
86801756058
86801763992
86801769669
86801776688
86801784317
86801790543
86801796951
86801801651
86801811844
86801817032
86801824051
86801829300
86801835648
86801840836
86801848465
86801854935
86801861526
86801867630
86801873794
86801881912
86801887222
86801894729
86801903580
86801909988
86801916092
86801921280
86801928360
86801933548
86801939773
86801947586
86801953811
86801960525
86801967178
86801973526
86801978958
86801986770
86801995132
86802002212
86802008682
86802013992
86802020584
86802028030
86802033096
86802041274
86802047500
86802052871
86802059585
86802067275
86802072341
86802080215
86802087173
86802094253
86802102187
86802106887
86802114944
86802119643
86802126174
86802133865
86802140334
86802145522
86802154189
86802159865
86802165908
86802173476
86802179092
86802186721
86802193557
86802200271
86802206374
86802212295
86802218459
86802224929
86802232985
86802238723
86802244521
86802250014
86802258437
86802265334
86802271437
86802277053
86802284316
86802291457
86802297927
86802303725
86802310561
86802317092
86802324172
86802330947
86802336562
86802344496
86802348342
86802355849
86802362563
86802368666
86802376784
86802381850
86802388747
86802395277
86802401747
86802406935
86802413710
86802420119
86802425856
86802432753
86802439833
86802446303
86802452650
86802459181
86802466933
86802473158
86802478346
86802486281
86802493483
86802499830
86802505507
86802511915
86802519484
86802525038
86802531691
86802537062
86802544508
86802550306
86802558119
86802566420
86802571608
86802579176
86802584608
86802593153
86802599379
86802605543
86802611769
86802617933
86802625624
86802630995
86802637708
86802642835
86802649915
86802656690
86802664442
86802671278
86802678541
86802686414
86802690199
86802698316
86802706678
86802711866
86802719495
86802724134
86802730787
86802736341
86802744459
86802752454
86802759229
86802765821
86802772901
86802779554
86802784742
86802792493
86802800672
86802807142
86802813062
86802819593
86802825757
86802831006
86802838758
86802845655
86802852796
86802859449
86802865430
86802871839
86802876477
86802883619
86802889173
86802896985
86802903455
86802909680
86802916516
86802923169
86802929944
86802936414
86802944409
86802949780
86802957593
86802963452
86802969556
