1,61825651784
2,61825701955
3,61825739003
4,61825779530
5,61825821828
6,61825859791
7,61825896779
8,61825936024
9,61825971424
10,61826009815
11,61826047230
12,61826085804
13,61826125660
14,61826161731
15,61826200245
16,61826236682
17,61826272693
18,61826310962
19,61826350024
20,61826390308
21,61826430591
22,61826466174
23,61826503588
24,61826540820
25,61826579882
26,61826618151
27,61826661303
28,61826698473
29,61826736681
30,61826773363
31,61826809435
32,61826849413
33,61826887682
34,61826926683
35,61826961717
36,61827003465
37,61827040819
38,61827078294
39,61827118394
40,61827155992
41,61827195115
42,61827233018
43,61827269944
44,61827308335
45,61827346970
46,61827383225
47,61827417527
48,61827457199
49,61827492783
50,61827530441
51,61827569626
52,61827605575
53,61827642013
54,61827681015
55,61827719528
56,61827761032
57,61827797347
58,61827838912
59,61827875594
60,61827913863
61,61827953048
62,61827990706
63,61828027083
64,61828063948
65,61828100752
66,61828139754
67,61828176009
68,61828212568
69,61828249006
70,61828286726
71,61828325972
72,61828363935
73,61828400861
74,61828439008
75,61828476972
76,61828514875
77,61828551313
78,61828590131
79,61828627912
80,61828666303
81,61828704572
82,61828742047
83,61828777875
84,61828817303
85,61828855877
86,61828895184
87,61828930157
88,61828968182
89,61829004864
90,61829043926
91,61829080059
92,61829119121
93,61829157879
94,61829196392
95,61829235088
96,61829270549
97,61829308269
98,61829344035
99,61829382548
100,61829418376
101,61829455790
102,61829494059
103,61829529460
104,61829565959
105,61829601176
106,61829637736
107,61829676371
108,61829712137
109,61829749247
110,61829787638
111,61829825662
112,61829861734
113,61829897440
114,61829934732
115,61829970682
116,61830009317
117,61830046731
118,61830082009
119,61830118630
120,61830156228
121,61830193704
122,61830236428
123,61830285561
124,61830333779
125,61830377236
126,61830413185
127,61830450539
128,61830487465
129,61830529091
130,61830568397
131,61830604042
132,61830645118
133,61830681312
134,61830718971
135,61830756141
136,61830792152
137,61830829871
138,61830869971
139,61830910010
140,61830953528
141,61831010291
142,61831050025
143,61831090796
144,61831136267
145,61831176245
146,61831217505
147,61831256689
148,61831293127
149,61831330725
150,61831368810
151,61831407995
152,61831450658
153,61831490026
154,61831526769
155,61831564794
156,61831602635
157,61831642858
158,61831683141
159,61831721959
160,61831760594
161,61831798741
162,61831837193
163,61831874302
164,61831914463
165,61831953709
166,61831992649
167,61832032383
168,61832071445
169,61832110752
170,61832149631
171,61832187473
172,61832225925
173,61832263278
174,61832300998
175,61832338962
176,61832380282
177,61832418185
178,61832455539
179,61832492892
180,61832532626
181,61832569247
182,61832605929
183,61832639620
184,61832683687
185,61832719881
186,61832760408
187,61832798189
188,61832835481
189,61832875704
190,61832913789
191,61832950044
192,61832986604
193,61833025422
194,61833065889
195,61833102265
196,61833138215
197,61833175691
198,61833213105
199,61833252351
200,61833290864
201,61833329316
202,61833366242
203,61833403412
204,61833442536
205,61833481293
206,61833518097
207,61833553009
208,61833590179
209,61833626190
210,61833664825
211,61833702484
212,61833740020
213,61833772064
214,61833812652
215,61833849029
216,61833884490
217,61833924041
218,61833962065
219,61834001860
220,61834041472
221,61834082915
222,61834120818
223,61834161284
224,61834201933
225,61834239409
226,61834276640
227,61834314604
228,61834351591
229,61834389188
230,61834428617
231,61834467618
232,61834507413
233,61834546537
234,61834586331
235,61834624173
236,61834661160
237,61834696133
238,61834734280
239,61834772793
240,61834813992
241,61834851468
242,61834887783
243,61834924893
244,61834963467
245,61834998928
246,61835038235
247,61835075588
248,61835113735
249,61835151149
250,61835191799
251,61835230922
252,61835268276
253,61835307033
254,61835346705
255,61835384791
256,61835422206
257,61835458033
258,61835495326
259,61835532618
260,61835569849
261,61835608912
262,61835647913
263,61835686121
264,61835724085
265,61835763452
266,61835801355
267,61835838587
268,61835874170
269,61835911645
270,61835950281
271,61835988794
272,61836029626
273,61836068811
274,61836105737
275,61836145165
276,61836184533
277,61836224450
278,61836262108
279,61836300499
280,61836339623
281,61836378502
282,61836416588
283,61836456749
284,61836495384
285,61836536217
286,61836574302
287,61836609825
288,61836649864
289,61836688011
290,61836727378
291,61836763511
292,61836803550
293,61836841331
294,61836881492
295,61836919150
296,61836958457
297,61836996115
298,61837033652
299,61837072165
300,61837110434
301,61837148031
302,61837186361
303,61837227438
304,61837264730
305,61837301229
306,61837339132
307,61837377462
308,61837415243
309,61837451986
310,61837491903
311,61837531881
312,61837569234
313,61837607686
314,61837644612
315,61837681905
316,61837714314
317,61837755025
318,61837792744
319,61837835469
320,61837873005
321,61837912434
322,61837951069
323,61837990009
324,61838027119
325,61838064228
326,61838103534
327,61838140644
328,61838180194
329,61838218891
330,61838257404
331,61838292377
332,61838331927
333,61838371539
334,61838411334
335,61838450579
336,61838486407
337,61838523638
338,61838560076
339,61838600725
340,61838639178
341,61838677202
342,61838715105
343,61838752336
344,61838791521
345,61838829729
346,61838868425
347,61838906694
348,61838943986
349,61838983415
350,61839023271
351,61839062089
352,61839100724
353,61839139665
354,61839177201
355,61839216141
356,61839251908
357,61839290177
358,61839328446
359,61839364579
360,61839402420
361,61839442825
362,61839480240
363,61839519668
364,61839557510
365,61839596328
366,61839634231
367,61839672927
368,61839710037
369,61839750320
370,61839788345
371,61839827224
372,61839861464
373,61839900283
374,61839936476
375,61839974867
376,61840012221
377,61840051955
378,61840091505
379,61840126662
380,61840164747
381,61840200514
382,61840239332
383,61840275160
384,61840310499
385,61840349683
386,61840390150
387,61840426343
388,61840463758
389,61840503064
390,61840540357
391,61840579846
392,61840614697
393,61840654187
394,61840693066
395,61840729443
396,61840766858
397,61840805005
398,61840845471
399,61840886120
400,61840915295
401,61840941723
402,61840969311
403,61840993297
404,61841023266
405,61841051830
406,61841083446
407,61841116588
408,61841145397
409,61841176280
410,61841202342
411,61841234020
412,61841265697
413,61841294444
414,61841323436
415,61841353404
416,61841382029
417,61841414317
418,61841444590
419,61841471812
420,61841501292
421,61841530528
422,61841562876
423,61841594187
424,61841628000
425,61841656565
426,61841686533
427,61841717417
428,61841749826
429,61841778269
430,61841806711
431,61841838876
432,61841867990
433,61841899362
434,61841929208
435,61841961129
436,61841991891
437,61842022775
438,61842050119
439,61842078622
440,61842106088
441,61842136056
442,61842164193
443,61842193001
444,61842219735
445,61842252022
446,61842279427
447,61842308052
448,61842335518
449,61842365975
450,61842397102
451,61842425301
452,61842456001
453,61842484932
454,61842512214
455,61842540596
456,61842569770
457,61842598884
458,61842624580
459,61842654853
460,61842683906
461,61842712409
462,61842741767
463,61842766242
464,61842798774
465,61842829230
466,61842856757
467,61842886115
468,61842914374
469,61842944281
470,61842973517
471,61843003424
472,61843030158
473,61843063361
474,61843094855
475,61843122626
476,61843153692
477,61843182318
478,61843211737
479,61843240118
480,61843268804
481,61843299322
482,61843328130
483,61843358160
484,61843387701
485,61843417608
486,61843444951
487,61843476690
488,61843508611
489,61843540776
490,61843571416
491,61843600896
492,61843631596
493,61843659489
494,61843688054
495,61843718449
496,61843747807
497,61843777470
498,61843809452
499,61843840336
500,61843868595
501,61843899174
502,61843925846
503,61843956852
504,61843988407
505,61844017704
506,61844048526
507,61844076419
508,61844103519
509,61844132083
510,61844161136
511,61844192203
512,61844220645
513,61844253909
514,61844279971
515,61844311038
516,61844340091
517,61844367434
518,61844397586
519,61844427432
520,61844455386
521,61844481387
522,61844513918
523,61844543826
524,61844572878
525,61844602053
526,61844629946
527,61844657595
528,61844687807
529,61844718080
530,61844746584
531,61844776857
532,61844802858
533,61844830507
534,61844861146
535,61844891603
536,61844918886
537,61844946901
538,61844973939
539,61845004335
540,61845035646
541,61845063355
542,61845094483
543,61845121339
544,61845153382
545,61845181763
546,61845212525
547,61845240418
548,61845266297
549,61845298401
550,61845328736
551,61845359497
552,61845389343
553,61845417847
554,61845445923
555,61845475952
556,61845508240
557,61845536071
558,61845565796
559,61845595703
560,61845622924
561,61845652221
562,61845681579
563,61845712585
564,61845741088
565,61845770629
566,61845801574
567,61845830382
568,61845864623
569,61845892089
570,61845921813
571,61845949401
572,61845981505
573,61846012206
574,61846043761
575,61846070677
576,61846100157
577,61846130858
578,61846156920
579,61846187864
580,61846218382
581,61846246946
582,61846274656
583,61846306272
584,61846333921
585,61846363401
586,61846393857
587,61846419980
588,61846451108
589,61846481260
590,61846509214
591,61846536984
592,61846564328
593,61846594785
594,61846623959
595,61846654965
596,61846684994
597,61846713009
598,61846741208
599,61846768307
600,61846796627
601,61846825680
602,61846853573
603,61846883114
604,61846911739
605,61846939205
606,61846973934
607,61847007564
608,61847036739
609,61847065670
610,61847096797
611,61847123287
612,61847158260
613,61847188106
614,61847217830
615,61847247371
616,61847272944
617,61847307246
618,61847339106
619,61847370967
620,61847400325
621,61847429927
622,61847456477
623,61847486323
624,61847517207
625,61847543696
626,61847571650
627,61847598932
628,61847626947
629,61847657953
630,61847686518
631,61847710993
632,61847743463
633,61847773126
634,61847802606
635,61847836114
636,61847865594
637,61847892572
638,61847922296
639,61847953973
640,61847982537
641,61848011651
642,61848036492
643,61848065606
644,61848094720
645,61848124932
646,61848151421
647,61848182976
648,61848210259
649,61848239434
650,61848270378
651,61848295342
652,61848326287
653,61848354057
654,61848382317
655,61848409966
656,61848441337
657,61848467094
658,61848497734
659,61848528740
660,61848556388
661,61848586113
662,61848615531
663,61848641776
664,61848670280
665,61848700370
666,61848732902
667,61848760917
668,61848790153
669,61848818534
670,61848848868
671,61848880606
672,61848908133
673,61848936087
674,61848964957
675,61848996573
676,61849023062
677,61849054922
678,61849084219
679,61849114981
680,61849144644
681,61849170950
682,61849200369
683,61849229605
684,61849261038
685,61849290456
686,61849321523
687,61849350881
688,61849380361
689,61849409292
690,61849438649
691,61849467214
692,61849495839
693,61849526052
694,61849556691
695,61849585317
696,61849615041
697,61849643422
698,61849668690
699,61849701649
700,61849732045
701,61849760060
702,61849784535
703,61849817250
704,61849845875
705,61849875477
706,61849902210
707,61849930775
708,61849961292
709,61849992176
710,61850020557
711,61850049244
712,61850077564
713,61850112049
714,61850140369
715,61850170642
716,61850199451
717,61850231067
718,61850261645
719,61850291614
720,61850322497
721,61850352832
722,61850379260
723,61850407580
724,61850437731
725,61850466967
726,61850494616
727,61850518908
728,61850549303
729,61850583361
730,61850617418
731,61850649279
732,61850680406
733,61850709032
734,61850738451
735,61850768114
736,61850795824
737,61850827928
738,61850854600
739,61850883531
740,61850915941
741,61850944993
742,61850971543
743,61851001817
744,61851028916
745,61851059556
746,61851090073
747,61851116868
748,61851146836
749,61851176926
750,61851208237
751,61851236374
752,61851280747
753,61851311753
754,61851340561
755,61851370224
756,61851403427
757,61851431625
758,61851460739
759,61851492050
760,61851521469
761,61851553146
762,61851584640
763,61851614120
764,61851644149
765,61851671676
766,61851699264
767,61851727462
768,61851757491
769,61851787948
770,61851819259
771,61851849471
772,61851876448
773,61851904647
774,61851935652
775,61851963240
776,61851992781
777,61852026350
778,61852056563
779,61852084334
780,61852113020
781,61852140303
782,61852168745
783,61852197981
784,61852230634
785,61852263166
786,61852290998
787,61852320356
788,61852346357
789,61852375715
790,61852406842
791,61852435956
792,61852468061
793,61852495526
794,61852525311
795,61852554608
796,61852586468
797,61852618390
798,61852649029
799,61852677655
800,61852709515
801,61852736981
802,61852767071
803,61852795391
804,61852823956
805,61852856365
806,61852884136
807,61852913616
808,61852943035
809,61852972637
810,61853002056
811,61853028057
812,61853059001
813,61853090373
814,61853118511
815,61853147136
816,61853177165
817,61853206889
818,61853237895
819,61853267924
820,61853297160
821,61853325846
822,61853359233
823,61853388774
824,61853416972
825,61853444499
826,61853473124
827,61853503702
828,61853533304
829,61853565043
830,61853595682
831,61853623087
832,61853652384
833,61853681803
834,61853711099
835,61853738870
836,61853768777
837,61853799417
838,61853828775
839,61853855630
840,61853885354
841,61853915261
842,61853943521
843,61853974771
844,61854003701
845,61854033120
846,61854062844
847,61854092324
848,61854121133
849,61854149453
850,61854178200
851,61854208596
852,61854237587
853,61854265602
854,61854295082
855,61854324562
856,61854353981
857,61854381325
858,61854412697
859,61854443947
860,61854472938
861,61854500282
862,61854531227
863,61854558570
864,61854586830
865,61854615028
866,61854643409
867,61854672095
868,61854701331
869,61854728858
870,61854756141
871,61854784522
872,61854815345
873,61854843299
874,61854873694
875,61854906348
876,61854937048
877,61854964331
878,61854991736
879,61855024451
880,61855054480
881,61855085486
882,61855116980
883,61855148168
884,61855177038
885,61855206579
886,61855234655
887,61855265600
888,61855293066
889,61855321386
890,61855349218
891,61855375951
892,61855407079
893,61855439489
894,61855468602
895,61855493993
896,61855524876
897,61855552281
898,61855580113
899,61855609105
900,61855639622
901,61855665196
902,61855694920
903,61855725743
904,61855755101
905,61855786167
906,61855811863
907,61855841038
908,61855873508
909,61855901401
910,61855930515
911,61855959324
912,61855988071
913,61856019016
914,61856047580
915,61856076877
916,61856105502
917,61856133334
918,61856166049
919,61856196872
920,61856226535
921,61856256503
922,61856282504
923,61856313632
924,61856347323
925,61856379855
926,61856411105
927,61856443270
928,61856469942
929,61856498568
930,61856526766
931,61856557955
932,61856589449
933,61856619844
934,61856646517
935,61856680025
936,61856709261
937,61856737093
938,61856768220
939,61856797334
940,61856827180
941,61856856965
942,61856886384
943,61856917024
944,61856948518
945,61856977754
946,61857008698
947,61857035615
948,61857064606
949,61857097504
950,61857128754
951,61857157135
952,61857183564
953,61857212616
954,61857242768
955,61857272370
956,61857304535
957,61857334625
958,61857363678
959,61857392670
960,61857422699
961,61857450287
962,61857482147
963,61857511627
964,61857540191
965,61857568023
966,61857596526
967,61857624786
968,61857657256
969,61857686309
970,61857715606
971,61857741546
972,61857771819
973,61857799834
974,61857826262
975,61857855986
976,61857882536
977,61857913237
978,61857944670
979,61857974577
980,61858005949
981,61858037443
982,61858066801
983,61858096525
984,61858127043
985,61858153959
986,61858182523
987,61858214201
988,61858242216
989,61858270963
990,61858300077
991,61858330106
992,61858359586
993,61858388028
994,61858417569
995,61858448514
996,61858476346
997,61858505338
998,61858534207
999,61858566190
1000,61858593350
1001,61858623379
1002,61858653592
1003,61858682339
1004,61858709195
1005,61858740139
1006,61858770046
1007,61858799099
1008,61858823452
1009,61858852566
1010,61858880764
1011,61858909633
1012,61858939541
1013,61858967983
1014,61858997890
1015,61859026577
1016,61859059047
1017,61859083827
1018,61859114406
1019,61859143642
1020,61859171535
1021,61859203944
1022,61859231654
1023,61859261378
1024,61859294093
1025,61859322169
1026,61859353602
1027,61859382533
1028,61859409937
1029,61859440333
1030,61859470057
1031,61859496790
1032,61859529078
1033,61859557459
1034,61859588953
1035,61859617334
1036,61859646448
1037,61859676233
1038,61859704920
1039,61859738672
1040,61859765466
1041,61859796045
1042,61859825342
1043,61859856103
1044,61859886010
1045,61859912988
1046,61859944360
1047,61859974816
1048,61860004540
1049,61860031762
1050,61860062707
1051,61860091637
1052,61860120507
1053,61860147850
1054,61860179955
1055,61860213463
1056,61860242821
1057,61860272118
1058,61860296776
1059,61860332909
1060,61860358665
1061,61860390709
1062,61860423240
1063,61860453392
1064,61860482811
1065,61860511436
1066,61860542808
1067,61860573631
1068,61860600791
1069,61860628379
1070,61860658836
1071,61860686545
1072,61860716208
1073,61860745810
1074,61860774375
1075,61860804953
1076,61860837668
1077,61860867331
1078,61860896506
1079,61860925925
1080,61860952719
1081,61860983481
1082,61861014120
1083,61861043112
1084,61861075705
1085,61861102804
1086,61861132162
1087,61861160665
1088,61861188986
1089,61861217123
1090,61861245504
1091,61861275960
1092,61861304464
1093,61861338338
1094,61861367208
1095,61861396993
1096,61861428365
1097,61861455220
1098,61861486470
1099,61861513753
1100,61861545430
1101,61861574116
1102,61861602070
1103,61861628438
1104,61861660969
1105,61861689961
1106,61861720783
1107,61861748799
1108,61861776020
1109,61861803913
1110,61861832966
1111,61861861591
1112,61861889850
1113,61861918049
1114,61861948688
1115,61861982502
1116,61862008625
1117,61862038288
1118,61862065143
1119,61862096698
1120,61862124652
1121,61862155353
1122,61862186603
1123,61862217425
1124,61862245440
1125,61862274554
1126,61862303607
1127,61862331744
1128,61862358599
1129,61862386981
1130,61862416094
1131,61862445879
1132,61862476763
1133,61862505266
1134,61862532183
1135,61862563066
1136,61862594011
1137,61862626604
1138,61862655962
1139,61862686662
1140,61862715471
1141,61862743791
1142,61862772539
1143,61862802568
1144,61862833513
1145,61862862199
1146,61862892350
1147,61862919694
1148,61862949113
1149,61862978043
1150,61863009232
1151,61863038895
1152,61863068314
1153,61863098221
1154,61863124833
1155,61863156022
1156,61863186356
1157,61863215286
1158,61863246536
1159,61863276016
1160,61863301956
1161,61863334000
1162,61863362137
1163,61863391739
1164,61863418960
1165,61863447891
1166,61863480667
1167,61863511001
1168,61863539260
1169,61863568069
1170,61863594985
1171,61863623244
1172,61863653274
1173,61863681716
1174,61863706862
1175,61863731765
1176,61863758559
1177,61863784682
1178,61863810866
1179,61863837172
1180,61863862624
1181,61863887770
1182,61863913649
1183,61863938368
1184,61863964125
1185,61863990126
1186,61864013868
1187,61864041822
1188,61864068495
1189,61864092665
1190,61864119825
1191,61864146131
1192,61864172071
1193,61864196119
1194,61864223524
1195,61864248243
1196,61864273389
1197,61864303174
1198,61864328260
1199,61864354261
1200,61864379834
1201,61864405225
1202,61864429822
1203,61864455335
1204,61864480542
1205,61864506421
1206,61864533642
1207,61864559827
1208,61864584729
1209,61864611340
1210,61864639416
1211,61864666760
1212,61864690930
1213,61864716503
1214,61864741406
1215,61864768688
1216,61864793591
1217,61864819958
1218,61864845775
1219,61864872082
1220,61864897289
1221,61864922558
1222,61864949047
1223,61864977672
1224,61865001720
1225,61865026317
1226,61865050060
1227,61865072826
1228,61865099620
1229,61865127391
1230,61865154002
1231,61865179820
1232,61865205027
1233,61865227427
1234,61865250499
1235,61865278941
1236,61865304454
1237,61865328806
1238,61865353892
1239,61865378733
1240,61865403208
1241,61865428843
1242,61865453806
1243,61865479441
1244,61865505869
1245,61865530405
1246,61865555796
1247,61865581308
1248,61865608530
1249,61865634409
1250,61865661142
1251,61865686166
1252,61865712534
1253,61865737070
1254,61865763437
1255,61865789438
1256,61865815500
1257,61865841867
1258,61865869027
1259,61865894845
1260,61865919686
1261,61865945626
1262,61865971505
1263,61865994454
1264,61866022896
1265,61866047372
1266,61866073922
1267,61866099984
1268,61866125740
1269,61866151314
1270,61866177132
1271,61866204720
1272,61866228707
1273,61866254097
1274,61866277901
1275,61866303780
1276,61866329109
1277,61866355842
1278,61866381111
1279,61866404915
1280,61866430122
1281,61866454048
1282,61866477729
1283,61866502082
1284,61866526618
1285,61866556953
1286,61866581672
1287,61866606025
1288,61866630195
1289,61866656196
1290,61866681708
1291,61866709601
1292,61866739020
1293,61866762641
1294,61866789130
1295,61866812567
1296,61866836737
1297,61866861578
1298,61866887457
1299,61866913214
1300,61866935370
1301,61866959723
1302,61866983648
1303,61867011114
1304,61867035162
1305,61867060308
1306,61867085943
1307,61867111028
1308,61867136480
1309,61867162481
1310,61867187322
1311,61867214971
1312,61867242254
1313,61867267278
1314,61867294439
1315,61867317998
1316,61867344182
1317,61867368596
1318,61867395391
1319,61867422063
1320,61867450505
1321,61867475163
1322,61867501042
1323,61867524907
1324,61867549565
1325,61867574650
1326,61867599675
1327,61867628727
1328,61867654667
1329,61867679569
1330,61867705631
1331,61867731144
1332,61867757328
1333,61867781864
1334,61867808292
1335,61867835270
1336,61867859745
1337,61867884403
1338,61867910160
1339,61867934879
1340,61867959964
1341,61867988223
1342,61868012943
1343,61868037601
1344,61868061954
1345,61868088199
1346,61868112552
1347,61868138186
1348,61868161563
1349,61868185061
1350,61868210696
1351,61868236087
1352,61868261111
1353,61868286563
1354,61868312319
1355,61868337710
1356,61868364504
1357,61868389651
1358,61868418032
1359,61868444399
1360,61868468264
1361,61868494509
1362,61868520327
1363,61868543886
1364,61868568483
1365,61868595583
1366,61868622072
1367,61868647096
1368,61868672182
1369,61868698000
1370,61868723207
1371,61868751344
1372,61868777894
1373,61868803773
1374,61868830018
1375,61868856202
1376,61868881654
1377,61868907227
1378,61868931947
1379,61868958009
1380,61868984498
1381,61869010316
1382,61869036927
1383,61869061951
1384,61869086243
1385,61869111573
1386,61869135437
1387,61869161621
1388,61869188294
1389,61869215332
1390,61869240662
1391,61869265991
1392,61869289856
1393,61869314636
1394,61869339294
1395,61869365661
1396,61869389465
1397,61869414001
1398,61869438781
1399,61869462341
1400,61869488281
1401,61869512084
1402,61869536926
1403,61869563476
1404,61869590331
1405,61869614257
1406,61869641784
1407,61869667907
1408,61869692809
1409,61869720824
1410,61869746459
1411,61869771971
1412,61869796935
1413,61869822203
1414,61869847350
1415,61869872801
1416,61869900023
1417,61869922606
1418,61869947935
1419,61869972838
1420,61869999388
1421,61870024961
1422,61870051817
1423,61870077146
1424,61870102659
1425,61870125608
1426,61870165281
1427,61870187070
1428,61870209104
1429,61870232419
1430,61870253232
1431,61870275022
1432,61870296628
1433,61870318296
1434,61870340329
1435,61870361081
1436,61870382199
1437,61870404538
1438,61870426328
1439,61870447018
1440,61870470273
1441,61870491330
1442,61870514767
1443,61870536435
1444,61870559506
1445,61870581234
1446,61870603817
1447,61870627194
1448,61870649349
1449,61870673092
1450,61870693966
1451,61870717465
1452,61870742062
1453,61870764278
1454,61870785702
1455,61870813534
1456,61870835689
1457,61870858394
1458,61870879635
1459,61870902095
1460,61870924984
1461,61870947200
1462,61870968807
1463,61870992732
1464,61871013973
1465,61871037349
1466,61871059688
1467,61871082515
1468,61871105037
1469,61871128291
1470,61871150752
1471,61871173396
1472,61871194514
1473,61871218196
1474,61871239802
1475,61871263911
1476,61871284113
1477,61871308405
1478,61871330378
1479,61871352595
1480,61871375361
1481,61871398310
1482,61871421198
1483,61871441950
1484,61871464045
1485,61871484858
1486,61871507013
1487,61871527643
1488,61871550653
1489,61871573175
1490,61871594843
1491,61871616693
1492,61871638361
1493,61871662836
1494,61871685846
1495,61871708856
1496,61871731012
1497,61871753167
1498,61871775262
1499,61871799981
1500,61871820062
1501,61871844964
1502,61871868157
1503,61871889337
1504,61871912164
1505,61871935418
1506,61871957269
1507,61871981438
1508,61872002679
1509,61872026421
1510,61872046441
1511,61872069451
1512,61872091607
1513,61872114739
1514,61872136833
1515,61872159722
1516,61872182366
1517,61872205132
1518,61872228264
1519,61872252251
1520,61872274651
1521,61872297111
1522,61872318718
1523,61872341545
1524,61872363273
1525,61872387382
1526,61872410698
1527,61872433097
1528,61872454704
1529,61872478202
1530,61872501029
1531,61872523307
1532,61872546195
1533,61872566947
1534,61872590507
1535,61872612845
1536,61872635062
1537,61872658378
1538,61872681449
1539,61872702994
1540,61872724967
1541,61872746573
1542,61872769278
1543,61872793997
1544,61872815115
1545,61872838065
1546,61872859122
1547,61872882193
1548,61872904165
1549,61872927420
1550,61872949209
1551,61872971975
1552,61872993460
1553,61873015982
1554,61873038809
1555,61873060659
1556,61873084768
1557,61873107717
1558,61873129751
1559,61873153005
1560,61873174978
1561,61873198232
1562,61873220083
1563,61873243947
1564,61873265859
1565,61873289907
1566,61873313344
1567,61873336415
1568,61873359792
1569,61873382985
1570,61873406117
1571,61873428578
1572,61873450307
1573,61873473073
1574,61873494008
1575,61873517384
1576,61873539235
1577,61873562367
1578,61873584462
1579,61873606617
1580,61873629200
1581,61873653248
1582,61873676258
1583,61873696949
1584,61873720142
1585,61873741932
1586,61873765369
1587,61873788196
1588,61873809437
1589,61873831348
1590,61873854297
1591,61873877185
1592,61873898670
1593,61873920948
1594,61873943775
1595,61873965686
1596,61873988757
1597,61874010303
1598,61874031970
1599,61874055102
1600,61874077991
1601,61874099841
1602,61874122302
1603,61874144275
1604,61874165881
1605,61874188769
1606,61874211535
1607,61874240283
1608,61874262805
1609,61874285143
1610,61874306689
1611,61874330492
1612,61874352221
1613,61874376269
1614,61874398485
1615,61874420763
1616,61874441515
1617,61874463976
1618,61874486986
1619,61874510302
1620,61874533800
1621,61874556139
1622,61874579637
1623,61874602709
1624,61874625169
1625,61874649217
1626,61874672410
1627,61874695482
1628,61874717943
1629,61874740770
1630,61874764085
1631,61874787156
1632,61874818833
1633,61874841966
1634,61874863755
1635,61874887315
1636,61874909592
1637,61874932236
1638,61874954148
1639,61874975205
1640,61874996445
1641,61875019028
1642,61875040574
1643,61875062729
1644,61875089402
1645,61875110825
1646,61875133652
1647,61875155686
1648,61875176743
1649,61875199692
1650,61875221481
1651,61875243393
1652,61875264755
1653,61875286545
1654,61875308700
1655,61875332565
1656,61875352768
1657,61875376083
1658,61875397934
1659,61875421798
1660,61875445175
1661,61875468551
1662,61875491073
1663,61875514571
1664,61875534713
1665,61875557906
1666,61875581710
1667,61875604781
1668,61875627669
1669,61875651656
1670,61875674788
1671,61875697921
1672,61875724837
1673,61875759627
1674,61875803511
1675,61875841597
1676,61875874312
1677,61875905806
1678,61875934675
1679,61875970503
1680,61876006086
1681,61876038008
1682,61876072981
1683,61876107343
1684,61876137495
1685,61876168500
1686,61876197187
1687,61876231489
1688,61876262738
1689,61876295880
1690,61876328717
1691,61876359235
1692,61876395612
1693,61876424176
1694,61876460675
1695,61876491986
1696,61876526227
1697,61876559491
1698,61876591961
1699,61876625775
1700,61876657147
1701,61876690350
1702,61876722515
1703,61876751995
1704,61876787700
1705,61876820904
1706,61876855877
1707,61876888469
1708,61876919109
1709,61876951518
1710,61876985088
1711,61877014751
1712,61877050151
1713,61877081401
1714,61877113078
1715,61877147319
1716,61877180033
1717,61877215556
1718,61877247965
1719,61877280314
1720,61877316203
1721,61877348246
1722,61877383341
1723,61877415995
1724,61877446024
1725,61877481852
1726,61877518411
1727,61877548807
1728,61877583109
1729,61877617960
1730,61877651834
1731,61877684854
1732,61877719644
1733,61877747232
1734,61877782998
1735,61877814370
1736,61877846169
1737,61877881997
1738,61877914040
1739,61877947793
1740,61877981057
1741,61878014687
1742,61878047280
1743,61878082924
1744,61878115517
1745,61878147438
1746,61878178322
1747,61878211342
1748,61878243568
1749,61878276527
1750,61878310463
1751,61878343300
1752,61878379310
1753,61878411415
1754,61878439369
1755,61878472999
1756,61878502540
1757,61878538306
1758,61878574744
1759,61878611792
1760,61878644263
1761,61878679663
1762,61878713599
1763,61878746375
1764,61878779639
1765,61878808447
1766,61878843848
1767,61878876623
1768,61878909338
1769,61878942358
1770,61878975500
1771,61879009863
1772,61879045141
1773,61879077978
1774,61879111852
1775,61879142675
1776,61879178136
1777,61879211095
1778,61879246312
1779,61879282201
1780,61879314122
1781,61879347997
1782,61879384557
1783,61879415074
1784,61879449437
1785,61879483311
1786,61879516819
1787,61879550694
1788,61879580479
1789,61879616001
1790,61879645970
1791,61879679539
1792,61879710422
1793,61879746555
1794,61879776462
1795,61879808994
1796,61879843479
1797,61879877292
1798,61879910434
1799,61879943698
1800,61879977756
1801,61880010043
1802,61880048739
1803,61880080111
1804,61880111606
1805,61880142978
1806,61880174166
1807,61880205660
1808,61880239779
1809,61880273165
1810,61880306673
1811,61880338595
1812,61880376253
1813,61880409334
1814,61880438936
1815,61880475740
1816,61880507540
1817,61880539217
1818,61880570589
1819,61880601228
1820,61880634126
1821,61880668367
1822,61880703950
1823,61880735078
1824,61880766511
1825,61880803193
1826,61880835298
1827,61880870087
1828,61880901459
1829,61880933686
1830,61880970063
1831,61881003876
1832,61881035736
1833,61881070710
1834,61881102448
1835,61881138153
1836,61881170990
1837,61881202362
1838,61881238251
1839,61881271698
1840,61881306488
1841,61881337677
1842,61881367828
1843,61881401580
1844,61881434234
1845,61881465301
1846,61881499358
1847,61881532500
1848,61881566619
1849,61881600554
1850,61881632598
1851,61881665557
1852,61881698088
1853,61881731902
1854,61881759978
1855,61881792815
1856,61881827727
1857,61881858305
1858,61881890349
1859,61881919157
1860,61881956083
1861,61881984159
1862,61882020475
1863,61882052824
1864,61882082609
1865,61882119596
1866,61882150175
1867,61882185209
1868,61882221708
1869,61882252164
1870,61882292386
1871,61882324185
1872,61882353848
1873,61882389493
1874,61882422879
1875,61882454739
1876,61882489102
1877,61882518277
1878,61882554959
1879,61882588467
1880,61882619961
1881,61882654873
1882,61882687344
1883,61882721523
1884,61882752529
1885,61882782802
1886,61882816188
1887,61882844631
1888,61882877956
1889,61882909511
1890,61882944423
1891,61882977504
1892,61883012050
1893,61883045314
1894,61883079432
1895,61883112330
1896,61883143702
1897,61883175502
1898,61883211939
1899,61883247035
1900,61883282069
1901,61883316859
1902,61883351282
1903,61883381800
1904,61883414087
1905,61883447535
1906,61883478723
1907,61883512659
1908,61883543787
1909,61883577661
1910,61883612573
1911,61883643396
1912,61883679101
1913,61883710290
1914,61883749780
1915,61883783044
1916,61883814843
1917,61883848351
1918,61883879174
1919,61883913537
1920,61883947838
1921,61883980126
1922,61884011681
1923,61884045616
1924,61884078942
1925,61884113182
1926,61884142601
1927,61884174828
1928,61884206322
1929,61884239647
1930,61884273155
1931,61884307457
1932,61884340049
1933,61884372459
1934,61884418235
1935,61884475242
1936,61884513694
1937,61884549277
1938,61884592124
1939,61884646018
1940,61884675742
1941,61884710776
1942,61884743369
1943,61884772910
1944,61884807944
1945,61884842367
1946,61884873007
1947,61884907797
1948,61884940817
1949,61884972250
1950,61885004843
1951,61885039205
1952,61885069112
1953,61885109640
1954,61885141439
1955,61885189168
1956,61885225362
1957,61885257222
1958,61885292317
1959,61885325032
1960,61885360432
1961,61885394490
1962,61885424946
1963,61885459309
1964,61885490010
1965,61885525959
1966,61885555317
1967,61885590779
1968,61885627216
1969,61885656452
1970,61885689960
1971,61885725483
1972,61885756550
1973,61885790302
1974,61885821979
1975,61885857685
1976,61885893268
1977,61885923419
1978,61885959735
1979,61885996661
1980,61886028888
1981,61886063189
1982,61886093463
1983,61886128497
1984,61886159564
1985,61886197711
1986,61886231646
1987,61886264971
1988,61886296831
1989,61886327715
1990,61886359087
1991,61886391863
1992,61886423296
1993,61886459123
1994,61886489702
1995,61886526445
1996,61886558122
1997,61886592851
1998,61886624406
1999,61886656877
2000,61886691667
2001,61886727494
2002,61886761857
2003,61886795121
2004,61886828080
2005,61886859269
2006,61886893143
2007,61886925675
2008,61886958634
2009,61886991898
2010,61887026017
2011,61887060074
2012,61887092728
2013,61887125748
2014,61887157059
2015,61887191360
2016,61887223648
2017,61887258743
2018,61887292007
2019,61887322708
2020,61887355422
2021,61887389907
2022,61887422561
2023,61887455642
2024,61887484939
2025,61887520949
2026,61887552260
2027,61887586989
2028,61887621047
2029,61887653090
2030,61887686537
2031,61887717848
2032,61887754897
2033,61887790480
2034,61887825514
2035,61887857252
2036,61887889723
2037,61887923231
2038,61887952589
2039,61887989515
2040,61888020704
2041,61888053541
2042,61888089551
2043,61888118299
2044,61888153272
2045,61888186292
2046,61888219129
2047,61888253552
2048,61888285230
2049,61888321545
2050,61888353589
2051,61888385449
2052,61888420239
2053,61888453015
2054,61888483715
2055,61888517834
2056,61888549145
2057,61888584118
2058,61888615063
2059,61888646618
2060,61888677624
2061,61888708446
2062,61888745800
2063,61888777660
2064,61888808055
2065,61888845165
2066,61888877513
2067,61888911876
2068,61888944286
2069,61888978892
2070,61889011180
2071,61889044566
2072,61889077281
2073,61889110728
2074,61889146922
2075,61889180003
2076,61889212840
2077,61889243113
2078,61889279917
2079,61889316233
2080,61889347239
2081,61889385386
2082,61889417917
2083,61889452585
2084,61889485605
2085,61889516428
2086,61889552682
2087,61889585885
2088,61889616098
2089,61889651071
2090,61889681405
2091,61889714181
2092,61889748300
2093,61889779977
2094,61889813424
2095,61889845101
2096,61889882821
2097,61889916939
2098,61889946785
2099,61889982491
2100,61890017830
2101,61890049996
2102,61890079048
2103,61890115608
2104,61890150459
2105,61890182747
2106,61890215584
2107,61890249153
2108,61890279914
2109,61890314216
2110,61890346809
2111,61890378669
2112,61890413520
2113,61890443732
2114,61890477790
2115,61890511603
2116,61890543891
2117,61890576239
2118,61890612067
2119,61890644171
2120,61890677374
2121,61890710822
2122,61890743414
2123,61890779303
2124,61890814337
2125,61890847357
2126,61890881292
2127,61890915533
2128,61890950079
2129,61890980047
2130,61891011480
2131,61891043157
2132,61891077947
2133,61891113164
2134,61891147588
2135,61891175969
2136,61891208562
2137,61891240544
2138,61891270879
2139,61891305669
2140,61891339421
2141,61891376713
2142,61891414067
2143,61891447331
2144,61891480229
2145,61891514347
2146,61891547184
2147,61891578922
2148,61891612370
2149,61891642948
2150,61891679386
2151,61891714298
2152,61891747318
2153,61891779117
2154,61891813053
2155,61891843936
2156,61891878421
2157,61891911563
2158,61891941653
2159,61891975589
2160,61892006106
2161,61892036013
2162,61892071353
2163,61892099368
2164,61892135562
2165,61892166445
2166,61892202456
2167,61892235110
2168,61892268435
2169,61892302187
2170,61892336062
2171,61892367617
2172,61892401064
2173,61892436464
2174,61892469789
2175,61892504457
2176,61892538026
2177,61892570375
2178,61892601686
2179,61892639344
2180,61892678590
2181,61892712281
2182,61892748292
2183,61892781007
2184,61892811402
2185,61892840760
2186,61892871766
2187,61892907227
2188,61892942322
2189,61892976136
2190,61893011292
2191,61893051209
2192,61893083435
2193,61893118896
2194,61893149536
2195,61893177856
2196,61893210083
2197,61893240356
2198,61893275146
2199,61893309020
2200,61893341796
2201,61893374999
2202,61893406738
2203,61893440307
2204,61893472350
2205,61893501464
2206,61893536193
2207,61893566100
2208,61893600829
2209,61893631651
2210,61893662962
2211,61893692931
2212,61893724913
2213,61893756651
2214,61893785643
2215,61893815306
2216,61893845457
2217,61893876524
2218,61893908018
2219,61893942625
2220,61893970579
2221,61894000181
2222,61894034849
2223,61894065061
2224,61894094419
2225,61894126035
2226,61894158384
2227,61894187253
2228,61894222043
2229,61894254514
2230,61894280454
2231,61894312619
2232,61894344845
2233,61894378354
2234,61894408566
2235,61894440915
2236,61894469479
2237,61894502560
2238,61894534664
2239,61894565243
2240,61894597103
2241,61894628841
2242,61894659664
2243,61894689205
2244,61894718441
2245,61894750484
2246,61894778987
2247,61894809566
2248,61894842159
2249,61894872676
2250,61894903377
2251,61894934627
2252,61894968013
2253,61894997798
2254,61895028132
2255,61895061824
2256,61895093623
2257,61895123713
2258,61895157282
2259,61895188532
2260,61895215815
2261,61895250849
2262,61895282465
2263,61895314203
2264,61895345514
2265,61895375849
2266,61895409967
2267,61895440973
2268,61895473077
2269,61895501581
2270,61895532770
2271,61895563226
2272,61895594598
2273,61895626580
2274,61895657830
2275,61895689263
2276,61895717828
2277,61895750054
2278,61895780694
2279,61895808953
2280,61895842889
2281,61895872918
2282,61895903069
2283,61895933525
2284,61895969048
2285,61896001580
2286,61896033623
2287,61896064507
2288,61896096855
2289,61896127373
2290,61896159416
2291,61896188041
2292,61896218071
2293,61896248100
2294,61896278800
2295,61896311637
2296,61896341178
2297,61896371635
2298,61896401298
2299,61896431022
2300,61896465262
2301,61896494864
2302,61896525992
2303,61896560904
2304,61896589286
2305,61896621268
2306,61896651480
2307,61896679678
2308,61896713126
2309,61896744742
2310,61896777456
2311,61896809439
2312,61896837576
2313,61896872305
2314,61896905203
2315,61896938040
2316,61896970449
2317,61897001028
2318,61897032705
2319,61897065053
2320,61897095937
2321,61897126455
2322,61897155507
2323,61897190602
2324,61897218495
2325,61897253774
2326,61897286427
2327,61897318165
2328,61897350575
2329,61897381398
2330,61897415516
2331,61897447316
2332,61897478077
2333,61897510731
2334,61897545033
2335,61897571461
2336,61897605152
2337,61897635914
2338,61897665882
2339,61897698536
2340,61897731617
2341,61897761768
2342,61897792896
2343,61897822803
2344,61897852344
2345,61897882556
2346,61897917041
2347,61897947925
2348,61897978503
2349,61898012378
2350,61898039904
2351,61898071398
2352,61898103015
2353,61898135668
2354,61898167101
2355,61898202990
2356,61898235522
2357,61898267931
2358,61898297411
2359,61898330004
2360,61898360948
2361,61898392076
2362,61898422228
2363,61898452745
2364,61898482225
2365,61898515062
2366,61898546312
2367,61898577928
2368,61898610643
2369,61898639451
2370,61898676560
2371,61898706956
2372,61898739304
2373,61898767320
2374,61898793931
2375,61898829575
2376,61898860459
2377,61898890793
2378,61898920456
2379,61898956223
2380,61898988754
2381,61899020798
2382,61899052597
2383,61899083908
2384,61899116745
2385,61899148971
2386,61899180343
2387,61899211837
2388,61899241012
2389,61899271835
2390,61899302841
2391,61899332687
2392,61899365401
2393,61899398421
2394,61899430099
2395,61899462508
2396,61899493392
2397,61899526656
2398,61899556563
2399,61899590560
2400,61899620039
2401,61899648970
2402,61899685042
2403,61899715803
2404,61899747725
2405,61899776960
2406,61899809919
2407,61899839704
2408,61899866987
2409,61899900373
2410,61899932417
2411,61899960859
2412,61899993818
2413,61900027204
2414,61900060285
2415,61900090680
2416,61900122724
2417,61900153424
2418,61900183637
2419,61900219098
2420,61900251447
2421,61900283002
2422,61900314313
2423,61900345318
2424,61900377789
2425,61900409283
2426,61900439373
2427,61900471173
2428,61900509442
2429,61900543011
2430,61900575115
2431,61900607403
2432,61900636272
2433,61900667827
2434,61900699566
2435,61900730083
2436,61900761150
2437,61900794841
2438,61900827068
2439,61900857463
2440,61900886333
2441,61900917888
2442,61900950786
2443,61900982890
2444,61901012614
2445,61901044352
2446,61901072001
2447,61901107218
2448,61901138651
2449,61901168742
2450,61901198099
2451,61901232279
2452,61901264872
2453,61901298197
2454,61901326029
2455,61901357889
2456,61901391519
2457,61901425028
2458,61901457010
2459,61901488931
2460,61901520059
2461,61901552957
2462,61901585550
2463,61901617227
2464,61901648416
2465,61901695168
2466,61901725442
2467,61901759560
2468,61901794472
2469,61901824807
2470,61901856545
2471,61901886513
2472,61901919594
2473,61901950112
2474,61901981178
2475,61902015175
2476,61902045570
2477,61902077003
2478,61902109596
2479,61902137977
2480,61902170448
2481,61902203285
2482,61902235328
2483,61902267860
2484,61902302162
2485,61902330726
2486,61902359901
2487,61902395911
2488,61902428992
2489,61902459327
2490,61902489905
2491,61902522132
2492,61902554785
2493,61902585364
2494,61902616187
2495,61902645667
2496,61902677405
2497,61902707861
2498,61902741919
2499,61902777136
2500,61902806433
2501,61902837805
2502,61902868933
2503,61902899694
2504,61902928686
2505,61902960729
2506,61902991796
2507,61903022375
2508,61903057164
2509,61903087743
2510,61903120702
2511,61903149816
2512,61903185765
2513,61903219518
2514,61903248326
2515,61903283482
2516,61903312718
2517,61903345128
2518,61903376805
2519,61903407383
2520,61903435581
2521,61903468907
2522,61903502720
2523,61903530308
2524,61903563755
2525,61903595798
2526,61903628147
2527,61903659763
2528,61903693271
2529,61903722934
2530,61903750522
2531,61903783603
2532,61903815402
2533,61903844333
2534,61903880954
2535,61903915927
2536,61903950961
2537,61903982150
2538,61904015719
2539,61904046603
2540,61904079440
2541,61904110934
2542,61904141817
2543,61904173250
2544,61904203585
2545,61904235506
2546,61904269014
2547,61904297213
2548,61904334261
2549,61904368624
2550,61904400972
2551,61904431368
2552,61904462984
2553,61904493867
2554,61904521272
2555,61904554780
2556,61904586274
2557,61904615083
2558,61904647126
2559,61904676423
2560,61904708833
2561,61904738679
2562,61904771088
2563,61904802033
2564,61904834321
2565,61904867585
2566,61904896820
2567,61904928864
2568,61904963959
2569,61904990692
2570,61905024750
2571,61905057526
2572,61905089203
2573,61905121917
2574,61905161712
2575,61905212310
2576,61905241668
2577,61905311126
2578,61905414458
2579,61905499968
2580,61905591460
2581,61905667631
2582,61905790129
2583,61905872709
2584,61905955961
2585,61906039274
2586,61906117826
2587,61906201260
2588,61906277310
2589,61906356595
2590,61906437100
2591,61906514736
2592,61906589565
2593,61906658413
2594,61906711208
2595,61906761989
2596,61906812648
2597,61906852809
2598,61906890590
2599,61906932216
2600,61906973414
2601,61907003932
2602,61907033961
2603,61907064601
2604,61907096461
2605,61907128321
2606,61907159205
2607,61907189844
2608,61907219385
2609,61907251856
2610,61907280359
2611,61907316309
2612,61907346033
