53841276228
53841282331
53841288069
53841293623
53841299482
53841304792
53841311323
53841317244
53841324873
53841330793
53841336958
53841343061
53841349470
53841356794
53841363020
53841369367
53841377302
53841385236
53841391340
53841397932
53841404890
53841410383
53841419172
53841427412
53841434126
53841441877
53841448286
53841455244
53841463178
53841472333
53841481306
53841487775
53841496992
53841504255
53841514203
53841522382
53841532758
53841538556
53841549543
53841557905
53841566327
53841571882
53841580548
53841587873
53841594403
53841601422
53841606427
53841614728
53841620954
53841629010
53841636090
53841644208
53841651044
53841658612
53841663495
53841671185
53841679303
53841686749
53841693890
53841699445
53841706464
53841713055
53841719708
53841728009
53841734357
53841742230
53841749554
53841757306
53841765912
53841772992
53841782391
53841788190
53841796002
53841802777
53841808270
53841815472
53841822613
53841829876
53841838666
53841846356
53841851971
53841862469
53841869549
53841877301
53841883343
53841891888
53841898358
53841908917
53841912884
53841923443
53841930889
53841937176
53841944561
53841952435
53841959332
53841968060
53841974346
53841981182
53841987469
53841993267
53842000897
53842008953
53842015484
53842022991
53842030682
53842039471
53842048443
53842057110
53842064556
53842073528
53842079876
53842088055
53842096538
53842103618
53842110027
53842117595
53842125896
53842132915
53842141338
53842148113
53842156841
53842163433
53842172405
53842181743
53842190105
53842197795
53842205913
53842214153
53842223125
53842231182
53842239788
53842252117
53842260539
53842267681
53842275249
53842284038
53842291179
53842299297
53842305827
53842314128
53842322856
53842330669
53842338847
53842346599
53842353801
53842361369
53842367778
53842375407
53842384196
53842389934
53842399333
53842405070
53842413371
53842421306
53842431743
53842440165
53842446635
53842453471
53842462138
53842468852
53842477397
53842483928
53842491923
53842498759
53842506999
53842514994
53842522563
53842530436
53842538432
53842546183
53842552470
53842564738
53842572428
53842583720
53842593058
53842601298
53842609049
53842616679
53842625773
53842632182
53842640543
53842646830
53842655741
53842661967
53842670573
53842678751
53842687235
53842693400
53842700175
53842707621
53842714945
53842720621
53842730021
53842736979
53842744669
53842750528
53842756388
53842763773
53842769815
53842776651
53842785379
53842791361
53842800028
53842805582
53842813883
53842821451
53842828836
53842835855
53842843851
53842851114
53842859110
53842866434
53842872476
53842879434
53842885050
53842892679
53842902200
53842909036
53842915201
53842924234
53842931131
53842939676
53842947855
53842956277
53842969339
53842981790
53842990701
53843000162
53843012491
53843021036
53843028116
53843036538
53843042398
53843050393
53843055703
53843065774
53843072610
53843077737
53843085000
53843090249
53843097818
53843104715
53843111306
53843118508
53843126138
53843134194
53843141458
53843148355
53843155679
53843162698
53843172158
53843180215
53843186440
53843193581
53843201211
53843206887
53843214822
53843220864
53843229592
53843238198
53843244607
53843253701
53843259682
53843267922
53843275918
53843283547
53843292153
53843299477
53843305214
53843314004
53843319985
53843328286
53843336098
53843344826
53843352089
53843359475
53843366799
53843374428
53843382119
53843389870
53843397499
53843404579
53843413246
53843420449
53843427223
53843434609
53843441750
53843448647
53843455971
53843466347
53843474037
53843480080
53843487770
53843495461
53843502846
53843507484
53843518227
53843525368
53843532753
53843541908
53843550636
53843558082
53843565407
53843573646
53843581154
53843590187
53843597450
53843605568
53843613868
53843621681
53843628212
53843635536
53843644386
53843654030
53843662391
53843672218
53843678749
53843689979
53843699317
53843708961
53843715003
53843724037
53843733619
53843741310
53843749122
53843757423
53843765724
53843772010
53843783241
53843786903
53843796973
53843802222
53843810096
53843816444
53843822181
53843829932
53843838172
53843843421
53843851173
53843857703
53843865577
53843872718
53843879005
53843883887
53843891456
53843898170
53843905189
53843912391
53843919471
53843926307
53843933631
53843940345
53843947242
53843953711
53843960547
53843966590
53843972083
53843977759
53843982459
53843989112
53843993872
53844001136
53844007788
53844013953
53844020362
53844027991
53844031226
53844039832
53844044654
53844052466
53844056433
53844064490
53844072119
53844079810
53844086585
53844092322
53844098669
53844106543
53844112341
53844119910
53844126685
53844133398
53844139258
53844146155
53844153113
53844158667
53844166846
53844172644
53844180334
53844187659
53844194250
53844199866
53844207068
53844214392
53844221106
53844227820
53844233801
53844238806
53844246313
53844252295
53844257910
53844263220
53844270971
53844277746
53844283911
53844291479
53844297705
53844304235
53844310400
53844317480
53844325720
53844333166
53844340795
53844347326
53844354711
53844361669
53844366918
53844373266
53844379736
53844387731
53844392980
53844401098
53844404455
53844414343
53844419836
53844426305
53844432897
53844441442
53844448705
53844455175
53844461889
53844467992
53844473791
53844482641
53844487951
53844495946
53844503698
53844512670
53844519079
53844525182
53844531225
53844536107
53844542150
53844549108
53844555944
53844562841
53844569799
53844575414
53844582555
53844590306
53844597448
53844603124
53844610570
53844615819
53844624242
53844629613
53844637914
53844643834
53844651036
53844655919
53844663670
53844671300
53844677647
53844682958
53844691075
53844697179
53844702550
53844708287
53844715123
53844720372
53844727147
53844732152
53844740391
53844747288
53844754430
53844758641
53844766209
53844772435
53844778660
53844783787
53844790257
53844797703
53844805150
53844811802
53844817479
53844824803
53844830357
53844838231
53844844517
53844851109
53844858006
53844864659
53844869603
53844877110
53844883458
53844889195
53844895054
53844901646
53844907994
53844914585
53844922093
53844928196
53844935398
53844941563
53844948460
53844956394
53844962254
53844971165
53844976902
53844984348
53844989414
53844999058
53845005772
53845013157
53845020664
53845026768
53845035007
53845042393
53845049168
53845056003
53845062656
53845067783
53845074924
53845080417
53845086704
53845093479
53845101597
53845106846
53845114597
53845120701
53845127048
53845133518
53845141208
53845146396
53845154575
53845162143
53845168857
53845173252
53845180515
53845187412
53845194004
53845198642
53845206333
53845213657
53845218723
53845225376
53845232212
53845240085
53845246555
53845253391
53845259311
53845267185
53845272312
53845280002
53845287265
53845293857
53845299228
53845306674
53845313754
53845320834
53845327304
53845334262
53845341525
53845348239
53845353671
53845362460
53845369174
53845375522
53845381808
53845390170
53845394626
53845403232
53845409823
53845415317
53845421237
53845428195
53845433688
53845440463
53845444674
53845451449
53845457064
53845464022
53845469088
53845476168
53845480563
53845487582
53845494845
53845501132
53845508395
53845515231
53845520907
53845527194
53845534213
53845539157
53845546664
53845551791
53845558505
53845563876
53845572360
53845577425
53845587252
53845593050
53845600130
53845608981
53845615572
53845624300
53845630465
53845637606
53845645174
53845650912
53845659090
53845666964
53845674227
53845681612
53845687044
53845694918
53845701998
53845709017
53845716768
53845724459
53845732271
53845739290
53845745089
53845752718
53845759493
53845767061
53845772432
53845780428
53845787386
53845794832
53845800264
53845807772
53845813997
53845821321
53845826998
53845834383
53845841036
53845847261
53845854036
53845860689
53845867464
53845874483
53845880525
53845887727
53845895235
53845902681
53845909456
53845914827
53845922334
53845930086
53845936861
53845941988
53845950899
53845956026
53845964143
53845967500
53845977022
53845980256
53845989534
53845995881
53846003267
53846008882
53846016084
53846020784
53846027803
53846035554
53846042268
53846048860
53846054048
53846059846
53846067537
53846073945
53846080293
53846086579
53846093171
53846099153
53846105622
53846112153
53846118806
53846124848
53846129670
53846136018
53846142426
53846148652
53846155061
53846161897
53846168672
53846175385
53846180879
53846188203
53846194917
53846202607
53846207734
53846215363
53846221101
53846226716
53846233491
53846240632
53846245087
53846252595
53846258637
53846266755
53846274872
53846281830
53846288849
53846295807
53846302887
53846312531
53846318512
53846324982
53846332612
53846339203
53846347016
53846353791
53846360443
53846367157
53846373444
53846379364
53846385712
53846393219
53846398590
53846407074
53846411835
53846418671
53846423493
53846431122
53846435944
53846444794
53846451386
53846457611
53846462494
53846469818
53846474640
53846483429
53846490204
53846496368
53846504059
53846509735
53846515717
53846523041
53846529205
53846536407
53846540741
53846548309
53846555145
53846563141
53846568695
53846576752
53846581329
53846589752
53846597442
53846602569
53846609527
53846614288
53846620086
53846626190
53846632415
53846637176
53846643524
53846650299
53846657440
53846662445
53846671661
53846677581
53846684051
53846690032
53846696624
53846703399
53846711883
53846715423
53846724334
53846732513
53846739044
53846744537
53846753448
53846759551
53846766021
53846773467
53846779876
53846786224
53846793975
53846799224
53846807647
53846813384
53846821136
53846827727
53846834746
53846841094
53846847686
53846853972
53846859283
53846865203
53846871551
53846878081
53846883086
53846889373
53846896026
53846902984
53846910308
53846917815
53846923125
53846931182
53846936431
53846945159
53846952727
53846961943
53846967986
53846974578
53846980498
53846987456
53846993315
53847000090
53847006499
53847013091
53847019377
53847024199
53847031706
53847037139
53847044097
53847050871
53847058257
53847063750
53847071257
53847076323
53847083281
53847087920
53847095183
53847101347
53847107329
53847112822
53847118681
53847123320
53847130522
53847136198
53847144377
53847147734
53847157866
53847164763
53847170622
53847176542
53847182463
53847189482
53847195280
53847202116
53847209684
53847213957
53847222502
53847228910
53847236967
53847241545
53847248381
53847254545
53847261198
53847268156
53847273588
53847280973
53847285856
53847294462
53847299467
53847307829
53847314543
53847320402
53847325407
53847332792
53847335966
53847344816
53847351347
53847358183
53847364103
53847372221
53847378629
53847384123
53847389677
53847396391
53847401456
53847408537
53847412809
53847419706
53847425931
53847430692
53847436735
53847442777
53847449735
53847456937
53847462858
53847467801
53847474149
53847480863
53847487882
53847492887
53847499906
53847506193
53847514249
53847519437
53847528959
53847535245
53847543912
53847550443
53847557645
53847564908
53847571744
53847579251
53847587247
53847593045
53847599149
53847606900
53847611966
53847619596
53847625089
53847633573
53847638761
53847646390
53847653592
53847659696
53847666592
53847673489
53847679654
53847685757
53847690762
53847697415
53847702176
53847709988
53847716397
53847723050
53847728665
53847737698
53847744473
53847750943
53847757718
53847764004
53847771206
53847776639
53847784085
53847790738
53847796902
53847804654
53847811734
53847817654
53847823575
53847831631
53847838345
53847845425
53847850186
53847858181
53847864956
53847871914
53847878933
53847885891
53847894009
53847899441
53847908108
53847915127
53847921658
53847929409
53847935879
53847943203
53847949917
53847957119
53847963223
53847969997
53847978054
53847984524
53847991299
53847996304
53848003139
53848008572
53848015591
53848021023
53848028530
53848035915
53848040981
53848047817
53848054287
53848061245
53848065944
53848073025
53848078151
53848087002
53848090053
53848097316
53848102016
53848109401
53848114650
53848122219
53848128933
53848135097
53848142116
53848152004
53848159267
53848166774
53848172390
53848181240
53848186367
53848192836
53848198451
53848205898
53848212673
53848219570
53848225978
53848232143
53848242946
53848249416
53848255519
53848262477
53848268459
53848275234
53848281398
53848284877
53848294276
53848300807
53848306728
53848312831
53848320155
53848325282
53848332851
53848338161
53848346339
53848351588
53848359767
53848367457
53848372890
53848379664
53848387599
53848394557
53848399623
53848406764
53848411891
53848419520
53848426234
53848432216
53848438624
53848445155
53848452113
53848458949
53848463893
53848472316
53848477198
53848486659
53848492579
53848498805
53848504847
53848513697
53848519984
53848525416
53848531703
53848537745
53848543421
53848551051
53848556483
53848563258
53848566981
53848573573
53848579249
53848586146
53848592005
53848596888
53848603419
53848609644
53848614161
53848621119
53848627589
53848634547
53848641444
53848646876
53848654078
53848660975
53848668970
53848674158
53848683985
53848691004
53848697596
53848705530
53848712000
53848719324
53848727259
53848734156
53848741480
53848746363
53848755884
53848763330
53848770655
53848778040
53848784387
53848795618
53848802271
53848808191
53848819605
53848826502
53848835779
53848852564
53848860864
53848869287
53848876245
53848884058
53848892603
53848900598
53848906763
53848917139
53848924829
53848931787
53848939844
53848945581
53848954187
53848960901
53848967065
53848974267
53848981164
53848989892
53848996423
53849003564
53849011316
53849017358
53849024804
53849030542
53849038171
53849045800
53849050439
53849058190
53849064965
53849071862
53849076867
53849083520
53849089990
53849095605
53849103417
53849110009
53849117761
53849124719
53849131799
53849139428
53849146020
53849152490
53849158715
53849165917
53849171594
53849179345
53849186364
53849193688
53849199487
53849206750
53849214196
53849221398
53849228722
53849233727
53849243371
53849249352
53849257653
53849264489
53849271691
53849279137
53849285668
53849293297
53849298851
53849307091
53849314843
53849322350
53849328270
53849336388
53849343651
53849349938
53849356102
53849362084
53849369225
53849378075
53849384239
53849392601
53849399986
53849404625
53849412926
53849424706
53849429222
53849440270
53849448448
53849455345
53849462853
53849471642
53849478539
53849485558
53849492149
53849498619
53849506493
53849513206
53849520592
53849526024
53849533470
53849539635
53849547508
53849555382
53849561973
53849569359
53849576561
53849582542
53849589073
53849597191
53849603477
53849609031
53849615379
53849622947
53849631187
53849637718
53849644126
53849651023
53849657188
53849664329
53849670372
53849677879
53849684226
53849690635
53849697898
53849703880
53849711082
53849718101
53849727439
53849733970
53849741050
53849748496
53849754844
53849761131
53849769553
53849777427
53849784202
53849791038
53849797385
53849805259
53849810508
53849818320
53849826072
53849832664
53849839622
53849846641
53849853293
53849859031
53849866416
53849874900
53849880088
53849887473
53849894797
53849901816
53849908103
53849916404
53849923850
53849929709
53849937033
53849945151
53849949912
53849958396
53849966513
53849972739
53849978842
53849984885
53849992087
53849997946
53850005454
53850013205
53850020346
53850026816
53850034445
53850042197
53850047568
53850057089
53850069296
53850075949
53850085348
53850092184
53850098837
53850105551
53850113608
53850121603
53850128256
53850135336
53850142233
53850148581
53850155722
53850163412
53850170065
53850177084
53850184225
53850190634
53850198446
53850206137
53850212668
53850219870
53850225668
53850232931
53850240805
53850246542
53850253805
53850260641
53850267050
53850274069
53850280477
53850287374
53850294027
53850300802
53850308309
53850314596
53850319845
53850327474
53850335104
53850341207
53850348226
53850355428
53850361471
53850368673
53850376424
53850383199
53850390401
53850397420
53850403646
53850411153
53850418844
53850426046
53850432821
53850439413
53850447652
53850453267
53850460592
53850467672
53850473958
53850483236
53850489034
53850496602
53850503011
53850511129
53850517232
53850525167
53850532247
53850539388
53850545674
53850552388
53850559163
53850568502
53850574971
53850581197
53850588277
53850593526
53850600789
53850607320
53850614217
53850620503
53850626546
53850634663
53850639302
53850647664
53850657185
53850664754
53850672322
53850680989
53850690205
53850697652
53850705464
53850716084
53850722432
53850731038
53850737202
53850744160
53850751484
53850758748
53850765523
53850773213
53850781147
53850787312
53850792439
53850802083
53850808491
53850815571
53850821003
53850828816
53850837117
53850843586
53850848713
53850855183
53850862995
53850867573
53850877156
53850884968
53850892292
53850899433
53850905598
53850913105
53850920124
53850927631
53850934528
53850940998
53850948078
53850955097
53850961323
53850966206
53850975849
53850983540
53850988972
53850997517
53851003071
53851010639
53851018024
53851024921
53851032368
53851038044
53851045490
53851054279
53851060871
53851067585
53851072468
53851080646
53851086750
53851095600
53851102314
53851107624
53851115558
53851122760
53851129963
53851136066
53851143268
53851150775
53851156940
53851164447
53851170307
53851179401
53851184589
53851193317
53851199298
53851206989
53851212116
53851218768
53851227008
53851232135
53851241718
53851247638
53851255695
53851261066
53851268207
53851276508
53851283649
53851292071
53851301227
53851306659
53851319537
53851327411
53851334247
53851342608
53851348285
53851356952
53851362384
53851371295
53851376483
53851382953
53851390521
53851395831
53851404559
53851410662
53851417071
53851422503
53851429278
53851436236
53851443011
53851450701
53851457904
53851463641
53851468157
53851475848
53851480670
53851488177
53851496417
53851502764
53851508929
53851514849
53851521197
53851525774
53851533221
53851541277
53851546771
53851553912
53851561114
53851566546
53851573138
53851578631
53851585650
53851593584
53851600481
53851606585
53851611162
53851618731
53851625078
53851631853
53851638201
53851644976
53851651629
53851658526
53851664995
53851669390
53851677324
53851685991
53851691485
53851698198
53851704790
53851709246
53851717119
53851723345
53851729998
53851736345
53851743364
53851749407
53851756060
53851763689
53851769548
53851776384
53851782610
53851789507
53851798052
53851802507
53851809404
53851816179
53851823808
53851831194
53851838457
53851843950
53851850664
53851856889
53851862749
53851869157
53851877702
53851888872
53851896623
53851903337
53851911455
53851920183
53851927812
53851936357
53851944108
53851951616
53851956743
53851965410
53851972123
53851977372
53851986284
53851992631
53851999894
53852006974
53852013383
53852019731
53852026261
53852033036
53852040422
53852046586
53852053544
53852061051
53852065934
53852073930
53852080339
53852087480
53852094499
53852103044
53852109330
53852114213
53852123368
53852128495
53852137101
53852143205
53852150407
53852156876
53852163956
53852170243
53852177323
53852184830
53852191544
53852198075
53852204484
53852211991
53852216874
53852225663
53852228898
53852238114
53852245743
53852252945
53852260270
53852266373
53852273209
53852278946
53852288163
53852296158
53852302506
53852309220
53852313919
53852324479
53852331192
53852338700
53852345291
53852351944
53852359268
53852367325
53852374344
53852380203
53852387772
53852393082
53852398575
53852407486
53852413529
53852419937
53852427567
53852434464
53852441483
53852447586
53852454422
53852460587
53852469803
53852475845
53852483353
53852492020
53852499527
53852508194
53852514480
53852525040
53852530350
53852540603
53852547745
53852557022
53852563614
53852570205
53852577102
53852583572
53852591262
53852597793
53852605240
53852611099
53852618240
53852625137
53852631362
53852639053
53852645584
53852653152
53852657791
53852666946
53852674331
53852680252
53852686538
53852693679
53852700759
53852707290
53852714736
53852721816
53852728469
53852734695
53852742263
53852747024
53852755691
53852761794
53852769485
53852775405
53852782485
53852790176
53852797256
53852803176
53852809646
53852816543
53852824172
53852831923
53852838637
53852844253
53852852370
53852859755
53852865188
53852872573
53852880141
53852884841
53852893813
53852899733
53852906752
53852915053
53852921645
53852927382
53852935683
53852940993
53852948806
53852954970
53852962294
53852970534
53852977431
53852982314
53852989272
53852996962
53853001662
53853010817
53853018019
53853024794
53853031569
53853037978
53853044203
53853050490
53853058363
53853066054
53853073256
53853080153
53853086195
53853093825
53853101088
53853106459
53853114760
53853120741
53853127455
53853135695
53853144667
53853151198
53853159681
53853165541
53853175917
53853181654
53853189772
53853197279
53853203749
53853210218
53853217298
53853224989
53853231581
53853238722
53853246595
53853253187
53853259901
53853267713
53853275221
53853281996
53853289137
53853296644
53853303541
53853309339
53853317823
53853324293
53853329237
53853337660
53853345838
53853351575
53853359876
53853367933
53853374281
53853381116
53853389051
53853395765
53853402784
53853408033
53853416089
53853423475
53853428480
53853438550
53853444166
53853451734
53853458814
53853465101
53853474256
53853478894
53853486463
53853493909
53853499891
53853505933
53853513684
53853521436
53853527784
53853535291
53853542798
53853548902
53853556287
53853564099
53853569531
53853576428
53853583264
53853589856
53853596814
53853604016
53853611035
53853617993
53853622937
53853631909
53853638501
53853643262
53853652112
53853660535
53853667249
53853675305
53853680493
53853688245
53853695935
53853704053
53853710766
53853718274
53853726941
53853733227
53853742322
53853750989
53853758984
53853766369
53853772961
53853781872
53853788891
53853797314
53853804882
53853811901
53853820507
53853826672
53853834484
53853841564
53853848645
53853854748
53853861218
53853867932
53853874523
53853880078
53853886791
53853894665
53853899914
53853907055
53853913586
53853920055
53853926342
53853932385
53853938793
53853944958
53853951366
53853957531
53853964977
53853971264
53853976147
53853984386
53853987865
53853997753
53854003795
53854011913
53854018078
53854025402
53854031688
53854037487
53854044079
53854051281
53854057079
53854065136
53854072948
53854080089
53854087169
53854094188
53854100109
53854106517
53854111217
53854119274
53854126110
53854133251
53854139598
53854146251
53854153026
53854160167
53854167247
53854174999
53854181224
53854187145
53854193187
53854198253
53854205333
53854208995
53854219066
53854225719
53854232066
53854238231
53854246104
53854252147
53854257884
53854265086
53854271190
53854276622
53854283458
53854289622
53854296947
53854302379
53854309154
53854315074
53854322948
53854328868
53854336253
53854343272
53854348582
53854356028
53854361094
53854368663
53854375377
53854383372
53854389232
53854397960
53854403086
53854412547
53854419505
53854426707
53854434092
53854441477
53854445628
53854452647
53854457347
53854464244
53854469737
53854479258
53854485240
53854490183
53854496348
53854501170
53854508067
53854513011
53854520152
53854527354
53854533518
53854540965
53854548594
53854553965
53854561411
53854567026
53854574168
53854580393
53854587229
53854593577
53854600779
53854606943
53854614268
53854620676
53854627268
53854633127
53854637766
53854644968
53854649668
53854656443
53854662607
53854668467
53854677012
53854683176
53854690744
53854696421
53854701548
53854709177
53854715097
53854721201
53854727610
53854734323
53854741403
53854747690
53854755014
53854761240
53854768320
53854774607
53854780771
53854788767
53854794687
53854802316
53854809213
53854816110
53854820444
53854828806
53854835580
53854841745
53854848215
53854853159
53854860422
53854866891
53854874155
53854879587
53854889352
53854893198
53854903390
53854906747
53854917306
53854923471
53854929635
53854937631
53854943918
53854950631
53854956247
53854962533
53854969552
53854974374
53854981881
53854988473
53854994699
53855000558
53855006784
53855013436
53855020272
53855026742
53855030709
53855041390
53855047677
53855054635
53855062936
53855068856
53855075143
53855082894
53855089120
53855097115
53855103585
53855110238
53855116708
53855123055
53855129830
53855135323
53855141915
53855148507
53855154855
53855160409
53855167611
53855178170
53855185128
53855190377
53855198739
53855206734
53855211373
53855219979
53855225533
53855234810
53855241952
53855247139
53855254464
53855258919
53855266732
53855272896
53855280404
53855286263
53855294197
53855300850
53855308236
53855313729
53855319344
53855326607
53855335213
53855342049
53855347054
53855353951
53855361824
53855367928
53855374947
53855380501
53855387825
53855395516
53855400887
53855409248
53855415169
53855421089
53855428963
53855435860
53855441841
53855449776
53855453926
53855462288
53855467598
53855474983
53855483223
53855489815
53855496590
53855501472
53855508003
53855512825
53855520210
53855527778
53855534614
53855541450
53855547981
53855555244
53855561165
53855568672
53855574531
53855581672
53855588081
53855594062
53855601265
53855606330
53855613472
53855621406
53855628120
53855636055
53855642707
53855649665
53855657173
53855666694
53855673286
53855680732
53855689582
53855695930
53855703620
53855708869
53855717170
53855724128
53855731696
53855738105
53855745551
53855751228
53855758552
53855763007
53855770820
53855778876
53855784370
53855790473
53855798713
53855804328
53855812202
53855818915
53855826301
53855833320
53855838752
53855845710
53855852729
53855859687
53855866584
53855873847
53855879096
53855886298
53855891486
53855899604
53855907294
53855914435
53855921027
53855928046
53855936469
53855942633
53855948310
53855954962
53855960822
53855968939
53855974677
53855982367
53855987433
53855995062
53856000678
53856008551
53856014105
53856021979
53856028082
53856036200
53856043158
53856048712
53856054449
53856061774
53856068365
53856074713
53856079840
53856086249
53856094061
53856099005
53856105108
53856112189
53856118109
53856123175
53856129828
53856135565
53856142767
53856147833
53856155157
53856161444
53856166998
53856170355
53856179876
53856186346
53856193853
53856199896
53856205389
53856211615
53856218512
53856222906
53856230291
53856235601
53856243719
53856251348
53856256231
53856262396
53856271673
53856279547
53856287054
53856293157
53856300420
53856307317
53856313665
53856322881
53856328802
53856335699
53856341070
53856348272
53856354192
53856362005
53856367925
53856374029
53856381414
53856389959
53856396367
53856401128
53856408452
53856414861
53856421697
53856428838
53856434575
53856441594
53856448858
53856455755
53856462346
53856467839
53856474370
53856481023
53856487859
53856493352
53856500737
53856505681
53856512395
53856517034
53856524785
53856530095
53856539189
53856545903
53856552617
53856559453
53856566167
53856571965
53856579656
53856585149
53856592534
53856598515
53856606267
53856613103
53856618474
53856624333
53856631596
53856637639
53856644048
53856649724
53856656255
53856662541
53856668828
53856674809
53856681279
53856686528
53856693425
53856700871
53856706059
53856715092
53856720341
53856728459
53856733342
53856739995
53856747319
53856753300
53856759221
53856765263
53856770329
53856776188
53856780888
53856788823
53856796025
53856802067
53856808293
53856815739
53856821842
53856829289
53856834965
53856841191
53856848210
53856856022
53856863041
53856870243
53856876591
53856883793
53856888615
53856896854
53856904301
53856912235
53856919315
53856924992
53856932316
53856939335
53856947208
53856955265
53856961552
53856967228
53856977299
53856984318
53856990726
53856997074
53857005009
53857010868
53857017826
53857023746
53857029789
53857033817
53857040592
53857046634
53857052738
53857059269
53857065616
53857071842
53857078128
53857084354
53857089176
53857096195
53857102787
53857108951
53857115421
53857121646
53857126956
53857133243
53857140689
53857147098
53857152957
53857159305
53857164798
53857172550
53857177677
53857185001
53857190555
53857196414
53857203372
53857211734
53857218326
53857226199
53857231693
53857239810
53857244632
53857252994
53857257999
53857265506
53857272220
53857276980
53857283145
53857289371
53857295413
53857300479
53857306827
53857312930
53857319095
53857323916
53857330386
53857336612
53857342471
53857348819
53857355838
53857361270
53857367495
53857372195
53857379580
53857384341
53857391360
53857396731
53857402591
53857408755
53857414492
53857419619
53857425479
53857430117
53857438296
53857443545
53857448916
53857455691
53857461978
53857468447
53857475955
53857482668
53857489260
53857494570
53857501467
53857505923
53857512759
53857518252
53857529726
53857536929
53857546328
53857553896
53857559817
53857569033
53857576479
53857583437
53857590334
53857597109
53857604738
53857611574
53857619570
53857625612
53857631838
53857639711
53857647158
53857654238
53857660280
53857667116
53857675722
53857681276
53857690615
53857695620
53857703127
53857710268
53857717470
53857725038
53857730043
53857738893
53857746462
53857753176
53857759950
53857766481
53857772402
53857780458
53857788637
53857794862
53857802919
53857811098
53857816713
53857823244
53857830934
53857837709
53857845094
53857852296
53857858705
53857865358
53857872072
53857881898
53857886476
53857894594
53857900575
53857907228
53857913148
53857920717
53857927003
53857934266
53857942506
53857949037
53857955995
53857962098
53857968873
53857976381
53857982545
53857989198
53857995423
53858002504
53858010072
53858017152
53858023988
53858030641
53858037721
53858043336
53858051515
53858059510
53858066224
53858072755
53858080628
53858086366
53858093446
53858107850
53858115479
53858122315
53858129639
53858137635
53858148316
53858155701
53858164307
53858171143
53858176819
53858186341
53858194153
53858201233
53858208863
53858215333
53858222413
53858228699
53858235901
53858241028
53858247742
53858254029
53858260010
53858264954
53858272034
53858279236
53858286072
53858292298
53858300721
53858307434
53858314026
53858320252
53858327210
53858335083
53858341675
53858349487
53858356140
53858362488
53858369080
53858375549
53858383667
53858388916
53858397400
53858402466
53858410828
53858416138
53858424500
53858432190
53858437988
53858443787
53858452454
53858460571
53858467712
53858474731
53858481750
53858488647
53858495605
53858502991
53858510071
53858516296
53858521423
53858527343
53858533752
53858539673
53858544799
53858550842
53858557800
53858563415
53858568603
53858576721
53858583068
53858589233
53858595825
53858602233
53858608398
53858615783
53858622680
53858630248
53858634887
53858642639
53858649780
53858657714
53858664977
53858670348
53858676513
53858684020
53858689941
53858697143
53858702819
53858710021
53858716491
53858722961
53858729430
53858735839
53858742248
53858749328
53858757323
53858765258
53858773742
53858781371
53858790404
53858798705
53858804320
53858812194
53858819884
53858827697
53858834472
53858842162
53858846862
53858853881
53858863341
53858869689
53858878051
53858885924
53858891783
53858894896
53858905394
53858912169
53858919127
53858926329
53858933715
53858940001
53858947569
53858953368
53858960875
53858966368
53858975279
53858980711
53858987181
53858992491
53858998961
53859005187
53859010436
53859017271
53859025938
53859032774
53859038084
53859047362
53859054137
53859060301
53859066771
53859074583
53859079527
53859086180
53859090941
53859097349
53859102537
53859109190
53859115904
53859121763
53859128965
53859135679
53859141417
53859148741
53859154661
53859161375
53859168150
53859175230
53859181334
53859188292
53859195982
53859201292
53859209349
53859214231
53859221617
53859227049
53859234922
53859238340
53859246275
53859249510
53859256590
53859263120
53859268430
53859279234
53859286558
53859293455
53859301084
53859308164
53859313230
53859319944
53859323484
53859335081
53859340635
53859347471
53859352842
53859359861
53859365659
53859372922
53859379392
53859386899
53859397947
53859405271
53859410154
53859423154
53859432798
53859440366
53859448117
53859455503
53859462217
53859469297
53859475339
53859483152
53859490171
53859494626
53859501950
53859509152
53859516843
53859523923
53859531491
53859538083
53859544492
53859549802
53859557736
53859565671
53859571896
53859579526
53859585568
53859593564
53859599057
53859606625
53859613766
53859620358
53859627133
53859634030
53859640927
53859645871
53859654660
53859662350
53859669552
53859677853
53859685666
53859692563
53859698788
53859706357
53859713376
53859720273
53859728329
53859735470
53859743954
53859751217
53859757443
53859764767
53859772396
53859779110
53859785763
53859794491
53859800778
53859806942
53859813473
53859821652
53859828121
53859836605
53859843502
53859849972
53859856564
53859865414
53859872189
53859880001
53859887997
53859894405
53859902279
53859909664
53859915829
53859922665
53859929440
53859936581
53859944149
53859953304
53859960995
53859968990
53859976681
53859984859
53859992550
53859999752
53860005428
53860015011
53860020565
53860028255
53860035030
53860042659
53860049984
53860059017
53860064998
53860072994
53860079036
53860087154
53860093074
53860100093
53860107784
53860115474
53860122188
53860128292
53860135066
53860143245
53860148555
53860156612
53860162776
53860171260
53860178218
53860185420
53860191890
53860199458
53860206905
53860215511
53860222041
53860228145
53860235225
53860242122
53860249568
53860256892
53860264705
53860269893
53860279841
53860286738
53860294246
53860302119
53860309749
53860315852
53860323970
53860331233
53860336116
53860345515
53860351924
53860358455
53860367183
53860374812
53860380000
53860388240
53860391352
53860401972
53860409602
53860415827
53860422419
53860430049
53860436335
53860443781
53860448725
53860455927
53860461604
53860468684
53860475764
53860482050
53860488581
53860494868
53860500300
53860507319
53860515070
53860521845
53860528742
53860533869
53860540705
53860547053
53860553950
53860559443
53860566950
53860574152
53860581354
53860586237
53860597101
53860604304
53860612726
53860618097
53860627558
53860634882
53860640680
53860649408
53860657465
53860662958
53860672296
53860679193
53860685846
53860692133
53860699152
53860706049
53860712274
53860717279
53860725397
53860731439
53860737177
53860744196
53860751886
53860757379
53860766779
53860772882
53860777887
53860784174
53860790887
53860797479
53860804987
53860811884
53860817133
53860825006
53860829523
53860836847
53860843866
53860850885
53860858087
53860864557
53860871637
53860877923
53860885492
53860891534
53860898492
53860904474
53860913812
53860921014
53860930108
53860933465
53860942987
53860949578
53860957208
53860961908
53860970208
53860975457
53860982659
53860989373
53860994195
53861000299
53861008416
53861014215
53861022515
53861029962
53861035089
53861042901
53861049615
53861057855
53861063775
53861071404
53861077447
53861085931
53861090936
53861096856
53861102227
53861109856
53861115838
53861121941
53861129143
53861136590
53861142083
53861150994
53861161248
53861167657
53861175225
53861181206
53861190240
53861196343
53861203850
53861211480
53861219109
53861226922
53861233208
53861245476
53861251824
53861261467
53861268364
53861276421
53861284966
53861292717
53861300652
53861307793
53861314751
53861323113
53861331291
53861337883
53861345696
53861352776
53861359306
53861368889
53861375542
53861382744
53861389092
53861395927
53861404167
53861410271
53861418205
53861425651
53861431755
53861439079
53861444206
53861452324
53861457634
53861466301
53861472099
53861479851
53861486564
53861495537
53861502006
53861508659
53861512748
53861519523
53861525688
53861531730
53861537040
53861543571
53861550224
53861557426
53861563835
53861569084
53861577812
53861583549
53861592094
53861597709
53861604301
53861608940
53861615898
53861621940
53861629447
53861634941
53861642875
53861650321
53861657157
53861663627
53861668937
53861676688
53861681632
53861688956
53861694144
53861702262
53861709647
53861716239
53861719596
53861729362
53861734672
53861740531
53861746818
53861753898
53861759879
53861765677
53861773307
53861781241
53861786918
53861794974
53861802176
53861809256
53861815421
53861822501
53861829459
53861834769
53861842582
53861847892
53861853934
53861860709
53861867423
53861873160
53861882315
53861885855
53861897757
53861903372
53861911978
53861918570
53861926261
53861931021
53861937613
53861944937
53861952750
53861959525
53861964652
53861971793
53861976370
53861982901
53861989249
53861994925
53862000418
53862008292
53862013602
53862020132
53862025320
53862030936
53862036551
53862043753
53862048636
53862056692
53862063040
53862070364
53862077505
53862083975
53862090811
53862097830
53862103689
53862110769
53862117239
53862122305
53862128775
53862134939
53862140738
53862146414
53862153067
53862160757
53862168508
53862175039
53862181265
53862188040
53862194082
53862200125
53862206655
53862212881
53862219778
53862224905
53862232595
53862239919
53862246511
53862252554
53862257559
53862266958
53862272817
53862279592
53862284719
53862293020
53862298757
53862307912
53862314443
53862320180
53862327199
53862333608
53862341054
53862349172
53862353628
53862360952
53862367238
53862373647
53862380239
53862387197
53862392934
53862400564
53862408193
53862413442
53862422353
53862427541
53862434865
53862440358
53862448171
53862453969
53862462575
53862468434
53862474660
53862482167
53862487538
53862494435
53862502065
53862509206
53862516042
53862523549
53862529225
53862538442
53862544057
53862554372
53862562001
53862569386
53862575795
53862583058
53862591054
53862597585
53862604237
53862609425
53862616383
53862623097
53862631459
53862636708
53862644215
53862652150
53862658986
53862665639
53862672352
53862677418
53862684132
53862688283
53862695241
53862701100
53862708546
53862713246
53862721608
53862728810
53862735768
53862740590
53862748768
53862755360
53862761464
53862767811
53862774525
53862781483
53862787220
53862794056
53862801258
53862808033
53862813893
53862821949
53862827442
53862835316
53862840626
53862846424
53862853382
53862859913
53862866871
53862873035
53862879017
53862886341
53862892567
53862899708
53862904163
53862912525
53862919300
53862924671
53862932300
53862937305
53862944385
53862951099
53862956837
53862963062
53862969654
53862975757
53862982166
53862987110
53862994922
53863000354
53863005604
53863012561
53863019519
53863025440
53863032886
53863038135
53863046131
53863052661
53863060901
53863065418
53863073047
53863080005
53863086170
53863090564
53863098316
53863105823
53863113635
53863120044
53863124683
53863133106
53863140003
53863147205
53863155750
53863162158
53863168933
53863174976
53863181323
53863189746
53863196826
53863202869
53863208728
53863215076
53863221240
53863226489
53863233996
53863241382
53863248340
53863253772
53863261767
53863268359
53863273852
53863278491
53863286609
53863293078
53863299304
53863306689
53863313159
53863319201
53863326098
53863330920
53863337634
53863343127
53863349719
53863355517
53863361926
53863366381
53863374499
53863381823
53863388354
53863394396
53863400561
53863406237
53863410937
53863418261
53863423388
53863430346
53863437670
53863444567
53863450243
53863457140
53863464709
53863471606
53863478991
53863485033
53863489855
53863497485
53863503954
53863510363
53863518298
53863524584
53863531176
53863538500
53863545031
53863551134
53863557360
53863565050
53863572436
53863578966
53863585741
53863592882
53863598620
53863604845
53863610094
53863616320
53863622301
53863629564
53863636034
53863641222
53863648851
53863654039
53863664232
53863670458
53863677172
53863682482
53863688097
53863693468
53863701158
53863706285
53863714464
53863720506
53863727220
53863733263
53863739244
53863744249
53863750108
53863756090
53863762865
53863770860
53863775987
53863784959
53863789842
53863798753
53863805345
53863811204
53863818223
53863825426
53863831590
53863839525
53863845262
53863852891
53863858812
53863866441
53863873765
53863880357
53863885972
53863892381
53863898362
53863903062
53863908983
53863916490
53863923143
53863927842
53863935106
53863942125
53863948106
53863955369
53863961961
53863967515
53863976426
53863985520
53863992295
53863997666
53864006516
53864012681
53864018357
53864025926
53864030808
53864038316
53864044663
53864051133
53864057481
53864064744
53864072190
53864079209
53864085374
53864090134
53864096238
53864101548
53864109849
53864118455
53864124497
53864130723
53864137742
53864144700
53864150010
53864158616
53864165207
53864173020
53864180710
53864186875
53864194260
53864200303
53864207871
53864215317
53864222397
53864228257
53864236252
53864244797
53864253098
53864261093
53864269577
53864276413
53864284470
53864291672
53864297959
53864306626
53864313828
53864319809
53864326584
53864334763
53864343186
53864350266
53864358749
53864364243
53864374863
53864382309
53864391525
53864399826
53864407089
53864414047
53864420883
53864428573
53864435043
53864441452
53864448227
53864456039
53864462021
53864467514
53864472824
53864481125
53864487777
53864492782
53864498642
53864504989
53864511398
53864518173
53864524521
53864530868
53864538070
53864543808
53864548324
53864555160
53864562301
53864569381
53864575485
53864580490
53864588729
53864594100
53864601547
53864608566
53864615463
53864622115
53864628158
53864634872
53864641097
53864647384
53864652938
53864659591
53864665878
53864673873
53864680465
53864686141
53864693282
53864698653
53864705245
53864711471
53864719894
53864726119
53864732772
53864739364
53864745101
53864751815
53864758101
53864764998
53864771651
53864776717
53864782454
53864789962
53864797042
53864804061
53864809798
53864816573
53864821822
53864828780
53864835250
53864841109
53864848006
53864853072
53864861556
53864867171
53864874556
53864880904
53864885909
53864892562
53864898909
53864905745
53864917098
53864928755
53864946944
53864956282
53864966475
53864981245
53864992293
53865001570
53865011824
53865017744
53865026716
53865034102
53865042586
53865051558
53865057966
53865064619
53865070295
53865076704
53865082136
53865088911
53865095930
53865102766
53865109236
53865116072
53865121748
53865128218
53865134504
53865141584
53865148176
53865155012
53865161177
53865168013
53865173262
53865181074
53865187300
53865194929
53865201155
53865207197
53865213239
53865219404
53865225263
53865230024
53865235883
53865243879
53865251936
53865258588
53865264936
53865272199
53865278547
53865285200
53865293317
53865300031
53865306867
53865313032
53865319807
53865326398
53865331830
53865338605
53865345991
53865354230
53865358686
53865364911
53865370954
53865376874
53865382795
53865388532
53865393720
53865399701
53865404401
53865411725
53865418195
53865424176
53865429670
53865435529
53865442609
53865449384
53865456098
53865461835
53865467450
53865475019
53865478620
53865487287
53865494000
53865501813
53865507855
53865515546
53865520551
53865528546
53865535138
53865542340
53865548993
53865555646
53865560895
53865568097
53865575482
53865580853
53865588422
53865593915
53865602704
53865608258
53865618695
53865626752
53865633343
53865643536
53865653973
53865660382
53865668683
53865677105
53865684063
53865689923
53865693463
53865703106
53865709454
53865715435
53865722821
53865728924
53865732159
53865742474
53865748150
53865754742
53865759320
53865765911
53865771527
53865779156
53865786785
53865792340
53865799359
53865806011
53865812054
53865816937
53865824261
53865829571
53865838360
53865845623
53865852886
53865860638
53865866741
53865872723
53865877666
53865887371
53865893841
53865901409
53865906902
53865913921
53865919292
53865926494
53865935039
53865940594
53865947979
53865952740
53865962383
53865968487
53865975445
53865982769
53865989299
53865996807
53866003460
53866010051
53866016765
53866023723
53866031414
53866037456
53866044597
53866052166
53866059185
53866065593
53866070781
53866078166
53866085124
53866094341
53866100017
53866106304
53866113811
53866120647
53866126506
53866133342
53866142070
53866147929
53866154033
53866165202
53866171245
53866178081
53866186504
53866194438
53866201335
53866207622
53866215007
53866221355
53866226970
53866237834
53866247050
53866252421
53866263469
53866272197
53866279094
53866286784
53866295085
53866303019
53866310405
53866317180
53866324443
53866330668
53866336406
53866343119
53866351481
53866357707
53866364787
53866372416
53866379008
53866385661
53866391093
53866401469
53866408915
53866415385
53866422404
53866428935
53866435282
53866441935
53866449748
53866456950
53866464518
53866471659
53866478312
53866485880
53866491740
53866500895
53866506693
53866515299
53866522196
53866529154
53866535929
53866543802
53866550089
53866555277
53866564676
53866571390
53866576944
53866583536
53866590555
53866596598
53866603617
53866608988
53866616617
53866624552
53866631388
53866637979
53866645060
53866650675
53866657389
53866664225
53866671060
53866677042
53866684122
53866691751
53866699869
53866705362
53866711038
53866719278
53866726053
53866732340
53866738931
53866746622
53866753336
53866759012
53866765237
53866772317
53866776834
53866783975
53866790323
53866797464
53866802164
53866809427
53866814737
53866821878
53866827859
53866836954
53866843240
53866849954
53866855996
53866862100
53866868997
53866878213
53866887246
53866895242
53866904947
53866913491
53866919961
53866927835
53866937478
53866942544
53866949624
53866956277
53866963845
53866970193
53866977029
53866984414
53866991250
53866997720
53867004800
53867010781
53867015481
53867021340
53867027139
53867033486
53867040505
53867047097
53867053384
53867059853
53867065041
53867073159
53867079507
53867085732
53867091225
53867098794
53867104958
53867110146
53867116067
53867122842
53867127907
53867134804
53867139748
53867147439
53867154519
53867159463
53867164895
53867171608
53867177834
53867182595
53867189614
53867195107
53867201516
53867208046
53867214699
53867220864
53867226174
53867232338
53867238259
53867244179
53867251198
53867257912
53867263954
53867268898
53867276467
53867281777
53867288613
53867296913
53867303078
53867309487
53867316811
53867323280
53867330238
53867334572
53867343483
53867349831
53867357033
53867364235
53867371620
53867377296
53867382301
53867389625
53867396034
53867402260
53867409462
53867415687
53867422706
53867428627
53867436012
53867444191
53867451088
53867456886
53867462684
53867470680
53867478004
53867485023
53867490944
53867498512
53867508766
53867518653
53867524696
53867534278
53867542457
53867551124
53867556068
53867564064
53867569923
53867577369
53867582740
53867591102
53867596656
53867603919
53867608985
53867617713
53867624000
53867630103
53867636329
53867644080
53867649940
53867657691
53867663612
53867669532
53867675452
53867682471
53867687842
53867695838
53867700599
53867707313
53867713599
53867719703
53867725257
53867731299
53867736426
53867749671
53867756873
53867767005
53867773780
53867780860
53867787635
53867794532
53867801734
53867808814
53867815284
53867822608
53867828162
53867835364
53867842322
53867849951
53867856665
53867862952
53867868750
53867874365
53867882666
53867888831
53867897254
53867903479
53867908728
53867914099
53867920752
53867925940
53867932593
53867938818
53867944678
53867950049
53867958228
53867963721
53867971899
53867977881
53867983740
53867987830
53867994421
53868002478
53868007727
53868014624
53868021704
53868029333
53868034521
53868042639
53868048071
53868056372
53868061743
53868069861
53868075110
53868082068
53868087011
53868093542
53868102453
53868108679
53868114721
53868125402
53868134252
53868142492
53868152258
53868164038
53868170507
53868177648
53868185339
53868191381
53868198950
53868206030
53868210790
53868217199
53868224279
53868231115
53868236303
53868245397
53868251501
53868259191
53868262365
53868271337
53868277074
53868283849
53868290014
53868297582
53868303930
53868310216
53868314672
53868321874
53868329015
53868333898
53868340795
53868348058
53868353978
53868360998
53868368322
53868373754
53868381627
53868386815
53868393590
53868399266
53868408483
53868412145
53868420690
53868425756
53868435521
53868442296
53868448583
53868454930
53868463292
53868469823
53868475926
53868481847
53868489171
53868495030
53868502843
53868509435
53868513951
53868519322
53868525914
53868532018
53868538121
53868544041
53868549046
53868556310
53868563512
53868569981
53868577916
53868584752
53868591099
53868599278
53868604893
53868610264
53868616368
53868621800
53868627049
53868634007
53868639195
53868646458
53868651280
53868659642
53868667088
53868674107
53868681126
53868686558
53868692173
53868700413
53868707432
53868713780
53868719029
53868725315
53868731846
53868736729
53868743443
53868751927
53868761143
53868771946
53868779270
53868789097
53868799107
53868809422
53868816746
53868822605
53868830174
53868837193
53868842686
53868849155
53868855930
53868863193
53868870090
53868877354
53868884373
53868891575
53868897739
53868906101
53868912388
53868918430
53868925022
53868930332
53868936374
53868943638
53868949070
53868956821
53868961338
53868968479
53868974582
53868980503
53868985630
53868991550
53868997654
53869003879
53869010044
53869016819
53869022800
53869029514
53869035617
53869042758
53869049900
53869055149
53869061740
53869069004
53869073947
53869081272
53869087497
53869094760
53869102329
53869106906
53869115268
53869120334
53869125583
53869132236
53869138095
53869143588
53869151096
53869155917
53869164096
53869171237
53869176730
53869182468
53869192233
53869198337
53869204867
53869211459
53869216281
53869224277
53869229465
53869236850
53869241672
53869248996
53869254367
53869260104
53869263278
53869271823
53869277072
53869284579
53869291232
53869297519
53869304354
53869311496
53869317477
53869323153
53869330905
53869337863
53869344516
53869349520
53869356906
53869366549
53869374056
53869382907
53869389742
53869397372
53869403903
53869412325
53869418124
53869425570
53869433932
53869439059
53869447970
53869454379
53869461275
53869466463
53869475619
53869481295
53869487887
53869494234
53869501314
53869506869
53869512301
53869515230
53869524264
53869529696
53869537569
53869543917
53869550203
53869556978
53869562227
53869567782
53869575411
53869582186
53869587740
53869596163
53869601534
53869609224
53869614290
53869622164
53869629244
53869635897
53869644136
53869650850
53869657198
53869663729
53869670503
53869677156
53869683870
53869692232
53869698030
53869704073
53869711092
53869717073
53869723116
53869730257
53869734834
53869743868
53869748628
53869756136
53869763338
53869768648
53869774324
53869781465
53869787996
53869794404
53869799531
53869805635
53869812227
53869816865
53869822603
53869828462
53869834627
53869840608
53869846528
53869851106
53869857698
53869863862
53869869478
53869874177
53869881318
53869886445
53869893831
53869899629
53869905244
53869910676
53869918855
53869925447
53869933625
53869940522
53869945588
53869952302
53869960481
53869966706
53869973176
53869980134
53869989289
53870000153
53870008820
53870015351
53870027985
53870036286
53870044038
53870052705
53870059846
53870065400
53870074738
53870079926
53870088288
53870094453
53870102448
53870107697
53870115754
53870121064
53870129059
53870135407
53870143097
53870147553
53870155549
53870162323
53870168732
53870173737
53870181122
53870186860
53870195343
53870202118
53870207489
53870215790
53870223664
53870232392
53870237213
53870244660
53870250763
53870256623
53870263703
53870269196
53870275910
53870282684
53870288971
53870294708
53870301849
53870306732
53870312531
53870319367
53870325165
53870332123
53870338776
53870345001
53870350739
53870356293
53870362946
53870368378
53870376068
53870383392
53870390289
53870396576
53870403107
53870408844
53870415497
53870423126
53870428192
53870435455
53870442230
53870449127
53870456451
53870461822
53870470001
53870475738
53870481414
53870487274
53870492767
53870500274
53870503631
53870512420
53870519134
53870525054
53870531097
53870538421
53870545379
53870552581
53870559356
53870566314
53870574127
53870579986
53870586334
53870593536
53870598663
53870604888
53870610259
53870620269
53870628265
53870635894
53870646941
53870654815
53870662444
53870670928
53870677520
53870688384
53870694793
53870701507
53870706450
53870713775
53870720550
53870725615
53870732696
53870738250
53870747466
53870753570
53870761809
53870764983
53870774810
53870781463
53870787261
53870794280
53870801726
53870807036
53870814299
53870819182
53870826445
53870831450
53870839263
53870845122
53870852019
53870858550
53870864531
53870870513
53870876494
53870881377
53870887358
53870894805
53870900359
53870907378
53870914336
53870921172
53870926604
53870934172
53870941374
53870947173
53870954008
53870959746
53870962981
53870971770
53870977751
53870983061
53870988371
53870995085
53871001555
53871009733
53871016325
53871022368
53871029814
53871036101
53871041716
53871047514
53871053434
53871060576
53871066313
53871073637
53871078398
53871085783
53871090178
53871096830
53871104094
53871109648
53871117094
53871123930
53871128935
53871136686
53871144010
53871150724
53871157438
53871162809
53871169645
53871176298
53871183256
53871190336
53871195951
53871200407
53871207792
53871215177
53871221647
53871228788
53871234464
53871242277
53871251127
53871257230
53871264982
53871273283
53871281217
53871289213
53871299344
53871304288
53871313566
53871321805
53871327360
53871332853
53871339872
53871345487
53871353238
53871359769
53871366300
53871373319
53871379422
53871385099
53871391751
53871398404
53871403714
53871412137
53871415250
53871422391
53871429044
53871434842
53871438932
53871448575
53871455533
53871461942
53871465055
53871476041
53871479215
53871489896
53871495572
53871503018
53871508817
53871514737
53871521390
53871527860
53871534695
53871540921
53871548245
53871555142
53871561551
53871568387
53871575589
53871581937
53871587125
53871593167
53871600552
53871608243
53871615018
53871621243
53871628140
53871631192
53871640347
53871644192
53871653714
53871660855
53871670010
53871675991
53871682644
53871687039
53871695584
53871701687
53871708279
53871714993
53871720181
53871727017
53871731838
53871739590
53871747036
53871753811
53871759121
53871768154
53871774441
53871781094
53871787380
53871795559
53871801296
53871809353
53871815884
53871823330
53871829128
53871836697
53871841946
53871849270
53871855923
53871862942
53871869533
53871877285
53871885708
53871894436
53871902248
53871911587
53871918484
53871928432
53871936489
53871942775
53871949001
53871957668
53871964016
53871970729
53871977260
53871984157
53871990322
53871998745
53872005214
53872011135
53872017421
53872024501
53872029689
53872036952
53872042079
53872049465
53872054164
53872061916
53872068813
53872074672
53872081081
53872085597
53872091396
53872097377
53872104579
53872111842
53872118739
53872123561
53872131984
53872137111
53872145595
53872151271
53872159511
53872164577
53872171779
53872175258
53872182948
53872188624
53872194972
53872202907
53872209437
53872216762
53872222987
53872230128
53872236598
53872242396
53872251368
53872258815
53872264247
53872271632
53872276271
53872283290
53872287989
53872294459
53872299220
53872307887
53872311427
53872321498
53872327845
53872334559
53872340907
53872347621
53872354762
53872361659
53872367335
53872373438
53872379664
53872386561
53872392664
53872399134
53872402979
53872409693
53872416285
53872421046
53872427271
53872433558
53872439478
53872446009
53872453516
53872459071
53872466456
53872472681
53872479578
53872485926
53872492884
53872503321
53872513209
53872522791
53872530726
53872538538
53872548670
53872556055
53872562891
53872571314
53872577356
53872583582
53872590601
53872597193
53872603968
53872611475
53872617823
53872624842
53872631067
53872638452
53872646326
53872650904
53872659204
53872664575
53872672754
53872680567
53872685205
53872692285
53872711511
53872718103
53872724817
53872730798
53872737512
53872743188
53872749963
53872755334
53872761499
53872767969
53872772668
53872778894
53872783594
53872790491
53872795984
53872803918
53872811487
53872817102
53872825586
53872831811
53872836877
53872845117
53872852441
53872858728
53872861657
53872872827
53872878808
53872886560
53872890649
53872898461
53872904260
53872912316
53872919641
53872926416
53872932641
53872938928
53872943688
53872951257
53872958215
53872965295
53872971520
53872978600
53872984948
53872992028
53872998071
53873004540
53873011071
53873015771
53873022912
53873027856
53873034020
53873038903
53873045800
53873052880
53873058617
53873063927
53873069848
53873074731
53873082421
53873088952
53873095482
53873100731
53873108483
53873114281
53873119896
53873128686
53873137841
53873150231
53873157982
53873168297
53873177391
53873185631
53873191124
53873199303
53873205651
53873211815
53873217675
53873225426
53873230797
53873239159
53873244164
53873250389
53873257408
53873264122
53873270409
53873275597
53873282433
53873287499
53873295311
53873303917
53873308678
53873315697
53873321556
53873327843
53873333702
53873338768
53873346153
53873349449
53873357506
53873363304
53873368797
53873374168
53873380089
53873385826
53873394676
53873400780
53873406700
53873413536
53873419273
53873425804
53873433433
53873442589
53873448875
53873454307
53873459678
53873465904
53873470665
53873478111
53873485130
53873490196
53873495994
53873501121
53873508079
53873515464
53873521446
53873529319
53873535484
53873541770
53873546043
53873553001
53873558067
53873567283
53873573142
53873577232
53873586021
53873590720
53873598350
53873603355
53873611900
53873617515
53873623985
53873629539
53873636863
53873643882
53873649924
53873657188
53873664878
53873671165
53873679343
53873688499
53873693931
53873702720
53873710105
53873717002
53873725425
53873734397
53873742942
53873750571
53873755393
53873765586
53873773215
53873781882
53873790122
53873796836
53873804282
53873813986
53873820822
53873827597
53873834799
53873842673
53873851340
53873859641
53873866721
53873873862
53873880454
53873887595
53873893637
53873899924
53873907797
53873915060
53873922629
53873929892
53873938315
53873944174
53873949850
53873957541
53873964011
53873970297
53873976828
53873984946
53873989401
53873996603
53874003378
53874010153
53874016073
53874022909
53874027060
53874034567
53874041708
53874046164
53874052328
53874058432
53874064291
53874068747
53874074850
53874080770
53874086630
53874091207
53874099203
53874104818
53874113058
53874118734
53874127523
53874134481
53874142111
53874148397
53874154684
53874162252
53874168661
53874175009
53874183370
53874190084
53874196371
53874203085
53874209188
53874216390
53874222555
53874228658
53874237020
53874241842
53874249105
53874254354
53874261312
53874265462
53874272665
53874277364
53874286397
53874292501
53874297140
53874303060
53874309041
53874315633
53874320333
53874326497
53874332601
53874338155
53874344381
53874351339
53874356832
53874365071
53874374532
53874381673
53874391561
53874398641
53874410298
53874418294
53874425008
53874433858
53874439900
53874446370
53874450520
53874458150
53874464070
53874471761
53874476949
53874486775
53874493306
53874500569
53874508199
53874513875
53874520955
53874528096
53874534993
53874540303
53874547871
53874554707
53874561238
53874566975
53874574666
53874580647
53874586995
53874593892
53874599812
53874606038
53874613606
53874619404
53874626484
53874632161
53874639790
53874644612
53874651631
53874657795
53874662617
53874670002
53874677082
53874683430
53874690449
53874697224
53874703083
53874710285
53874717121
53874723591
53874730610
53874737324
53874743366
53874750263
53874755146
53874763081
53874767780
53874775349
53874780903
53874789143
53874796467
53874802570
53874808247
53874814777
53874819721
53874828083
53874834064
53874842548
53874848957
53874854328
53874860126
53874865314
53874870563
53874877216
53874884662
53874892780
53874897419
53874904194
53874909382
53874916462
53874922687
53874930256
53874937946
53874943744
53874951374
53874956440
53874964252
53874970050
53874978595
53874982746
53874990497
53874997028
53875005451
53875012775
53875021625
53875032916
53875042072
53875049152
53875055377
53875067035
53875074909
53875081989
53875088519
53875094928
53875101459
53875108478
53875115314
53875120624
53875128558
53875133746
53875142230
53875147601
53875155658
53875160419
53875166400
53875172504
53875178424
53875183368
53875190997
53875197589
53875202960
53875207843
53875214374
53875219500
53875226031
53875232318
53875238788
53875245623
53875252520
53875258319
53875264911
53875272479
53875277789
53875284442
53875291827
53875298480
53875304217
53875311358
53875316668
53875325274
53875331439
53875338153
53875344744
53875351275
53875356951
53875364947
53875368304
53875378008
53875383929
53875391741
53875396990
53875404192
53875409441
53875416216
53875422198
53875428301
53875433367
53875440142
53875447832
53875453265
53875461443
53875466997
53875475115
