53693033382
53693038143
53693043148
53693047481
53693050838
53693054928
53693059322
53693063290
53693067501
53693072140
53693075680
53693079586
53693083614
53693088253
53693092342
53693096737
53693100887
53693105221
53693108883
53693113460
53693117733
53693121517
53693125118
53693129268
53693133724
53693139034
53693144100
53693148494
53693152584
53693158260
53693163326
53693168270
53693173458
53693178524
53693184383
53693188900
53693194271
53693200618
53693207210
53693213985
53693219112
53693225765
53693231075
53693237178
53693244686
53693251155
53693260494
53693266414
53693274654
53693279964
53693288265
53693294856
53693300960
53693309932
53693316829
53693325435
53693330867
53693339046
53693346248
53693350459
53693359065
53693366633
53693373164
53693380916
53693386653
53693396846
53693404719
53693412410
53693419246
53693426570
53693435176
53693442378
53693450312
53693457515
53693465998
53693473323
53693479548
53693488459
53693493891
53693502558
53693509883
53693518855
53693524287
53693533259
53693542170
53693548030
53693555964
53693561579
53693572016
53693578303
53693585139
53693591242
53693599177
53693607111
53693614619
53693621699
53693629328
53693637507
53693645258
53693652399
53693660212
53693667841
53693674189
53693682001
53693688898
53693695490
53693701777
53693707758
53693716608
53693721735
53693729120
53693735651
53693741755
53693748041
53693755732
53693762323
53693768915
53693775568
53693781855
53693788874
53693796808
53693804071
53693809442
53693818659
53693826227
53693834101
53693842584
53693850336
53693857538
53693865350
53693872675
53693881281
53693888117
53693894342
53693902216
53693908441
53693915277
53693922113
53693928400
53693937555
53693943719
53693952142
53693959161
53693965631
53693972955
53693980340
53693987665
53693997980
53694004510
53694014947
53694023736
53694031366
53694038446
53694047052
53694054559
53694061395
53694069390
53694078118
53694086053
53694093072
53694099725
53694106500
53694114068
53694121209
53694128106
53694136590
53694143182
53694153619
53694161736
53694169854
53694175836
53694188470
53694196465
53694203240
53694209222
53694218438
53694225701
53694233147
53694240899
53694248711
53694255852
53694264153
53694271966
53694280327
53694286797
53694297722
53694305901
53694314629
53694323174
53694330620
53694338677
53694346611
53694353508
53694363823
53694369500
53694379204
53694386650
53694394524
53694401421
53694410393
53694415764
53694423638
53694431084
53694443352
53694449394
53694457939
53694464958
53694471977
53694479485
53694487358
53694496269
53694505608
53694513969
53694521782
53694528130
53694538322
53694545647
53694552849
53694560112
53694568352
53694577202
53694584465
53694592033
53694601127
53694608757
53694616569
53694624199
53694633354
53694640373
53694647453
53694655815
53694663993
53694672538
53694680290
53694689323
53694697196
53694704216
53694712882
53694720268
53694728080
53694736564
53694746269
53694754081
53694761588
53694769828
53694777213
53694784293
53694795097
53694802482
53694810966
53694820365
53694829642
53694835502
53694846183
53694853141
53694861625
53694868888
53694876945
53694884208
53694894340
53694901969
53694909659
53694917289
53694925345
53694933097
53694940787
53694949088
53694956351
53694964713
53694972647
53694978995
53694986930
53694994071
53695003958
53695010672
53695019034
53695026175
53695034293
53695041068
53695051383
53695056754
53695068839
53695076041
53695086661
53695094534
53695101859
53695109854
53695116446
53695125845
53695132742
53695143484
53695147940
53695155997
53695161856
53695168387
53695173392
53695179800
53695186453
53695196890
53695203970
53695210562
53695217947
53695224844
53695231680
53695238760
53695245901
53695253592
53695259756
53695267752
53695274160
53695280447
53695287283
53695294485
53695302542
53695309805
53695317800
53695324392
53695332388
53695339956
53695347402
53695354788
53695364187
53695371328
53695378896
53695386221
53695393667
53695401968
53695409475
53695415762
53695424612
53695435293
53695442861
53695451711
53695459157
53695466604
53695476674
53695484548
53695495534
53695501638
53695509145
53695516652
53695525136
53695532521
53695538747
53695546010
53695552419
53695561147
53695566396
53695575002
53695580495
53695589528
53695595876
53695603383
53695610524
53695618886
53695625417
53695634450
53695642751
53695648427
53695658315
53695666554
53695674489
53695683034
53695693898
53695700978
53695708791
53695714284
53695722646
53695728505
53695736806
53695743764
53695750416
53695755788
53695764271
53695771290
53695776845
53695785573
53695791859
53695799550
53695805226
53695813405
53695819691
53695826954
53695832447
53695839711
53695845814
53695854542
53695862843
53695868214
53695874501
53695882679
53695889088
53695895802
53695901905
53695906605
53695914112
53695918995
53695927174
53695932667
53695938648
53695943287
53695951100
53695958302
53695964283
53695970570
53695976490
53695982838
53695988697
53695994129
53696000782
53696008289
53696014393
53696021351
53696027332
53696032764
53696040394
53696045399
53696053272
53696058643
53696065540
53696071522
53696077686
53696085377
53696091724
53696097278
53696103565
53696111011
53696116504
53696123523
53696129017
53696134327
53696141956
53696149280
53696155384
53696161792
53696169483
53696175403
53696183216
53696189075
53696196460
53696202381
53696209888
53696215991
53696221179
53696229236
53696234363
53696240833
53696247730
53696254138
53696259387
53696267017
53696272754
53696280933
53696288379
53696295642
53696302539
53696309009
53696316394
53696322620
53696329028
53696335742
53696342700
53696349353
53696355762
53696363574
53696369311
53696375598
53696380847
53696388782
53696394580
53696401050
53696408618
53696414904
53696420031
53696427417
53696433520
53696438830
53696445910
53696451159
53696458056
53696465014
53696469897
53696476916
53696482531
53696489611
53696494860
53696501940
53696507617
53696513476
53696519641
53696527392
53696532763
53696540087
53696546130
53696553210
53696560412
53696565600
53696571642
53696578906
53696584521
53696591601
53696597155
53696604296
53696612597
53696618090
53696625841
53696631396
53696637621
53696642626
53696649584
53696655932
53696662585
53696669359
53696675585
53696682299
53696689135
53696694811
53696700976
53696708544
53696715258
53696722033
53696728685
53696734850
53696742723
53696748156
53696754625
53696760790
53696769579
53696775804
53696781603
53696788439
53696794176
53696800218
53696805712
53696813036
53696820421
53696826586
53696832079
53696838609
53696845873
53696851366
53696858812
53696865343
53696872789
53696877794
53696885423
53696891893
53696899644
53696905626
53696912035
53696921190
53696928392
53696934984
53696941331
53696948228
53696953538
53696961778
53696967393
53696976610
53696985338
53696991990
53696999315
53697005845
53697011339
53697019395
53697025254
53697032029
53697039293
53697045823
53697052659
53697058641
53697064805
53697071153
53697077928
53697084642
53697090806
53697097337
53697104295
53697110581
53697116258
53697124742
53697134507
53697141526
53697147813
53697154954
53697160752
53697168687
53697173936
53697181443
53697186509
53697194199
53697199631
53697207200
53697213303
53697220505
53697226548
53697232041
53697239060
53697246689
53697251816
53697259019
53697266404
53697271287
53697277695
53697285264
53697293015
53697299607
53697305771
53697312546
53697318589
53697325303
53697331223
53697336533
53697342759
53697349656
53697355515
53697362351
53697368332
53697375046
53697381455
53697386643
53697395188
53697400742
53697407273
53697413742
53697420578
53697427048
53697433396
53697440231
53697447250
53697453964
53697460312
53697466965
53697473190
53697479782
53697486191
53697491867
53697499557
53697506760
53697512192
53697517929
53697525436
53697531601
53697537094
53697544357
53697551803
53697557663
53697565719
53697573715
53697579513
53697586960
53697592819
53697600082
53697606125
53697613449
53697621750
53697628585
53697633712
53697640182
53697649215
53697655929
53697660934
53697666610
53697674057
53697680038
53697687423
53697694259
53697700302
53697706893
53697713851
53697720382
53697726852
53697733260
53697739791
53697746139
53697752670
53697759139
53697768905
53697776901
53697782455
53697788741
53697795638
53697801925
53697807723
53697816207
53697823043
53697828841
53697836288
53697842147
53697848861
53697856185
53697861068
53697869674
53697876327
53697883773
53697888839
53697896285
53697901107
53697908187
53697915145
53697922957
53697928328
53697936202
53697941878
53697949569
53697957686
53697963118
53697971480
53697978621
53697985335
53697990645
53697999617
53698004988
53698012435
53698020003
53698026656
53698033186
53698039290
53698045760
53698051680
53698058150
53698064009
53698068831
53698076521
53698083540
53698089827
53698095076
53698101241
53698108137
53698114485
53698121626
53698127974
53698135847
53698142561
53698148726
53698155501
53698162642
53698169478
53698176191
53698183027
53698189985
53698197065
53698202986
53698211775
53698217390
53698225996
53698233931
53698241011
53698247908
53698254744
53698261274
53698269209
53698275373
53698281172
53698287092
53698295698
53698300520
53698308760
53698315840
53698321394
53698327314
53698334211
53698340925
53698348310
53698353864
53698359724
53698366071
53698373579
53698378767
53698385847
53698391218
53698398481
53698404768
53698411603
53698417585
53698422773
53698430158
53698437238
53698444318
53698451459
53698457563
53698462507
53698468427
53698476240
53698482404
53698489240
53698495405
53698503339
53698513776
53698518354
53698526166
53698531537
53698539289
53698544599
53698552411
53698561139
53698567182
53698574445
53698580487
53698587995
53698594037
53698601850
53698609357
53698615338
53698620954
53698626874
53698633954
53698639447
53698646710
53698653302
53698662152
53698668866
53698675153
53698681195
53698687726
53698693646
53698698468
53698707440
53698712445
53698718671
53698726056
53698732159
53698738568
53698744671
53698751080
53698757123
53698763531
53698769452
53698775311
53698781476
53698788250
53698794415
53698800091
53698807965
53698813153
53698819378
53698824078
53698831952
53698837872
53698844097
53698851117
53698858075
53698865338
53698872113
53698881146
53698887493
53698894268
53698901653
53698909283
53698915264
53698923321
53698930035
53698936566
53698944927
53698951580
53698957928
53698964642
53698972454
53698977947
53698985210
53698990643
53698998455
53699004986
53699011455
53699018047
53699025432
53699031475
53699039104
53699046734
53699052288
53699058941
53699066997
53699073650
53699079754
53699088665
53699094463
53699105449
53699111919
53699118694
53699126323
53699134685
53699139812
53699146099
53699153179
53699159404
53699165386
53699171550
53699177104
53699183940
53699190532
53699196636
53699203044
53699210857
53699216411
53699223064
53699231365
53699237346
53699244060
53699250102
53699257671
53699263774
53699271404
53699277507
53699285381
53699292155
53699299724
53699305644
53699313335
53699319377
53699326396
53699331950
53699338908
53699344646
53699351604
53699357097
53699362285
53699369304
53699374492
53699381511
53699387248
53699394572
53699399455
53699406535
53699412700
53699419841
53699424540
53699431742
53699440165
53699446879
53699452922
53699459452
53699465800
53699471232
53699477824
53699484477
53699491130
53699497782
53699504252
53699511088
53699517863
53699525004
53699530863
53699538432
53699545939
53699552897
53699559611
53699566691
53699573283
53699580729
53699587321
53699594157
53699601725
53699608012
53699615031
53699622233
53699630595
53699637247
53699642557
53699650614
53699655985
53699662089
53699668986
53699674784
53699681681
53699688883
53699695292
53699701639
53699707987
53699713907
53699718912
53699724649
53699732096
53699738016
53699745584
53699753763
53699762186
53699769144
53699776712
53699783731
53699790872
53699797647
53699801065
53699811746
53699818338
53699824564
53699831522
53699837747
53699844217
53699850809
53699856668
53699863321
53699870462
53699877298
53699884561
53699890604
53699896219
53699904275
53699910684
53699918008
53699923563
53699930582
53699936502
53699943460
53699948221
53699955118
53699960306
53699968057
53699974954
53699982583
53699988687
53699996499
53700002481
53700010476
53700018533
53700024514
53700032205
53700037393
53700044229
53700051919
53700057840
53700065957
53700072122
53700076821
53700084817
53700089822
53700097817
53700103005
53700111001
53700116311
53700126138
53700133218
53700139993
53700146096
53700152322
53700159707
53700166055
53700171792
53700179543
53700184670
53700190957
53700197854
53700205178
53700211098
53700220071
53700226296
53700232705
53700239846
53700246010
53700253640
53700259682
53700265603
53700272316
53700278176
53700286110
53700291115
53700298928
53700303872
53700311501
53700317971
53700323647
53700330849
53700336586
53700343117
53700350380
53700355568
53700363320
53700369606
53700375466
53700382607
53700388466
53700397377
53700402565
53700408058
53700415444
53700421120
53700428261
53700435524
53700440407
53700448341
53700453163
53700460182
53700467445
53700473488
53700478432
53700485695
53700492958
53700501015
53700506691
53700512794
53700519813
53700525795
53700531898
53700538124
53700543678
53700551307
53700556007
53700562111
53700568336
53700574623
53700582069
53700588844
53700593910
53700601661
53700607521
53700615455
53700620643
53700628578
53700634559
53700640907
53700647804
53700653968
53700659523
53700667274
53700673133
53700679359
53700686683
53700692665
53700700111
53700705909
53700712745
53700720558
53700727027
53700733314
53700740882
53700747779
53700754432
53700762183
53700768897
53700775123
53700780860
53700789466
53700797156
53700803016
53700812415
53700817176
53700825477
53700830421
53700838660
53700843848
53700853248
53700860206
53700866675
53700873389
53700881751
53700887671
53700895972
53700901160
53700910193
53700918494
53700924903
53700932166
53700939551
53700947303
53700954688
53700961219
53700968360
53700975073
53700980506
53700986487
53700995398
53701001807
53701008215
53701015112
53701020117
53701028662
53701035681
53701041724
53701048010
53701054297
53701060889
53701067297
53701074744
53701080725
53701086768
53701092993
53701099036
53701105383
53701112402
53701118933
53701126074
53701132483
53701139685
53701146338
53701152807
53701158911
53701164099
53701172644
53701177893
53701185705
53701191809
53701199926
53701205969
53701212622
53701220312
53701227575
53701232031
53701239172
53701247168
53701253576
53701259680
53701267431
53701273779
53701280004
53701286108
53701296606
53701303869
53701308996
53701314489
53701323827
53701331518
53701337499
53701343359
53701350134
53701355505
53701362585
53701368078
53701374853
53701381994
53701386571
53701394018
53701400976
53701407262
53701412633
53701420202
53701428258
53701433629
53701441198
53701448400
53701454259
53701460180
53701468419
53701473974
53701480626
53701488683
53701496373
53701503270
53701510106
53701518956
53701525304
53701531652
53701539098
53701548314
53701554723
53701564672
53701571324
53701576879
53701583837
53701591283
53701595860
53701603551
53701610265
53701617406
53701623753
53701630650
53701636205
53701642491
53701647984
53701654149
53701662389
53701668004
53701674535
53701681676
53701688512
53701694798
53701701268
53701706944
53701713719
53701721104
53701726536
53701733616
53701738865
53701745213
53701752049
53701758641
53701765049
53701772069
53701780003
53701785923
53701793187
53701799229
53701805333
53701813694
53701819676
53701827549
53701834202
53701841282
53701848484
53701855625
53701862889
53701868504
53701875340
53701880772
53701889683
53701896153
53701901768
53701909825
53701914524
53701922093
53701929722
53701936192
53701942051
53701949925
53701955723
53701963596
53701970615
53701976719
53701983799
53701990330
53701998020
53702004429
53702011936
53702018406
53702025608
53702030491
53702035984
53702043674
53702050998
53702055576
53702065952
53702073826
53702079868
53702086826
53702094455
53702100559
53702107578
53702117527
53702124729
53702132846
53702139316
53702147251
53702151950
53702159336
53702165073
53702171421
53702178684
53702184665
53702191928
53702198520
53702205295
53702211948
53702218845
53702224155
53702230869
53702237827
53702243503
53702248752
53702256808
53702263095
53702269748
53702276706
53702281833
53702288913
53702295138
53702302524
53702308688
53702316684
53702321933
53702330112
53702335910
53702343722
53702350558
53702357455
53702364291
53702369906
53702377170
53702385043
53702391513
53702399142
53702406039
53702411959
53702419406
53702425204
53702433810
53702440219
53702447604
53702453890
53702459628
53702467745
53702475192
53702482577
53702489230
53702495638
53702502474
53702508700
53702514010
53702520358
53702526705
53702534457
53702541048
53702548861
53702554903
53702561251
53702569064
53702575167
53702582552
53702588839
53702595431
53702602816
53702609591
53702616183
53702621310
53702629671
53702633028
53702643831
53702651644
53702658358
53702664705
53702670199
53702680269
53702687655
53702695284
53702699801
53702709261
53702713778
53702721773
53702727816
53702733248
53702742586
53702747347
53702755220
53702760897
53702766451
53702773165
53702779878
53702787874
53702792757
53702800325
53702806673
53702813020
53702818392
53702825472
53702832857
53702840547
53702847261
53702855013
53702863130
53702869905
53702874971
53702881258
53702889009
53702895235
53702902864
53702909334
53702915193
53702922151
53702929353
53702935213
53702943147
53702948945
53702954622
53702960786
53702968232
53702974885
53702981233
53702988191
53702993379
53703001802
53703010835
53703018281
53703025544
53703032624
53703038728
53703045747
53703054170
53703058930
53703064973
53703072175
53703079499
53703086091
53703092683
53703098359
53703103730
53703111360
53703119111
53703125520
53703131562
53703137177
53703142732
53703151398
53703157563
53703165070
53703172333
53703178620
53703185090
53703191132
53703196870
53703202729
53703211945
53703217560
53703224030
53703231537
53703237397
53703245453
53703254487
53703261933
53703267853
53703276093
53703281769
53703290070
53703296967
53703301972
53703309662
53703314911
53703322419
53703329316
53703336090
53703341950
53703347809
53703354279
53703361725
53703369171
53703375397
53703381928
53703388825
53703394135
53703401520
53703409577
53703415802
53703422272
53703428436
53703433014
53703440582
53703447296
53703454254
53703460541
53703467621
53703473968
53703479645
53703485077
53703493133
53703498871
53703505890
53703510528
53703519195
53703524994
53703532135
53703538238
53703546417
53703551971
53703558502
53703565521
53703571624
53703578643
53703586578
53703593109
53703600128
53703605255
53703611297
53703619110
53703624847
53703631378
53703636199
53703643463
53703647735
53703655242
53703661529
53703669464
53703675323
53703680694
53703688568
53703695526
53703701019
53703708587
53703714752
53703722320
53703727630
53703734649
53703739654
53703746673
53703753265
53703759490
53703766753
53703771331
53703778838
53703785369
53703793975
53703800994
53703808196
53703815581
53703821929
53703828643
53703833953
53703842681
53703849395
53703856658
53703861968
53703868743
53703875090
53703883208
53703890349
53703895598
53703903167
53703908049
53703917754
53703923613
53703929778
53703936248
53703943633
53703949492
53703957549
53703964507
53703971587
53703978606
53703984099
53703990813
53703999175
53704005278
53704013152
53704018279
53704026457
53704031950
53704037749
53704044768
53704050505
53704057158
53704065520
53704071501
53704077605
53704084868
53704090544
53704095976
53704101652
53704109465
53704115507
53704121855
53704127592
53704133452
53704142851
53704148710
53704154265
53704161467
53704167204
53704173979
53704180510
53704190275
53704197294
53704204374
53704210295
53704217924
53704224760
53704233488
53704241667
53704249601
53704256254
53704264189
53704271391
53704281523
53704287077
53704294523
53704301237
53704309293
53704315763
53704323698
53704330412
53704336027
53704345060
53704350614
53704356901
53704364713
53704372587
53704378263
53704391325
53704398588
53704404813
53704410367
53704416837
53704426420
53704434659
53704442045
53704448575
53704455716
53704461393
53704466520
53704473661
53704480863
53704487516
53704493741
53704499234
53704506742
53704511258
53704518766
53704523709
53704532987
53704536222
53704545621
53704550077
53704556302
53704561063
53704570767
53704574857
53704580777
53704587430
53704593411
53704598844
53704603299
53704610806
53704617459
53704622952
53704627408
53704633511
53704637662
53704644559
53704650418
53704657925
53704663602
53704670560
53704676175
53704682767
53704689114
53704695401
53704702237
53704709317
53704714932
53704722867
53704729642
53704737393
53704742398
53704748196
53704756497
53704765225
53704770352
53704778225
53704784512
53704790921
53704798489
53704805447
53704811123
53704818508
53704824063
53704830471
53704836453
53704844082
53704848294
53704856350
53704863003
53704869351
53704874417
53704881497
53704888760
53704894314
53704901394
53704906338
53704913967
53704919399
53704928555
53704933804
53704939541
53704946621
53704952602
53704960842
53704966824
53704974636
53704982326
53704988430
53704993923
53704999538
53705007473
53705014736
53705024746
53705031338
53705036342
53705044216
53705049160
53705056423
53705061428
53705069240
53705076076
53705083217
53705090969
53705095424
53705102871
53705108730
53705117397
53705123867
53705133754
53705142055
53705148830
53705155788
53705163600
53705170619
53705176051
53705183864
53705190334
53705196254
53705203273
53705211147
53705218959
53705225368
53705230922
53705238063
53705244289
53705252345
53705258510
53705266444
53705272365
53705279140
53705285487
53705292018
53705299586
53705305507
53705312648
53705320033
53705324916
53705331508
53705339320
53705345851
53705352931
53705359034
53705364100
53705371425
53705377040
53705385279
53705392054
53705397364
53705406459
53705410914
53705418238
53705425196
53705432887
53705440272
53705446009
53705452296
53705461024
53705467555
53705475611
53705481104
53705490382
53705496485
53705503077
53705508143
53705518153
53705526698
53705535609
53705542506
53705551051
53705558558
53705566248
53705573389
53705579493
53705587916
53705594324
53705599390
53705605677
53705612818
53705619654
53705624048
53705630335
53705636866
53705642969
53705648340
53705657190
53705662439
53705670801
53705678492
53705684595
53705691736
53705695887
53705702539
53705708643
53705715662
53705722925
53705728601
53705734644
53705741968
53705748133
53705755823
53705761987
53705768030
53705772791
53705779688
53705784876
53705792932
53705798364
53705804773
53705811853
53705816065
53705823389
53705830530
53705838708
53705844995
53705850610
53705857385
53705863061
53705869958
53705876794
53705883813
53705889368
53705895593
53705902490
53705907251
53705914575
53705920312
53705926721
53705933252
53705938867
53705945520
53705953332
53705957849
53705965844
53705971582
53705978235
53705984826
53705990319
53705996606
53706004357
53706010278
53706015710
53706023706
53706028771
53706036523
53706042443
53706047936
53706054894
53706061791
53706066857
53706074365
53706080651
53706087121
53706093835
53706103112
53706108971
53706115014
53706121484
53706129723
53706136987
53706142663
53706152184
53706159020
53706166589
53706172387
53706179650
53706185448
53706191369
53706197045
53706202050
53706210534
53706217125
53706223351
53706229882
53706235192
53706239892
53706249291
53706254174
53706262352
53706269555
53706274804
53706280907
53706286034
53706294640
53706300438
53706308129
53706314415
53706320214
53706328514
53706335106
53706341271
53706347130
53706355004
53706359581
53706365807
53706372460
53706380333
53706386009
53706392662
53706399864
53706406822
53706411949
53706417442
53706425133
53706430870
53706437523
53706443809
53706451134
53706457054
53706461998
53706471764
53706477074
53706484581
53706491600
53706498375
53706504417
53706509605
53706516929
53706521812
53706529686
53706534752
53706541465
53706547081
53706553428
53706561790
53706565635
53706574546
53706580040
53706586998
53706593223
53706598045
53706605491
53706611839
53706617515
53706624168
53706629844
53706636253
53706642967
53706649070
53706657554
53706667137
53706675071
53706681907
53706688133
53706696433
53706703880
53706709983
53706716087
53706723106
53706728782
53706735801
53706742026
53706749412
53706756187
53706762290
53706768821
53706777793
53706784324
53706791587
53706796958
53706803550
53706809775
53706816489
53706823630
53706830588
53706837485
53706844199
53706850303
53706857566
53706863242
53706869834
53706875388
53706882102
53706890952
53706898154
53706903220
53706911704
53706918051
53706923606
53706929892
53706937033
53706942282
53706949362
53706956565
53706961020
53706969016
53706975974
53706982260
53706989890
53706997092
53707002585
53707009421
53707014670
53707019919
53707028342
53707034628
53707040610
53707047018
53707052206
53707059042
53707066305
53707072775
53707079062
53707086142
53707092306
53707097738
53707104819
53707113058
53707118002
53707125143
53707130148
53707137777
53707145041
53707151083
53707157980
53707163778
53707170370
53707176779
53707181784
53707190329
53707195944
53707203390
53707208944
53707215414
53707223226
53707228536
53707234274
53707241598
53707248312
53707255514
53707262350
53707267538
53707275839
53707283224
53707288473
53707295126
53707304708
53707310629
53707316610
53707323995
53707329549
53707336385
53707343160
53707349386
53707356527
53707363851
53707369466
53707374898
53707381795
53707388570
53707393636
53707402242
53707406637
53707415059
53707421346
53707427755
53707434774
53707440694
53707446737
53707452230
53707460592
53707465291
53707471395
53707478536
53707485860
53707490682
53707496785
53707503377
53707510213
53707516622
53707523397
53707530782
53707537068
53707544209
53707551534
53707556111
53707562886
53707568074
53707575398
53707581380
53707588704
53707593892
53707601033
53707606648
53707612386
53707621053
53707627827
53707632771
53707640523
53707646138
53707650838
53707657063
53707664448
53707670857
53707677266
53707683491
53707689778
53707697102
53707703755
53707710713
53707717244
53707722065
53707728596
53707734944
53707741841
53707747639
53707754536
53707761006
53707768086
53707775349
53707782185
53707788166
53707800679
53707806233
53707813801
53707818867
53707826863
53707834736
53707841694
53707848164
53707857136
53707864216
53707872028
53707878437
53707886860
53707893818
53707899799
53707905842
53707913898
53707920856
53707927937
53707935749
53707942158
53707948383
53707954609
53707962299
53707968098
53707974567
53707982258
53707988911
53707995991
53708001667
53708006183
53708013263
53708020954
53708028156
53708034076
53708042194
53708047016
53708054462
53708060505
53708065570
53708071308
53708076374
53708082843
53708091022
53708097492
53708103839
53708109577
53708115436
53708120746
53708125385
53708133930
53708139972
53708145465
53708152240
53708158832
53708166339
53708172687
53708180316
53708186725
53708191608
53708197894
53708203326
53708208575
53708216632
53708222308
53708228473
53708237140
53708242877
53708250262
53708256610
53708263324
53708269366
53708274737
53708281085
53708288714
53708295001
53708301471
53708308673
53708314898
53708321246
53708327289
53708333697
53708340472
53708348163
53708354083
53708360614
53708366717
53708372821
53708381610
53708386431
53708394061
53708399737
53708408160
53708415301
53708424395
53708430743
53708437762
53708445086
53708452899
53708460162
53708468463
53708476092
53708483660
53708488970
53708496233
53708502276
53708507830
53708513812
53708519427
53708525896
53708534136
53708539324
53708546892
53708552569
53708559588
53708564959
53708570208
53708578570
53708585039
53708591570
53708597674
53708603716
53708608294
53708618853
53708624590
53708630877
53708638018
53708643328
53708650713
53708657976
53708665606
53708670732
53708677446
53708684832
53708690813
53708696550
53708702532
53708709307
53708716936
53708722673
53708729753
53708735918
53708741594
53708749468
53708755815
53708760454
53708769548
53708775102
53708782243
53708787615
53708794206
53708799699
53708807451
53708813982
53708818864
53708827470
53708833818
53708839311
53708845964
53708852983
53708858110
53708865190
53708872453
53708878007
53708886613
53708890825
53708898820
53708904741
53708910844
53708917924
53708922990
53708931779
53708938798
53708945390
53708951982
53708958024
53708963456
53708971208
53708981645
53708989274
53708995805
53709002458
53709009782
53709017167
53709024369
53709029862
53709037919
53709044450
53709051957
53709057694
53709064530
53709070878
53709075456
53709083268
53709090287
53709096696
53709102311
53709108659
53709114274
53709122391
53709128861
53709136063
53709140763
53709146317
53709155045
53709161759
53709169083
53709177018
53709182450
53709190079
53709194718
53709199906
53709207718
53709213578
53709220109
53709226578
53709234086
53709240250
53709245621
53709253006
53709261002
53709266617
53709274002
53709282181
53709287857
53709292496
53709297989
53709305924
53709312210
53709319168
53709324539
53709331009
53709337662
53709345535
53709350235
53709357987
53709362869
53709368179
53709374649
53709381546
53709388870
53709395767
53709401077
53709408340
53709414139
53709420303
53709426224
53709434952
53709441727
53709447403
53709454605
53709461319
53709467666
53709472793
53709479507
53709485611
53709490555
53709499893
53709506424
53709513626
53709517654
53709528152
53709533096
53709539566
53709546280
53709553054
53709561843
53709569229
53709575149
53709584121
53709589614
53709598098
53709605789
53709611892
53709618240
53709625808
53709633804
53709638931
53709646926
53709653579
53709658950
53709666763
53709672134
53709678542
53709686477
53709692153
53709699294
53709705886
53709712905
53709719680
53709725295
53709732925
53709739150
53709743789
53709751662
53709757827
53709762771
53709768386
53709775832
53709783584
53709789443
53709796096
53709802504
53709808913
53709815200
53709820571
53709827346
53709834365
53709839675
53709846145
53709854140
53709859450
53709865676
53709872573
53709878737
53709885695
53709891982
53709897170
53709904799
53709910048
53709917494
53709924025
53709931349
53709937941
53709945021
53709951247
53709959425
53709967299
53709973158
53709978102
53709986220
53709993544
53709999709
53710006239
53710012526
53710017714
53710024611
53710031996
53710037978
53710043776
53710052321
53710056410
53710064284
53710070936
53710078566
53710084669
53710091261
53710097181
53710102492
53710108595
53710114576
53710124403
53710131178
53710139296
53710146376
53710152845
53710159986
53710169996
53710176466
53710184889
53710193739
53710199720
53710207899
53710215650
53710219068
53710228773
53710235731
53710242262
53710248792
53710255750
53710262892
53710269849
53710277113
53710283949
53710290296
53710296644
53710304334
53710311170
53710318555
53710328626
53710338148
53710345045
53710353345
53710360303
53710366712
53710374097
53710380079
53710385755
53710391736
53710398939
53710405103
53710410413
53710418348
53710423780
53710431897
53710437574
53710443433
53710450513
53710456250
53710463025
53710468579
53710475171
53710480664
53710487805
53710493238
53710500074
53710505506
53710512586
53710518140
53710524488
53710531568
53710538526
53710543775
53710551831
53710558667
53710565259
53710572095
53710578381
53710583691
53710591748
53710597058
53710605054
53710610364
53710617566
53710624768
53710631238
53710638257
53710644787
53710651623
53710657910
53710664380
53710670849
53710676953
53710683179
53710690198
53710696423
53710702588
53710708752
53710714978
53710723340
53710729748
53710735974
53710741955
53710749340
53710756298
53710762707
53710768750
53710778088
53710784069
53710790905
53710797619
53710805432
53710811901
53710818249
53710824963
53710833386
53710839916
53710846142
53710852612
53710859326
53710865185
53710872021
53710878368
53710884594
53710891186
53710898449
53710906322
53710911388
53710919384
53710924999
53710930431
53710938610
53710946850
53710953503
53710960155
53710966076
53710971996
53710977001
53710984630
53710990429
53710996410
53711001293
53711008861
53711013622
53711021129
53711027721
53711033825
53711040905
53711046947
53711050060
53711059948
53711064769
53711073253
53711079174
53711085948
53711092601
53711099437
53711109752
53711115245
53711121593
53711128673
53711135082
53711142162
53711147228
53711154552
53711160289
53711167552
53711172862
53711178966
53711186046
53711193248
53711199535
53711206798
53711212718
53711217601
53711224132
53711229137
53711237804
53711244090
53711250133
53711255748
53711261790
53711266551
53711274913
53711280894
53711287364
53711292735
53711302318
53711308177
53711315013
53711321971
53711328685
53711335643
53711342845
53711350047
53711356761
53711364390
53711371165
53711378550
53711384227
53711389842
53711397166
53711403758
53711412486
53711418162
53711426707
53711431651
53711439707
53711445811
53711454905
53711461253
53711469370
53711475108
53711482920
53711489451
53711496897
53711503855
53711510935
53711516978
53711521983
53711528757
53711535898
53711542246
53711547312
53711555186
53711562327
53711568552
53711571726
53711581248
53711587107
53711593149
53711599497
53711606577
53711613535
53711619883
53711625742
53711631968
53711638010
53711645639
53711651194
53711658823
53711665659
53711672922
53711679453
53711685129
53711691049
53711698740
53711704599
53711711618
53711720590
53711726023
53711734567
53711742319
53711749094
53711754587
53711762827
53711770639
53711777353
53711783579
53711790353
53711798105
53711805063
53711811227
53711818185
53711825204
53711831369
53711837228
53711843576
53711850107
53711856149
53711862985
53711869272
53711875924
53711882028
53711888742
53711894784
53711901437
53711907541
53711914621
53711920907
53711928476
53711934518
53711940683
53711948922
53711954415
53711962838
53711969735
53711976388
53711982186
53711990731
53711996102
53712004464
53712010873
53712018807
53712024911
53712033090
53712039071
53712044625
53712051461
53712056893
53712064034
53712070382
53712077767
53712086617
53712093209
53712101449
53712108224
53712115426
53712122201
53712128243
53712137032
53712143990
53712151436
53712157662
53712165963
53712172066
53712178902
53712186226
53712194344
53712199898
53712206002
53712212227
53712219796
53712225716
53712231331
53712236580
53712244454
53712251229
53712257454
53712264840
53712271065
53712278084
53712284310
53712291939
53712298226
53712305733
53712311836
53712318917
53712326546
53712332222
53712339852
53712346810
53712354622
53712360848
53712366829
53712374275
53712381660
53712388374
53712395515
53712402229
53712409798
53712416389
53712423469
53712429939
53712436653
53712443306
53712449409
53712458259
53712468452
53712478096
53712488044
53712495369
53712502937
53712511421
53712518623
53712525947
53712531746
53712537483
53712543342
53712549202
53712555122
53712560432
53712566536
53712573066
53712579902
53712584663
53712592536
53712597663
53712603462
53712609260
53712616523
53712621284
53712627693
53712631782
53712638740
53712644355
53712649665
53712655402
53712663093
53712668159
53712675117
53712679389
53712687080
53712693061
53712700324
53712707404
53712712348
53712718513
53712727241
53712737311
53712744208
53712751838
53712761298
53712768012
53712778998
53712786994
53712795478
53712803656
53712810859
53712816779
53712822516
53712827887
53712833747
53712839057
53712845099
53712850898
53712857733
53712862677
53712870002
53712875983
53712881354
53712887213
53712895148
53712901557
53712908026
53712914801
53712920966
53712928412
53712934454
53712940985
53712947089
53712954169
53712960150
53712966559
53712974127
53712979803
53712987311
53712991888
53712997321
53713003546
53713010260
53713016424
53713021796
53713026861
53713033636
53713038824
53713045843
53713050604
53713057623
53713062445
53713069525
53713074225
53713081610
53713087896
53713092535
53713098883
53713104620
53713112799
53713117682
53713127203
53713134893
53713141241
53713147467
53713155157
53713162481
53713170599
53713176824
53713183355
53713189886
53713197515
53713203741
53713209478
53713215521
53713222967
53713228948
53713234258
53713240240
53713246587
53713254217
53713260626
53713266363
53713272283
53713278570
53713284307
53713292059
53713299444
53713305242
53713310552
53713318182
53713323858
53713333501
53713340642
53713350164
53713357366
53713361089
53713373052
53713379644
53713388006
53713394719
53713401799
53713408330
53713414129
53713422063
53713428167
53713435003
53713440435
53713447881
53713455571
53713460027
53713469121
53713475835
53713481877
53713486821
53713493901
53713500249
53713506230
53713511418
53713517705
53713525212
53713531194
53713537053
53713542607
53713550542
53713555913
53713562322
53713569585
53713575078
53713582219
53713587651
53713595280
53713601811
53713608403
53713616154
53713620976
53713628422
53713635075
53713644902
53713652348
53713659001
53713664982
53713672368
53713680180
53713687260
53713694157
53713700627
53713707280
53713712651
53713722172
53713727665
53713733891
53713742009
53713749821
53713756657
53713761662
53713768498
53713773564
53713780461
53713786259
53713791691
53713797306
53713804508
53713810429
53713817814
53713823551
53713829899
53713836369
53713842106
53713847172
53713855045
53713860783
53713868290
53713874577
53713879765
53713886539
53713893558
53713900700
53713905033
53713913761
53713920597
53713927860
53713933292
53713938846
53713948002
53713954593
53713960270
53713967472
53713977054
53713982731
53713988773
53713996463
53714002201
53714009159
53714016971
53714021671
53714029056
53714036014
53714044498
53714051151
53714056583
53714064029
53714070804
53714080814
53714086978
53714094791
53714102420
53714109622
53714116763
53714121768
53714128482
53714136234
53714143436
53714149722
53714156680
53714163638
53714169864
53714174564
53714182254
53714190005
53714196109
53714201297
53714207156
53714214725
53714220401
53714227542
53714234500
53714240420
53714248599
53714254825
53714260989
53714267459
53714274783
53714280826
53714288089
53714294619
53714301822
53714308902
53714316165
53714322207
53714328128
53714336062
53714343447
53714350955
53714355777
53714362857
53714369631
53714375613
53714384280
53714388980
53714397097
53714403018
53714408511
53714415347
53714422244
53714428225
53714435244
53714444155
53714452761
53714458682
53714466189
53714471499
53714479922
53714486819
53714492800
53714499270
53714504824
53714513308
53714524843
53714530092
53714536440
53714543886
53714551821
53714559084
53714566591
53714574343
53714580752
53714588869
53714595217
53714601015
53714607973
53714615786
53714620729
53714626223
53714633425
53714640078
53714645571
53714651430
53714659365
53714665712
53714672609
53714678652
53714685854
53714691286
53714697023
53714705568
53714711855
53714716738
53714725404
53714732424
53714739565
53714745058
53714751405
53714757875
53714766237
53714772340
53714779054
53714785524
53714792360
53714798952
53714806581
53714812318
53714818483
53714825563
53714831117
53714838014
53714845582
53714851137
53714858339
53714863954
53714870118
53714877076
53714883729
53714890931
53714897523
53714906434
53714914064
53714920594
53714928285
53714934755
53714942079
53714949891
53714955629
53714963014
53714969422
53714976014
53714983338
53714989747
53714996217
53715003236
53715009828
53715015138
53715022889
53715028993
53715036927
53715042603
53715048158
53715053529
53715062196
53715069337
53715074708
53715081666
53715090333
53715098450
53715106873
53715114197
53715122071
53715128724
53715136902
53715143860
53715150330
53715158509
53715164734
53715171082
53715178406
53715185547
53715190796
53715197327
53715204102
53715211121
53715217469
53715224488
53715230591
53715236267
53715243653
53715249878
53715256165
53715265381
53715270874
53715281922
53715287293
53715294312
53715300415
53715307068
53715313660
53715321289
53715327454
53715333740
53715339172
53715344727
53715351624
53715358460
53715367188
53715372375
53715380493
53715386414
53715393310
53715399658
53715405579
53715413879
53715419067
53715425537
53715433655
53715438232
53715444458
53715450928
53715458984
53715464721
53715471313
53715476379
53715483520
53715489624
53715495971
53715504699
53715510131
53715516723
53715526062
53715535888
53715542846
53715548339
53715555419
53715561462
53715568359
53715574890
53715581603
53715587219
53715593200
53715600829
53715607787
53715612975
53715620300
53715625671
53715633422
53715638122
53715645507
53715650573
53715657409
53715663268
53715670593
53715676330
53715683288
53715691955
53715698608
53715707214
53715714660
53715720763
53715728332
53715734435
53715743346
53715750731
53715758056
53715762999
53715769896
53715774535
53715785216
53715790587
53715797545
53715803099
53715809874
53715814574
53715821410
53715829284
53715835753
53715841307
53715847838
53715854857
53715862548
53715867552
53715875304
53715883361
53715888610
53715896361
53715901122
53715908873
53715914733
53715922057
53715929076
53715935362
53715942015
53715948546
53715954039
53715961852
53715966917
53715974303
53715981993
53715989989
53715995787
53716001585
53716010130
53716017393
53716023985
53716030516
53716035338
53716043333
53716049803
53716055906
53716065428
53716072020
53716078306
53716084654
53716091917
53716099913
53716107420
53716114012
53716120543
53716128294
53716134642
53716141722
53716147886
53716156431
53716164793
53716170347
53716179197
53716185362
53716192198
53716200804
53716207639
53716214658
53716221922
53716228941
53716235227
53716243833
53716251279
53716257017
53716270811
53716278745
53716285276
53716293088
53716299619
53716308347
53716314329
53716321775
53716329832
53716336484
53716345579
53716352781
53716358823
53716365903
53716371824
53716378110
53716385007
53716391172
53716397641
53716404355
53716411252
53716417295
53716425290
53716432614
53716439206
53716445127
53716452939
53716459409
53716465451
53716472043
53716477597
53716483640
53716491757
53716498105
53716503903
53716511105
53716517819
53716522885
53716530759
53716537778
53716543881
53716550290
53716557736
53716563840
53716571103
53716577939
53716583981
53716589596
53716596188
53716603085
53716610104
53716616025
53716622739
53716629513
53716636960
53716641781
53716649289
53716654965
53716662594
53716667416
53716675168
53716681515
53716687863
53716694760
53716699521
53716706784
53716714291
53716722226
53716727719
53716734066
53716740353
53716745968
53716752072
53716758724
53716767819
53716773251
53716779354
53716785153
53716793270
53716799618
53716806210
53716813900
53716820431
53716826962
53716833309
53716841610
53716846554
53716854794
53716862240
53716870785
53716877193
53716884701
53716891781
53716898739
53716907284
53716912899
53716922420
53716930172
53716935360
53716943966
53716949947
53716956966
53716962764
53716968013
53716974483
53716980465
53716987117
53716994503
53717002071
53717008480
53717014949
53717020565
53717029232
53717034969
53717042598
53717047481
53717055416
53717061763
53717068477
53717075130
53717084407
53717091487
53717099300
53717106014
53717112605
53717119197
53717124751
53717132137
53717139705
53717147578
53717153560
53717162166
53717170039
53717175288
53717182246
53717187923
53717194636
53717200618
53717206599
53717212153
53717218989
53717226192
53717231990
53717239192
53717245723
53717251277
53717259578
53717265498
53717273188
53717279231
53717285212
53717292170
53717297908
53717306514
53717315242
53717321284
53717326960
53717334590
53717341914
53717349604
53717354853
53717361018
53717368525
53717375483
53717383418
53717392329
53717400446
53717406855
53717415644
53717422114
53717428156
53717433833
53717442011
53717449458
53717458369
53717466792
53717472468
53717478815
53717488764
53717493830
53717502070
53717508662
53717514338
53717520746
53717527033
53717533686
53717541071
53717547541
53717554987
53717559992
53717565363
53717574030
53717580805
53717588129
53717594049
53717601313
53717610041
53717616388
53717622370
53717627741
53717636591
53717642450
53717650324
53717656183
53717665033
53717670709
53717678339
53717685236
53717692194
53717698114
53717706537
53717712518
53717718561
53717724970
53717732782
53717739435
53717746515
53717751642
53717757440
53717765253
53717771295
53717778253
53717784845
53717791620
53717798028
53717803705
53717812677
53717821161
53717828424
53717832940
53717840509
53717848321
53717853631
53717859308
53717867425
53717874017
53717880060
53717885980
53717892083
53717900689
53717907952
53717913873
53717919854
53717925470
53717932305
53717939080
53717945672
53717953790
53717959710
53717965814
53717972161
53717979302
53717988214
53717994256
53718002313
53718009820
53718015008
53718022820
53718030450
53718037103
53718042779
53718050958
53718057915
53718064202
53718070061
53718074761
53718083123
53718088982
53718096429
53718103814
53718110467
53718117486
53718122185
53718130120
53718137017
53718142693
53718149407
53718155449
53718163079
53718167840
53718174736
53718182061
53718189202
53718195855
53718201836
53718207756
53718214836
53718222222
53718227959
53718234307
53718240837
53718247185
53718253594
53718259697
53718266411
53718272881
53718278801
53718286980
53718291863
53718299492
53718305168
53718311150
53718317803
53718325005
53718331291
53718338005
53718344597
53718351372
53718358635
53718366631
53718374260
53718381218
53718388298
53718396171
53718402092
53718408195
53718416801
53718422783
53718429130
53718437309
53718444267
53718449333
53718457206
53718463737
53718471611
53718477531
53718483574
53718491630
53718499138
53718503715
53718510856
53718517692
53718525260
53718531547
53718538078
53718546989
53718552665
53718561698
53718569328
53718577262
53718584709
53718590385
53718598136
53718604728
53718612785
53718622062
53718628837
53718637870
53718643180
53718649406
53718655448
53718664054
53718668388
53718674613
53718682181
53718688529
53718695365
53718701224
53718708732
53718714713
53718719901
53718728751
53718735831
53718740653
53718749137
53718754142
53718761283
53718766593
53718774039
53718778617
53718784903
53718791434
53718798697
53718804801
53718811515
53718817557
53718824942
53718830252
53718836539
53718843192
53718850211
53718855582
53718864066
53718869925
53718876639
53718881949
53718889578
53718895377
53718903067
53718909171
53718916922
53718923880
53718932181
53718939261
53718944205
53718952994
53718959158
53718967886
53718974051
53718980398
53718987418
53718992483
53719002310
53719008353
53719014822
53719020987
53719027212
53719035025
53719041433
53719047720
53719054617
53719060110
53719068167
53719074209
53719079702
53719087637
53719093924
53719100821
53719106436
53719112234
53719119619
53719123648
53719133902
53719140371
53719148855
53719154409
53719161978
53719169241
53719176138
53719183218
53719191641
53719198538
53719206899
53719211050
53719218557
53719225088
53719234121
53719240408
53719246267
53719252798
53719258047
53719265554
53719272207
53719279653
53719286672
53719292043
53719299001
53719305837
53719311086
53719317312
53719325735
53719332876
53719339528
53719345693
53719351308
53719357595
53719364003
53719372121
53719381704
53719388234
53719395803
53719402822
53719411245
53719418996
53719426198
53719432241
53719440175
53719445851
53719454274
53719461049
53719468251
53719475881
53719482717
53719489064
53719496938
53719504811
53719513173
53719517995
53719526296
53719531911
53719538564
53719546315
53719552724
53719559560
53719567555
53719575978
53719581593
53719590565
53719596608
53719602894
53719608571
53719615040
53719622304
53719628224
53719634999
53719642689
53719649037
53719655262
53719663685
53719671986
53719677784
53719686085
53719693653
53719700978
53719707264
53719714283
53719722401
53719728382
53719738331
53719745533
53719752918
53719759876
53719767079
53719774159
53719779774
53719787647
53719795582
53719801746
53719807545
53719815662
53719822437
53719828175
53719836170
53719841602
53719847950
53719854603
53719862293
53719868885
53719875416
53719880543
53719887195
53719894520
53719901050
53719909168
53719915638
53719921375
53719927845
53719933887
53719941517
53719946277
53719957081
53719963489
53719970386
53719975574
53719981495
53719989002
53719996631
53720003284
53720009937
53720016468
53720024280
53720030994
53720037464
53720044116
53720048572
53720055530
53720061267
53720068164
53720073474
53720078296
53720084277
53720090137
53720097217
53720104541
53720112659
53720118030
53720125476
53720130054
53720138904
53720145679
53720149951
53720158740
53720163501
53720170154
53720177356
53720184314
53720189746
53720197558
53720203357
53720210437
53720216723
53720223193
53720229053
53720235278
53720241931
53720247119
53720254504
53720261035
53720266528
53720274768
53720285571
53720291186
53720300524
53720306445
53720311755
53720318774
53720325549
53720331835
53720340014
53720345812
53720354235
53720360766
53720367053
53720373705
53720381091
53720386523
53720391345
53720398852
53720406359
53720413378
53720420580
53720428088
53720434618
53720439684
53720445361
53720450793
53720459154
53720464037
53720472216
53720477709
53720485033
53720490649
53720498583
53720503893
53720511339
53720519396
53720526415
53720531725
53720539599
53720546435
53720551500
53720558825
53720564257
53720572863
53720578844
53720584215
53720590441
53720595812
53720602648
53720610582
53720617235
53720624010
53720630419
53720636827
53720646227
53720653185
53720659166
53720665697
53720673326
53720680223
53720686937
53720691942
53720699938
53720707323
53720715135
53720722459
53720728929
53720735277
53720742601
53720748216
53720755540
53720761949
53720768968
53720775133
53720782457
53720789415
53720796312
53720802415
53720809129
53720814989
53720820787
53720827501
53720833787
53720840623
53720845689
53720853441
53720858384
53720864854
53720870775
53720879686
53720886644
53720892808
53720899034
53720907945
53720915025
53720921434
53720927781
53720933824
53720939927
53720946397
53720953660
53720961473
53720967271
53720973741
53720981187
53720987840
53720994126
53721000230
53721005357
53721013657
53721020921
53721026963
53721034226
53721039353
53721047227
53721053025
53721058762
53721065049
53721070969
53721075913
53721083665
53721091294
53721098008
53721104661
53721110276
53721115464
53721120957
53721127060
53721132737
53721138901
53721146836
53721152268
53721160019
53721166062
53721173264
53721179490
53721184311
53721191574
53721198105
53721204453
53721211167
53721219651
53721225388
53721231674
53721238022
53721246201
53721252243
53721257858
53721263657
53721270188
53721275131
53721281479
53721286423
53721294724
53721301621
53721306503
53721313767
53721320358
53721326218
53721331833
53721339218
53721345810
53721351242
53721356735
53721364487
53721370041
53721378525
53721384445
53721392319
53721396957
53721403427
53721408554
53721416000
53721422226
53721427109
53721435104
53721439987
53721447555
53721453659
53721460495
53721467880
53721474411
53721480270
53721492843
53721500289
53721508102
53721512924
53721518478
53721523544
53721532089
53721538864
53721546615
53721552413
53721561019
53721566696
53721574325
53721580367
53721588241
53721594039
53721599288
53721607650
53721614669
53721619979
53721624496
53721632247
53721639083
53721646529
53721652999
53721660018
53721665877
53721671554
53721679122
53721684188
53721690841
53721696822
53721702743
53721708968
53721716964
53721724471
53721732222
53721739364
53721749129
53721755355
53721761886
53721768721
53721774947
53721780745
53721788558
53721796004
53721802047
53721807112
53721815657
53721820967
53721829146
53721835494
53721840071
53721848128
53721855330
53721862288
53721868819
53721875594
53721880965
53721887434
53721894331
53721899519
53721905440
53721913985
53721920577
53721925276
53721932600
53721937971
53721945357
53721950484
53721958235
53721965254
53721970991
53721979231
53721983809
53721992048
53721998213
53722004561
53722011824
53722017195
53722025007
53722030745
53722036543
53722043074
53722048811
53722058577
53722063887
53722070784
53722075727
53722084700
53722095930
53722101728
53722111189
53722118269
53722125532
53722130903
53722138655
53722145857
53722151716
53722160444
53722167402
53722174055
53722180219
53722187360
53722192365
53722199323
53722205732
53722213422
53722218366
53722225385
53722231428
53722238508
53722245954
53722252241
53722259077
53722265363
53722272504
53722279035
53722286420
53722292890
53722300275
53722306318
53722313093
53722320417
53722326703
53722332319
53722338361
53722344648
53722350080
53722355817
53722363935
53722369611
53722377118
53722382367
53722390058
53722396833
53722402387
53722408918
53722416120
53722421796
53722427777
53722435346
53722441327
53722448895
53722455792
53722462018
53722466840
53722475018
53722482343
53722488690
53722496625
53722501996
53722507733
53722514264
53722520245
53722526776
53722533673
53722539532
53722547345
53722552045
53722559491
53722565350
53722573102
53722580060
53722585309
53722592084
53722599164
53722605328
53722610699
53722616009
53722623944
53722629742
53722637860
53722642437
53722649884
53722656109
53722663311
53722669842
53722675824
53722682415
53722690045
53722697125
53722703411
53722709454
53722717877
53722726422
53722732830
53722739666
53722747723
53722753948
53722761151
53722768414
53722773541
53722780010
53722785809
53722793255
53722799664
53722804546
53722812054
53722818279
53722825054
53722830547
53722837627
53722842266
53722848431
53722853374
53722861431
53722867107
53722870952
53722876812
53722883221
53722888470
53722892498
53722900432
53722906414
53722913555
53722919170
53722924236
53722930523
53722937786
53722943828
53722950298
53722956768
53722962749
53722967693
53722973796
53722979534
53722985942
53722993816
53722999797
53723005352
53723010662
53723016887
53723023235
53723029766
53723037151
53723043315
53723050334
53723057842
53723064250
53723071147
53723077373
53723083232
53723088970
53723096782
53723102336
53723110088
53723117168
53723122112
53723127422
53723135783
53723142497
53723149272
53723155681
53723160258
53723166667
53723173503
53723181560
53723185954
53723192729
53723198039
53723205913
53723212016
53723218486
53723224833
53723232280
53723238933
53723244304
53723251384
53723257304
53723263224
53723269938
53723276774
53723283854
53723290995
53723297648
53723300944
53723311137
53723317485
53723323893
53723328959
53723337382
53723343852
53723350016
53723356486
53723361979
53723367899
53723373698
53723378947
53723385478
53723390116
53723396830
53723402018
53723408915
53723413004
53723419901
53723426310
53723430949
53723436320
53723443095
53723449503
53723455180
53723461344
53723469157
53723475870
53723481119
53723487833
53723496195
53723502909
53723508463
53723514506
53723520609
53723527811
53723536478
53723543009
53723548441
53723554361
53723561564
53723568155
53723573893
53723580545
53723587686
53723594522
53723600382
53723607157
53723614237
53723620340
53723626444
53723632181
53723639322
53723645181
53723650308
53723656656
53723663309
53723671732
53723676492
53723682596
53723688699
53723694864
53723702188
53723708109
53723715006
53723721292
53723727335
53723735269
53723739969
53723747415
53723752847
53723759622
53723766031
53723771951
53723777933
53723785440
53723790384
53723798318
53723804300
53723811990
53723820230
53723826577
53723833108
53723838540
53723845010
53723852029
53723858377
53723863626
53723870584
53723877175
53723883584
53723889993
53723893899
53723901223
53723907449
53723914102
53723922341
53723927957
53723934182
53723939919
53723945962
53723951821
53723959023
53723964150
53723973245
53723978982
53723985574
53723991799
53723999490
53724006081
53724011880
53724018777
53724025552
53724031777
53724039651
53724045571
53724053445
53724059121
53724066933
53724072426
53724079812
53724084572
53724091591
53724097451
53724104470
53724109902
53724117104
53724122475
53724129677
53724136269
53724143166
53724149575
53724154396
53724162026
53724168862
53724175148
53724180031
53724185891
53724191079
53724198159
53724205544
53724211952
53724218483
53724225136
53724231545
53724237648
53724242592
53724248512
53724254616
53724260536
53724266640
53724273781
53724279701
53724287697
53724293007
53724299660
53724305336
53724313454
53724319069
53724327126
53724333473
53724339333
53724345436
53724353004
53724359474
53724365761
53724374000
53724380775
53724390663
53724396095
53724404762
53724411110
53724416603
53724422950
53724431190
53724436561
53724444679
53724449257
53724457435
53724464332
53724470131
53724476234
53724485145
53724489601
53724496986
53724503517
53724508827
53724515907
53724522071
53724530860
53724536476
53724542091
53724550147
53724557105
53724562599
53724569068
53724575416
53724583778
53724591651
53724597694
53724603797
53724609718
53724616126
53724622047
53724626441
53724633033
53724638526
53724645850
53724651343
53724655799
53724661597
53724670020
53724674903
53724682899
53724690284
53724696143
53724702796
53724708655
53724714698
53724721900
53724726111
53724734961
53724741065
53724746863
53724752723
53724760047
53724764502
53724771704
53724778052
53724783667
53724790503
53724798316
53724803748
53724811316
53724816199
53724823584
53724830664
53724838721
53724944800
53724950781
53724961706
53724975012
53724983862
53724993262
53725000525
53725007116
53725014624
53725022009
53725029455
53725037756
53725045569
53725053259
53725059912
53725068762
53725074987
53725083166
53725089941
53725097326
53725104284
53725111303
53725118322
53725124426
53725131933
53725138830
53725145666
53725152197
53725158056
53725164953
53725171545
53725178442
53725185583
53725191991
53725198644
53725204137
53725212743
53725219518
53725226049
53725231542
53725238744
53725243810
53725252721
53725260290
53725265600
53725286107
53725293187
53725298314
53725303991
53725311803
53725318151
53725324376
53725331273
53725337499
53725346532
53725352941
53725359288
53725366307
53725372655
53725379308
53725386876
53725392247
53725400426
53725406591
53725412633
53725418309
53725425206
53725430333
53725435765
53725442296
53725448888
53725455846
53725464024
53725470738
53725476231
53725482396
53725488622
53725497716
53725502965
53725511327
53725517796
53725522252
53725529454
53725535924
53725540868
53725548192
53725553380
53725561314
53725567235
53725573460
53725579625
53725585606
53725591038
53725597081
53725601903
53725607762
53725614903
53725621617
53725628148
53725634861
53725642125
53725649205
53725655369
53725662266
53725669285
53725675999
53725682591
53725689183
53725694920
53725703343
53725710423
53725716954
53725722080
53725729954
53725734837
53725742832
53725747166
53725755955
53725763157
53725769688
53725776524
53725782749
53725789646
53725795689
53725801975
53725809849
53725815769
53725820164
53725827488
53725834690
53725841648
53725847935
53725855869
53725862583
53725868748
53725874058
53725880405
53725887424
53725893772
53725900547
53725906955
53725912754
53725918613
53725924839
53725932407
53725938144
53725946750
53725954258
53725960361
53725968479
53725973667
53725982639
53725988925
53725999057
53726006198
53726013889
53726021640
53726027011
53726033908
53726040256
53726046176
53726053439
53726058994
53726065585
53726071689
53726078159
53726085544
53726091464
53726099277
53726106296
53726112399
53726118076
53726123141
53726130771
53726136203
53726142795
53726148105
53726157748
53726164035
53726169894
53726175693
53726182773
53726189609
53726196689
53726202914
53726208285
53726216403
53726222140
53726228183
53726234408
53726241488
53726247958
53726254062
53726259311
53726266269
53726271823
53726277438
53726283114
53726289706
53726296542
53726303256
53726310275
53726316317
53726323092
53726330538
53726337313
53726342989
53726350619
53726356112
53726362582
53726370150
53726377230
53726382845
53726391634
53726397494
53726404635
53726411166
53726418002
53726423800
53726430086
53726436129
53726443636
53726450594
53726456820
53726462801
53726470919
53726476046
53726483370
53726488985
53726494234
53726501131
53726506441
53726513216
53726518709
53726526705
53726532320
53726540072
53726545748
53726552584
53726557894
53726567476
53726573946
53726580294
53726586336
53726592684
53726599153
53726605318
53726610750
53726619051
53726623689
53726634310
53726639009
53726648042
53726655245
53726660555
53726669649
53726675447
53726683260
53726688142
53726696748
53726702425
53726711031
53726717805
53726725435
53726730745
53726737398
53726745576
53726751314
53726759187
53726767549
53726774568
53726780916
53726787813
53726795442
