53878905343
53878909982
53878915536
53878922189
53878927255
53878932198
53878937081
53878941659
53878947640
53878952096
53878957467
53878961984
53878967110
53878971200
53878976205
53878981515
53878986275
53878991036
53878996590
53879001168
53879008187
53879013314
53879018563
53879023629
53879029793
53879034798
53879039010
53879045846
53879052621
53879057381
53879063851
53879070199
53879075631
53879082100
53879087227
53879096383
53879104012
53879109871
53879118721
53879123299
53879133187
53879141060
53879148751
53879156990
53879164925
53879171151
53879179146
53879185372
53879194100
53879198616
53879208931
53879216316
53879222298
53879231209
53879235603
53879245247
53879252876
53879259712
53879267220
53879274727
53879281990
53879288643
53879297493
53879301765
53879311043
53879317879
53879323006
53879331673
53879340217
53879346931
53879353584
53879361763
53879367805
53879375374
53879381660
53879389412
53879397285
53879403633
53879410286
53879420417
53879424995
53879434944
53879439338
53879451118
53879459541
53879467353
53879473274
53879480171
53879487007
53879493904
53879499946
53879506843
53879513740
53879520942
53879528449
53879534370
53879542365
53879550178
53879557441
53879566169
53879573982
53879579780
53879586799
53879593818
53879602424
53879609382
53879617744
53879628181
53879635627
53879642402
53879650886
53879658576
53879664863
53879677009
53879683722
53879693305
53879698371
53879707892
53879715949
53879722419
53879731635
53879740302
53879748420
53879756110
53879763129
53879772528
53879779303
53879787909
53879792670
53879805182
53879812140
53879819647
53879828314
53879837164
53879849127
53879857611
53879865485
53879875128
53879883246
53879889777
53879898321
53879906500
53879913153
53879921759
53879928290
53879936835
53879942938
53879950567
53879957464
53879967535
53879972479
53879982428
53879990118
53879998358
53880006476
53880015448
53880022284
53880032598
53880041082
53880049261
53880058538
53880062872
53880073553
53880081060
53880088873
53880097723
53880104925
53880114752
53880121038
53880130926
53880135259
53880145879
53880154974
53880162603
53880169988
53880177801
53880184881
53880192266
53880200140
53880206609
53880215826
53880223760
53880230779
53880238653
53880245550
53880253362
53880262029
53880271184
53880279058
53880286504
53880294744
53880302434
53880310857
53880319890
53880327764
53880334966
53880344731
53880351079
53880359441
53880365544
53880374272
53880383489
53880391362
53880400029
53880408025
53880416875
53880425115
53880434331
53880439153
53880451604
53880459477
53880466924
53880475102
53880483220
53880492009
53880498662
53880509587
53880518498
53880527409
53880535649
53880542546
53880553776
53880563237
53880571599
53880579289
53880586064
53880596257
53880603703
53880613591
53880622685
53880629338
53880637883
53880643986
53880653874
53880658146
53880669865
53880680119
53880688114
53880695561
53880702091
53880711308
53880719364
53880726689
53880735966
53880744145
53880752873
53880760990
53880769108
53880775578
53880783512
53880790043
53880800053
53880809391
53880816898
53880824772
53880832340
53880840397
53880848881
53880857059
53880863224
53880872806
53880881595
53880888981
53880896305
53880903995
53880914371
53880926212
53880936222
53880946659
53880955509
53880964664
53880977725
53880988346
53880997928
53881005863
53881014591
53881022525
53881029666
53881035037
53881040530
53881045169
53881051456
53881057010
53881061832
53881069766
53881077335
53881084781
53881091006
53881097476
53881104190
53881112430
53881119266
53881126834
53881134952
53881140201
53881147891
53881154544
53881162478
53881169497
53881175784
53881183535
53881188723
53881196353
53881204532
53881211612
53881219119
53881227359
53881235965
53881242495
53881251345
53881257632
53881266970
53881276065
53881284182
53881294070
53881302126
53881309634
53881316592
53881320681
53881329409
53881337527
53881344668
53881354189
53881358889
53881368288
53881376833
53881384768
53881394900
53881403506
53881409853
53881419070
53881427370
53881435000
53881446169
53881452761
53881462465
53881472292
53881480349
53881488649
53881498049
53881505983
53881514101
53881522951
53881533449
53881538271
53881548220
53881555544
53881562441
53881570070
53881575563
53881582887
53881590639
53881596865
53881604860
53881608705
53881618166
53881625490
53881631777
53881640443
53881648134
53881655519
53881663087
53881671083
53881677492
53881684450
53881691652
53881698976
53881705751
53881711549
53881716188
53881723268
53881730043
53881736452
53881742128
53881751283
53881757692
53881764100
53881771119
53881777955
53881785280
53881793397
53881800294
53881807496
53881814882
53881821901
53881828798
53881836854
53881845460
53881853334
53881861268
53881868959
53881874818
53881884828
53881890870
53881902955
53881911134
53881918031
53881925660
53881932069
53881938599
53881946900
53881953126
53881961366
53881966920
53881974183
53881979798
53881987672
53881994996
53882001099
53882008729
53882015626
53882022095
53882027405
53882035157
53882042176
53882050110
53882057129
53882064026
53882070618
53882077088
53882083741
53882091248
53882097596
53882104493
53882111451
53882117249
53882125061
53882131043
53882139160
53882149048
53882155579
53882163269
53882171265
53882177979
53882186035
53882193115
53882203186
53882210144
53882217346
53882226502
53882231201
53882240479
53882246399
53882256470
53882263550
53882269836
53882278320
53882283997
53882293213
53882299072
53882307861
53882314026
53882323852
53882332947
53882339844
53882348327
53882354614
53882363708
53882370666
53882377502
53882384460
53882392090
53882399963
53882406006
53882413879
53882420349
53882428649
53882435546
53882443664
53882451049
53882459350
53882466430
53882472228
53882478515
53882486144
53882491577
53882500610
53882509033
53882518981
53882526611
53882534362
53882541686
53882546508
53882555602
53882562377
53882569335
53882574218
53882582824
53882588744
53882594787
53882602721
53882608886
53882616576
53882622069
53882630370
53882635985
53882643737
53882649291
53882656432
53882663390
53882669494
53882676268
53882683043
53882687987
53882695617
53882702269
53882708983
53882715697
53882721862
53882729491
53882734313
53882740905
53882747313
53882753600
53882760192
53882768737
53882773741
53882781615
53882788329
53882793944
53882800841
53882806395
53882813658
53882818846
53882825743
53882833983
53882837889
53882845763
53882852232
53882858885
53882866331
53882873106
53882880431
53882886961
53882893187
53882899901
53882906981
53882914244
53882921812
53882927244
53882933653
53882941282
53882947203
53882953428
53882959715
53882969481
53882974913
53882981138
53882986509
53882994200
53883001158
53883007383
53883014647
53883021360
53883027159
53883034666
53883040525
53883048521
53883054808
53883061949
53883068662
53883074705
53883081297
53883087461
53883093992
53883101560
53883108701
53883116026
53883122312
53883130186
53883137937
53883143858
53883152158
53883160032
53883165525
53883171690
53883183958
53883192686
53883199094
53883205625
53883212278
53883218748
53883226804
53883232236
53883240171
53883247068
53883253354
53883258787
53883265561
53883272519
53883278440
53883285703
53883291623
53883299741
53883304746
53883312925
53883319089
53883325132
53883331540
53883337766
53883344663
53883348447
53883357663
53883364804
53883372373
53883378293
53883385251
53883391294
53883398557
53883405759
53883413632
53883419553
53883426022
53883432614
53883439267
53883445737
53883452267
53883458554
53883464474
53883470944
53883477109
53883483517
53883489865
53883496152
53883503171
53883510129
53883516293
53883523251
53883529233
53883535397
53883543637
53883549374
53883557675
53883564755
53883571530
53883578244
53883584713
53883591610
53883598385
53883605099
53883611386
53883618527
53883625058
53883631710
53883636776
53883643307
53883649838
53883655880
53883662167
53883670468
53883675839
53883682186
53883689266
53883695492
53883702633
53883708798
53883714474
53883721859
53883729427
53883736080
53883742611
53883749996
53883757198
53883765072
53883773861
53883780941
53883788326
53883796322
53883801632
53883810421
53883818111
53883825680
53883831783
53883840084
53883844967
53883851375
53883858516
53883864803
53883872310
53883878841
53883885738
53883892696
53883898983
53883905941
53883912166
53883917537
53883924007
53883931026
53883937862
53883943355
53883951656
53883957881
53883964534
53883970760
53883977046
53883983272
53883989437
53883995784
53884002254
53884008846
53884015437
53884023128
53884029903
53884036250
53884042720
53884049617
53884055721
53884062556
53884069698
53884076167
53884083308
53884089046
53884094539
53884102168
53884107600
53884114375
53884119868
53884128291
53884133723
53884140071
53884145564
53884153865
53884157710
53884166133
53884171870
53884179622
53884186702
53884193171
53884198664
53884205012
53884211421
53884217768
53884226863
53884231929
53884240168
53884244868
53884252436
53884257319
53884265254
53884271662
53884278498
53884285822
53884292109
53884297724
53884305598
53884311274
53884319148
53884323298
53884333430
53884340022
53884346125
53884352106
53884357417
53884364558
53884371455
53884380488
53884386164
53884393366
53884400629
53884407404
53884413141
53884420344
53884431147
53884435602
53884445063
53884452082
53884459284
53884466120
53884472712
53884479548
53884485895
53884491999
53884498346
53884504389
53884510614
53884516596
53884522882
53884530634
53884538019
53884544001
53884551508
53884558161
53884564020
53884571466
53884577448
53884586054
53884591547
53884599054
53884604791
53884612848
53884619867
53884625848
53884631586
53884640070
53884647272
53884653925
53884657770
53884666132
53884672784
53884679315
53884687555
53884694330
53884701044
53884707574
53884715143
53884719964
53884727106
53884734369
53884741205
53884746271
53884754022
53884761346
53884766900
53884774102
53884783441
53884787286
53884796075
53884799920
53884809137
53884816461
53884822930
53884829461
53884836358
53884843499
53884849053
53884856378
53884861505
53884869500
53884875604
53884883294
53884889764
53884895867
53884902703
53884911065
53884917352
53884924004
53884930474
53884935967
53884944085
53884950616
53884957207
53884964288
53884969170
53884976922
53884982171
53884990594
53884996331
53885003289
53885009392
53885017693
53885021782
53885032464
53885040642
53885047783
53885058098
53885066704
53885072442
53885081780
53885088128
53885097344
53885103936
53885110649
53885116997
53885123894
53885129875
53885137139
53885143791
53885149224
53885156548
53885161797
53885167717
53885174797
53885181694
53885187554
53885194695
53885200554
53885208244
53885213738
53885221367
53885227776
53885235344
53885241875
53885248100
53885252007
53885260063
53885267265
53885274162
53885281303
53885288139
53885295463
53885302421
53885307915
53885314873
53885322075
53885326957
53885333977
53885341362
53885347526
53885354667
53885360893
53885366386
53885373649
53885378837
53885386528
53885390373
53885398735
53885404228
53885411735
53885419120
53885425651
53885429618
53885438407
53885444755
53885451652
53885458488
53885464836
53885471305
53885477592
53885483817
53885490165
53885495597
53885501884
53885509330
53885516776
53885522758
53885529716
53885536247
53885542289
53885550101
53885555778
53885562186
53885567557
53885575553
53885581718
53885588492
53885592460
53885600944
53885608024
53885612784
53885618949
53885625907
53885629630
53885639396
53885647941
53885655692
53885664969
53885673453
53885679068
53885688285
53885694693
53885701834
53885707206
53885719962
53885726920
53885734122
53885739798
53885747061
53885753836
53885759085
53885767569
53885771353
53885779227
53885784903
53885792227
53885797965
53885805960
53885812491
53885818961
53885825674
53885832083
53885838614
53885845511
53885852713
53885859122
53885866568
53885873709
53885880423
53885885733
53885893423
53885899588
53885906973
53885913260
53885919790
53885927359
53885933645
53885940054
53885946707
53885953970
53885961050
53885967337
53885974417
53885980520
53885986197
53885992910
53886000357
53886006582
53886012014
53886018911
53886024343
53886031973
53886037405
53886044058
53886050588
53886058706
53886065359
53886072012
53886078115
53886082937
53886089712
53886099722
53886106069
53886112539
53886118948
53886125784
53886131033
53886138723
53886144033
53886153127
53886160329
53886167532
53886174123
53886181203
53886188222
53886194631
53886202260
53886209463
53886215688
53886221731
53886228017
53886235463
53886242788
53886250417
53886257863
53886262502
53886269521
53886276113
53886284353
53886291921
53886301259
53886308217
53886315786
53886321889
53886328969
53886333547
53886343190
53886352529
53886360158
53886367299
53886372426
53886379567
53886387074
53886393178
53886401112
53886407948
53886413258
53886420338
53886425526
53886432912
53886438405
53886445668
53886451466
53886457814
53886463307
53886472035
53886475880
53886483571
53886488942
53886496754
53886504689
53886511525
53886518178
53886524952
53886530629
53886537159
53886541127
53886550709
53886559010
53886564198
53886572255
53886577565
53886585499
53886590565
53886597950
53886604725
53886612233
53886619496
53886624440
53886631336
53886637318
53886644459
53886650318
53886657704
53886664356
53886669911
53886675953
53886683094
53886689503
53886696705
53886703419
53886709217
53886717457
53886721363
53886730824
53886735035
53886744068
53886748157
53886756702
53886764149
53886771046
53886777698
53886784351
53886791431
53886798023
53886804493
53886810962
53886817737
53886822620
53886829395
53886835682
53886842762
53886848133
53886856067
53886861438
53886870289
53886876209
53886883289
53886888660
53886897327
53886901111
53886909534
53886917224
53886923938
53886931140
53886939441
53886945667
53886951709
53886959766
53886965747
53886974719
53886985523
53886992114
53886999133
53887006702
53887013660
53887019763
53887028430
53887033923
53887040820
53887046436
53887053394
53887059192
53887066638
53887072803
53887080127
53887085620
53887093494
53887098987
53887107348
53887112964
53887121570
53887125415
53887134936
53887142322
53887148913
53887153857
53887161792
53887168689
53887173693
53887183642
53887188830
53887195910
53887202624
53887209643
53887216357
53887222766
53887229479
53887238391
53887244433
53887252856
53887256823
53887265429
53887271899
53887278002
53887283801
53887292162
53887296191
53887305163
53887311816
53887318835
53887323107
53887331530
53887339892
53887345019
53887352038
53887358630
53887365832
53887370653
53887377428
53887383898
53887391161
53887398424
53887403429
53887410692
53887417833
53887422716
53887430590
53887436266
53887444872
53887451586
53887456530
53887464220
53887470324
53887475695
53887482164
53887490770
53887495897
53887503282
53887509752
53887515856
53887521471
53887529528
53887533495
53887543566
53887549669
53887556078
53887562120
53887569078
53887576158
53887582445
53887595445
53887605394
53887612657
53887622850
53887630663
53887639818
53887651109
53887659532
53887668443
53887676012
53887684984
53887693407
53887700181
53887706895
53887714403
53887721666
53887727952
53887739122
53887745469
53887752733
53887759996
53887767442
53887775438
53887780809
53887789415
53887796373
53887804307
53887810350
53887817308
53887823960
53887829454
53887836839
53887842454
53887850999
53887858079
53887865952
53887874314
53887881211
53887887742
53887893174
53887902146
53887906113
53887917039
53887922471
53887930527
53887937363
53887942368
53887950791
53887957871
53887964463
53887969590
53887979478
53887985764
53887992173
53887998582
53888004929
53888012925
53888019700
53888026169
53888032883
53888040207
53888045456
53888052414
53888058030
53888066575
53888074143
53888080674
53888087998
53888095017
53888102097
53888110520
53888116379
53888123276
53888129685
53888137314
53888144333
53888149948
53888156845
53888163986
53888169968
53888178024
53888184982
53888191208
53888198105
53888205063
53888213242
53888218246
53888226181
53888233749
53888241379
53888247299
53888256149
53888263046
53888275070
53888282455
53888288193
53888296127
53888302841
53888311325
53888319687
53888324569
53888333297
53888339340
53888347702
53888351486
53888361129
53888369918
53888376571
53888383773
53888390731
53888397201
53888402633
53888410995
53888420028
53888425949
53888432907
53888440170
53888448165
53888454391
53888461532
53888468368
53888474288
53888480697
53888487228
53888495712
53888502059
53888509872
53888513778
53888523116
53888530685
53888537093
53888544967
53888550521
53888558089
53888565108
53888572799
53888578902
53888584823
53888590194
53888599654
53888605697
53888613875
53888620772
53888627974
53888635238
53888640609
53888647689
53888652999
53888660567
53888666426
53888675765
53888683577
53888689986
53888697127
53888704451
53888712020
53888717635
53888725569
53888733260
53888738326
53888745345
53888751692
53888759322
53888767073
53888775252
53888780623
53888787459
53888792952
53888800765
53888808577
53888815779
53888842696
53888850203
53888857649
53888866377
53888874129
53888880110
53888888960
53888898176
53888905989
53888912398
53888921126
53888928572
53888936751
53888943770
53888950850
53888957197
53888963667
53888971479
53888978071
53888984846
53888991072
53888998579
53889005781
53889011274
53889019514
53889028303
53889034651
53889042036
53889049177
53889056074
53889060774
53889068464
53889075544
53889083112
53889090009
53889096357
53889100263
53889108808
53889116254
53889122785
53889130964
53889137983
53889144208
53889151105
53889157453
53889163251
53889170759
53889176313
53889184980
53889192548
53889199506
53889206037
53889212507
53889220014
53889226667
53889233808
53889240705
53889247358
53889253217
53889262006
53889267438
53889275068
53889281354
53889288739
53889295636
53889302106
53889310468
53889315961
53889324750
53889332013
53889338605
53889345929
53889352521
53889358685
53889365094
53889373273
53889378339
53889387128
53889394147
53889401776
53889407697
53889414532
53889421552
53889428509
53889436200
53889442731
53889450360
53889457135
53889464154
53889469586
53889477215
53889484540
53889493329
53889500470
53889507489
53889516278
53889521527
53889530499
53889538128
53889546978
53889554730
53889562664
53889570416
53889576275
53889584698
53889592877
53889599652
53889607098
53889614300
53889621929
53889628460
53889635113
53889642132
53889648907
53889655621
53889663189
53889670696
53889676251
53889683392
53889691570
53889698040
53889704937
53889711712
53889719646
53889725140
53889732952
53889738445
53889746014
53889752666
53889759441
53889767864
53889774883
53889781719
53889787090
53889794414
53889799907
53889807964
53889811626
53889821819
53889828472
53889835674
53889843303
53889850322
53889858257
53889863811
53889870525
53889876262
53889882854
53889889690
53889895916
53889903972
53889910259
53889917705
53889926067
53889932475
53889940410
53889947246
53889955242
53889960674
53889969035
53889975322
53889983135
53889989238
53889998271
53890006145
53890012675
53890019695
53890026652
53890033122
53890039165
53890047771
53890053264
53890061076
53890067607
53890074077
53890080363
53890086772
53890094401
53890101054
53890107951
53890114360
53890122050
53890129130
53890136699
53890142131
53890150981
53890160929
53890167460
53890175883
53890181803
53890191020
53890197612
53890208354
53890215251
53890222148
53890230143
53890236003
53890245219
53890249125
53890258585
53890262370
53890272624
53890279032
53890285685
53890292399
53890299418
53890307352
53890313029
53890321024
53890324686
53890333048
53890339335
53890348551
53890355448
53890362040
53890369791
53890376749
53890382364
53890389139
53890395609
53890401346
53890409891
53890417521
53890424479
53890431070
53890437479
53890443522
53890450052
53890457926
53890465494
53890471964
53890477457
53890485147
53890490641
53890497721
53890503336
53890512918
53890520426
53890527872
53890534097
53890539408
53890548441
53890555948
53890563760
53890570108
53890576517
53890583963
53890591043
53890597635
53890605814
53890611978
53890618570
53890625772
53890633951
53890638895
53890648233
53890654031
53890662332
53890669168
53890676370
53890683328
53890689676
53890696206
53890702676
53890710916
53890717874
53890725198
53890732400
53890738504
53890743997
53890752603
53890756692
53890767312
53890774270
53890779946
53890789285
53890795266
53890802713
53890812173
53890819375
53890826638
53890833108
53890842690
53890848550
53890857339
53890864358
53890870828
53890877786
53890884499
53890891579
53890898354
53890905679
53890911233
53890919595
53890926492
53890932839
53890939675
53890945840
53890952248
53890958779
53890967507
53890972634
53890980385
53890985756
53890993142
53890998757
53891007912
53891011879
53891021096
53891027749
53891034279
53891043007
53891049904
53891056801
53891062355
53891070473
53891073952
53891084328
53891091103
53891096047
53891104470
53891112099
53891120888
53891124733
53891133766
53891141701
53891148354
53891154518
53891160866
53891168373
53891175026
53891181618
53891186501
53891193947
53891197487
53891205849
53891215065
53891221474
53891229652
53891235512
53891244118
53891248207
53891257851
53891264381
53891272987
53891280128
53891285866
53891294044
53891301735
53891308204
53891315773
53891322975
53891328956
53891336403
53891344520
53891350563
53891359230
53891366798
53891373146
53891380104
53891387123
53891394935
53891401893
53891408790
53891414833
53891425270
53891432960
53891439674
53891451820
53891459510
53891466285
53891475257
53891481422
53891491492
53891498023
53891504432
53891513038
53891518836
53891526343
53891532020
53891538856
53891544349
53891551978
53891557410
53891565345
53891570533
53891577796
53891584449
53891592017
53891595862
53891603553
53891610022
53891616614
53891624549
53891631141
53891638038
53891645667
53891652442
53891659461
53891665931
53891671424
53891681189
53891685950
53891694373
53891698462
53891706153
53891709815
53891717932
53891721717
53891730872
53891736853
53891743140
53891749976
53891754859
53891761145
53891767493
53891775855
53891780371
53891787024
53891791480
53891797949
53891804358
53891810889
53891817236
53891823828
53891831274
53891837927
53891844092
53891851965
53891856421
53891867834
53891873755
53891880591
53891887304
53891893530
53891900610
53891907629
53891913244
53891919897
53891927893
53891933447
53891941320
53891946875
53891953955
53891961218
53891967932
53891973730
53891980871
53891988012
53891993261
53891999487
53892007238
53892013464
53892019995
53892026281
53892033911
53892037817
53892048498
53892057653
53892065160
53892073461
53892080969
53892092077
53892097387
53892106725
53892114721
53892121191
53892128515
53892132970
53892141515
53892147558
53892154272
53892160009
53892168737
53892174657
53892183446
53892187414
53892194799
53892200963
53892208043
53892214879
53892221715
53892228002
53892234716
53892241307
53892247899
53892254735
53892259923
53892266759
53892273473
53892280675
53892288365
53892295079
53892301061
53892308751
53892314244
53892319982
53892326818
53892332311
53892337499
53892343358
53892348668
53892356175
53892360082
53892367528
53892373387
53892382420
53892386449
53892395482
53892401952
53892408177
53892413365
53892420201
53892426305
53892432286
53892437474
53892443577
53892449376
53892455907
53892461339
53892468175
53892475255
53892481358
53892489049
53892495030
53892502598
53892509312
53892514927
53892520909
53892530735
53892536839
53892544407
53892551731
53892557652
53892565159
53892569065
53892578648
53892582310
53892591709
53892597935
53892604283
53892611241
53892618138
53892623875
53892631016
53892637242
53892644077
53892650791
53892656162
53892663731
53892669956
53892678257
53892684788
53892691746
53892698093
53892706455
53892712498
53892721897
53892730198
53892736912
53892741306
53892749302
53892755955
53892762485
53892768711
53892775242
53892782139
53892788669
53892795017
53892801792
53892808567
53892815708
53892821872
53892828769
53892836948
53892843113
53892849582
53892856113
53892862461
53892869419
53892875644
53892880649
53892889804
53892895481
53892902927
53892908664
53892915439
53892922641
53892928378
53892936252
53892944064
53892949985
53892957004
53892962253
53892969821
53892975009
53892982578
53892988315
53892996494
53893000400
53893008029
53893013278
53893020724
53893026096
53893034030
53893041781
53893048617
53893055942
53893062289
53893068576
53893075107
53893082248
53893088778
53893095065
53893102023
53893109408
53893116610
53893124179
53893131686
53893138766
53893146395
53893152438
53893157870
53893165622
53893171115
53893178805
53893184848
53893191928
53893197360
53893204318
53893209811
53893216708
53893222323
53893230013
53893233859
53893242587
53893250826
53893257052
53893264803
53893269747
53893276339
53893283602
53893291537
53893297091
53893304781
53893312106
53893317538
53893324923
53893332186
53893338167
53893345553
53893351534
53893360811
53893365145
53893374972
53893379305
53893388033
53893394014
53893402804
53893406588
53893415011
53893421846
53893428316
53893434176
53893440889
53893447725
53893454561
53893460421
53893467318
53893473543
53893480379
53893488741
53893494112
53893500582
53893506868
53893514925
53893519869
53893527925
53893532869
53893539949
53893546907
53893553194
53893560518
53893567537
53893573579
53893581941
53893587923
53893594881
53893600679
53893609651
53893615816
53893623506
53893630098
53893637422
53893641450
53893650178
53893657686
53893664155
53893671968
53893678438
53893685579
53893693086
53893700166
53893705415
53893713350
53893720857
53893727327
53893733735
53893740449
53893746247
53893753083
53893759858
53893765779
53893773225
53893779878
53893787629
53893792695
53893798860
53893808015
53893813996
53893823213
53893827363
53893835298
53893842317
53893847993
53893855073
53893860200
53893868256
53893875092
53893882539
53893888581
53893894563
53893901643
53893907563
53893916291
53893921113
53893928742
53893933991
53893941376
53893946259
53893953461
53893959809
53893967377
53893975190
53893983491
53893991120
53893998871
53894007599
53894013642
53894021943
53894028717
53894037934
53894045075
53894051667
53894057648
53894065766
53894076325
53894082245
53894095795
53894107758
53894117523
53894129181
53894137970
53894143890
53894151703
53894159149
53894165070
53894171722
53894178680
53894186066
53894192535
53894199432
53894205475
53894212494
53894218475
53894224213
53894232635
53894239044
53894246307
53894249542
53894259735
53894265960
53894273041
53894280304
53894288543
53894294525
53894301971
53894308258
53894316131
53894319732
53894330169
53894336883
53894344146
53894350616
53894355743
53894363922
53894371490
53894377899
53894385040
53894391998
53894399505
53894409393
53894416778
53894422454
53894428619
53894436920
53894442291
53894449981
53894456695
53894463226
53894470367
53894476653
53894484039
53894489165
53894497100
53894503265
53894509490
53894517608
53894524627
53894530608
53894535796
53894543487
53894550139
53894556548
53894563750
53894571624
53894581939
53894589263
53894596038
53894605742
53894613921
53894621611
53894629058
53894633696
53894643645
53894647673
53894658416
53894666167
53894673186
53894679290
53894684844
53894692961
53894696746
53894705107
53894713164
53894719695
53894726714
53894733672
53894741057
53894748564
53894755034
53894762907
53894768584
53894776823
53894784392
53894790923
53894797575
53894803191
53894810698
53894814543
53894823515
53894830351
53894837981
53894847929
53894856169
53894863981
53894871367
53894877958
53894885527
53894891020
53894899931
53894907072
53894914640
53894922758
53894931120
53894938322
53894945524
53894953398
53894960661
53894967314
53894974211
53894981291
53894989530
53894998930
53895005888
53895012785
53895020719
53895030180
53895037016
53895047270
53895054594
53895063200
53895070341
53895077055
53895083829
53895088712
53895097684
53895104948
53895112394
53895116422
53895124540
53895132719
53895140531
53895148282
53895152677
53895163419
53895165555
53895174100
53895181363
53895186979
53895190702
53895201017
53895209440
53895217923
53895226041
53895237027
53895246671
53895256620
53895263517
53895271024
53895274625
53895283658
53895287503
53895296292
53895303555
53895309720
53895315152
53895321256
53895326138
53895332181
53895338773
53895344754
53895351529
53895356717
53895363736
53895370267
53895376248
53895382413
53895388699
53895395779
53895402188
53895408353
53895416287
53895422452
53895429043
53895435025
53895443509
53895447964
53895456021
53895461941
53895469388
53895476346
53895483243
53895489224
53895495572
53895501492
53895509610
53895516934
53895524075
53895531216
53895537197
53895545010
53895550686
53895558743
53895564419
53895572171
53895579190
53895585537
53895592312
53895597622
53895603848
53895610989
53895615872
53895623013
53895627895
53895634976
53895641811
53895647976
53895653835
53895661404
53895666714
53895674343
53895681789
53895688442
53895694607
53895700649
53895708645
53895714321
53895719570
53895725429
53895730678
53895736904
53895742153
53895748867
53895754970
53895763454
53895767544
53895776333
53895780178
53895787807
53895793239
53895799465
53895804897
53895812526
53895819423
53895824794
53895832973
53895843532
53895850734
53895859096
53895867702
53895876308
53895886562
53895892787
53895902858
53895909389
53895916164
53895922572
53895928615
53895934474
53895940700
53895946193
53895952235
53895960902
53895966396
53895974086
53895979457
53895986964
53895992702
53896000514
53896005519
53896014491
53896019923
53896026088
53896030543
53896037746
53896042323
53896049159
53896054652
53896062770
53896068934
53896075831
53896081324
53896088649
53896093837
53896099818
53896106837
53896113002
53896118434
53896125148
53896131007
53896138819
53896143336
53896151759
53896157862
53896164576
53896170680
53896178370
53896182582
53896191065
53896196864
53896203883
53896209498
53896218104
53896225245
53896232264
53896238245
53896245020
53896251246
53896257472
53896265162
53896271082
53896277674
53896282984
53896291407
53896297877
53896305323
53896311854
53896319788
53896325648
53896333216
53896339197
53896345789
53896351099
53896358240
53896363856
53896371180
53896377405
53896384913
53896390467
53896397974
53896405237
53896410852
53896416834
53896424768
53896432215
53896438990
53896443018
53896452051
53896455896
53896462976
53896470240
53896478906
53896488611
53896497217
53896502649
53896513147
53896524194
53896533777
53896541040
53896548303
53896551965
53896560938
53896568201
53896573572
53896580713
53896587427
53896589502
53896599634
53896606775
53896612512
53896620080
53896626794
53896632776
53896639612
53896644983
53896651819
53896658655
53896665796
53896673242
53896678674
53896685632
53896690698
53896696924
53896703393
53896709192
53896716150
53896722436
53896727685
53896734704
53896742273
53896747949
53896755700
53896761804
53896770043
53896775476
53896782067
53896787560
53896792382
53896799645
53896804894
53896810693
53896818078
53896823815
53896829553
53896836938
53896842736
53896850182
53896855798
53896861901
53896867822
53896875085
53896881188
53896887902
53896893395
53896900658
53896906762
53896914818
53896922143
53896928795
53896932946
53896940697
53896947960
53896953332
53896960167
53896967125
53896974450
53896979882
53896986168
53896992211
53896996117
53897003441
53897010155
53897015953
53897022972
53897029686
53897035912
53897042565
53897049034
53897054344
53897061608
53897068444
53897074791
53897081444
53897087670
53897094017
53897100914
53897108177
53897119347
53897129356
53897139122
53897147484
53897158409
53897167015
53897174400
53897179588
53897187340
53897194298
53897199119
53897206077
53897211632
53897216759
53897224998
53897230980
53897237327
53897243187
53897249534
53897254905
53897262596
53897268333
53897275291
53897281517
53897286216
53897291588
53897301170
53897306053
53897312767
53897319114
53897325218
53897331077
53897337059
53897341636
53897347740
53897353904
53897360923
53897367149
53897374656
53897381126
53897387229
53897393272
53897400230
53897405845
53897411826
53897418540
53897423850
53897429466
53897434837
53897441795
53897446983
53897452659
53897461021
53897466209
53897471824
53897478965
53897484519
53897491111
53897496543
53897504905
53897509482
53897518088
53897524070
53897532615
53897539390
53897546103
53897553855
53897559409
53897565574
53897574607
53897581199
53897588218
53897595664
53897602744
53897609702
53897614402
53897618918
53897628806
53897635398
53897642661
53897648398
53897655661
53897662070
53897668784
53897675620
53897682517
53897689353
53897694785
53897702841
53897708212
53897715964
53897721030
53897729392
53897734946
53897743674
53897754050
53897762412
53897771017
53897782492
53897791586
53897797507
53897803854
53897809958
53897814841
53897822531
53897829916
53897834982
53897842062
53897847555
53897855002
53897861838
53897867331
53897875326
53897881247
53897888022
53897895224
53897901266
53897907309
53897913656
53897921591
53897926962
53897934164
53897939535
53897946615
53897953268
53897958700
53897965597
53897971151
53897979086
53897983175
53897991476
53897996908
53898005087
53898009298
53898018881
53898027181
53898033712
53898040182
53898046835
53898053548
53898060201
53898065878
53898072469
53898079427
53898086141
53898092672
53898099447
53898105916
53898112874
53898119222
53898126363
53898132467
53898138997
53898144613
53898149373
53898157064
53898162679
53898169576
53898176839
53898182821
53898190023
53898196187
53898203389
53898209066
53898216146
53898222127
53898227986
53898235128
53898240132
53898247274
53898253804
53898259603
53898265096
53898272786
53898279927
53898287068
53898291463
53898300740
53898305013
53898313252
53898320271
53898326558
53898330525
53898339803
53898343526
53898353352
53898361287
53898368733
53898378438
53898387044
53898394978
53898402058
53898411580
53898421345
53898428670
53898436177
53898441731
53898450215
53898454365
53898463093
53898470173
53898474751
53898480061
53898488484
53898494893
53898499836
53898506306
53898512593
53898516560
53898524617
53898528706
53898536702
53898540669
53898548298
53898555378
53898560017
53898563801
53898572163
53898576679
53898585468
53898591511
53898598408
53898605122
53898611897
53898618366
53898625324
53898634663
53898641010
53898647236
53898654987
53898660847
53898666889
53898675007
53898680866
53898689045
53898693500
53898702717
53898707111
53898715168
53898721088
53898729694
53898737812
53898743305
53898749103
53898757221
53898764728
53898770221
53898777607
53898784504
53898788593
53898796650
53898800373
53898809162
53898815754
53898823383
53898830036
53898837299
53898843891
53898851459
53898856464
53898863483
53898869831
53898875507
53898883075
53898888934
53898896381
53898901508
53898907977
53898913837
53898919757
53898923663
53898931171
53898938068
53898943805
53898947528
53898957965
53898964984
53898970599
53898974933
53898984698
53898992877
53898999164
53899008197
53899018390
53899027545
53899034442
53899043048
53899048968
53899057757
53899065326
53899069842
53899077166
53899085101
53899091998
53899097247
53899104205
53899110431
53899117144
53899123309
53899130450
53899136920
53899144488
53899148638
53899157122
53899164202
53899169634
53899175494
53899183856
53899191607
53899197527
53899203631
53899209612
53899215411
53899222369
53899229266
53899236224
53899243487
53899248797
53899255633
53899262347
53899269488
53899275103
53899281939
53899288897
53899295977
53899302813
53899308428
53899313494
53899319536
53899325091
53899332964
53899338823
53899347368
53899353533
53899360735
53899366411
53899374224
53899380205
53899387163
53899393389
53899400408
53899406267
53899413652
53899419878
53899427080
53899433367
53899439043
53899442827
53899450701
53899454546
53899462663
53899466509
53899474382
53899478227
53899485246
53899490434
53899498674
53899502397
53899510210
53899518449
53899525774
53899532671
53899539384
53899546587
53899552568
53899560381
53899566240
53899573442
53899580644
53899586381
53899593645
53899600786
53899606096
53899614641
53899620927
53899629411
53899638444
53899645097
53899654252
53899664445
53899673600
53899678788
53899687028
53899695451
53899703386
53899710099
53899716569
53899722795
53899727616
53899734147
53899740190
53899749467
53899754472
53899760819
53899765519
53899772721
53899777543
53899783524
53899790421
53899795243
53899802445
53899808732
53899813737
53899821000
53899825883
53899832963
53899840287
53899847306
53899852311
53899858170
53899863358
53899871720
53899881791
53899888077
53899896134
53899904313
53899910905
53899917557
53899924088
53899930924
53899937943
53899944901
53899950089
53899956498
53899962845
53899969559
53899976273
53899982377
53899989518
53899996415
53900002640
53900009476
53900015763
53900023148
53900029373
53900035660
53900041458
53900049210
53900054947
53900062027
53900067887
53900075638
53900081436
53900089005
53900094498
53900102249
53900109451
53900116043
53900119888
53900127823
53900134964
53900141434
53900146744
53900154007
53900160721
53900167801
53900173538
53900179520
53900185196
53900191482
53900197769
53900204605
53900211258
53900218643
53900225296
53900230911
53900238846
53900244217
53900254226
53900263809
53900270889
53900281143
53900290420
53900301284
53900308792
53900315078
53900322830
53900332229
53900337722
53900344497
53900350723
53900359817
53900363906
53900372085
53900375747
53900384475
53900391433
53900396804
53900404495
53900411636
53900417739
53900424941
53900431106
53900438491
53900445449
53900452224
53900460281
53900465652
53900472549
53900477798
53900484756
53900491653
53900498916
53900504104
53900512832
53900519240
53900525710
53900533401
53900540053
53900545608
53900551162
53900558425
53900567580
53900576674
53900583388
53900589736
53900596328
53900603347
53900608351
53900615615
53900622634
53900628737
53900635817
53900640944
53900647719
53900654006
53900661025
53900666945
53900672438
53900678481
53900683974
53900690321
53900697218
53900703200
53900708632
53900714674
53900720717
53900728590
53900735182
53900741591
53900747694
53900754347
53900760207
53900767653
53900773207
53900779372
53900785414
53900790297
53900797133
53900802443
53900806105
53900816054
53900822096
53900828810
53900834852
53900841261
53900847426
53900853834
53900861158
53900867811
53900874586
53900881544
53900887831
53900894789
53900900709
53900908827
53900916700
53900923170
53900930433
53900936659
53900944532
53900951734
53900958631
53900967054
53900973768
53900981031
53900985975
53900992628
53900997328
53901003797
53901010145
53901017103
53901021742
53901028822
53901033704
53901040723
53901048231
53901053297
53901060438
53901067213
53901072401
53901079603
53901085035
53901091627
53901097059
53901104932
53901110670
53901116529
53901121961
53901129529
53901136243
53901141797
53901147413
53901155652
53901162488
53901169935
53901176893
53901183728
53901188794
53901195447
53901202344
53901207776
53901214673
53901220838
53901227552
53901234204
53901239331
53901246411
53901253430
53901260877
53901266919
53901272412
53901278638
53901283887
53901294324
53901299634
53901308240
53901315198
53901322034
53901328626
53901335645
53901341809
53901348645
53901355603
53901362256
53901369275
53901375928
53901382397
53901389477
53901396069
53901401013
53901409375
53901415051
53901421521
53901429089
53901436169
53901442212
53901450512
53901456677
53901463879
53901469189
53901477734
53901484021
53901491467
53901497631
53901506176
53901513806
53901520947
53901528454
53901535473
53901542309
53901550305
53901558178
53901565685
53901571362
53901578686
53901587658
53901592663
53901599804
53901608044
53901614208
53901621288
53901627636
53901635876
53901643627
53901650341
53901656872
53901660717
53901669201
53901676281
53901682812
53901690075
53901697033
53901702587
53901709667
53901717113
53901724132
53901731762
53901738903
53901744762
53901749706
53901757579
53901762951
53901769420
53901776317
53901782299
53901787975
53901794384
53901801342
53901808666
53901814891
53901822032
53901828258
53901836559
53901842845
53901851207
53901855235
53901864208
53901870738
53901877269
53901883556
53901889964
53901896373
53901902965
53901909557
53901916148
53901922191
53901928905
53901934703
53901941600
53901948436
53901955089
53901962108
53901967357
53901975352
53901980479
53901988353
53901995799
53902002574
53902009776
53902015880
53902021495
53902028026
53902035655
53902041697
53902049388
53902055674
53902063060
53902068980
53902076548
53902082835
53902088755
53902096873
53902102732
53902108958
53902114390
53902121775
53902127268
53902134593
53902140696
53902148692
53902156993
53902164073
53902170542
53902177073
53902183482
53902190318
53902196177
53902203928
53902213084
53902218333
53902225840
53902233591
53902240244
53902245493
53902254526
53902261423
53902269724
53902275095
53902283274
53902287180
53902295115
53902301279
53902307383
53902312998
53902321299
53902328013
53902332956
53902339365
53902345835
53902352488
53902358896
53902366221
53902372568
53902378733
53902385080
53902391977
53902398386
53902403879
53902410288
53902417612
53902422434
53902429392
53902435678
53902442026
53902448374
53902455026
53902461984
53902468759
53902475717
53902482492
53902487863
53902495249
53902500559
53902508371
53902513803
53902520456
53902525888
53902533762
53902539194
53902545847
53902551401
53902559152
53902565073
53902574045
53902581186
53902587961
53902594797
53902601449
53902607919
53902614572
53902622262
53902629098
53902635995
53902643380
53902649728
53902655038
53902663644
53902670785
53902677377
53902683419
53902690744
53902696054
53902703195
53902709054
53902716378
53902722055
53902733163
53902739816
53902746408
53902753243
53902759835
53902765511
53902772042
53902779061
53902785653
53902792611
53902799813
53902805978
53902810983
53902818917
53902823983
53902831795
53902839059
53902844064
53902851205
53902857796
53902865670
53902872384
53902878487
53902887154
53902893441
53902902535
53902908578
53902916146
53902922799
53902929085
53902935982
53902940804
53902946297
53902953682
53902959969
53902966378
53902972664
53902979012
53902987191
53902993660
53902999764
53903006172
53903012276
53903019173
53903026375
53903033272
53903040352
53903047127
53903052986
53903059578
53903066658
53903073250
53903079353
53903085823
53903092964
53903097664
53903104622
53903110848
53903118111
53903122871
53903130379
53903137581
53903145332
53903151131
53903157783
53903165230
53903171883
53903179329
53903185860
53903191902
53903200325
53903206184
53903214302
53903219856
53903227546
53903233101
53903239143
53903244575
53903252632
53903258125
53903265937
53903269722
53903278022
53903283332
53903291328
53903300117
53903305000
53903311714
53903318122
53903324226
53903330696
53903341926
53903346565
53903355537
53903361274
53903367256
53903374580
53903381049
53903388191
53903394721
53903400703
53903407172
53903414924
53903421577
53903427558
53903435554
53903441657
53903450324
53903457465
53903463874
53903470222
53903476630
53903480598
53903488105
53903493903
53903502875
53903512092
53903519599
53903526923
53903532477
53903540778
53903547797
53903555610
53903561347
53903568244
53903575873
53903584235
53903589728
53903597358
53903602729
53903611640
53903617072
53903624457
53903632025
53903638739
53903646308
53903652960
53903660529
53903667487
53903673712
53903680670
53903688117
53903694403
53903700018
53903707831
53903713385
53903720709
53903726263
53903734137
53903740057
53903747259
53903752692
53903761175
53903767584
53903774054
53903781439
53903787909
53903791754
53903799505
53903805609
53903812689
53903816656
53903824896
53903832403
53903838934
53903843939
53903850470
53903857733
53903864325
53903870550
53903877203
53903884649
53903891668
53903898992
53903906561
53903912847
53903918035
53903925787
53903930975
53903938055
53903945440
53903952276
53903958013
53903965215
53903970953
53903978277
53903983953
53903990728
53903996282
53904004461
53904010015
53904016912
53904022588
53904029607
53904035589
53904044866
53904051885
53904058904
53904065740
53904072698
53904079595
53904086797
53904095098
53904101812
53904107793
53904114446
53904121587
53904127813
53904133733
53904140142
53904147832
53904153386
53904161504
53904169316
53904177983
53904183721
53904192754
53904198857
53904207097
53904213018
53904220037
53904226018
53904234380
53904240117
53904247319
53904256047
53904262578
53904269109
53904274114
53904280278
53904287602
53904291386
53904299748
53904306096
53904312749
53904319524
53904326604
53904332097
53904338689
53904345280
53904352299
53904359624
53904366460
53904371953
53904378789
53904385197
53904392094
53904399479
53904404851
53904412602
53904419804
53904426945
53904433781
53904439702
53904446721
53904454838
53904460331
53904468083
53904473820
53904480412
53904486210
53904494023
53904499760
53904506169
53904514103
53904522282
53904528996
53904535588
53904539433
53904547733
53904554447
53904560978
53904565006
53904573673
53904581120
53904587956
53904592838
53904601139
53904607487
53904615543
53904622807
53904629826
53904636661
53904641972
53904650333
53904657902
53904664249
53904671574
53904677860
53904685062
53904691227
53904696720
53904703739
53904710697
53904716800
53904722599
53904731083
53904738651
53904743534
53904751102
53904756046
53904761234
53904768863
53904776004
53904782291
53904786869
53904794376
53904801700
53904808780
53904817081
53904822757
53904830326
53904838077
53904846500
53904853946
53904860294
53904867862
53904876102
53904883975
53904892581
53904898502
53904906802
53904911929
53904919376
53904924869
53904931277
53904936771
53904944522
53904950076
53904957584
53904963016
53904971011
53904977115
53904983035
53904988833
53904997134
53905002505
53905010379
53905016604
53905023684
53905030764
53905036319
53905042422
53905050967
53905058169
53905065066
53905069217
53905078250
53905085635
53905092654
53905099673
53905106692
53905112246
53905119326
53905126773
53905133792
53905139712
53905146182
53905153384
53905159792
53905165408
53905171999
53905179080
53905185610
53905191653
53905198000
53905204165
53905210452
53905216433
53905222842
53905229922
53905236208
53905242129
53905248904
53905256045
53905263064
53905268557
53905275393
53905281801
53905288637
53905294192
53905301455
53905307985
53905314272
53905321901
53905327517
53905337954
53905341921
53905350039
53905354677
53905363222
53905367434
53905376345
53905382387
53905389284
53905395449
53905402590
53905410158
53905416628
53905418642
53905428896
53905435304
53905441957
53905447450
53905454347
53905462587
53905468385
53905479128
53905488466
53905498293
53905506105
53905514650
53905518434
53905530275
53905537172
53905544740
53905551210
53905558351
53905564088
53905570924
53905576906
53905582826
53905591249
53905597597
53905604616
53905610841
53905618837
53905625734
53905632692
53905636598
53905645875
53905653321
53905658815
53905668763
53905675355
53905683534
53905690675
53905697084
53905702638
53905710877
53905718873
53905725343
53905729188
53905737672
53905741517
53905750062
53905757569
53905763917
53905771058
53905775819
53905783631
53905788697
53905796998
53905802064
53905809815
53905817078
53905823243
53905830140
53905835816
53905842591
53905848511
53905853760
53905860718
53905867921
53905874390
53905879761
53905886170
53905892274
53905900452
53905906189
53905912842
53905919983
53905927369
53905933045
53905940125
53905945740
53905952942
53905958435
53905966797
53905973145
53905979431
53905984925
53905994385
53905998108
53906007019
53906013367
53906019776
53906023682
53906031616
53906037598
53906044190
53906048035
53906057068
53906063416
53906070252
53906074158
53906083557
53906089905
53906096619
53906102966
53906109436
53906116821
53906124084
53906132019
53906139282
53906146118
53906154114
53906161865
53906169739
53906176208
53906183838
53906191894
53906199951
53906206115
53906211364
53906218445
53906225280
53906232422
53906239746
53906245910
53906251464
53906259216
53906266540
53906272338
53906279480
53906284545
53906291809
53906299438
53906305603
53906311889
53906319213
53906326171
53906332031
53906339111
53906347473
53906354858
53906359191
53906368469
53906372375
53906382446
53906390197
53906397460
53906404601
53906410827
53906416869
53906423034
53906429931
53906434692
53906442016
53906448363
53906455504
53906462585
53906468871
53906476012
53906484069
53906489684
53906497802
53906504943
53906511657
53906518554
53906524596
53906531737
53906538329
53906543944
53906550475
53906557738
53906564086
53906570067
53906575804
53906580321
53906585814
53906589171
53906596373
53906601073
53906607237
53906611632
53906616027
53906618590
53906624022
53906628539
53906632994
53906638671
53906643309
53906648009
53906653563
53906658629
53906663939
53906669798
53906672972
53906680296
53906685362
53906690123
53906692809
53906699339
53906701964
53906707701
53906713194
53906718565
53906723448
53906727110
53906733397
53906737364
53906746702
53906751646
53906759764
53906765562
53906772398
53906777159
53906783690
53906789061
53906794188
53906799864
53906804258
53906809630
53906814818
53906820067
53906826353
53906832090
53906837645
53906842955
53906847410
53906852415
53906857664
53906862608
53906867735
53906870848
53906876158
53906881651
53906886290
53906889830
53906894651
53906902708
53906907102
53906912046
53906916197
53906921507
53906925596
53906930418
53906934324
53906940977
53906946409
53906950010
53906955381
53906960447
53906965940
53906969602
53906976194
53906983335
53906990904
53906996641
53907000608
53907005674
53907010435
53907015928
53907022031
53907026060
53907031858
53907038084
53907043272
53907048521
53907053892
53907058713
53907065549
53907070432
53907074399
53907080503
53907085569
53907090635
53907096555
53907101804
53907107663
53907113096
53907117429
53907122861
53907127073
53907134336
53907139219
53907142942
53907148862
53907152646
53907159787
53907166196
53907171018
53907177610
53907182431
53907186093
53907194699
53907200864
53907208676
53907215573
53907219724
53907227414
53907235593
53907239987
53907249021
53907258359
53907263669
53907269711
53907273679
53907280698
53907285580
53907293271
53907296750
53907304684
53907309567
53907314938
53907320187
53907326413
53907332089
53907337949
53907344174
53907350461
53907354672
53907359677
53907365780
53907370968
53907375424
53907380612
53907386960
53907394284
53907398129
53907403012
53907408749
53907416378
53907421994
53907429928
53907436093
53907441891
53907447201
53907452755
53907457577
53907465145
53907471188
53907476498
53907483212
53907491024
53907495846
53907503048
53907508602
53907514584
53907519650
53907525448
53907531368
53907536129
53907544979
53907549862
53907556698
53907563839
53907569698
53907574215
53907580318
53907585506
53907591122
53907594784
53907601192
53907606625
53907610470
53907616817
53907624081
53907628475
53907633785
53907639828
53907644527
53907650570
53907655758
53907660824
53907665584
53907670345
53907674679
53907679256
53907684078
53907687679
53907695369
53907700435
53907705684
53907710750
53907715572
53907721126
53907727291
53907732723
53907738887
53907745601
53907748958
53907755184
53907761776
53907765621
53907771724
53907774776
53907781307
53907786617
53907789852
53907797237
53907800899
53907806453
53907811336
53907815853
53907820003
53907824825
53907829830
53907834957
53907840450
53907845577
53907850765
53907856563
53907861995
53907867854
53907872676
53907878963
53907885005
53907890010
53907897334
53907901241
53907909175
53907914363
53907920406
53907926814
53907931270
53907938716
53907943843
53907950313
53907956965
53907963557
53907970149
53907974727
53907980769
53907987178
53907993525
53908000056
53908005855
53908011592
53908013606
53908021785
53908025264
53908033320
53908037165
53908045161
53908051387
53908057551
53908062861
53908070124
53908075740
53908080378
53908087336
53908095637
53908103205
53908109065
53908113520
53908119441
53908124568
53908130244
53908136103
53908139887
53908148615
53908152461
53908159297
53908164607
53908170954
53908177607
53908182368
53908186640
53908196528
53908202326
53908207941
53908214411
53908219599
53908225153
53908231745
53908239191
53908244196
53908252131
53908259150
53908266352
53908272150
53908277460
53908285639
53908292780
53908300898
53908310419
53908316706
53908321283
53908327570
53908333002
53908338251
53908344538
53908348871
53908356195
53908360895
53908366388
53908372980
53908378168
53908384821
53908388361
53908394220
53908399530
53908407465
53908411188
53908419000
53908424433
53908429559
53908434381
53908440729
53908445856
53908452020
53908457514
53908464166
53908468744
53908476495
53908482172
53908488641
53908493585
53908501581
53908506403
53908512201
53908517938
53908523614
53908528070
53908534296
53908540460
53908546991
53908553155
53908557001
53908564081
53908568963
53908575433
53908580377
53908586664
53908593011
53908598749
53908604425
53908610101
53908614618
53908622247
53908627618
53908631036
53908638116
53908646417
53908651239
53908658380
53908663446
53908667291
53908676629
53908684014
53908690545
53908699761
53908707330
53908713616
53908719964
53908722222
53908730828
53908736077
53908741509
53908747979
53908756890
53908762811
53908768243
53908773614
53908779229
53908785699
53908791070
53908796990
53908802789
53908810540
53908818291
53908822869
53908827630
53908833489
53908839348
53908845086
53908850335
53908856560
53908861931
53908868340
53908875054
53908882439
53908889336
53908895318
53908903069
53908910943
53908919304
53908925774
53908931511
53908935601
53908945061
53908948906
53908955925
53908960076
53908968132
53908973931
53908980217
53908985344
53908990959
53908997734
53909003838
53909008293
53909015801
53909021111
53909026543
53909032402
53909036858
53909043694
53909047417
53909054680
53909060906
53909068474
53909074944
53909080315
53909085136
53909091301
53909096611
53909103386
53909108696
53909115654
53909120293
53909126762
53909131096
53909136955
53909143181
53909149223
53909153740
53909159904
53909165886
53909171013
53909177482
53909184685
53909190117
53909197746
53909206169
53909208793
53909220146
53909225944
53909232109
53909238517
53909245597
53909251274
53909258720
53909265678
53909271781
53909279960
53909285270
53909289665
53909295707
53909300773
53909307365
53909313102
53909318595
53909324943
53909331535
53909336662
53909340507
53909349052
53909357719
53909363517
53909372489
53909380424
53909387443
53909396415
53909403739
53909409415
53909420585
53909425162
53909433768
53909443473
53909454032
53909462516
53909468192
53909475638
53909483268
53909492789
53909499869
53909505240
53909515677
53909520621
53909533683
53909541129
53909544242
53909555716
53909563468
53909572745
53909579886
53909587454
53909595877
53909604361
53909614188
53909624747
53909633780
53909641837
53909653738
53909662222
53909672476
53909681387
53909688162
53909701163
53909708853
53909717215
53909724966
53909727774
53909738455
53909743704
53909753836
53909758658
53909768912
53909776114
53909783438
53909790152
53909797293
53909805410
53909811880
53909814871
53909827200
53909833364
53909847036
53909853811
53909862051
53909869009
53909879080
53909886404
53909891958
53909901724
53909908926
53909913259
53909926016
53909931448
53909943289
53909947683
53909959341
53909966543
53909971975
53909982412
53909988210
53909998403
53910006338
53910014516
53910022085
53910029409
53910037099
53910043752
53910050588
53910058278
53910067678
53910078115
53910083364
53910091970
53910099172
53910104848
53910115590
53910121022
53910128896
53910136281
53910147267
53910155141
53910160329
53910168996
53910177419
53910183705
53910193776
53910196767
53910207326
53910216420
53910225759
53910234364
53910241506
53910248097
53910256581
53910263234
53910272023
53910277394
53910284901
53910296437
53910303334
53910309315
53910318165
53910326283
53910331837
53910338307
53910343739
53910354054
53910363881
53910373158
53910381093
53910387318
53910393483
53910397938
53910408619
53910416371
53910422718
53910429615
53910439930
53910447865
53910454090
53910465077
53910472279
53910475209
53910487293
53910496266
53910502796
53910510304
53910519215
53910527149
53910532337
53910543079
53910553394
53910561329
53910569202
53910575184
53910584583
53910592701
53910602283
53910611561
53910617908
53910626575
53910629993
53910639881
53910648548
53910655994
53910662952
53910670215
53910674305
53910682667
53910687549
53910693226
53910698169
53910704822
53910710743
53910717701
53910722583
53910725879
53910733570
53910737415
53910744617
53910749866
53910754871
53910761768
53910767505
53910772876
53910778919
53910784534
53910790149
53910794422
53910800830
53910806079
53910814197
53910819629
53910825855
53910830310
53910833545
53910840808
53910844531
53910852954
53910859485
53910865588
53910871387
53910875903
53910881763
53910887744
53910892078
53910898914
53910904285
53910911731
53910916858
53910924182
53910928638
53910932666
53910939258
53910942737
53910951282
53910956347
53910963977
53910968188
53910978015
53910982409
53910993274
53911001147
53911007556
53911012317
53911023425
53911028857
53911039294
53911046679
53911055407
53911063159
53911069079
53911078173
53911088915
53911098254
53911106616
53911109912
53911122057
53911127612
53911135363
53911143298
53911146655
53911160937
53911167345
53911176623
53911185229
53911192919
53911200671
53911203905
53911215258
53911223803
53911229723
53911239489
53911243761
53911256029
53911260790
53911271471
53911278734
53911281725
53911293505
53911301928
53911310595
53911318407
53911330858
53911341295
53911348497
53911371263
53911381700
53911388658
53911394213
53911407640
53911417284
53911424730
53911432176
53911442125
53911448961
53911458299
53911465318
53911470689
53911481859
53911489976
53911499254
53911506273
53911514451
53911521593
53911526903
53911537157
53911545946
53911553880
53911562059
53911569810
53911581041
53911590623
53911597642
53911606492
53911615586
53911623277
53911629747
53911641404
53911651109
53911659593
53911667466
53911671006
53911683641
53911689012
53911698960
53911706529
53911714951
53911721787
53911727891
53911738450
53911746507
53911753770
53911761216
53911767747
53911775620
53911782944
53911790513
53911797349
53911808457
53911815537
53911820786
53911830796
53911838181
53911845200
53911852280
53911859665
53911866990
53911873032
53911884446
53911890183
53911900742
53911909409
53911917649
53911925095
53911936081
53911944809
53911954331
53911963425
53911969834
53911978073
53911986923
53911990463
53912003281
53912012985
53912020615
53912029587
53912040329
53912048508
53912054306
53912067673
53912073471
53912076767
53912089828
53912093368
53912105026
53912111557
53912120895
53912127975
53912136459
53912143661
53912149338
53912158249
53912165207
53912175522
53912182174
53912188095
53912197067
53912203842
53912212570
53912219101
53912226059
53912237045
53912242050
53912251632
53912259506
53912263229
53912278366
53912285629
53912294174
53912302657
53912315048
53912324081
53912327377
53912339278
53912347396
53912362594
53912366866
53912380477
53912386092
53912398849
53912404769
53912415877
53912421248
53912429427
53912437179
53912445052
53912452376
53912455428
53912466170
53912473494
53912481307
53912487838
53912499434
53912506270
53912509139
53912520736
53912525801
53912534713
53912542525
53912550399
53912557723
53912565779
53912575423
53912581465
53912591231
53912598494
53912601668
53912612349
53912621199
53912628951
53912635909
53912646223
53912655501
53912661177
53912668074
53912675215
53912682967
53912693098
53912698408
53912707320
53912711836
53912725081
53912733076
53912740584
53912748457
53912753706
53912763167
53912769697
53912772688
53912784712
53912790510
53912800276
53912808821
53912816206
53912823957
53912832136
53912843611
53912851911
53912859419
53912862715
53912876448
53912880293
53912890730
53912900800
53912907087
53912915083
53912922102
53912931501
53912941145
53912949445
53912955488
53912966596
53912975446
53912983747
53912992048
53912998640
53913008222
53913017194
53913026655
53913035016
53913044721
53913053327
53913061994
53913069745
53913076764
53913087629
53913096296
53913104596
53913112348
53913122052
53913130170
53913138715
53913146772
53913157086
53913165692
53913171613
53913184674
53913193463
53913202191
53913211652
53913218366
53913226544
53913235577
53913243512
53913250287
53913261578
53913268475
53913281049
53913287274
53913297467
53913307110
53913311200
53913324322
53913334637
53913345746
53913351788
53913363080
53913371258
53913376629
53913386029
53913392071
53913402508
53913411908
53913420575
53913426068
53913435955
