53583913850
53583924043
53583932404
53583941071
53583947907
53583955598
53583961274
53583969636
53583978608
53583988068
53583995392
53584001679
53584009858
53584018098
53584024445
53584032624
53584040314
53584048554
53584055390
53584063263
53584071137
53584077424
53584085724
53584094452
53584101166
53584107697
53584114777
53584121857
53584128815
53584135224
53584141571
53584148102
53584155365
53584162140
53584168549
53584175690
53584182343
53584189301
53584196625
53584201691
53584209320
53584215790
53584221527
53584230072
53584236725
53584244720
53584253021
53584259247
53584266266
53584276092
53584282867
53584290863
53584297577
53584305511
53584313019
53584319488
53584327118
53584336639
53584345184
53584351898
53584359405
53584367706
53584374542
53584380584
53584387298
53584394683
53584401886
53584408477
53584415374
53584423797
53584432037
53584437896
53584445037
53584453399
53584461028
53584466888
53584478973
53584489776
53584500457
53584509490
53584517425
53584530547
53584539092
53584549529
53584559234
53584568084
53584574065
53584582305
53584591094
53584600738
53584608306
53584615325
53584623565
53584633941
53584642547
53584650115
53584657622
53584665923
53584673369
53584682280
53584689055
53584697661
53584704924
53584714324
53584721587
53584732451
53584741484
53584750701
53584758391
53584766142
53584778533
53584787627
53584795989
53584804472
53584813933
53584823943
53584832243
53584840300
53584851958
53584860686
53584868986
53584878264
53584885954
53584893217
53584902556
53584912199
53584921171
53584929899
53584937285
53584947600
53584955412
53584963957
53584976957
53584985685
53584993864
53585002531
53585012175
53585020842
53585031645
53585042387
53585050810
53585059233
53585069670
53585079679
53585087614
53585098905
53585111540
53585118986
53585130033
53585138151
53585148222
53585156339
53585167692
53585177335
53585186429
53585194730
53585203947
53585216459
53585225431
53585238431
53585249173
53585258451
53585268705
53585279996
53585288175
53585300382
53585309720
53585317899
53585326139
53585334867
53585344083
53585352384
53585365445
53585373441
53585381925
53585392117
53585399625
53585407681
53585418851
53585430142
53585437894
53585447659
53585457486
53585466153
53585476041
53585488370
53585495938
53585504971
53585512784
53585523404
53585532742
53585542813
53585552639
53585560269
53585569912
53585577359
53585588040
53585596951
53585607327
53585616543
53585626675
53585637478
53585644619
53585651638
53585665066
53585673916
53585683437
53585692532
53585699978
53585709683
53585718899
53585729702
53585737820
53585745693
53585755398
53585762905
53585774746
53585786159
53585795009
53585802151
53585810756
53585818020
53585828457
53585837002
53585846462
53585855007
53585864345
53585872280
53585879787
53585889431
53585899135
53585906826
53585914699
53585925380
53585932155
53585941249
53585950038
53585960964
53585969814
53585980495
53585989406
53585997096
53586006679
53586015407
53586026942
53586035793
53586043849
53586052211
53586062221
53586071803
53586080958
53586089381
53586097133
53586105617
53586112575
53586119960
53586126307
53586134364
53586143397
53586151637
53586158168
53586165065
53586172023
53586179164
53586187098
53586194728
53586203334
53586210231
53586218959
53586226954
53586233851
53586243006
53586250025
53586258326
53586266505
53586273951
53586280421
53586287440
53586294276
53586302760
53586310755
53586318446
53586328272
53586334559
53586342799
53586350550
53586359095
53586366907
53586373316
53586381373
53586387537
53586395899
53586403040
53586412806
53586421168
53586427759
53586435450
53586442225
53586449244
53586458155
53586465784
53586475733
53586481897
53586490137
53586496668
53586506372
53586512964
53586521631
53586530054
53586536096
53586544153
53586549890
53586555994
53586564356
53586571253
53586576990
53586582544
53586589075
53586595300
53586602136
53586608606
53586615076
53586622217
53586628076
53586635156
53586640771
53586646997
53586655908
53586661157
53586668481
53586676477
53586681787
53586689966
53586696252
53586703882
53586710351
53586716699
53586722802
53586729272
53586736352
53586742395
53586748803
53586757287
53586763452
53586770654
53586777307
53586783837
53586788903
53586795373
53586801782
53586807824
53586814233
53586821618
53586828027
53586835168
53586841088
53586848046
53586853051
53586859948
53586866723
53586873986
53586880822
53586886743
53586893456
53586899560
53586906030
53586912499
53586918237
53586924401
53586930444
53586937035
53586942712
53586948876
53586955285
53586961693
53586967370
53586973412
53586979882
53586985009
53586992943
53587000023
53587005028
53587011254
53587019249
53587023766
53587032982
53587039635
53587045434
53587053002
53587059044
53587067040
53587072777
53587080101
53587086327
53587094689
53587098900
53587106163
53587112389
53587117943
53587124779
53587132653
53587139855
53587145531
53587152062
53587158348
53587165184
53587172142
53587178368
53587185387
53587190086
53587197472
53587204552
53587209496
53587216393
53587222740
53587231712
53587236168
53587244896
53587250816
53587258202
53587263695
53587271080
53587277733
53587285118
53587292015
53587297630
53587304710
53587309532
53587316307
53587321739
53587329246
53587334190
53587341942
53587348350
53587353721
53587359153
53587365684
53587371299
53587380088
53587387107
53587394249
53587400718
53587406333
53587412986
53587419883
53587426658
53587432762
53587439781
53587447166
53587454063
53587461387
53587468406
53587474449
53587481284
53587487876
53587494468
53587501548
53587508689
53587514671
53587521629
53587527244
53587532798
53587539695
53587545493
53587550498
53587557212
53587562400
53587567710
53587573020
53587579612
53587585410
53587593650
53587600120
53587606528
53587613059
53587618613
53587624534
53587630942
53587637290
53587642600
53587649070
53587656394
53587663047
53587670615
53587677329
53587682822
53587689719
53587697470
53587702231
53587710166
53587717185
53587721579
53587728476
53587733420
53587739524
53587746237
53587752524
53587758017
53587763999
53587771018
53587776999
53587782309
53587790854
53587797018
53587803976
53587809897
53587817282
53587823080
53587828146
53587833090
53587841879
53587848715
53587855185
53587862021
53587869040
53587875998
53587882223
53587889303
53587896445
53587903464
53587909628
53587916708
53587923178
53587928976
53587934652
53587941488
53587948080
53587955099
53587963034
53587969076
53587975363
53587980368
53587985495
53587992575
53587997946
53588004232
53588009542
53588017538
53588023275
53588030477
53588037191
53588045370
53588052145
53588058126
53588064718
53588071798
53588078451
53588084676
53588091268
53588098287
53588104757
53588110067
53588117879
53588124654
53588130941
53588136922
53588145040
53588151083
53588158651
53588164449
53588171834
53588178365
53588186727
53588192525
53588200216
53588206258
53588214803
53588220784
53588227254
53588233724
53588241048
53588248800
53588254415
53588261190
53588267415
53588274862
53588281209
53588287252
53588295186
53588300740
53588307271
53588314046
53588322103
53588329549
53588336141
53588341878
53588348897
53588355184
53588362019
53588368550
53588375447
53588382405
53588389241
53588395345
53588401814
53588409077
53588415974
53588423054
53588429341
53588435078
53588442219
53588448872
53588456746
53588462605
53588468709
53588476338
53588484089
53588490132
53588496968
53588503254
53588511128
53588518818
53588525837
53588531392
53588539814
53588544819
53588554158
53588559651
53588566487
53588572773
53588579975
53588586628
53588592793
53588599568
53588606037
53588614216
53588619465
53588627400
53588633381
53588641743
53588646626
53588654621
53588661640
53588667744
53588673847
53588679463
53588687763
53588693562
53588700764
53588708271
53588713825
53588721333
53588727619
53588734394
53588742390
53588749348
53588754963
53588761494
53588767292
53588776142
53588781940
53588789570
53588795368
53588802265
53588808674
53588815632
53588822468
53588829487
53588835346
53588841022
53588848163
53588853290
53588864093
53588869220
53588876300
53588883808
53588889972
53588896869
53588904193
53588911518
53588917438
53588923480
53588930438
53588938129
53588946369
53588952533
53588959308
53588965350
53588971393
53588977802
53588985126
53588991962
53588997577
53589005756
53589012714
53589019183
53589026508
53589034015
53589041217
53589047870
53589055438
53589062457
53589069476
53589077289
53589084064
53589091022
53589097552
53589103534
53589110492
53589117572
53589123492
53589132464
53589137957
53589145160
53589151141
53589156085
53589163409
53589170855
53589178607
53589183795
53589190570
53589197711
53589204913
53589209124
53589217181
53589224383
53589232928
53589238116
53589245562
53589252886
53589259234
53589266863
53589273455
53589281390
53589287615
53589294085
53589300372
53589307635
53589314227
53589319842
53589325579
53589332354
53589340044
53589346697
53589353716
53589360979
53589367205
53589372881
53589380022
53589385271
53589391497
53589399553
53589406389
53589413225
53589419451
53589424944
53589432756
53589440996
53589447161
53589454973
53589462358
53589469316
53589474932
53589483782
53589489214
53589497393
53589503191
53589509294
53589517290
53589524492
53589529863
53589537615
53589542619
53589550066
53589555559
53589562639
53589568315
53589576006
53589581987
53589590166
53589596208
53589602678
53589609880
53589618608
53589625749
53589633012
53589640398
53589646501
53589654680
53589660722
53589668046
53589675554
53589681230
53589688798
53589694841
53589701799
53589709184
53589715593
53589721696
53589729081
53589734758
53589741105
53589749528
53589755510
53589761308
53589768754
53589775102
53589780778
53589786698
53589794572
53589801408
53589807817
53589814958
53589821061
53589828996
53589834855
53589841813
53589848527
53589855363
53589862077
53589868791
53589873917
53589882218
53589888871
53589895036
53589902116
53589908097
53589915238
53589922196
53589929642
53589934952
53589941971
53589948746
53589953324
53589960221
53589968156
53589977616
53589987687
53589997635
53590007462
53590016739
53590025956
53590035782
53590045243
53590052262
53590059342
53590066300
53590072892
53590078690
53590085709
53590092301
53590099198
53590104203
53590110123
53590116165
53590123306
53590130020
53590138626
53590144608
53590150406
53590157181
53590164078
53590170792
53590176651
53590184708
53590192093
53590198502
53590204422
53590210770
53590217483
53590224930
53590234512
53590240860
53590247574
53590254349
53590259842
53590267837
53590273697
53590281875
53590287552
53590294204
53590301101
53590306656
53590312637
53590318802
53590327041
53590334427
53590340164
53590346573
53590353469
53590359817
53590366409
53590373489
53590379043
53590386306
53590391983
53590397842
53590404861
53590411819
53590418167
53590423477
53590431045
53590437576
53590443435
53590449111
53590457168
53590463271
53590469070
53590475417
53590480911
53590488418
53590495254
53590502029
53590507766
53590514236
53590520400
53590527663
53590533767
53590539382
53590546218
53590553725
53590559829
53590566604
53590575942
53590582839
53590587844
53590594497
53590600478
53590608413
53590614699
53590621169
53590631850
53590638015
53590645949
53590651931
53590659377
53590664931
53590672377
53590677932
53590683608
53590691420
53590698378
53590705580
53590711867
53590718215
53590723769
53590728652
53590735915
53590742690
53590750136
53590755568
53590763747
53590769789
53590775710
53590783522
53590789381
53590797438
53590803297
53590810866
53590817702
53590823927
53590830275
53590837843
53590843886
53590848952
53590856032
53590863356
53590870558
53590875868
53590883375
53590890394
53590894728
53590900953
53590907972
53590915114
53590921583
53590925978
53590934095
53590941847
53590948439
53590955214
53590961805
53590968092
53590975355
53590981459
53590987989
53590994215
53590999586
53591005995
53591013563
53591018202
53591023695
53591031629
53591037061
53591044874
53591051710
53591056471
53591062513
53591068433
53591074842
53591082716
53591089491
53591094923
53591102125
53591108717
53591114820
53591120801
53591126905
53591132398
53591137342
53591142957
53591148572
53591154310
53591160352
53591167066
53591171949
53591178480
53591185010
53591191541
53591198804
53591204175
53591211744
53591217176
53591224988
53591231519
53591238233
53591244703
53591250806
53591257276
53591263074
53591270459
53591276380
53591282117
53591288709
53591292554
53591300000
53591303845
53591311902
53591318128
53591324536
53591330640
53591336255
53591344190
53591349866
53591357800
53591364148
53591371411
53591378369
53591384106
53591390759
53591397961
53591404736
53591410657
53591418042
53591424390
53591430310
53591435498
53591441113
53591447400
53591453320
53591458020
53591464062
53591468884
53591475476
53591481946
53591488476
53591495190
53591501660
53591508130
53591517102
53591522595
53591529004
53591535534
53591541333
53591546276
53591551709
53591556897
53591563977
53591570019
53591576733
53591583020
53591589794
53591595837
53591603100
53591610790
53591617626
53591624523
53591630261
53591636974
53591642712
53591649304
53591656017
53591662548
53591670178
53591676281
53591682079
53591688061
53591694653
53591699841
53591706737
53591712475
53591719128
53591723278
53591731029
53591736523
53591741283
53591746960
53591752819
53591758556
53591765758
53591770397
53591779064
53591785656
53591791515
53591798717
53591804027
53591811779
53591818493
53591824291
53591830761
53591837658
53591843944
53591849987
53591855785
53591863781
53591869518
53591874095
53591879955
53591885570
53591891368
53591898754
53591905101
53591911388
53591919017
53591925426
53591932689
53591938793
53591945506
53591951244
53591961009
53591967113
53591973583
53591979259
53591985545
53591991405
53591999278
53592006114
53592013133
53592019786
53592026927
53592034312
53592039989
53592046763
53592054454
53592062388
53592068431
53592073863
53592079051
53592084605
53592090648
53592096141
53592102549
53592108470
53592113170
53592118968
53592128062
53592136851
53592142039
53592149668
53592154979
53592163035
53592168895
53592173899
53592180491
53592185557
53592192149
53592199839
53592206248
53592211253
53592217539
53592223399
53592231700
53592238169
53592244700
53592250620
53592257151
53592264231
53592269419
53592276560
53592282664
53592290354
53592296152
53592304148
53592311106
53592316904
53592322642
53592329233
53592335764
53592341868
53592352000
53592360422
53592366526
53592374827
53592380137
53592385935
53592391001
53592398142
53592402598
53592408213
53592414377
53592420237
53592427195
53592433176
53592438181
53592447275
53592453012
53592459909
53592465280
53592472483
53592479441
53592485910
53592492075
53592500070
53592506784
53592513010
53592519602
53592525583
53592533334
53592539377
53592545847
53592552622
53592557321
53592564340
53592571054
53592578195
53592585092
53592591379
53592598398
53592604806
53592611337
53592617929
53592623971
53592630502
53592636178
53592641733
53592649972
53592655527
53592662729
53592668771
53592677316
53592681711
53592690194
53592696908
53592702401
53592709604
53592714547
53592720346
53592726693
53592732675
53592738839
53592745980
53592752267
53592758981
53592765756
53592771432
53592777719
53592783456
53592788095
53592795053
53592801278
53592807931
53592816232
53592822457
53592828256
53592834847
53592841683
53592849252
53592853463
53592860787
53592867440
53592873238
53592879891
53592887582
53592895089
53592900948
53592907906
53592913949
53592920724
53592926583
53592934884
53592940682
53592949898
53592956490
53592961678
53592967904
53592974618
53592981148
53592987191
53592994271
53593001961
53593008736
53593014901
53593021370
53593028939
53593034310
53593042000
53593048714
53593055550
53593061898
53593067269
53593075630
53593081429
53593088265
53593095467
53593103157
53593109139
53593115303
53593122383
53593128365
53593134041
53593141609
53593147408
53593153999
53593160530
53593166817
53593172493
53593178169
53593184151
53593189400
53593196114
53593203316
53593210152
53593217598
53593224678
53593231514
53593238716
53593244942
53593251839
53593257759
53593264412
53593272712
53593279915
53593285835
53593293159
53593298774
53593307563
53593313606
53593319832
53593327339
53593334053
53593339912
53593346382
53593354560
53593362190
53593369514
53593376411
53593383613
53593390571
53593398506
53593405952
53593413032
53593418891
53593425300
53593431220
53593437019
53593443000
53593449592
53593456367
53593463020
53593469794
53593476875
53593482917
53593488654
53593495124
53593501655
53593508308
53593515266
53593521796
53593528510
53593535712
53593541633
53593547736
53593553962
53593560737
53593567328
53593572944
53593577949
53593584601
53593590766
53593597114
53593604560
53593609198
53593617255
53593623359
53593628302
53593632148
53593640021
53593645880
53593650946
53593658942
53593664618
53593672797
53593678473
53593684088
53593689398
53593696051
53593703436
53593709967
53593716437
53593722907
53593729315
53593735541
53593741950
53593748358
53593755011
53593761420
53593767828
53593774481
53593779547
53593786749
53593793463
53593799933
53593806647
53593813299
53593820135
53593828253
53593835272
53593840704
53593848395
53593853583
53593860785
53593868231
53593875555
53593880926
53593888067
53593894232
53593901983
53593906500
53593916082
53593921881
53593928473
53593934210
53593939520
53593945074
53593951239
53593957525
53593962774
53593969549
53593977301
53593983404
53593988653
53593994268
53593998724
53594004400
53594010137
53594015753
53594023382
53594027471
53594033575
53594039495
53594044927
53594052496
53594057928
53594063909
53594068975
53594075018
53594083990
53594090398
53594096380
53594103216
53594110052
53594116277
53594122198
53594128423
53594134099
53594140874
53594146367
53594153814
53594159307
53594165777
53594170904
53594178838
53594185674
53594191655
53594197515
53594205083
53594211675
53594217962
53594224431
53594231755
53594238164
53594245305
53594252324
53594257817
53594264531
53594270879
53594277165
53594284490
53594291020
53594297734
53594303960
53594311345
53594317998
53594322820
53594329534
53594334905
53594341496
53594346990
53594355290
53594361333
53594367925
53594373723
53594381474
53594387273
53594392583
53594397588
53594404973
53594410649
53594416508
53594422551
53594428898
53594435124
53594441105
53594448186
53594455327
53594461857
53594467534
53594473698
53594480595
53594487675
53594494999
53594502873
53594508610
53594515629
53594523625
53594529850
53594537114
53594541508
53594549809
53594556706
53594562382
53594570866
53594577458
53594582646
53594588383
53594593571
53594600041
53594607304
53594613774
53594620793
53594627445
53594634098
53594640751
53594647099
53594653751
53594661076
53594664921
53594672062
53594677677
53594684757
53594690922
53594696171
53594704838
53594711063
53594717533
53594724491
53594730472
53594736393
53594743778
53594749332
53594757755
53594764347
53594771427
53594777897
53594783695
53594789798
53594795658
53594802372
53594810489
53594817020
53594822452
53594828006
53594833927
53594840274
53594844852
53594851810
53594859073
53594865177
53594870792
53594877445
53594882511
53594886051
53594895511
53594900333
53594905765
53594914127
53594920474
53594926273
53594932254
53594938541
53594944888
53594951297
53594958133
53594965030
53594971683
53594976871
53594982425
53594987796
53594993716
53595000003
53595005740
53595010745
53595016605
53595022098
53595027835
53595033450
53595039493
53595046268
53595051028
53595058047
53595064578
53595071170
53595076785
53595083743
53595089724
53595095767
53595103946
53595110293
53595117312
53595123355
53595130679
53595139590
53595146731
53595153628
53595160220
53595167422
53595174868
53595180728
53595186160
53595192141
53595197390
53595202944
53595209109
53595213503
53595219912
53595225894
53595231997
53595236575
53595243350
53595249209
53595254885
53595260989
53595268130
53595275088
53595280581
53595289248
53595294619
53595301699
53595307131
53595313540
53595321169
53595327944
53595333864
53595340700
53595345583
53595351320
53595356142
53595363527
53595369448
53595376894
53595383791
53595390444
53595396669
53595403444
53595409182
53595417665
53595424257
53595430300
53595435976
53595443422
53595449526
53595455324
53595461733
53595467348
53595473574
53595480226
53595486879
53595492616
53595498964
53595506227
53595512514
53595518190
53595524294
53595530214
53595536745
53595544435
53595551088
53595556215
53595562929
53595569398
53595575563
53595582033
53595588136
53595595766
53595602235
53595608339
53595615663
53595621705
53595625673
53595635255
53595639406
53595648622
53595655275
53595661256
53595667299
53595674012
53595680116
53595686464
53595692262
53595698304
53595705384
53595711366
53595718690
53595724733
53595733094
53595740480
53595746766
53595753480
53595759767
53595766603
53595774598
53595779115
53595785340
53595791688
53595799684
53595805055
53595812989
53595819825
53595825684
53595832520
53595839967
53595845155
53595852174
53595861207
53595866761
53595873475
53595879212
53595887147
53595891846
53595898743
53595907288
53595914185
53595920228
53595927796
53595933961
53595940552
53595946412
53595954835
53595960572
53595968934
53595974549
53595983399
53595989075
53595994873
53596000916
53596009400
53596015686
53596021057
53596026368
53596033081
53596039612
53596046448
53596055298
53596061829
53596068543
53596074646
53596080811
53596086731
53596092346
53596098816
53596106018
53596110230
53596117493
53596123169
53596128235
53596135132
53596140930
53596149963
53596156433
53596163086
53596168579
53596174744
53596181152
53596188049
53596194946
53596201599
53596207580
53596215027
53596221863
53596228454
53596234192
53596240722
53596247497
53596252807
53596260254
53596266052
53596273010
53596278137
53596285278
53596291748
53596298034
53596304504
53596309692
53596316467
53596320617
53596330444
53596338195
53596348938
53596356201
53596368408
53596376525
53596382385
53596389038
53596399719
53596412841
53596428832
53596437804
53596445739
53596457397
53596467590
53596476623
53596486205
53596494811
53596502135
53596508666
53596514770
53596521667
53596527648
53596535155
53596542663
53596549560
53596556334
53596562560
53596569335
53596575072
53596579894
53596589232
53596594481
53596600280
53596607177
53596612487
53596620482
53596626952
53596633910
53596640380
53596647216
53596652831
53596660216
53596665953
53596673522
53596680174
53596687010
53596692381
53596699462
53596708128
53596717711
53596724181
53596730711
53596737425
53596743529
53596748839
53596757933
53596764342
53596770201
53596777159
53596780943
53596787840
53596796812
53596802977
53596809996
53596815672
53596823241
53596831358
53596836790
53596842833
53596851195
53596856993
53596864561
53596870787
53596878721
53596885313
53596891417
53596898985
53596904600
53596912596
53596919493
53596925535
53596932920
53596941954
53596948118
53596955503
53596961241
53596969786
53596976560
53596982969
53596990232
53596995725
53597004087
53597010191
53597016111
53597022703
53597028806
53597037046
53597043516
53597050230
53597057554
53597062925
53597069639
53597078123
53597083555
53597091245
53597097532
53597104185
53597111631
53597117490
53597124875
53597132871
53597138486
53597144346
53597151548
53597158017
53597164182
53597170835
53597177244
53597184507
53597190732
53597197995
53597203916
53597211911
53597219480
53597226133
53597233518
53597239072
53597244504
53597252561
53597258481
53597266355
53597274167
53597279233
53597286496
53597293393
53597300412
53597306943
53597313596
53597320798
53597327390
53597333371
53597342282
53597348019
53597355832
53597363644
53597369199
53597376889
53597384824
53597390439
53597396481
53597403500
53597410336
53597417905
53597424008
53597431454
53597438595
53597444516
53597451413
53597458371
53597465146
53597472836
53597478329
53597484189
53597493832
53597500546
53597506466
53597513790
53597521542
53597529354
53597536373
53597542294
53597549435
53597556759
53597564694
53597570919
53597577450
53597583431
53597589657
53597597042
53597603451
53597611019
53597618099
53597624935
53597631588
53597639217
53597644283
53597650082
53597657345
53597665096
53597670589
53597679073
53597684811
53597690426
53597697079
53597702694
53597710201
53597714352
53597722408
53597729366
53597735287
53597742794
53597748409
53597755916
53597761471
53597768612
53597774349
53597781612
53597787899
53597794674
53597800899
53597806942
53597814083
53597819637
53597826473
53597833126
53597838741
53597844783
53597852230
53597859004
53597865108
53597871578
53597876705
53597882076
53597890437
53597896968
53597902522
53597907649
53597916621
53597921993
53597927730
53597935176
53597942256
53597948055
53597955745
53597962276
53597968379
53597974788
53597980952
53597987727
53597994380
53598001704
53598008052
53598013362
53598019649
53598027156
53598033931
53598040706
53598047175
53598051875
53598058528
53598065242
53598072993
53598078730
53598087214
53598094416
53598100276
53598106318
53598111506
53598117915
53598124140
53598134944
53598139826
53598146784
53598154292
53598160456
53598166072
53598173274
53598179621
53598185420
53598192500
53598198786
53598205195
53598211848
53598217585
53598224726
53598230158
53598236628
53598242976
53598249873
53598257441
53598262629
53598270319
53598277338
53598283076
53598288386
53598295283
53598302485
53598309199
53598313776
53598322077
53598328058
53598336054
53598340998
53598347223
53598354487
53598359858
53598369257
53598375422
53598383600
53598392694
53598399103
53598406794
53598414057
53598419001
53598425104
53598432611
53598439386
53598446527
53598450861
53598456537
53598462396
53598470392
53598476557
53598481561
53598490045
53598496454
53598502619
53598510248
53598517023
53598524103
53598530023
53598538141
53598544183
53598551019
53598556085
53598563287
53598569208
53598574274
53598579645
53598586908
53598594781
53598601190
53598609308
53598615289
53598620538
53598627313
53598634698
53598639520
53598646722
53598652459
53598658502
53598666436
53598673211
53598679254
53598687677
53598693109
53598700799
53598707025
53598713922
53598719903
53598726556
53598733270
53598739373
53598746331
53598752862
53598759942
53598764825
53598771417
53598776666
53598782342
53598790948
53598797234
53598804009
53598810235
53598816522
53598823602
53598828973
53598835381
53598842889
53598848260
53598856744
53598863396
53598868340
53598874078
53598882256
53598888360
53598895562
53598901238
53598907342
53598914483
53598920220
53598927544
53598934197
53598941338
53598948296
53598953972
53598959954
53598965203
53598973443
53598979790
53598989556
53598995476
53599001213
53599008232
53599014641
53599021111
53599027520
53599036309
53599041924
53599046990
53599059868
53599065605
53599072685
53599079643
53599087639
53599093926
53599101738
53599108025
53599114372
53599120171
53599126274
53599134880
53599141411
53599147636
53599152519
53599159294
53599168388
53599175346
53599181450
53599188591
53599194450
53599202812
53599209343
53599216911
53599223076
53599230522
53599237419
53599243644
53599250663
53599257621
53599264091
53599270134
53599276970
53599283989
53599290580
53599297477
53599306144
53599310783
53599317253
53599325126
53599329643
53599339164
53599345939
53599351798
53599358818
53599364616
53599370292
53599376029
53599381828
53599388236
53599394950
53599401908
53599407768
53599414176
53599420951
53599427299
53599433646
53599440482
53599446464
53599453178
53599459769
53599466544
53599472465
53599479362
53599488090
53599495048
53599499747
53599505179
53599510734
53599516227
53599521415
53599527091
53599533927
53599539969
53599545279
53599551688
53599557181
53599564628
53599570182
53599576285
53599581656
53599590628
53599596549
53599602896
53599609183
53599616507
53599622916
53599628714
53599635794
53599643302
53599650015
53599656119
53599662650
53599669730
53599676077
53599682364
53599690787
53599695914
53599702994
53599708060
53599714529
53599721365
53599727713
53599733145
53599740775
53599746512
53599753958
53599759390
53599766775
53599773001
53599779837
53599786124
53599791189
53599797781
53599804373
53599810843
53599816580
53599822989
53599830679
53599837515
53599842337
53599848318
53599855764
53599862784
53599868765
53599875296
53599883047
53599890371
53599895498
53599901236
53599906301
53599912222
53599918997
53599924429
53599929556
53599936880
53599945181
53599950918
53599957693
53599965627
53599972524
53599978384
53599986746
53599992178
53599998647
53600005850
53600012624
53600019033
53600025808
53600033254
53600040090
53600046499
53600053091
53600060415
53600067739
53600073354
53600079946
53600085805
53600092702
53600098623
53600104726
53600109975
53600117238
53600122854
53600130666
53600135854
53600142202
53600149099
53600155385
53600160756
53600166982
53600174123
53600180776
53600186269
53600194936
53600199819
53600206411
53600211721
53600218007
53600223806
53600229421
53600235585
53600242848
53600249074
53600254933
53600261098
53600267323
53600273366
53600278859
53600285207
53600291921
53600297414
53600304921
53600311818
53600319142
53600324147
53600332021
53600338979
53600345143
53600351796
53600357411
53600364186
53600372426
53600376576
53600385731
53600389882
53600398549
53600402577
53600410573
53600414601
53600422535
53600426686
53600435597
53600444081
53600450612
53600456410
53600462269
53600469777
53600476185
53600482167
53600488819
53600494252
53600500965
53600508168
53600515004
53600522023
53600529225
53600535023
53600542408
53600550526
53600557789
53600563648
53600570301
53600578114
53600583424
53600590321
53600597157
53600603138
53600609181
53600615040
53600620777
53600626575
53600632252
53600638172
53600644032
53600650135
53600654652
53600662586
53600666675
53600673206
53600679066
53600685535
53600693348
53600698902
53600705433
53600711109
53600718311
53600723987
53600730091
53600735157
53600744373
53600750965
53600757129
53600763965
53600769397
53600775013
53600783313
53600790088
53600796863
53600802600
53600807727
53600813831
53600819507
53600825550
53600832874
53600837757
53600844165
53600850635
53600856800
53600862964
53600870227
53600876636
53600883838
53600892505
53600900623
53600909595
53600917896
53600924243
53600929919
53600936572
53600942310
53600948962
53600954089
53600960559
53600966296
53600971179
53600976855
53600982898
53600988818
53600994372
53601001025
53601008777
53601015185
53601021350
53601027881
53601033679
53601041797
53601046985
53601052844
53601058581
53601064380
53601070361
53601074633
53601081225
53601086840
53601093310
53601099963
53601107165
53601112963
53601120959
53601128161
53601135485
53601142321
53601149951
53601155627
53601162158
53601170153
53601176867
53601182604
53601189074
53601194384
53601200854
53601205981
53601212450
53601217944
53601224963
53601231371
53601239611
53601246020
53601252734
53601259508
53601266650
53601271715
53601279528
53601285631
53601290514
53601296252
53601302294
53601307909
53601313585
53601319201
53601324511
53601330309
53601336840
53601342577
53601348314
53601354540
53601362169
53601368639
53601373522
53601382250
53601387194
53601393785
53601398790
53601404589
53601409838
53601415941
53601421556
53601427599
53601432665
53601439501
53601444506
53601450060
53601455370
53601462267
53601467394
53601475084
53601483019
53601488573
53601494493
53601501451
53601507066
53601515062
53601520860
53601529100
53601535143
53601540575
53601547044
53601553819
53601559923
53601564867
53601571947
53601579271
53601586229
53601593492
53601600389
53601606614
53601613023
53601619371
53601625657
53601631883
53601638048
53601644761
53601651292
53601657762
53601664659
53601671006
53601678209
53601685350
53601689256
53601697984
53601702195
53601710435
53601714769
53601723619
53601730516
53601736314
53601740098
53601750108
53601757127
53601763169
53601770432
53601775620
53601782517
53601788804
53601796433
53601803697
53601810960
53601816453
53601824143
53601831345
53601836961
53601843674
53601849778
53601856187
53601863572
53601869919
53601874924
53601883225
53601889451
53601896348
53601902634
53601909287
53601914963
53601922532
53601928269
53601936326
53601942246
53601950119
53601956284
53601960129
53601968613
53601977341
53601981552
53601988083
53601993210
53602000229
53602005173
53602012436
53602018173
53602022873
53602028244
53602035385
53602040940
53602046616
53602052414
53602058518
53602064255
53602069382
53602076218
53602083542
53602089951
53602095810
53602104050
53602109238
53602114975
53602120895
53602128098
53602136276
53602141891
53602149094
53602154831
53602160507
53602166489
53602173385
53602179306
53602186203
53602192795
53602198349
53602204330
53602207748
53602214096
53602223068
53602228988
53602234848
53602239853
53602244613
53602252182
53602256942
53602264145
53602270126
53602276779
53602283554
53602289901
53602294906
53602300399
53602306076
53602314865
53602321273
53602326705
53602332321
53602337203
53602343429
53602350448
53602356002
53602364425
53602368575
53602375045
53602383102
53602389633
53602397384
53602404403
53602410445
53602416427
53602422042
53602429122
53602435958
53602442489
53602449447
53602457259
53602462875
53602468978
53602475265
53602481307
53602486800
53602494369
53602500228
53602507308
53602514266
53602519576
53602526351
53602531234
53602538985
53602545638
53602551864
53602557662
53602562911
53602569747
53602576278
53602584639
53602590255
53602595870
53602601912
53602613326
53602618697
53602625899
53602633528
53602639571
53602646407
53602654646
53602661238
53602666670
53602674178
53602680159
53602687178
53602694136
53602701033
53602706648
53602713911
53602720992
53602726912
53602734907
53602741743
53602747786
53602751936
53602759627
53602766402
53602772566
53602779524
53602786360
53602793745
53602801375
53602806807
53602813276
53602821943
53602827131
53602834272
53602841108
53602847029
53602852949
53602859907
53602866926
53602874128
53602879988
53602887251
53602893232
53602898848
53602905683
53602912458
53602918867
53602925825
53602931013
53602938642
53602943891
53602950666
53602956770
53602964948
53602973066
53602980024
53602985578
53602992719
53602999494
53603006269
53603013105
53603019758
53603026044
53603032148
53603039411
53603044660
53603052289
53603059003
53603065168
53603071943
53603077802
53603083723
53603090192
53603098798
53603106855
53603112836
53603120710
53603127240
53603132734
53603138288
53603146283
53603153730
53603159955
53603165815
53603173139
53603178876
53603184430
53603190351
53603197126
53603203168
53603209027
53603215558
53603223981
53603228498
53603236371
53603244428
53603251080
53603258100
53603263593
53603271771
53603277570
53603284711
53603292157
53603298993
53603305219
53603310712
53603317975
53603324994
53603332257
53603339337
53603345624
53603351788
53603357648
53603363751
53603370770
53603377240
53603384137
53603389142
53603396283
53603403180
53603408124
53603415936
53603422589
53603429547
53603435467
53603442242
53603447918
53603453961
53603460553
53603466717
53603470990
53603475750
53603481976
53603488934
53603494244
53603502178
53603508099
53603514874
53603521649
53603531048
53603538738
53603547405
53603553997
53603561505
53603568462
53603575054
53603582256
53603587750
53603597027
53603602642
53603610882
53603616375
53603623699
53603630474
53603639568
53603647808
53603655132
53603663250
53603668316
53603675579
53603681560
53603689556
53603695232
53603703838
53603710369
53603717571
53603723186
53603730755
53603737346
53603744426
53603751323
53603758281
53603764995
53603773845
53603781841
53603787883
53603793499
53603801433
53603809246
53603817668
53603824748
53603830059
53603837749
53603844768
53603850444
53603857341
53603866374
53603873393
53603879985
53603887065
53603893657
53603900432
53603908550
53603915385
53603921794
53603927959
53603934123
53603942485
53603948527
53603954814
53603962565
53603968303
53603976298
53603982524
53603988994
53603997478
53604005351
53604011760
53604016887
53604024516
53604031657
53604039470
53604045085
53604052104
53604059184
53604066386
53604074015
53604080363
53604089335
53604096110
53604103251
53604110636
53604116923
53604124613
53604130656
53604136576
53604144938
53604150614
53604157145
53604164897
53604170878
53604177042
53604185160
53604191691
53604197977
53604204264
53604211222
53604220255
53604227152
53604233378
53604239786
53604246989
53604254618
53604261881
53604267496
53604274943
53604281534
53604288248
53604293619
53604301066
53604309061
53604316019
53604323832
53604329508
53604335795
53604342936
53604353312
53604360086
53604366983
53604373087
53604380716
53604385782
53604392618
53604399027
53604406229
53604411539
53604418924
53604424906
53604430887
53604436380
53604444376
53604451212
53604459329
53604464884
53604470316
53604478433
53604482584
53604491373
53604497232
53604503641
53604508829
53604516824
53604522501
53604527383
53604534891
53604541605
53604549783
53604555582
53604562051
53604567483
53604572977
53604578226
53604586160
53604591836
53604599466
53604605508
53604611734
53604618081
53604624307
53604632242
53604639322
53604643594
53604650430
53604657205
53604662820
53604671243
53604678323
53604684365
53604691934
53604699136
53604704507
53604712014
53604717385
53604725564
53604733010
53604739358
53604746255
53604752053
53604758340
53604764199
53604773354
53604780068
53604786355
53604793313
53604798623
53604805581
53604810952
53604818093
53604824380
53604831338
53604837014
53604842995
53604850197
53604856484
53604863198
53604869424
53604874917
53604882058
53604887612
53604893288
53604900857
53604907692
53604913064
53604919533
53604926064
53604932839
53604938759
53604944741
53604949685
53604954323
53604960427
53604968056
53604972817
53604978310
53604983620
53604988686
53604994606
53605001198
53605007851
53605012856
53605019020
53605024758
53605032936
53605038429
53605044716
53605051979
53605057350
53605064613
53605069679
53605075356
53605081703
53605089272
53605096413
53605101295
53605109596
53605114662
53605121986
53605127296
53605134926
53605142189
53605149879
53605154640
53605160988
53605167946
53605174049
53605179237
53605186500
53605193153
53605200599
53605206032
53605210792
53605217262
53605224220
53605232948
53605241798
53605248024
53605254615
53605261756
53605269020
53605276222
53605283851
53605291481
53605298072
53605304237
53605311805
53605317420
53605323524
53605331153
53605337440
53605344215
53605348609
53605357642
53605364356
53605371070
53605378700
53605384864
53605391700
53605398475
53605404578
53605410560
53605416236
53605422340
53605429725
53605436133
53605442908
53605448951
53605455726
53605461585
53605470008
53605475257
53605483069
53605489478
53605496314
53605501807
53605508826
53605515357
53605521582
53605529517
53605537024
53605542823
53605548377
53605556128
53605561621
53605567542
53605573218
53605580237
53605586829
53605594031
53605599341
53605604346
53605612525
53605619300
53605625281
53605631201
53605637854
53605644568
53605650916
53605657141
53605662451
53605670203
53605677039
53605684119
53605690527
53605696021
53605702734
53605710242
53605716772
53605722571
53605729712
53605735510
53605742346
53605750159
53605756933
53605763830
53605770300
53605776953
53605781531
53605788794
53605794653
53605802466
53605809179
53605814856
53605821447
53605830298
53605836462
53605842627
53605848425
53605856909
53605864111
53605870764
53605877050
53605883947
53605890051
53605898352
53605904821
53605912451
53605918493
53605925939
53605931860
53605938207
53605945226
53605953283
53605957617
53605965124
53605970617
53605978185
53605983434
53605988317
53605997717
53606004247
53606010046
53606018041
53606024877
53606031713
53606037878
53606044713
53606052648
53606059606
53606066686
53606071935
53606080114
53606086889
53606094030
53606101049
53606106542
53606113439
53606120214
53606126195
53606132238
53606138097
53606142919
53606151586
53606157018
53606165197
53606171056
53606177831
53606183690
53606190465
53606197667
53606203527
53606208653
53606214940
53606220983
53606228734
53606233251
53606242101
53606249059
53606255589
53606261266
53606269750
53606276585
53606282994
53606288487
53606296910
53606303746
53606309911
53606316197
53606322972
53606328648
53606335728
53606342564
53606349644
53606356785
53606363316
53606370030
53606376500
53606383336
53606391148
53606398045
53606403904
53606410923
53606418431
53606425328
53606430027
53606435765
53606442234
53606448033
53606453648
53606462010
53606468418
53606474522
53606482395
53606489292
53606494969
53606502110
53606510227
53606515599
53606521763
53606530735
53606536472
53606542027
53606547581
53606555027
53606560581
53606568028
53606574375
53606580662
53606586399
53606593540
53606598118
53606605320
53606612766
53606620335
53606627109
53606631565
53606638645
53606643711
53606650181
53606655063
53606662571
53606668430
53606674839
53606682041
53606688144
53606693638
53606700901
53606706211
53606713718
53606719639
53606727512
53606733493
53606740146
53606745945
53606752719
53606758823
53606767429
53606775669
53606781650
53606788486
53606796360
53606803073
53606809238
53606816135
53606823154
53606829929
53606835727
53606841709
53606847751
53606852207
53606859103
53606863620
53606870883
53606876621
53606881320
53606888766
53606893710
53606900119
53606905185
53606913364
53606918246
53606924167
53606932590
53606938937
53606946445
53606952609
53606959872
53606967624
53606972934
53606979281
53606984591
53606992587
53606998080
53607003940
53607009433
53607016330
53607021701
53607029574
53607036044
53607044345
53607050326
53607056308
53607062655
53607068698
53607075167
53607082125
53607089450
53607096224
53607103182
53607109774
53607117098
53607123507
53607130343
53607138033
53607144930
53607153170
53607159457
53607164889
53607172762
53607179232
53607185702
53607192660
53607198275
53607204012
53607210604
53607217196
53607221529
53607227267
53607233736
53607240877
53607248202
53607254305
53607261568
53607267855
53607273409
53607280062
53607286287
53607293062
53607298739
53607303866
53607308687
53607314608
53607321749
53607327242
53607333834
53607341158
53607347750
53607353487
53607360811
53607366121
53607372286
53607379793
53607387117
53607392305
53607398958
53607403536
53607411470
53607417452
53607423677
53607429598
53607436128
53607441683
53607447054
53607454012
53607459505
53607465669
53607472994
53607477876
53607483308
53607490327
53607496858
53607503633
53607510347
53607516695
53607523042
53607529085
53607535066
53607541109
53607546907
53607553377
53607559419
53607563569
53607570283
53607576753
53607582368
53607590974
53607596895
53607602998
53607608247
53607613435
53607619966
53607627229
53607636018
53607644380
53607649934
53607658235
53607664155
53607669892
53607675202
53607684297
53607691926
53607698213
53607704804
53607710908
53607717988
53607724336
53607731904
53607738862
53607745942
53607753693
53607758759
53607765534
53607773713
53607778718
53607785188
53607791413
53607797089
53607803803
53607808991
53607817109
53607826325
53607831879
53607836152
53607839814
53607847504
53607852570
53607856660
53607861542
53607864655
53607869111
53607874238
53607878815
53607884186
53607888154
53607895600
53607900483
53607904633
53607908600
53607913422
53607918915
53607923127
53607927521
53607931244
53607936798
53607941742
53607946076
53607951142
53607956025
53607960968
53607965851
53607970856
53607974945
53607979767
53607983795
53607989105
53607993988
53607997895
53608002655
53608007294
53608010285
53608016144
53608021149
53608025360
53608030609
53608035553
53608040253
53608044464
53608049530
53608053375
53608059235
53608062531
53608069489
53608075104
53608080170
53608084930
53608089203
53608093719
53608098419
53608103668
53608107147
53608111664
53608116363
53608120880
53608126251
53608131744
53608137604
53608143524
53608148041
53608153229
53608160553
53608166717
53608172821
53608178070
53608184173
53608191375
53608196747
53608201019
53608208038
53608213226
53608219085
53608223541
53608228302
53608232269
53608236969
53608242767
53608246490
53608250763
53608256927
53608261932
53608266510
53608271148
53608278472
53608282257
53608288726
53608293548
53608299957
53608305023
53608308624
53608315338
53608322296
53608326690
53608332366
53608337920
53608342742
53608351898
53608356292
53608361907
53608367645
53608374053
53608378997
53608384917
53608390594
53608396148
53608399871
53608405913
53608411895
53608418182
53608423186
53608429778
53608435271
53608442229
53608446868
53608452483
53608459014
53608465545
53608471648
53608477508
53608483916
53608489287
53608495879
53608501555
53608507964
53608514312
53608521209
53608525969
53608532927
53608538787
53608543486
53608549529
53608554595
53608561797
53608568572
53608574492
53608578093
53608585601
53608593474
53608599211
53608605925
53608612273
53608615996
53608622893
53608628203
53608635832
53608642912
53608648772
53608654204
53608659575
53608664580
53608669829
53608675444
53608682829
53608687956
53608693266
53608698332
53608702727
53608710783
53608717924
53608721403
53608731596
53608738554
53608744475
53608750944
53608757841
53608763579
53608769316
53608774870
53608783720
53608788847
53608795866
53608802946
53608807036
53608812468
53608818510
53608825163
53608831388
53608835478
53608841154
53608847868
53608851713
53608859159
53608862944
53608870329
53608876249
53608883146
53608887907
53608894682
53608900724
53608904753
53608910673
53608916776
53608922819
53608929411
53608934110
53608939420
53608943998
53608950651
53608956083
53608962003
53608967558
53608973417
53608979948
53608985075
53608991239
53608998014
53609004789
53609014127
53609025236
53609037076
53609046903
53609055936
53609063566
53609071866
53609081571
53609089994
53609098417
53609106473
53609115812
53609123868
53609132413
53609139920
53609146695
53609154203
53609162686
53609170011
53609177579
53609184476
53609190152
53609194669
53609198453
53609202664
53609207181
53609212491
53609216763
53609220853
53609226041
53609230557
53609234830
53609239530
53609244168
53609250089
53609255826
53609259122
53609264554
53609267728
53609271878
53609278470
53609283231
53609288052
53609293790
53609298489
53609303494
53609308682
53609314114
53609319852
53609327237
53609332913
53609337796
53609342373
53609351529
53609356656
53609364773
53609370205
53609374966
53609379849
53609383816
53609389737
53609395352
53609401761
53609407620
53609412136
53609417630
53609421353
53609424405
53609430386
53609433804
53609440029
53609447842
53609452786
53609458035
53609464077
53609470059
53609475674
53609480435
53609485562
53609490505
53609494168
53609499172
53609505581
53609511074
53609514004
53609519680
53609524563
53609530850
53609536709
53609542019
53609546902
53609551907
53609556118
53609559658
53609567287
53609573574
53609578701
53609584927
53609590054
53609595303
53609600307
53609603847
53609610012
53609615749
53609620937
53609626125
53609631801
53609637844
53609642544
53609647854
53609653164
53609656643
53609663967
53609670437
53609674831
53609679958
53609685695
53609691433
53609695827
53609700710
53609706081
53609711452
53609717739
53609722927
53609729396
53609735561
53609741237
53609744960
53609752651
53609759243
53609764064
53609770961
53609776149
53609781642
53609789272
53609796596
53609798427
53609808010
53609814906
53609819362
53609827480
53609834010
53609837978
53609844203
53609849269
53609856593
53609860500
53609866786
53609871120
53609880580
53609884792
53609891750
53609900478
53609908473
53609915919
53609921901
53609927760
53609933497
53609942103
53609948939
53609954860
53609963588
53609970912
53609977931
53609982203
53609988429
53609994288
53610000880
53610005763
53610012904
53610017909
53610024928
53610030970
53610036219
53610042567
53610049342
53610053187
53610061000
53610066676
53610070826
53610079127
53610084437
53610089564
53610096400
53610101893
53610109095
53610115321
53610121241
53610125819
53610131861
53610137782
53610143092
53610149378
53610154627
53610161646
53610166712
53610173060
53610180201
53610187952
53610194300
53610198939
53610206141
53610209803
53610217921
53610225184
53610231470
53610236719
53610240748
53610248438
53610255823
53610261072
53610267908
53610274317
53610280787
53610286829
53610293055
53610300928
53610304773
53610312342
53610318567
53610324732
53610329981
53610337122
53610342981
53610349390
53610355310
53610359644
53610368799
53610376428
53610383020
53610389612
53610395349
53610401209
53610406946
53610411402
53610419092
53610425440
53610431360
53610438440
53610444971
53610450708
53610456262
53610462488
53610468042
53610475000
53610480432
53610487268
53610492273
53610500146
53610506250
53610512842
53610519128
53610526025
53610533716
53610540918
53610546655
53610553674
53610563196
53610576318
53610586511
53610595544
53610602685
53610614404
53610623254
53610633081
53610641137
53610647973
53610659875
53610665917
53610677758
53610686547
53610694665
53610701867
53610710290
53610716943
53610727136
53610735375
53610742761
53610750939
53610763268
53610770959
53610779076
53610787011
53610793359
53610799767
53610808984
53610818566
53610825036
53610834130
53610841027
53610849816
53610854271
53610863366
53610872948
53610880455
53610887597
53610894616
53610902489
53610912072
53610918663
53610925743
53610933312
53610939110
53610950157
53610955101
53610966210
53610973717
53610979882
53610990807
53610998619
53611008202
53611018822
53611025780
53611036156
53611046349
53611053673
53611064964
53611072227
53611081627
53611089683
53611095726
53611104820
53611114097
53611121178
53611126610
53611136741
53611144005
53611154991
53611161583
53611169639
53611179161
53611184349
53611192894
53611200706
53611209495
53611216697
53611226036
53611232261
53611241111
53611248313
53611253074
53611260826
53611267051
53611273277
53611280845
53611285667
53611293113
53611299156
53611305076
53611309898
53611314231
53611321128
53611325889
53611332114
53611337119
53611343345
53611349326
53611354026
53611359519
53611366355
53611370444
53611375755
53611380393
53611384971
53611390098
53611395408
53611401084
53611405906
53611410667
53611419517
53611425742
53611431418
53611437949
53611443686
53611450156
53611455344
53611461570
53611467673
53611472373
53611478660
53611484397
53611489768
53611495444
53611499900
53611506491
53611510276
53611515769
53611519736
53611522788
53611528342
53611533591
53611538291
53611542990
53611548667
53611552207
53611557151
53611562277
53611568381
53611571860
53611577414
53611583640
53611590048
53611595725
53611601279
53611607504
53611613181
53611617087
53611622397
53611628073
53611632956
53611638205
53611644003
53611648947
53611655478
53611660849
53611665793
53611672263
53611677756
53611683432
53611692099
53611697714
53611703879
53611709433
53611713461
53611719931
53611726767
53611733603
53611737692
53611743368
53611750021
53611755636
53611759115
53611765402
53611771017
53611780417
53611784079
53611790243
53611796225
53611802633
53611807211
53611812826
53611818014
53611824972
53611830099
53611837362
53611842916
53611847067
53611854208
53611860006
53611865011
53611872091
53611879232
53611884054
53611889852
53611896322
53611903158
53611908102
53611913595
53611919027
53611924093
53611930013
53611935812
53611941366
53611946615
53611953268
53611959615
53611963888
53611972677
53611978231
53611983053
53611988851
53611996053
53612002157
53612008260
53612014791
53612019674
53612026937
53612036092
53612042074
53612048726
53612057210
53612062703
53612068441
53612074056
53612080709
53612087728
53612092916
53612099874
53612106282
53612112142
53612116903
53612123677
53612129293
53612136251
53612141988
53612147908
53612153524
53612158528
53612165364
53612169148
53612175923
53612181844
53612189534
53612195149
53612199117
53612206319
53612212300
53612217610
53612224080
53612230611
53612236714
53612244649
53612249959
53612256306
53612262532
53612268758
53612276082
53612281880
53612286580
53612295186
53612300862
53612306782
53612311665
53612318318
53612324605
53612330464
53612335652
53612341633
53612346821
53612353535
53612359211
53612362996
53612370625
53612374959
53612381672
53612386494
53612393269
53612400837
53612405049
53612412983
53612417439
53612424580
53612431477
53612436726
53612443867
53612450154
53612455891
53612460408
53612466572
53612471943
53612476460
53612482380
53612487934
53612495320
53612502216
53612506306
53612513020
53612519489
53612524128
53612529499
53612534504
53612539265
53612545185
53612550922
53612556721
53612562946
53612568684
53612574299
53612578937
53612588154
53612593159
53612600910
53612606708
53612612812
53612617084
53612627216
53612634296
53612639545
53612646930
53612656879
53612664875
53612676410
53612684162
53612692463
53612702106
53612708088
53612715778
53612726520
53612734211
53612743061
53612752765
53612759052
53612767780
53612777545
53612785175
53612793170
53612798480
53612808551
53612817828
53612824298
53612832477
53612839557
53612846759
53612852985
53612860248
53612869647
53612875568
53612885455
53612894000
53612898883
53612908282
53612917377
53612924884
53612934344
53612939654
53612950091
53612957171
53612967364
53612975604
53612984088
53612990313
53613000689
53613007952
53613015765
53613024188
53613029864
53613039202
53613048236
53613056597
53613062091
53613067767
53613078509
53613087908
53613095904
53613101397
53613109881
53613118548
53613127825
53613136309
53613143755
53613154131
53613159930
53613165728
53613174700
53613183611
53613191057
53613199175
53613209002
53613213946
53613223223
53613230730
53613236223
53613248003
53613252886
53613261431
53613269304
53613278643
53613287981
53613293596
53613303728
53613310869
53613320085
53613325701
53613333696
53613340105
53613350725
53613357500
53613367327
53613373186
53613384844
53613390520
53613400163
53613409075
53613415300
53613421953
53613432817
53613441606
53613450822
53613461748
53613468767
53613479326
53613485857
53613495439
53613504167
53613511369
53613520036
53613527360
53613536821
53613542924
53613554033
53613562700
53613571306
53613581193
53613592424
53613603349
53613609391
53613615739
53613628739
53613634660
53613644487
53613652360
53613659379
53613670243
53613676591
53613684892
53613697892
53613706437
53613717484
53613727006
53613735856
53613745133
53613753739
53613763261
53613771744
53613780472
53613788712
53613797440
53613805985
53613815018
53613822098
53613831193
53613837479
53613846268
53613848649
53613861710
53613868424
53613879776
53613887833
53613896195
53613901993
53613908463
53613918106
53613927872
53613937821
53613943985
53613954788
53613960037
53613969742
53613981278
53613989151
53613995926
53614004410
53614014114
53614021256
53614027481
53614038651
53614044205
53614054703
53614063309
53614069534
53614076248
53614087417
53614098343
53614105484
53614115616
53614123916
53614132522
53614139541
53614148269
53614157852
53614166641
53614171951
53614181839
53614189956
53614199844
53614203872
53614218338
53614224197
53614234085
53614243362
53614250076
53614258499
53614264541
53614275039
53614282424
53614293105
53614299880
53614308303
53614313674
53614324233
53614329055
53614339309
53614346206
53614354385
53614363723
53614371841
53614378310
53614384597
53614393203
53614400588
53614405288
53614413405
53614419875
53614429885
53614438430
53614446914
53614453078
53614462600
53614472976
53614483779
53614492873
53614499404
53614506789
53614516494
53614525588
53614531264
53614539260
53614546340
53614555129
53614560988
53614567275
53614576613
53614585585
53614594191
53614600417
53614610548
53614615126
53614625319
53614631728
53614637282
53614646986
53614653883
53614663283
53614673537
53614684767
53614694655
53614703383
53614712233
53614723585
53614732008
53614742445
53614756117
53614761488
53614767653
53614779554
53614791883
53614800428
53614807569
53614816725
53614822035
53614832472
53614840956
53614846754
53614858229
53614863600
53614869459
53614879469
53614887830
53614896314
53614901930
53614911634
53614916151
53614925428
53614932569
53614942030
53614947584
53614955457
53614964490
53614972730
53614980054
53614989759
53614995923
53615006177
53615015760
53615022230
53615031019
53615037732
53615044324
53615055982
53615066541
53615073072
53615082898
53615091077
53615096509
53615105909
53615114209
53615121656
53615129712
53615137830
53615144727
53615153028
53615162854
53615171094
53615176831
53615186414
53615191663
53615203748
53615212170
53615217969
53615225537
53615236768
53615247205
53615253674
53615263135
53615271252
53615276746
53615282849
53615292432
53615303296
53615311169
53615317029
53615328137
53615332715
53615342297
53615349988
53615355603
53615366528
53615374402
53615382275
53615390820
53615400830
53615408703
53615415539
53615424694
53615432385
53615439526
53615448193
53615458447
53615466076
53615474621
53615480908
53615490673
53615498364
53615507824
53615513134
53615522228
53615530895
53615537609
53615546703
53615555492
53615562572
53615570751
53615581737
53615589550
53615596813
53615604809
53615613476
53615622814
53615630199
53615638012
53615646373
53615655956
53615662670
53615671764
53615678722
53615688305
53615697826
53615708629
53615718029
53615725963
53615734264
53615740367
53615750072
53615757335
53615766246
53615771800
53615782115
53615788707
53615798045
53615804881
53615811778
53615819408
53615826305
53615835094
53615841624
53615851634
53615859630
53615867931
53615876597
53615881969
53615887523
53615896800
53615906260
53615913341
53615918895
53615928721
53615937083
53615942698
53615951121
53615959849
53615967845
53615974620
53615985362
53615993968
53615999949
53616009104
53616016001
53616023753
53616032359
53616038401
53616048594
53616055308
53616064768
53616070323
53616079234
53616087229
53616093760
53616104319
53616109934
53616118357
53616125925
53616135325
53616142832
53616150645
53616159373
53616165171
53616174570
53616182688
53616189585
53616198862
53616204478
53616214243
53616221567
53616231821
53616239084
53616244578
53616255869
53616260996
53616271128
53616279978
53616286814
53616294687
53616300547
53616309763
53616317820
53616326914
53616334909
53616340586
53616351206
53616355905
53616365000
53616373117
53616382395
53616389414
53616397714
53616403696
53616413705
53616424142
53616432260
53616438058
53616444345
53616455087
53616465951
53616474069
53616480234
53616490304
53616498239
53616505136
53616516122
53616523324
53616533151
53616538583
53616546212
53616564035
53616573678
53616581918
53616587594
53616593393
53616604501
53616611276
53616620614
53616632333
53616644967
53616652169
53616662423
53616670358
53616679940
53616688668
53616696603
53616708810
53616717721
53616725777
53616732125
53616739083
53616749520
53616762643
53616771187
53616777352
53616782845
53616793404
53616803719
53616812874
53616819466
53616827218
53616835213
53616840950
53616849740
53616858895
53616866463
53616874581
53616880196
53616890816
53616896309
53616906258
53616912545
53616920784
53616926583
53616935616
53616942513
53616950936
53616958016
53616963143
53616971748
53616980110
53616986275
53616995857
53617005928
53617013985
53617019539
53617029976
53617039253
53617046699
53617055489
53617060921
53617071907
53617079536
53617087166
53617097236
53617105720
53617112129
53617123604
53617130989
53617140144
53617145759
53617151436
53617161750
53617170906
53617179145
53617184700
53617195198
53617202705
53617212715
53617219184
53617224616
53617234199
53617242805
53617251777
53617259345
53617268440
53617274726
53617283088
53617289130
53617298713
53617308051
53617316535
53617322578
53617330878
53617338386
53617347541
53617353828
53617362678
53617369453
53617377814
53617388190
53617395453
53617402411
53617411078
53617417060
53617427131
53617435370
53617442878
53617450568
53617460456
53617466925
53617476508
53617485175
53617494941
53617499945
53617512397
53617522162
53617531378
53617538031
53617543952
53617550116
53617560248
53617570929
53617577033
53617586859
53617596076
53617601386
53617611151
53617619025
53617629218
53617635016
53617643622
53617655646
53617663641
53617674322
53617684332
53617694098
53617702643
53617708258
53617717962
53617722357
53617731390
53617739630
53617750616
53617758184
53617766363
53617770697
53617779608
53617788153
53617794012
53617801641
53617808966
53617815863
53617821966
53617827886
53617833319
53617838629
53617844671
53617851568
53617856634
53617861456
53617868536
53617874517
53617880560
53617885809
53617891302
53617897161
53617903936
53617908147
53617916326
53617922369
53617928045
53617933050
53617936895
53617944097
53617950933
53617954900
53617963018
53617968145
53617976629
53617980718
53617992498
53617996587
53618002935
53618009221
