36762982546
36762987063
36762992434
36762999026
36763003298
36763010195
36763017397
36763022585
36763027468
36763032229
36763039187
36763044375
36763051027
36763057253
36763062136
36763067690
36763076174
36763082522
36763088869
36763094912
36763099123
36763106325
36763113588
36763120363
36763126406
36763132936
36763139955
36763144777
36763152773
36763158693
36763164736
36763171816
36763178407
36763183107
36763189821
36763195558
36763202821
36763209108
36763215639
36763222658
36763229921
36763238222
36763244386
36763250978
36763258119
36763265321
36763270814
36763277956
36763284608
36763292177
36763297548
36763304933
36763312074
36763319765
36763326417
36763334474
36763341554
36763345033
36763355958
36763362733
36763371522
36763378114
36763384462
36763391359
36763400026
36763404908
36763413453
36763421449
36763427797
36763435060
36763441407
36763450196
36763456544
36763463929
36763470216
36763478211
36763486329
36763492982
36763501039
36763507813
36763515870
36763522767
36763530152
36763539063
36763544495
36763553468
36763558900
36763567689
36763573182
36763582276
36763590577
36763597474
36763603028
36763610779
36763618775
36763625794
36763633912
36763640809
36763646241
36763654358
36763662110
36763668702
36763676636
36763683533
36763690247
36763697083
36763705079
36763712037
36763718933
36763727417
36763732788
36763741150
36763747071
36763755615
36763762329
36763770325
36763777710
36763783997
36763791870
36763798157
36763804749
36763812866
36763819885
36763827759
36763833374
36763841431
36763847412
36763855530
36763862976
36763869080
36763878479
36763884094
36763891663
36763899658
36763905762
36763913757
36763919372
36763928039
36763937439
36763943481
36763950927
36763959900
36763968078
36763974182
36763981201
36763989868
36763997924
36764004821
36764012573
36764021362
36764028869
36764035400
36764042541
36764051269
36764059082
36764067810
36764073425
36764082702
36764091369
36764098937
36764106994
36764114684
36764125915
36764133483
36764140075
36764150390
36764158141
36764165527
36764173339
36764181335
36764189941
36764198180
36764205871
36764214232
36764221435
36764229552
36764238280
36764246032
36764252379
36764262084
36764270690
36764278502
36764286864
36764293151
36764302733
36764309325
36764318846
36764329161
36764335753
36764343199
36764352660
36764358824
36764369200
36764377013
36764384520
36764391722
36764400084
36764409300
36764417540
36764424010
36764432250
36764441771
36764447874
36764457640
36764465758
36764472349
36764481200
36764489622
36764495299
36764505430
36764514220
36764522581
36764531187
36764539061
36764548094
36764556700
36764564756
36764573790
36764581297
36764590086
36764597105
36764608030
36764615110
36764624937
36764632078
36764642027
36764650267
36764658811
36764667051
36764677000
36764685056
36764693357
36764702024
36764709898
36764718504
36764725401
36764732725
36764742674
36764750303
36764760557
36764768064
36764776060
36764784421
36764792600
36764801267
36764810300
36764819028
36764827817
36764836057
36764844846
36764851743
36764862546
36764869382
36764878598
36764887815
36764896970
36764903989
36764914548
36764921384
36764929990
36764938047
36764946652
36764954648
36764962094
36764973203
36764980649
36764989133
36764997373
36765006101
36765013242
36765022946
36765029660
36765040036
36765046872
36765057492
36765066830
36765072446
36765082944
36765091794
36765100278
36765109616
36765117917
36765125607
36765136654
36765143979
36765152829
36765160702
36765169735
36765177121
36765186947
36765194210
36765202572
36765211972
36765218197
36765227475
36765235226
36765243038
36765250912
36765257626
36765265866
36765272824
36765281063
36765288143
36765296261
36765304318
36765311581
36765319210
36765327145
36765334042
36765341549
36765349361
36765356991
36765364925
36765372982
36765381039
36765389156
36765396725
36765404415
36765410580
36765419124
36765427120
36765433895
36765440792
36765448177
36765454830
36765461483
36765468868
36765475399
36765482540
36765491329
36765497860
36765506221
36765513240
36765520015
36765527339
36765533077
36765541561
36765547054
36765556697
36765565120
36765572078
36765579891
36765588313
36765598079
36765606319
36765613216
36765619258
36765628108
36765635677
36765643794
36765651179
36765660884
36765668452
36765674983
36765683162
36765689754
36765696406
36765706355
36765712214
36765721980
36765727778
36765737605
36765744258
36765752009
36765759272
36765766963
36765773188
36765782771
36765791133
36765798945
36765805110
36765814631
36765820796
36765829035
36765838008
36765845820
36765851924
36765859370
36765867915
36765875300
36765881098
36765890315
36765896601
36765906916
36765915766
36765923823
36765930170
36765938654
36765946040
36765953120
36765960383
36765964777
36765977961
36765984247
36765994318
36766001642
36766009577
36766016108
36766024042
36766030573
36766041010
36766048029
36766057062
36766066034
36766074030
36766080378
36766088984
36766095331
36766105036
36766114801
36766120417
36766129755
36766137445
36766144586
36766151544
36766159540
36766168024
36766176752
36766185114
36766193292
36766200861
36766208978
36766216364
36766224420
36766231012
36766240961
36766247919
36766256830
36766263116
36766272638
36766278924
36766286005
36766295404
36766303399
36766313104
36766320367
36766327813
36766334222
36766344110
36766351739
36766359002
36766363458
36766376336
36766382257
36766390435
36766398248
36766406243
36766412591
36766420892
36766426446
36766435296
36766440972
36766449212
36766454217
36766460626
36766467950
36766473260
36766480157
36766486566
36766490472
36766498589
36766504083
36766509332
36766513787
36766520562
36766526055
36766531548
36766537530
36766542840
36766547967
36766554620
36766560052
36766564934
36766570183
36766576958
36766582696
36766588799
36766593560
36766599724
36766604546
36766610589
36766617364
36766623345
36766628838
36766634453
36766641045
36766646599
36766651970
36766657402
36766664238
36766669854
36766674859
36766679192
36766686089
36766691582
36766697808
36766703484
36766710076
36766715935
36766721428
36766726433
36766730034
36766737419
36766742729
36766747795
36766752922
36766759087
36766763237
36766769219
36766774162
36766779778
36766786675
36766790703
36766796806
36766801750
36766809624
36766814385
36766819084
36766824699
36766832085
36766836540
36766842278
36766847649
36766853081
36766858574
36766865044
36766870964
36766877678
36766883293
36766888786
36766895927
36766900810
36766907768
36766915397
36766922355
36766928764
36766933281
36766941337
36766945793
36766952568
36766959831
36766966301
36766972648
36766980339
36766984794
36766992668
36766998039
36767005790
36767013603
36767021354
36767026725
36767033805
36767039848
36767046928
36767051994
36767059074
36767067008
36767072196
36767079215
36767084281
36767093070
36767097953
36767106132
36767112235
36767120414
36767125907
36767131950
36767139701
36767145255
36767152274
36767157889
36767164481
36767171867
36767178519
36767185782
36767190421
36767197623
36767205253
36767211783
36767219901
36767225394
36767231559
36767238517
36767244742
36767251334
36767257560
36767264762
36767272757
36767278067
36767285758
36767291983
36767297599
36767302848
36767310538
36767316764
36767324393
36767329947
36767337149
36767342948
36767350028
36767355460
36767362662
36767371817
36767377005
36767383597
36767390006
36767396231
36767403128
36767409354
36767416495
36767424490
36767429800
36767437430
36767442740
36767450430
36767456900
36767462637
36767472220
36767477957
36767483633
36767490042
36767496451
36767500784
36767507254
36767511404
36767519949
36767525137
36767530325
36767534475
36767541067
36767547354
36767552664
36767558767
36767564383
36767570791
36767575674
36767580679
36767587271
36767592642
36767598928
36767606008
36767611807
36767617544
36767621694
36767627066
36767633108
36767638357
36767643911
36767650320
36767656423
36767661733
36767667593
36767672842
36767678640
36767683950
36767690664
36767697683
36767703664
36767708608
36767714407
36767720449
36767724355
36767730520
36767736013
36767742300
36767748342
36767753408
36767758352
36767763479
36767768301
36767774526
36767780752
36767785573
36767791311
36767796377
36767801992
36767806386
36767813589
36767818838
36767824575
36767829519
36767834524
36767840993
36767845449
36767851491
36767857290
36767862966
36767868032
36767873647
36767879323
36767883168
36767889516
36767893361
36767901723
36767906118
36767914357
36767919362
36767927419
36767932973
36767939504
36767945851
36767952626
36767959279
36767966481
36767972463
36767977223
36767984853
36767992421
36767998341
36768003896
36768011220
36768016042
36768023976
36768030568
36768037038
36768043324
36768051259
36768057790
36768066090
36768074391
36768080311
36768088917
36768094288
36768103444
36768109974
36768116627
36768124074
36768130665
36768137196
36768143788
36768150074
36768158375
36768166432
36768172169
36768179005
36768186634
36768191578
36768198841
36768207936
36768213551
36768221669
36768227955
36768234181
36768240101
36768247975
36768254444
36768261952
36768269398
36768274220
36768282581
36768290028
36768296375
36768299671
36768310352
36768317310
36768325123
36768330128
36768337635
36768345447
36768350635
36768358936
36768366016
36768372425
36768378834
36768386707
36768393482
36768399036
36768408253
36768413379
36768420887
36768428028
36768434314
36768440601
36768448841
36768453968
36768462268
36768468067
36768475452
36768482654
36768490406
36768496631
36768502002
36768509937
36768516284
36768523914
36768531177
36768539051
36768543628
36768550708
36768557239
36768563220
36768569934
36768574268
36768580493
36768587268
36768592944
36768597766
36768604846
36768610828
36768617236
36768621509
36768627856
36768634753
36768641284
36768647143
36768652148
36768658923
36768663379
36768670032
36768674792
36768681262
36768688037
36768692676
36768700915
36768705981
36768711413
36768717090
36768723864
36768729907
36768736194
36768740405
36768746692
36768752124
36768758410
36768765246
36768770984
36768778186
36768783984
36768788623
36768793811
36768799731
36768805468
36768811145
36768818164
36768822619
36768828906
36768833911
36768839709
36768844470
36768850207
36768858141
36768862841
36768869311
36768874438
36768880358
36768886462
36768890368
36768897631
36768903002
36768908251
36768912585
36768918993
36768924609
36768930468
36768936633
36768941882
36768948168
36768952990
36768958727
36768966051
36768971483
36768979174
36768985827
36768991808
36768998278
36769004198
36769011156
36769017321
36769024462
36769031237
36769037340
36769043993
36769051439
36769054674
36769063402
36769070726
36769078112
36769084764
36769091845
36769098680
36769105699
36769111742
36769119005
36769127062
36769133165
36769139086
36769146166
36769153429
36769161119
36769168016
36769174730
36769182176
36769188463
36769196458
36769202867
36769209825
36769215990
36769223558
36769230272
36769237901
36769244737
36769251390
36769258287
36769265001
36769270189
36769279954
36769285203
36769293138
36769298509
36769306505
36769313768
36769320482
36769328111
36769335069
36769340379
36769348008
36769353379
36769361253
36769368943
36769375596
36769380906
36769388963
36769396470
36769403184
36769408494
36769416734
36769422105
36769431626
36769439256
36769446031
36769452744
36769459458
36769465989
36769472642
36769478684
36769487107
36769493638
36769500474
36769506760
36769514085
36769522080
36769529160
36769537278
36769544419
36769547959
36769559128
36769564500
36769571274
36769579087
36769585679
36769592087
36769598740
36769605515
36769611313
36769617051
36769624619
36769629075
36769636338
36769641709
36769648972
36769653244
36769660386
36769666916
36769671860
36769677414
36769684494
36769691208
36769695664
36769703598
36769708054
36769714951
36769719467
36769727768
36769730759
36769738327
36769742783
36769752182
36769757431
36769763168
36769769577
36769775314
36769778488
36769787521
36769793564
36769799484
36769804550
36769810349
36769814804
36769821945
36769828415
36769834091
36769839462
36769845749
36769852096
36769858017
36769864120
36769869797
36769875656
36769881454
36769887558
36769893722
36769898849
36769903915
36769910202
36769916244
36769920700
36769926376
36769932357
36769939010
36769944992
36769951400
36769956588
36769961471
36769968002
36769974411
36769979171
36769985214
36769991439
36769995834
36770001876
36770007980
36770012130
36770019271
36770023239
36770029342
36770034957
36770040145
36770046310
36770051559
36770058090
36770064193
36770071029
36770077010
36770083236
36770089340
36770095138
36770102645
36770109786
36770116866
36770122115
36770129073
36770134383
36770141402
36770148116
36770154830
36770161056
36770166427
36770174789
36770182479
36770189071
36770194991
36770201583
36770209395
36770216292
36770222396
36770229049
36770236739
36770243392
36770250167
36770256759
36770263228
36770269820
36770277510
36770284041
36770287459
36770297835
36770301192
36770310958
36770314559
36770324324
36770332076
36770338729
36770345442
36770353133
36770359725
36770365767
36770371809
36770379439
36770387862
36770395857
36770402388
36770409590
36770416243
36770423628
36770430403
36770436568
36770443220
36770450362
36770456953
36770463850
36770470625
36770477339
36770485701
36770492903
36770498945
36770504744
36770513106
36770518355
36770526533
36770533064
36770539167
36770547102
36770553633
36770560102
36770567732
36770573957
36770579817
36770586775
36770593794
36770600325
36770606733
36770612837
36770619184
36770625898
36770630659
36770640302
36770647321
36770653486
36770659284
36770665388
36770670210
36770679182
36770684675
36770692854
36770699201
36770705305
36770711286
36770716474
36770722028
36770727827
36770733137
36770740522
36770745405
36770752058
36770756330
36770762861
36770767744
36770773786
36770780134
36770786725
36770792585
36770798078
36770801984
36770808088
36770813093
36770819257
36770825788
36770832441
36770837690
36770841840
36770848188
36770854108
36770859357
36770863630
36770871137
36770876508
36770883100
36770887738
36770892987
36770898114
36770903302
36770909528
36770916425
36770920331
36770926923
36770932660
36770937482
36770943768
36770948590
36770954999
36770961224
36770966596
36770971295
36770976788
36770980634
36770987286
36770991193
36770998212
36771003644
36771008527
36771014569
36771018964
36771024457
36771028851
36771036053
36771040204
36771046246
36771051984
36771056744
36771060651
36771066632
36771072858
36771079205
36771084637
36771089032
36771094525
36771100262
36771104474
36771110150
36771115704
36771121075
36771125958
36771132550
36771138165
36771142682
36771149395
36771155804
36771163556
36771169415
36771176495
36771180889
36771187908
36771193890
36771200421
36771206951
36771212933
36771219036
36771225323
36771230877
36771235211
36771242474
36771250591
36771257366
36771263653
36771269878
36771275982
36771283672
36771288006
36771295574
36771302044
36771310101
36771316326
36771321880
36771328838
36771334454
36771340069
36771347820
36771354595
36771362347
36771369304
36771375713
36771380657
36771387676
36771393169
36771400249
36771408245
36771415447
36771421550
36771428203
36771434307
36771441387
36771447551
36771456157
36771461956
36771469951
36771477886
36771484600
36771493022
36771499797
36771507305
36771513591
36771516887
36771527202
36771534648
36771542339
36771548931
36771556560
36771561992
36771569560
36771575603
36771583232
36771590434
36771595622
36771603313
36771610210
36771618144
36771623332
36771632060
36771639201
36771645976
36771652995
36771659770
36771665813
36771674296
36771679973
36771689006
36771694377
36771703349
36771708537
36771717448
36771721415
36771732646
36771738932
36771747783
36771754618
36771760539
36771767009
36771774821
36771781535
36771787211
36771793437
36771797892
36771802897
36771809001
36771815043
36771821147
36771826762
36771833354
36771839030
36771844584
36771849833
36771855814
36771861125
36771865458
36771874247
36771879069
36771884379
36771890238
36771895487
36771901652
36771906474
36771909403
36771918619
36771925089
36771929972
36771935160
36771941263
36771946146
36771952311
36771958597
36771965006
36771970988
36771975138
36771982584
36771988199
36771993509
36771997782
36772005533
36772011088
36772016398
36772021219
36772027689
36772032755
36772037455
36772043985
36772049967
36772054178
36772059854
36772065226
36772070291
36772074381
36772080057
36772086100
36772091776
36772096720
36772100443
36772107645
36772112345
36772118265
36772123453
36772129312
36772135172
36772140360
36772145914
36772149698
36772156778
36772161966
36772166971
36772172098
36772178201
36772183145
36772188882
36772193765
36772200418
36772206705
36772212869
36772218973
36772223306
36772232400
36772237161
36772244119
36772250833
36772257486
36772262796
36772269266
36772274576
36772281045
36772287698
36772293802
36772301736
36772308206
36772314370
36772320779
36772326822
36772332986
36772339151
36772346719
36772355264
36772361367
36772366738
36772374490
36772380227
36772386148
36772393228
36772399697
36772407205
36772414041
36772418923
36772426126
36772432595
36772437539
36772444802
36772453835
36772459634
36772467324
36772472695
36772479104
36772483987
36772491372
36772498635
36772506875
36772513589
36772520730
36772526894
36772532510
36772538735
36772545937
36772552590
36772560158
36772566750
36772573220
36772580422
36772585305
36772591958
36772598855
36772607766
36772613503
36772621193
36772627297
36772633400
36772637001
36772646462
36772653603
36772661110
36772667641
36772673256
36772679238
36772686379
36772691933
36772699196
36772707741
36772714394
36772720558
36772725441
36772733559
36772740334
36772746498
36772753639
36772760231
36772767494
36772773598
36772779396
36772787575
36772793495
36772800270
36772806496
36772815834
36772821876
36772829323
36772833961
36772841347
36772845253
36772851723
36772858192
36772864845
36772870888
36772876442
36772880348
36772886574
36772892860
36772898720
36772904457
36772908851
36772916603
36772921852
36772927101
36772932960
36772938148
36772943519
36772948951
36772955055
36772960243
36772965248
36772971962
36772977699
36772982582
36772988807
36772995338
36773000343
36773006446
36773011085
36773017188
36773021766
36773027809
36773034278
36773038978
36773046607
36773051917
36773057227
36773062904
36773068153
36773074317
36773079871
36773084876
36773091285
36773096046
36773102210
36773106727
36773112342
36773117957
36773123817
36773130225
36773133948
36773140601
36773145728
36773150428
36773155128
36773161475
36773167396
36773171851
36773177161
36773182776
36773186866
36773192481
36773199317
36773204627
36773209998
36773215674
36773220557
36773225928
36773230811
36773236792
36773242957
36773248389
36773254981
36773261145
36773267737
36773274207
36773278723
36773287207
36773293006
36773300025
36773305701
36773311377
36773318030
36773324500
36773330725
36773337683
36773344885
36773351355
36773357092
36773363867
36773370032
36773376868
36773383459
36773390417
36773396582
36773402197
36773409949
36773413306
36773422644
36773428747
36773436865
36773443091
36773450232
36773456152
36773463293
36773468725
36773476355
36773484594
36773489905
36773497107
36773503637
36773509741
36773514685
36773523108
36773528235
36773537024
36773542883
36773550695
36773555883
36773562048
36773568518
36773576147
36773581335
36773589208
36773595495
36773602636
36773608068
36773615148
36773621313
36773626989
36773634069
36773641699
36773648718
36773653722
36773662267
36773667272
36773673925
36773681188
36773687536
36773694982
36773701086
36773706640
36773714391
36773719701
36773725805
36773732824
36773741613
36773747594
36773754796
36773759374
36773767187
36773773778
36773779760
36773789647
36773796483
36773801305
36773808385
36773814977
36773821447
36773826940
36773836400
36773844701
36773850133
36773857885
36773862706
36773870580
36773875096
36773882115
36773890050
36773895909
36773901036
36773906529
36773910680
36773916844
36773922460
36773928136
36773935094
36773938146
36773946385
36773951634
36773956822
36773962682
36773967809
36773972630
36773979771
36773984227
36773991002
36773995274
36774001744
36774006322
36774012913
36774018407
36774024815
36774029759
36774035924
36774040379
36774047154
36774053013
36774057835
36774064854
36774072117
36774078099
36774084263
36774090428
36774096409
36774102757
36774110020
36774114293
36774120457
36774126194
36774131993
36774136448
36774142186
36774147129
36774154026
36774159642
36774165135
36774171604
36774176487
36774183506
36774188572
36774194248
36774200596
36774205967
36774210850
36774218785
36774223667
36774230992
36774236851
36774241612
36774247349
36774253391
36774259373
36774263584
36774269260
36774275669
36774281528
36774287022
36774292759
36774297459
36774304417
36774309849
36774316135
36774324375
36774329990
36774337070
36774342136
36774348484
36774355320
36774362400
36774369663
36774377414
36774383884
36774389805
36774395786
36774402378
36774408115
36774415439
36774423130
36774428501
36774434787
36774442356
36774449924
36774455478
36774462802
36774470798
36774477573
36774484287
36774490940
36774494785
36774503086
36774510532
36774516879
36774523105
36774530246
36774536655
36774544956
36774551730
36774558139
36774561496
36774572116
36774577792
36774585727
36774592014
36774599094
36774605441
36774610995
36774617221
36774624667
36774633578
36774638644
36774645846
36774650729
36774659152
36774664096
36774670932
36774677524
36774684543
36774689731
36774697543
36774704867
36774711032
36774714267
36774722873
36774730990
36774737521
36774745272
36774751254
36774758029
36774763583
36774771029
36774776644
36774782260
36774790194
36774795993
36774803073
36774809237
36774816378
36774821383
36774828707
36774836642
36774843905
36774850741
36774858187
36774864901
36774870272
36774878634
36774884554
36774892489
36774899935
36774906710
36774913851
36774920565
36774927767
36774934481
36774939669
36774948153
36774953341
36774958834
36774963412
36774970858
36774975252
36774980806
36774985262
36774994906
36774999849
36775006746
36775012606
36775017427
36775023592
36775030001
36775035311
36775041780
36775046541
36775052767
36775058748
36775064363
36775069979
36775075472
36775082674
36775089388
36775094637
36775099825
36775105135
36775111604
36775116976
36775122713
36775129915
36775135652
36775140474
36775146639
36775151460
36775156465
36775163057
36775168977
36775175447
36775180452
36775186555
36775190706
36775196870
36775201509
36775207857
36775215608
36775220125
36775225496
36775231233
36775236482
36775241975
36775246736
36775252595
36775258943
36775264375
36775268709
36775274507
36775279085
36775285188
36775290742
36775297578
36775301545
36775308137
36775312043
36775317720
36775323640
36775328401
36775333284
36775339448
36775345185
36775350862
36775355134
36775360749
36775365632
36775371186
36775378205
36775384675
36775390351
36775396333
36775403413
36775408601
36775415620
36775420686
36775427949
36775434358
36775440827
36775446565
36775453156
36775459138
36775464875
36775471833
36775476960
36775484040
36775490571
36775498322
36775503205
36775509736
36775517487
36775523957
36775530121
36775537751
36775543427
36775551118
36775557160
36775562775
36775568940
36775577118
36775583710
36775590851
36775596283
36775603363
36775609284
36775616364
36775624360
36775631195
36775637604
36775644196
36775650299
36775655060
36775662628
36775669281
36775677460
36775683075
36775689301
36775696259
36775702851
36775709747
36775715973
36775723297
36775731415
36775737885
36775743439
36775749725
36775756989
36775763214
36775768829
36775776520
36775783966
36775790436
36775796844
36775801422
36775808624
36775815521
36775821991
36775829803
36775836944
36775843109
36775849701
36775855743
36775863006
36775869110
36775876190
36775882843
36775888946
36775896881
36775904083
36775910186
36775916473
36775923126
36775929779
36775938812
36775946319
36775951995
36775957733
36775966400
36775972320
36775979522
36775985626
36775993133
36775998504
36776005828
36776011810
36776017120
36776023101
36776029571
36776036529
36776042388
36776047637
36776051849
36776058868
36776064849
36776070220
36776076141
36776081634
36776087188
36776093902
36776099151
36776104461
36776109527
36776116119
36776121001
36776127959
36776133208
36776139373
36776144988
36776149749
36776155181
36776162322
36776167327
36776173675
36776179351
36776184966
36776190825
36776195769
36776203338
36776207610
36776215483
36776220610
36776225798
36776232268
36776237395
36776241851
36776248442
36776253020
36776260161
36776264983
36776271453
36776276396
36776282073
36776286711
36776292449
36776298430
36776303984
36776309416
36776314543
36776319365
36776325041
36776329863
36776336028
36776342680
36776346709
36776352812
36776358672
36776363005
36776367583
36776373198
36776380766
36776384856
36776390593
36776396269
36776401091
36776406767
36776412810
36776418669
36776424589
36776428801
36776435209
36776441252
36776447722
36776453825
36776459685
36776467985
36776473967
36776479582
36776485563
36776492582
36776497770
36776504789
36776509611
36776517057
36776523039
36776529509
36776534880
36776541716
36776547453
36776554411
36776562956
36776568266
36776576933
36776580229
36776589689
36776595365
36776601408
36776607694
36776615751
36776621427
36776629240
36776633451
36776640958
36776647123
36776654752
36776660978
36776668485
36776673978
36776680997
36776687467
36776693021
36776698453
36776705717
36776713346
36776719999
36776727140
36776733671
36776739652
36776744474
36776751493
36776757963
36776764921
36776770292
36776777799
36776784818
36776791044
36776797941
36776804166
36776811612
36776818143
36776824613
36776830838
36776837369
36776845060
36776851041
36776858304
36776864469
36776871915
36776876981
36776884244
36776891934
36776898343
36776905118
36776910001
36776918546
36776925992
36776932156
36776939298
36776945462
36776950711
36776959073
36776965848
36776974759
36776979947
36776988003
36776993130
36777001370
36777008206
36777015652
36777022916
36777030911
36777036099
36777043545
36777050992
36777058194
36777063687
36777069973
36777077054
36777081997
36777088833
36777094510
36777099759
36777105618
36777110928
36777116116
36777123562
36777128994
36777133877
36777139126
36777145840
36777151150
36777155972
36777162075
36777168850
36777173916
36777180142
36777185513
36777191738
36777197842
36777202175
36777209438
36777215725
36777221035
36777225308
36777231594
36777237026
36777242947
36777248928
36777256680
36777261745
36777267849
36777273464
36777278713
36777284267
36777289638
36777295437
36777302517
36777307461
36777313686
36777319057
36777323940
36777330288
36777335720
36777342190
36777347988
36777352932
36777358608
36777362941
36777368618
36777374599
36777380031
36777386257
36777390712
36777396877
36777400722
36777406765
36777412441
36777417812
36777422939
36777428798
36777433071
36777438686
36777443813
36777450038
36777454982
36777458766
36777465908
36777470485
36777476711
36777481471
36777487453
36777491359
36777498439
36777506069
36777510646
36777517421
36777523219
36777529506
36777533962
36777540981
36777547389
36777554775
36777560207
36777567226
36777572047
36777579005
36777583522
36777591212
36777597865
36777605373
36777611476
36777618617
36777625087
36777631495
36777636561
36777643702
36777650172
36777657618
36777664149
36777670558
36777677882
36777682704
36777689174
36777695521
36777704554
36777709987
36777716029
36777721095
36777729090
36777735804
36777741908
36777748133
36777756983
36777763697
36777770838
36777776942
36777782496
36777787989
36777795558
36777802271
36777809779
36777814845
36777821986
36777827357
36777834620
36777840113
36777847498
36777854762
36777862330
36777869349
36777876124
36777882288
36777887049
36777894007
36777900355
36777907984
36777913355
36777920862
36777925745
36777933985
36777938746
36777946375
36777951197
36777960718
36777966578
36777974207
36777979151
36777986780
36777991480
36777999170
36778005945
36778013697
36778020349
36778028162
36778033167
36778041040
36778047144
36778054956
36778061487
36778069727
36778077417
36778082849
36778089624
36778096460
36778103784
36778110254
36778117517
36778122827
36778130274
36778136804
36778142664
36778148645
36778153894
36778160242
36778165796
36778172082
36778176965
36778183618
36778188562
36778193384
36778200159
36778206811
36778213281
36778217126
36778223169
36778228479
36778234582
36778239770
36778245813
36778252466
36778256738
36778263147
36778268823
36778274865
36778281030
36778286401
36778290673
36778299340
36778305078
36778310083
36778314904
36778321496
36778325769
36778332360
36778337854
36778345178
36778350732
36778355432
36778360925
36778366967
36778372094
36778376855
36778383019
36778389672
36778395226
36778400536
36778405663
36778410668
36778416467
36778420251
36778427331
36778432885
36778437707
36778443078
36778448144
36778453515
36778458398
36778464501
36778470544
36778475182
36778480553
36778484826
36778490380
36778495141
36778501610
36778508080
36778512292
36778519433
36778523827
36778529809
36778532433
36778540063
36778544579
36778551964
36778557457
36778564049
36778569176
36778575768
36778582665
36778587059
36778595482
36778601586
36778607140
36778614159
36778619835
36778624962
36778631981
36778639000
36778646385
36778651818
36778658898
36778665489
36778671349
36778677513
36778684654
36778692284
36778697472
36778703758
36778710838
36778717674
36778724388
36778730492
36778735313
36778744835
36778751183
36778757347
36778764000
36778770103
36778777428
36778783531
36778789757
36778797996
36778802940
36778810631
36778816734
36778822227
36778830040
36778835533
36778842674
36778850181
36778856041
36778863121
36778868980
36778876182
36778883262
36778888206
36778897483
36778902671
36778909324
36778916160
36778922386
36778927635
36778936424
36778942588
36778951377
36778958335
36778963890
36778969749
36778977317
36778983909
36778989585
36778996604
36779003929
36779009971
36779016929
36779021995
36779029136
36779036399
36779042747
36779050742
36779055869
36779063438
36779070762
36779077109
36779082297
36779090232
36779098716
36779106162
36779113181
36779119956
36779127402
36779134116
36779141135
36779147849
36779154441
36779162497
36779167441
36779175254
36779182029
36779188010
36779194053
36779201682
36779206382
36779214255
36779219321
36779225913
36779230246
36779236838
36779241843
36779247946
36779254050
36779258994
36779264670
36779270774
36779274619
36779280783
36779286337
36779292624
36779299399
36779304160
36779310507
36779316000
36779322714
36779331686
36779340414
36779346030
36779352621
36779359213
36779366232
36779373312
36779377829
36779384726
36779390646
36779396750
36779403403
36779409018
36779413656
36779419699
36779425680
36779432211
36779436850
36779443869
36779450216
36779456015
36779462668
36779468466
36779472982
36779480490
36779485006
36779491659
36779496603
36779501791
36779507162
36779513632
36779518148
36779524618
36779529257
36779535971
36779542013
36779546652
36779552511
36779557333
36779562582
36779568685
36779573629
36779580099
36779585531
36779590963
36779595907
36779601766
36779606893
36779612875
36779618185
36779624166
36779629049
36779635152
36779642660
36779648946
36779657491
36779663900
36779670492
36779676412
36779682699
36779690206
36779696126
36779703451
36779711324
36779717733
36779724325
36779729329
36779738973
36779744039
36779751790
36779756612
36779766500
36779769979
36779779989
36779785238
36779793050
36779797933
36779805684
36779811361
36779819478
36779826863
36779834005
36779840047
36779848592
36779855306
36779863240
36779868917
36779876546
36779881795
36779888997
36779893941
36779901265
36779908406
36779915364
36779919698
36779927022
36779934041
36779941548
36779948079
36779955037
36779961751
36779967793
36779976338
36779982503
36779988972
36779995442
36780003560
36780010396
36780016255
36780022725
36780030720
36780038167
36780045064
36780051899
36780059285
36780065938
36780073140
36780079915
36780087361
36780093647
36780101338
36780107258
36780113240
36780120564
36780127034
36780135517
36780141255
36780149433
36780157002
36780162434
36780169148
36780177632
36780185139
36780193379
36780200459
36780206135
36780214619
36780220356
36780228474
36780236347
36780245014
36780249958
36780258442
36780263752
36780269916
36780276325
36780284077
36780289936
36780296284
36780301533
36780307026
36780312885
36780318134
36780323444
36780330097
36780335041
36780342304
36780348957
36780353779
36780359516
36780365802
36780369892
36780376178
36780382038
36780388507
36780394489
36780398578
36780405353
36780411029
36780416523
36780423358
36780429401
36780435443
36780440753
36780446674
36780451923
36780457416
36780462726
36780468524
36780475726
36780480060
36780486652
36780490253
36780496784
36780502338
36780508502
36780512714
36780519611
36780524554
36780530963
36780536273
36780542560
36780546466
36780554218
36780560870
36780566608
36780571490
36780576984
36780581500
36780586993
36780591876
36780598041
36780603900
36780609088
36780613421
36780618060
36780624896
36780630023
36780634112
36780641437
36780645648
36780651324
36780657611
36780662310
36780666827
36780672809
36780677020
36780683245
36780689288
36780693621
36780698504
36780704119
36780708941
36780715289
36780722369
36780728961
36780735919
36780742144
36780747698
36780753680
36780759234
36780763690
36780772479
36780779131
36780785723
36780791155
36780797930
36780802935
36780809649
36780817645
36780824969
36780831011
36780837481
36780843462
36780849871
36780855975
36780860918
36780871172
36780877459
36780883745
36780890642
36780896746
36780903521
36780909929
36780916521
36780924761
36780931414
36780937029
36780943194
36780950396
36780956560
36780963091
36780970659
36780978472
36780986345
36780991289
36780999956
36781006670
36781012834
36781017656
36781026384
36781033342
36781039324
36781046160
36781052324
36781058306
36781066118
36781072832
36781079424
36781086870
36781092424
36781099809
36781105364
36781112810
36781118364
36781124773
36781132219
36781138383
36781145525
36781152605
36781158952
36781164262
36781171953
36781180192
36781185380
36781192277
36781199357
36781205461
36781212358
36781218645
36781226030
36781232560
36781239213
36781247697
36781253984
36781260881
36781268022
36781274797
36781281388
36781288530
36781292436
36781302507
36781307878
36781315629
36781320756
36781328324
36781335404
36781344010
36781350297
36781356278
36781361955
36781369401
36781373673
36781380631
36781384965
36781392289
36781398087
36781404313
36781408891
36781415116
36781419816
36781426041
36781432694
36781438432
36781444474
36781448685
36781456010
36781460221
36781466508
36781470658
36781478837
36781483964
36781489152
36781495377
36781500748
36781506608
36781511796
36781517350
36781524552
36781528946
36781535599
36781540116
36781546708
36781551651
36781557877
36781563736
36781570145
36781574601
36781580765
36781587052
36781592606
36781596695
36781602921
36781611710
36781614823
36781622696
36781627152
36781633683
36781638932
36781643753
36781646256
36781654434
36781660538
36781664932
36781670059
36781675675
36781680496
36781686173
36781692337
36781697647
36781703812
36781707657
36781713699
36781720413
36781725357
36781730057
36781736343
36781741837
36781747452
36781752029
36781757706
36781761856
36781767532
36781774612
36781778824
36781785904
36781790298
36781797073
36781803177
36781810257
36781813125
36781822769
36781828018
36781835037
36781841385
36781846512
36781852493
36781859146
36781866043
36781872696
36781878433
36781882888
36781891800
36781896743
36781903274
36781911514
36781917984
36781924575
36781930618
36781937271
36781943313
36781949478
36781957107
36781961746
36781969680
36781976821
36781983962
36781989394
36781996597
36782002334
36782009414
36782016433
36782024062
36782029617
36782036758
36782042190
36782049392
36782055801
36782062270
36782069778
36782075088
36782082412
36782089675
36782095779
36782100722
36782107924
36782114882
36782123916
36782128982
36782136489
36782141677
36782149367
36782154921
36782161940
36782168349
36782176528
36782182936
36782190139
36782196303
36782202040
36782209120
36782216323
36782223952
36782230605
36782237624
36782242629
36782249587
36782256178
36782262648
36782267531
36782277846
36782284255
36782290480
36782296889
36782303298
36782311110
36782317824
36782325270
36782332533
36782339369
36782346266
36782353712
36782360365
36782366591
36782375014
36782381727
36782389357
36782396925
36782403578
36782409132
36782417128
36782423597
36782428846
36782434401
36782441725
36782447767
36782452528
36782457960
36782464064
36782468763
36782474806
36782481825
36782486219
36782491102
36782497511
36782504713
36782508924
36782513990
36782520216
36782527418
36782533399
36782538648
36782544569
36782549818
36782555311
36782560621
36782566847
36782572584
36782577772
36782584852
36782589491
36782594740
36782600599
36782605909
36782610792
36782617811
36782624342
36782629102
36782635145
36782639906
36782644422
36782651014
36782657178
36782663587
36782667493
36782673780
36782679212
36782685316
36782690381
36782696058
36782702283
36782706495
36782712598
36782718213
36782722791
36782728467
36782733228
36782739148
36782744947
36782749524
36782755018
36782759473
36782765149
36782769849
36782775342
36782782727
36782787549
36782792615
36782798230
36782803113
36782808667
36782813367
36782819776
36782825635
36782830030
36782835584
36782841260
36782847791
36782853772
36782859632
36782866528
36782873731
36782879285
36782884778
36782890393
36782896863
36782902600
36782909619
36782915234
36782921155
36782928113
36782933484
36782940503
36782945874
36782952832
36782959180
36782966626
36782973828
36782980176
36782985852
36782992200
36782998669
36783004956
36783012524
36783020337
36783026684
36783031872
36783039441
36783042737
36783052014
36783058056
36783066052
36783071057
36783078625
36783085217
36783090710
36783096325
36783104138
36783110485
36783117932
36783123303
36783130505
36783137036
36783144238
36783149975
36783156445
36783164929
36783170056
36783177746
36783182751
36783190807
36783195690
36783202770
36783209057
36783217541
36783223888
36783230114
36783236279
36783242565
36783247448
36783255749
36783260754
36783270275
36783276440
36783282909
36783289074
36783296764
36783303295
36783308727
36783315746
36783323192
36783328136
36783335155
36783341198
36783348278
36783354259
36783362133
36783369152
36783376354
36783382763
36783390636
36783397777
36783404857
36783409191
36783417552
36783427196
36783432933
36783441417
36783446849
36783455455
36783459972
36783467052
36783474132
36783481151
36783487865
36783493785
36783498363
36783505260
36783511668
36783516917
36783521068
36783529185
36783533824
36783540477
36783545970
36783551341
36783556651
36783561961
36783566966
36783574596
36783581126
36783585948
36783592235
36783597056
36783602000
36783608592
36783614818
36783621287
36783625316
36783631541
36783637584
36783643138
36783648936
36783654796
36783660472
36783664805
36783671458
36783677928
36783683238
36783688853
36783694102
36783700206
36783705760
36783712352
36783717234
36783722239
36783728892
36783733164
36783739817
36783745738
36783751231
36783756053
36783761790
36783767771
36783772776
36783776682
36783782481
36783789622
36783794993
36783799937
36783805308
36783810252
36783815134
36783821177
36783824961
36783831187
36783836741
36783842356
36783847239
36783852793
36783857981
36783863169
36783870005
36783874583
36783879465
36783885081
36783890024
36783895640
36783900767
36783906199
36783913584
36783920603
36783925608
36783931040
36783937510
36783943430
36783949961
36783957956
36783964670
36783970224
36783975473
36783982798
36783987314
36783994211
36783999643
36784007028
36784013315
36784020334
36784025705
36784032785
36784038950
36784044443
36784054697
36784059885
36784065683
36784072763
36784078134
36784085153
36784092050
36784098581
36784106821
36784111948
36784119150
36784123911
36784131418
36784136179
36784144968
36784150461
36784159006
36784164682
36784170724
36784177499
36784183664
36784189645
36784197275
36784204111
36784212350
36784217172
36784224862
36784231393
36784237924
36784243295
36784250924
36784257211
36784264657
36784270883
36784277963
36784284982
36784289865
36784296151
36784303231
36784310861
36784318673
36784324716
36784329476
36784337167
36784341928
36784349252
36784356210
36784364327
36784370065
36784376168
36784382882
36784388986
36784395394
36784403146
36784407906
36784416329
36784424020
36784430123
36784436166
36784444649
36784450997
36784457040
36784463631
36784472420
36784480172
36784486275
36784493966
36784501229
36784507638
36784515511
36784522225
36784529427
36784537728
36784543526
36784548592
36784556527
36784562630
36784568184
36784575875
36784581612
36784586373
36784591866
36784597542
36784602913
36784607125
36784613289
36784620430
36784625679
36784630928
36784637154
36784642403
36784646553
36784652718
36784659981
36784665840
36784672920
36784677864
36784684395
36784689278
36784694344
36784700935
36784706184
36784712593
36784717659
36784723701
36784728279
36784734627
36784739571
36784745674
36784752876
36784757271
36784763374
36784769844
36784773384
36784779610
36784785957
36784790169
36784798286
36784803535
36784808723
36784812446
36784819038
36784824470
36784829414
36784835151
36784841743
36784847053
36784852729
36784857063
36784862678
36784867134
36784873237
36784880012
36784884162
36784891243
36784896369
36784901191
36784906196
36784911079
36784917671
36784923652
36784928230
36784933906
36784938606
36784944648
36784950446
36784954231
36784962287
36784968391
36784973945
36784980598
36784986213
36784991706
36784998603
36785004951
36785011909
36785017219
36785023688
36785028571
36785035041
36785041999
36785046455
36785055244
36785060065
36785067023
36785073127
36785079291
36785084113
36785092292
36785099860
36785106452
36785112983
36785119147
36785126532
36785132148
36785137824
36785145453
36785151007
36785159003
36785165473
36785171088
36785178412
36785183966
36785190436
36785197516
36785205023
36785211676
36785216681
36785223883
36785230597
36785236884
36785241522
36785248602
36785257392
36785263556
36785269660
36785274420
36785281683
36785288886
36785294928
36785302435
36785308844
36785315619
36785321783
36785328192
36785334296
36785342108
36785347723
36785353827
36785361822
36785367499
36785374640
36785381415
36785387030
36785393377
36785400519
36785407843
36785415289
36785422186
36785427130
36785433233
36785440435
36785445684
36785452826
36785460516
36785465826
36785474554
36785479437
36785487799
36785494574
36785501348
36785507330
36785516973
36785523504
36785530279
36785536077
36785542852
36785549810
36785556524
36785564886
36785572210
36785578680
36785586309
36785591924
36785600408
36785605535
36785612981
36785617620
36785625799
36785630559
36785635809
36785641363
36785647893
36785651678
36785658269
36785663579
36785670782
36785676336
36785682378
36785687993
36785692754
36785697881
36785704473
36785711187
36785717595
36785722905
36785728582
36785733892
36785738164
36785744024
36785751165
36785757268
36785763494
36785769170
36785775090
36785780400
36785786260
36785791570
36785796941
36785802495
36785807622
36785814641
36785820256
36785825017
36785829717
36785836186
36785841069
36785848027
36785853459
36785859502
36785864140
36785869512
36785874089
36785879704
36785885869
36785889897
36785897221
36785902715
36785907658
36785912297
36785917363
36785922307
36785928593
36785933720
36785939336
36785944218
36785949773
36785954655
36785960332
36785967839
36785973149
36785977971
36785982915
36785988957
36785993474
36785999028
36786004948
36786010869
36786016728
36786021306
36786030034
36786036198
36786043827
36786050419
36786057438
36786064946
36786069706
36786077153
36786085331
36786091374
36786099064
36786104313
36786111027
36786118107
36786124699
36786131718
36786137882
36786144779
36786153202
36786158512
36786166081
36786173039
36786179630
36786186955
36786193607
36786201359
36786208134
36786214176
36786222477
36786228947
36786235599
36786243412
36786249393
36786255619
36786263920
36786268864
36786277225
36786284733
36786290714
36786297367
36786304996
36786313114
36786318180
36786325748
36786330692
36786338321
36786344791
36786351200
36786356144
36786365787
36786372196
36786378421
36786384952
36786391117
36786397892
36786403995
36786409427
36786417423
36786424259
36786429752
36786436771
36786442325
36786449710
36786455325
36786461978
36786469486
36786475406
36786482425
36786488895
36786495303
36786501712
36786508426
36786514957
36786522220
36786528445
36786535525
36786541751
36786547793
36786554080
36786559451
36786569888
36786576358
36786583133
36786589297
36786595889
36786602847
36786609561
36786614749
36786624453
36786630923
36786638675
36786645511
36786651248
36786658999
36786665347
36786671206
36786678958
36786685122
36786691958
36786696475
36786702883
36786708743
36786713320
36786721377
36786726016
36786733035
36786737063
36786743289
36786749270
36786754580
36786758914
36786767886
36786772952
36786778323
36786783389
36786790041
36786794680
36786801211
36786806765
36786813235
36786818850
36786824953
36786830691
36786834902
36786840212
36786846377
36786852480
36786859011
36786864687
36786870974
36786876223
36786882204
36786887514
36786893496
36786899050
36786904848
36786911440
36786916933
36786921816
36786926638
36786933962
36786940310
36786946535
36786951235
36786956850
36786961122
36786966799
36786971682
36786978517
36786983583
36786988832
36786995058
36786999269
36787005434
36787010988
36787015627
36787021425
36787027773
36787034364
36787039675
36787044496
36787050050
36787054872
36787060549
36787066835
36787071657
36787077394
36787082277
36787088014
36787093568
36787099489
36787105775
36787112306
36787119386
36787124513
36787130128
36787135866
36787143251
36787149538
36787156312
36787161195
36787167787
36787173463
36787180116
36787186403
36787191530
36787201356
36787206910
36787213197
36787217958
36787227113
36787232362
36787239930
36787245546
36787253663
36787259828
36787267030
36787273255
36787278871
36787285768
36787291444
36787299867
36787304933
36787312623
36787317506
36787323731
36787330873
36787338624
36787343507
36787353211
36787359254
36787365540
36787372498
36787378663
36787385011
36787391114
36787398072
36787406129
36787412049
36787419312
36787426026
36787431702
36787437562
36787444825
36787453858
36787459168
36787466126
36787472535
36787478699
36787485291
36787492676
36787499634
36787506348
36787513428
36787519776
36787526734
36787532959
36787538025
36787545838
36787551392
36787559510
36787566407
36787572022
36787579407
36787585083
36787592102
36787597779
36787607605
36787613343
36787619751
36787627503
36787635254
36787640625
36787647034
36787654724
36787663574
36787669312
36787676880
36787681030
36787689819
36787695007
36787702576
36787707947
36787719727
36787723999
36787731506
36787737427
36787743347
36787750610
36787756409
36787759216
36787767883
36787774231
36787779053
36787783691
36787790344
36787795288
36787801452
36787806396
36787812988
36787818420
36787824768
36787828979
36787835327
36787841552
36787847107
36787853454
36787858154
36787864074
36787869628
36787876342
36787881469
36787886779
36787893432
36787899536
36787906372
36787911254
36787916015
36787922790
36787927368
36787933959
36787939819
36787946533
36787951293
36787957458
36787962280
36787968505
36787973327
36787979369
36787987304
36787993163
36787998412
36788003417
36788008361
36788013427
36788019591
36788025573
36788031554
36788036376
36788042113
36788046447
36788052062
36788056396
36788062133
36788068603
36788074828
36788079772
36788084777
36788089660
36788095702
36788100097
36788106200
36788112121
36788116820
36788122802
36788129638
36788133849
36788139952
36788144164
36788150817
36788156432
36788163512
36788169860
36788175048
36788181456
36788188109
36788193785
36788200865
36788207152
36788213256
36788220275
36788225829
36788231505
36788237486
36788244933
36788251158
36788258360
36788263854
36788270812
36788276183
36788283263
36788291075
36788296324
36788301695
36788308775
36788316405
36788321349
36788327940
36788334349
36788343565
36788350035
36788355955
36788359373
36788368895
36788374571
36788380797
36788388426
36788396055
36788402037
36788407591
36788414976
36788420530
36788426451
36788433531
36788440306
36788447813
36788454710
36788459532
36788466673
36788473020
36788479185
36788485594
36788492857
36788500425
36788506651
36788512388
36788520078
36788526548
36788532652
36788537840
36788546629
36788553587
36788560728
36788566953
36788572630
36788578001
36788585752
36788594297
36788599485
36788605283
36788612669
36788619566
36788626035
36788632200
36788638547
36788647275
36788654233
36788660337
36788667417
36788673826
36788680417
36788687070
36788694272
36788703244
36788710019
36788716184
36788721982
36788730283
36788736203
36788742856
36788749387
36788757871
36788764951
36788770627
36788777158
36788782407
36788789548
36788794919
36788800595
36788807553
36788813535
36788819638
36788825070
36788830564
36788836606
36788840817
36788848325
36788852719
36788859982
36788865720
36788870786
36788876157
36788881467
36788887936
36788893735
36788900388
36788905331
36788911374
36788916257
36788922909
36788927731
36788933041
36788939389
36788945248
36788951352
36788955258
36788961484
36788966794
36788972897
36788979367
36788983822
36788991208
36788995358
36789001950
36789007565
36789012875
36789019101
36789024594
36789030636
36789035946
36789042477
36789047116
36789052365
36789058102
36789064389
36789069760
36789075436
36789080624
36789085446
36789091122
36789096005
36789102597
36789108578
36789113278
36789119015
36789123287
36789128964
36789134579
36789139645
36789145931
36789151547
36789156429
36789161923
36789166744
36789171139
36789177181
36789183407
36789189816
36789194271
36789200008
36789206661
36789212521
36789217159
36789223873
36789231258
36789238521
36789244137
36789249264
36789256222
36789262447
36789267635
36789274593
36789281795
36789288753
36789294735
36789300472
36789307308
36789313350
36789321102
36789327510
36789334285
36789340389
36789347774
36789353328
36789358577
36789366207
36789371883
36789379940
36789385616
36789392818
36789398616
36789406734
36789411373
36789418453
36789428523
36789433711
36789440730
36789447139
36789454829
36789460445
36789466609
36789473567
36789480037
36789485957
36789493709
36789499385
36789505550
36789512996
36789518672
36789526546
36789534114
36789539241
36789546443
36789551936
36789559077
36789564754
36789571895
36789579768
36789585139
36789592524
36789599482
36789605708
36789610652
36789619319
36789625972
36789632685
36789638911
36789646662
36789652400
36789658625
36789664241
36789672053
36789677729
36789685664
36789692317
36789699519
36789705439
36789712580
36789718134
36789723750
36789732050
36789740229
36789747920
36789753230
36789760066
36789767939
36789772883
36789780695
36789787653
36789796015
36789801874
36789808955
36789815913
36789820734
36789828303
36789834528
36789842646
36789849543
36789855036
36789860224
36789865656
36789869867
36789877680
36789882990
36789890131
36789895868
36789902094
36789907343
36789913508
36789918024
36789924250
36789930841
36789935114
36789941401
36789947016
36789953119
36789957331
36789963251
36789968805
36789977045
36789982416
36789987665
36789993097
36789998285
36790004511
36790009882
36790015314
36790022150
36790026361
36790032953
36790037164
36790043756
36790049432
36790054376
36790060846
36790067255
36790072931
36790079095
36790083002
36790089105
36790094415
36790100702
36790106927
36790112909
36790117731
36790123102
36790127923
36790133295
36790138177
36790144098
36790150445
36790155023
36790160760
36790166559
36790171747
36790176507
36790181634
36790187494
36790191583
36790199029
36790204095
36790209100
36790214105
36790218988
36790224969
36790230890
36790235711
36790241388
36790245843
36790251397
36790257074
36790262994
36790270440
36790276300
36790283258
36790288568
36790295648
36790300958
36790307611
36790312554
36790320916
36790327020
36790331475
36790338372
36790344354
36790349908
36790357415
36790363824
36790369866
36790377618
36790383721
36790389947
36790395806
36790403496
36790408684
36790416436
36790422539
36790429742
36790435906
36790441582
36790447869
36790455132
36790462029
36790469536
36790476067
36790482293
36790490838
36790496819
36790504631
36790511101
36790517266
36790522942
36790530693
36790537285
36790542900
36790548943
36790556633
36790561577
36790569756
36790575127
36790582878
36790587761
36790595452
36790601921
36790607536
36790615654
36790622734
36790627922
36790635124
36790641106
36790648308
36790653862
36790661125
36790666924
36790674309
36790681023
36790687370
36790694450
36790700981
36790707207
36790712150
36790721672
36790727836
36790735588
36790740898
36790747124
36790754509
36790760734
36790767082
36790773369
36790780876
36790786857
36790792656
36790801140
36790806572
36790814933
36790820610
36790827446
36790833732
36790842033
36790848136
36790854911
36790862480
36790869133
36790874931
36790881645
36790888664
36790894584
36790900077
36790905998
36790913017
36790918754
36790924308
36790931022
36790936576
36790941459
36790946525
36790953239
36790958244
36790964530
36790969779
36790976005
36790980704
36790986808
36790991874
36790998099
36791003776
36791009330
36791013297
36791019462
36791025138
36791030692
36791036124
36791041678
36791047416
36791053763
36791059440
36791065726
36791071097
36791076041
36791081412
36791087333
36791092643
36791096854
36791105033
36791109671
36791116324
36791122306
36791127127
36791132743
36791139029
36791146720
36791152701
36791158011
36791161795
36791168570
36791173636
36791179557
36791184439
36791190909
36791196463
36791200980
36791206778
36791211478
36791216971
36791222708
36791230338
36791234549
36791240408
36791245779
36791250601
36791254446
36791261465
36791266653
36791273550
36791279044
36791294852
36791300223
36791306937
36791313956
36791319205
36791326590
36791333487
36791339407
36791344595
36791351980
36791356314
36791363760
36791370169
36791377310
36791382559
36791390066
36791397024
36791401846
36791410513
36791415701
36791423147
36791428884
36791437063
36791444082
36791450064
36791457632
36791465811
36791472463
36791480581
36791486624
36791492788
36791500784
36791508047
36791515615
36791522268
36791528311
36791534841
36791543264
36791549795
36791557302
36791564260
36791571889
36791580190
36791587087
36791592580
36791600759
36791605886
36791616384
36791623342
36791630910
36791637197
36791643239
36791650930
36791656911
36791664480
36791674062
36791678457
36791686086
36791693410
36791700246
36791707998
36791713124
36791723256
36791728505
36791736684
36791743703
36791750356
36791758718
36791765431
36791773854
36791780873
36791786672
36791793324
36791800649
36791807546
36791810719
36791820973
36791826405
36791834706
36791840505
36791847768
36791853749
36791860951
36791865895
36791873097
36791882069
36791889210
36791895985
36791902455
36791909535
36791914479
36791921559
36791926625
36791937855
36791941884
36791949574
36791956654
36791962819
36791968190
36791973500
36791979847
36791987233
36791991383
36791997914
36792002919
36792009083
36792014882
36792019764
36792027699
36792033863
36792039662
36792045643
36792051014
36792055348
36792062367
36792068287
36792073841
36792080067
36792085133
36792090687
36792095936
36792100514
36792107227
36792109974
36792118763
36792124867
36792130909
36792135182
36792141346
36792146534
36792152699
36792157887
36792164295
36792169971
36792175648
36792182056
36792186390
36792192432
36792196766
36792204761
36792210194
36792215565
36792219776
36792227589
36792232105
36792236988
36792242420
36792248585
36792253345
36792258960
36792264210
36792269886
36792274219
36792280445
36792287708
36792292957
36792297779
36792302539
36792308704
36792313770
36792319507
36792324817
36792330494
36792336414
36792341541
36792347095
36792350879
36792357593
36792361560
36792368457
36792374134
36792378955
36792384571
36792389636
36792396472
36792403003
36792409351
36792416248
36792421008
36792427661
36792434863
36792439319
36792447498
36792454456
36792460620
36792465869
36792472888
36792478931
36792485522
36792491016
36792498279
36792504321
36792511828
36792519153
36792525561
36792531665
36792538196
36792544360
36792550891
36792558337
36792565478
36792571643
36792576465
36792584948
36792590625
36792596789
36792605029
36792611499
36792615039
36792624987
36792631579
36792637194
36792643115
36792650805
36792656665
36792664111
36792671252
36792676928
36792682971
36792690295
36792696276
36792703600
36792709277
36792716967
36792723498
36792728442
36792737292
36792742175
36792750048
36792757311
36792763903
36792769640
36792777331
36792783129
36792790819
36792796191
36792802538
36792810351
36792817858
36792823351
36792830431
36792836352
36792843554
36792850329
36792855272
36792863939
36792871264
36792877489
36792884691
36792891588
36792899218
36792905626
36792912523
36792918932
36792922594
36792932970
36792939501
36792945116
36792952196
36792957872
36792963976
36792972154
36792977220
36792984545
36792991136
36792997118
36793004808
36793010973
36793018846
36793025743
36793030931
36793037828
36793042284
36793048021
36793052660
36793059007
36793064134
36793070238
36793075243
36793081407
36793087450
36793093065
36793098497
36793104295
36793110704
36793116441
36793121873
36793127916
36793133348
36793138902
36793144273
36793151231
36793156663
36793161729
36793167100
36793172593
36793179307
36793184190
36793189683
36793195787
36793201524
36793206651
36793213304
36793217454
36793224107
36793229844
36793234666
36793241868
36793246751
36793252122
36793258287
36793263047
36793269273
36793274461
36793280747
36793285874
36793291673
36793296861
36793301927
36793307237
36793312364
36793318406
36793324632
36793329575
36793334519
36793339341
36793344468
36793350571
36793355088
36793360764
36793365952
36793371690
36793375413
36793381272
36793387376
36793392503
36793397385
36793402512
36793407761
36793413193
36793418137
36793423264
36793429307
36793433457
36793439683
36793444748
36793451890
36793457688
36793462815
36793469712
36793476181
36793480637
36793487168
36793495346
36793499863
36793506699
36793512558
36793519638
36793524521
36793531662
36793537155
36793544419
36793549423
36793557175
36793562485
36793570236
36793575241
36793583054
36793590439
36793596176
36793601486
36793609238
36793615402
36793622604
36793628342
36793635483
36793641892
36793649521
36793656967
36793662277
36793672531
36793679611
36793686264
36793692917
36793701218
36793707565
36793715500
36793721481
36793729172
36793736313
36793743149
36793751388
36793756637
36793763656
36793770492
36793778000
36793783188
36793791183
36793798324
36793804977
36793811752
36793817977
36793824874
36793831344
36793837142
36793843246
36793850814
36793857223
36793864425
36793870590
36793876327
36793883956
36793889266
36793895309
36793902938
36793908798
36793916549
36793922164
36793928634
36793935836
36793942245
36793947799
36793954391
36793961898
36793966781
36793974532
36793980697
36793988509
36793995345
36794001449
36794007918
36794015548
36794021285
36794028487
36794033797
36794040877
36794047469
36794054000
36794061385
36794068404
36794075301
36794080306
36794087691
36794093795
36794099776
36794106368
36794112471
36794119246
36794124556
36794130904
36794136336
36794143233
36794148543
36794154097
36794160811
36794165633
36794172347
36794178938
36794183638
36794190718
36794197432
36794204146
36794210433
36794216231
36794221968
36794227766
36794234480
36794239729
36794245467
36794252364
36794258894
36794263411
36794270796
36794276656
36794282088
36794285139
36794295393
36794302595
36794307173
36794314314
36794318892
36794325850
36794332808
36794339277
36794345808
36794351057
36794355574
36794362288
36794368879
36794373579
36794380354
36794384749
36794390852
36794396894
36794402143
36794406904
36794413008
36794418440
36794424360
36794429792
36794435041
36794442243
36794446882
36794453718
36794457563
36794464277
36794469099
36794474897
36794479597
36794486067
36794491560
36794498091
36794504804
36794509504
36794515669
36794521833
36794527692
36794534345
36794540571
36794547773
36794554365
36794561140
36794565595
36794572126
36794578840
36794585554
36794593366
36794597883
36794604658
36794610822
36794617292
36794622724
36794629865
36794637189
36794643903
36794650068
36794657636
36794663678
36794670759
36794678022
36794683942
36794691632
36794697980
36794704389
36794710614
36794717206
36794723798
36794730573
36794738568
36794744672
36794750287
36794757184
36794764020
36794770429
36794777081
